1524.8921182496326
1037.1642949398108
731.2475636110231
715.0372103887912
710.5895983720609
794.1785461398259
1379.8258325827073
2007.6783865772557
2484.0392066483023
3205.416112631792
2238.250619950051
1777.9268987148018
1304.2045753099665
1175.1093828846047
604.3003098354543
772.652021128825
717.9577601423696
745.6182902257046
1489.166360733765
2443.817983878693
2491.1585363308495
3667.3283730564685
2794.003648328742
1907.4451936335417
1200.409739546154
1065.4906694072904
617.7412784948272
694.4539734390953
827.8830120970089
827.9980031553685
1374.6334348122389
1758.3619016506525
2228.7675373292714
3605.6906319751865
2875.601817173452
1882.7666445492248
1441.0058860993236
823.4323138139549
479.2541069022386
582.0428788487377
562.7772524614105
854.7427513755838
1197.8227580783762
1857.6367835008691
2723.905404354232
3150.596646675622
2147.867015852645
1538.6352092203745
909.024416231704
630.0813407652639
527.6227872481688
707.0568547052826
623.8473621014392
499.53009684515115
1353.2274503964554
1352.9108689319382
2167.8783783313997
2569.4399117477233
2230.650153660736
1684.4806604925957
1363.6799318860876
875.1004866217877
642.7503623181022
767.272902716353
542.7719699617475
838.0069016643715
1522.7433906827594
2477.8340542765263
3018.13277452706
3478.8640019480313
3216.3435920684797
1912.8709644133198
1469.863350864311
972.0105604223243
763.0575077066386
810.0562068728309
915.6901547313529
964.0216091047681
1471.164460034646
1748.6514079277679
3301.4536229686164
3630.9362573454173
3679.8047179421073
2115.0063063419684
1399.2087563224568
1270.8760993637447
721.4729139838303
642.9076056518644
711.1405288235904
799.5781552728249
1248.0134359886245
2276.3755117284977
2960.4084141406543
3164.507251010843
3264.9918076713197
2226.6041527495718
1575.9957936054175
1078.7732860762296
774.0200816422408
783.8816287326434
759.6042866596201
902.1187506176783
1474.028995643284
2246.971391960081
2953.000133797419
3248.64701894026
2482.1678423014487
1983.9890023816265
1518.7521921537505
1417.3550993186623
903.0266959393622
1495.57778266333
800.6731301138399
1084.9347631001633
1288.17342890143
1994.8883589271202
2383.0587162224733
2742.3263616488134
2306.8472288667135
2207.704430577406
1304.6543496841018
1276.5087361766007
1150.1156586962616
1269.7917118231674
1343.1053988541098
1335.9158204440066
1826.8027322315504
2232.87995137448
3656.766599925657
4060.3342195269497
3711.2782146626855
2496.1436894398494
2089.484283974677
2103.230951670742
1539.23480363542
1559.0961234192503
1516.2252009769504
1719.3375890183577
2451.8645847405764
3677.654809810571
4718.021798262282
5233.4305992579875
5344.753967874697
3441.565724668313
2825.82849026349
2250.983248272855
1798.035245227842
1672.559511165411
1854.7212225517465
2192.7224525818797
2655.1951638457826
2981.272304154931
3714.834150296822
5051.116585048408
3711.95666297293
2883.1922109060024
2262.984719417623
1797.3512208846678
1382.4828181879539
1536.9638260900344
1334.0097814860546
1715.879390358129
1908.8410796675023
2462.3904351245287
3493.300073744815
3631.7256610743448
2971.460914959989
2016.996854855307
1755.5445177486301
1507.9702847288845
1093.0043213259069
1457.742957525216
1271.4161486360867
1430.332135423356
1900.97382733612
2403.4599273694325
3111.3580601360786
3997.019887557481
3536.9289698780635
3255.4861037057
1992.8815370611892
2532.2929093601397
1248.0244461335478
1433.3672348507494
1714.7275941969203
1421.870863555957
2006.7737584079327
2447.7403656121623
3743.686736422432
4525.676160457973
3811.357082579091
2548.3780203735996
2681.6339717898677
1252.170055181752
1236.3610872366248
1464.8213824151492
1250.0750560270958
1363.1537812751053
1804.4131002128895
2237.985532542086
3025.1962733462215
3713.5925503039307
3084.489457205583
2627.3727245982764
2202.781761664733
1357.8013263570713
1071.4612853105089
1045.2704698976809
1057.8171041159762
1199.298089248277
1843.535521640683
2677.7072077239914
3479.9995167641614
3794.5447754139523
3523.9048653759796
2619.7960232509345
1455.5279983765224
1202.031927779673
989.6078651833859
1095.9190350826718
1162.5952853485348
1479.970444648834
1764.520040317225
2430.244193500336
2890.11993197997
3449.1244478039516
3092.578809457692
2338.339041983576
1957.768661091962
1342.6217322552188
1125.347482239144
1451.0585866325928
1477.4668991946946
1593.529435157701
1799.8767013535567
2520.5996204557678
3165.341752363896
3735.1957629249064
3775.367542158197
2921.2205980621966
