383.3086040173238
282.5056339605735
177.7809257019115
136.98651444892474
155.81348920997607
232.7911122311827
640.756108124253
3175.837623207885
7869.128102598569
6211.11120445042
3617.4077919653523
1058.3538231780165
427.98955719832753
179.69604017323772
173.65717891278376
146.2279592667264
152.49475731780157
138.94270795997608
502.64060334528057
2429.260860961769
6296.146221624852
4700.083635752688
2291.5113873954588
245.50019937275985
480.1277579898448
217.37915845280773
102.60830462216249
74.83975117234169
89.90710483870967
121.23711992234172
282.27080234468343
2047.0902180406213
5227.924096475506
3592.5140867682207
1142.7849051672642
537.4930977449225
532.7021755525689
349.4183288530466
151.04403225806453
144.13109699820785
280.1769444444444
590.7094840203106
1505.541517323775
3327.721135752688
8234.617719534055
5705.876471027477
3621.5385939366806
1052.9378845579454
650.4039587066906
316.2548241487455
117.82295206093191
312.11472543309446
102.21331208930705
447.87171146953403
687.7729476553166
2853.2426784647555
6230.59114770012
5489.633452807647
2179.105630227001
851.4349525836323
254.2830376344086
493.02205533154114
162.3108334080048
272.82632732228194
172.06972360364398
126.26496509109916
614.0697125149339
3415.3921520310632
6738.8938620071685
5591.119675925926
2822.767110961769
888.9921419504178
387.6391834677418
225.0118720131422
139.92046677120672
114.37856238799286
121.85849305555551
195.30675664575864
535.3766681600956
2559.653154868578
6042.635132915172
4803.656182795699
2788.2730772102746
893.1173103345283
555.4881380675031
282.6795019414576
158.1976605062724
183.57915359916365
214.79127822580642
404.33535058243734
820.9388870221029
4544.443738799282
9577.330917712065
6446.983762694146
3823.0773148148164
1321.2625000000003
478.5342230436079
250.01238351254486
152.840677792712
145.081026396356
112.04576795848268
146.71112455197135
682.533346027479
3695.126851851851
7953.520407706092
4768.647453703705
2056.451642771804
776.2124428763441
372.4842114695341
223.5526713709677
189.65526247013148
94.73850959528075
80.16127848715652
234.77964344384708
625.5649454898446
1978.0110775089606
5394.295318100359
4002.954413082438
1699.2017995818399
465.3443354241339
373.07587664277173
235.30685894563914
117.58031343339307
106.40285722819593
136.52313097371564
262.37556656959384
565.4944541517322
2150.5561342592596
5782.439157706092
3924.4916405316612
1915.8241039426523
875.175057497013
393.3513713410993
271.45953927718045
163.52718824671447
163.6979599387694
116.24690849014337
119.90403076463562
629.8547013142172
2855.7540807945047
6923.080701164873
4831.795885603346
2241.2350881123057
652.1006731630823
421.20568137694136
207.61273633512545
269.3274096475508
94.53725888590203
91.20712813620067
97.53191812275986
193.46681750298683
1724.2766427718045
3826.6832922640374
2914.9178688769416
981.9462033303465
628.5367540322578
191.28275649641577
199.12592032556748
146.10716136499403
120.84343395310633
93.32982407407405
178.57794018817205
517.7761163381123
1565.111366860812
5080.151840651135
3173.9059774492225
1519.2800179211472
675.5694444444442
289.94655465949813
215.65389112903225
151.6872259557945
134.77111458333337
107.7569636723417
304.74899230884097
512.2754144265232
2253.633049581839
5297.006167861409
4401.555174731181
1835.1151807048989
649.8748603643969
468.6088153375151
305.485579077061
244.6302591099165
136.0727610140382
141.869948140681
183.0552505227001
662.9455058990444
4168.192219235364
8558.42346550179
5599.880055256872
2990.1662111708483
994.3110924432495
376.987259557945
151.52518675328557
111.82825944593789
107.0503591323178
130.19160274790917
121.12181604689373
675.7991087962965
2611.387335722819
6411.235248655913
3665.7758176523303
2066.4129144265235
619.6661768219832
358.8629327210275
294.92028151135014
187.87278823178013
259.81044399641576
114.25254999253286
211.53049544504182
987.6776172341698
4105.4632243130245
8249.089012096772
5829.7107638888865
3093.067868876942
914.691384408602
549.0439508661889
271.42555630226997
165.55899902927126
151.48389097968936
114.91347614247314
143.95114695340507
668.8722397700119
3344.782340203106
6944.197188620073
5378.003935185185
2257.784072580645
707.1969836469532
433.6088373655913
225.37585498805262
146.0753909050179
69.72425399492235
70.69089863351255
134.14917301373953
374.45126120071683
2050.886155913978
4327.104857377541
3350.2653412485065
1058.0759893966544
619.2534752090797
