17.920736260454003
10.59106182795699
4.43809363799283
3.3809699820788532
2.7166554659498208
9.561865292712067
35.419392174432495
95.90875149342891
232.4996266427718
267.5858721624851
187.29129330943846
51.210797491039415
24.725433094384705
7.593339307048983
6.881085722819594
4.631944444444445
7.2482825567503
5.673835125448028
27.04876045400239
84.3664127837515
196.81190262843486
222.59557945041811
120.62238649940265
10.37022102747909
24.503322879330945
8.622050477897252
3.4666778673835124
0.8622520908004779
3.5956242532855436
5.241898148148148
14.37959229390681
68.92771804062127
138.41472520908005
152.24201015531662
61.90561529271206
25.437948028673834
26.890382317801674
14.556376941457586
5.850545101553166
4.213840352449224
9.353121266427719
24.571348566308245
77.8673835125448
93.57676224611708
260.50888590203107
241.78875448028674
197.50597371565112
56.19922341696535
32.043944145758665
12.353419952210276
4.017712066905616
5.789161439665472
3.30918458781362
23.02938321385902
35.692839008363194
98.8078703703704
175.43757467144567
246.8380376344086
111.35715352449223
43.218339307048986
9.961170848267622
18.561305256869773
5.5008139187574665
6.909457138590203
4.430458482676225
4.4566345579450415
33.11816756272401
118.28330346475508
201.79659498207886
238.5827359617682
146.16076762246118
45.26777180406212
18.690934886499402
9.717293906810035
4.816073028673835
4.592103494623656
5.021833930704898
9.133661887694144
30.156586021505383
86.38963560334528
195.72169952210274
217.73222819593792
156.2055704898447
47.93533452807646
26.558393070489846
11.48528972520908
5.049171146953405
4.499850657108722
4.620728793309438
14.748805256869773
39.9668458781362
130.8378136200717
302.6247013142174
273.4591547192354
197.92189366786144
67.68182497013142
22.72166218637993
8.00537634408602
4.242753136200717
1.9883923237753887
1.7999850657108722
5.264934289127838
32.99290621266428
108.1429211469534
248.83699223416966
186.4613201911589
103.81832437275986
43.067316308243726
17.499514635603344
8.331391875746714
7.337253584229391
3.0643369175627235
1.597905465949821
13.026583034647551
34.92973416965352
62.746042413381126
149.5221027479092
190.14448924731184
91.18615591397848
25.876008064516128
22.869922341696533
11.00354689366786
3.308740292712067
2.9389448924731183
5.119959677419354
14.45314366786141
30.83030913978494
77.63328853046595
172.6444892473118
183.6939964157706
102.7490292712067
42.75246415770609
21.634333930704898
11.74249551971326
5.285394265232975
4.569672192353644
3.0692353643966546
5.524305555555555
34.05645161290322
74.85439068100358
198.02083333333334
191.8376642771804
108.47110215053763
30.26833183990442
22.023260155316606
7.670101553166069
11.29872311827957
2.246822729988052
3.133068249701314
4.3256235065710875
9.844384707287933
51.86230585424135
116.21154420549581
113.0604091995221
46.91756272401434
36.794392174432495
9.455943847072879
8.973080943847075
6.152105734767025
3.90329674432497
4.226889187574671
9.903673835125447
30.304248805256876
46.161140979689364
156.43742532855435
135.7385005973716
88.21273894862604
36.45695191158901
12.582250597371566
9.821199223416965
7.167450716845878
3.8406772700119474
3.4433355734767024
15.74630376344086
26.599686379928315
84.01060334528077
141.4183841099164
194.56989247311824
93.26836917562724
36.73962066905615
25.15882616487455
11.888254181600956
8.773633512544803
3.80699298088411
2.9168981481481477
6.741898148148148
34.100731780167266
139.25216547192355
279.55981182795705
226.93212365591398
153.0689964157706
47.606033452807644
17.48611111111111
3.8527143070489847
3.8066718936678616
3.911551672640383
2.9399828255675025
3.628965053763441
35.752202807646356
71.31571087216248
181.54121863799284
148.22095280764637
100.39501194743129
30.708333333333332
17.133661887694146
10.151022998805256
6.912522401433692
5.4469048685782555
2.2268107825567505
8.278412485065711
45.017174432497015
123.31242532855435
247.5828853046595
226.3340053763441
151.45310633213862
45.247909199522105
28.551896654719236
10.037447729988052
6.293944145758662
3.4301971326164873
2.1642323775388292
7.123357228195938
36.39542264038232
112.66838410991637
213.91203703703704
229.78307945041817
110.35506272401433
38.704413082437284
21.760080645161292
10.387507467144564
4.669168160095579
3.0693436379928314
2.624749850657109
6.89426523297491
20.331391875746714
74.93652927120668
139.7976403823178
156.97132616487454
60.908751493428916
31.6821609916368
