310.4225052270011
315.4315270310633
141.91410898297485
150.304970094086
140.8351939217443
101.95203050328557
554.4583904569894
2635.552251344087
6207.00203106332
5010.490509259257
2741.365225507766
993.382773297491
333.50318697730006
517.6268858273596
129.07432650089603
134.40803752240143
99.24127494772999
126.10581780167263
456.31027852449216
1407.6720243428908
7159.959621415774
4394.845377837516
1379.9624738649943
633.547364844683
492.939914501195
198.9769119623656
179.50764038231785
139.7911550552568
123.12908079450418
220.8918152628434
589.7529338410992
1499.0463620071685
4323.418637992832
3491.0410618279575
1627.4048984468338
598.1133109319
439.2517163231782
283.7100589904422
192.48044578853052
72.65739784946238
73.27480469683393
194.77292973416962
775.7043357974911
3885.149757317801
7598.235103046596
5214.359733422937
3134.44319369773
1310.5625336021506
418.1002169205494
166.57687753882917
254.15401172341691
150.04547117682193
98.28269720728797
294.9999145011948
320.68094758064524
1845.4040023894859
5634.363881421745
3264.7441644265227
1705.4113687275983
632.6272737455196
449.29010640680997
217.23500186678618
164.8963511798089
111.9070055630227
116.89381720430106
215.78130451015528
651.3903946385906
3949.739456391877
6391.823502837514
4124.863418458782
1892.9754218936675
722.07109505675
262.4189837216248
207.0217036290322
179.74183766427714
128.9692572431302
183.0853157855436
320.6551579301076
742.1734117383512
2068.857945041817
5998.761887694146
5303.763993428913
3660.059684886498
757.8634610215055
225.54547901732383
266.9265423387096
103.82416218637998
99.40075948327357
90.9143460648148
253.78052344683388
339.55718189964136
1706.1663306451617
5741.726026732377
4130.766995221027
1243.8406586021504
774.7330790770609
297.47855436081255
192.9345739994027
158.38385640681003
116.01193925477897
146.2663306451613
184.84181414277182
1013.0125410692953
3307.5964307048985
5429.357373805256
4498.002288679811
1987.4464045698933
867.0688885155319
343.2845075418161
189.23598864994028
163.78209341397846
111.19637313321384
223.02716819743125
209.13957399940267
548.7207717293907
1770.8890681003588
6900.25179958184
5246.205088859017
2122.2028151135
1222.2129592293902
472.27233124253286
507.6587936827957
139.1379099462366
192.06372841995224
154.54626848118275
215.9465016427718
464.1930570489845
1432.1309886499405
5210.0821311230575
3567.329405615294
1788.0747311827968
360.3044444444444
251.92020609319002
253.60104764038223
125.42589568399042
89.70502352150534
210.88512294653532
194.8217249103942
690.281140606332
3506.6111185782565
6416.209427270012
4402.440908751493
1326.1575903524488
962.2729129330942
473.9959027777779
220.18675813918762
136.61201844384703
311.6422468637993
115.73411801821983
177.35552568697727
562.7871975806453
3729.4801224611715
5895.253479689364
3991.2901321684603
2511.179353345281
673.6458295997608
308.94965912485054
222.49028076463557
252.31179659498198
118.4138697729988
95.11221359767025
284.05759632616486
524.5725112007169
2811.9808953106326
6049.10291591995
4542.507287933095
1496.017249103942
776.2120527180405
720.4784475806455
387.2517510454001
188.42245146356038
77.4500641054361
185.1384444817802
287.2815400985662
764.9325033602149
2558.524981332139
6769.09454898447
3615.814579599761
1514.0188956093186
420.362714307049
267.75530913978497
229.3539870818399
175.99187574671447
181.08954745370366
372.83574335424134
157.62362156511347
551.0209375
2791.348764187574
6482.0774417562725
6180.742939814815
2697.3195079151733
1236.5344870071683
720.335034348865
336.13402852449224
110.22060670549584
202.32089456391876
92.19145049283156
133.1975657108722
437.64053315412167
2278.0807646356025
6576.204230137397
4640.5791218638005
3081.4177531362
977.7123805256869
460.71820079151723
820.2573424432497
131.36881376941454
141.23900022401438
205.97610875896055
83.46861870146355
669.503228419952
2355.8778113799285
6642.577882317802
4688.573409498205
1971.6169504181598
663.0644500448028
566.2335091845878
240.71864097968933
121.06660368130233
99.21523465501792
111.61256373207885
159.00267846475512
555.0755600358423
2572.8930742234165
7398.312395459976
6208.437884557948
1963.9483721624847
905.9629024790913
461.77542040023906
185.7925694444444
126.29044541517327
170.8788819817802
86.60722771057347
180.92338410991636
569.638363575269
1949.4257131123054
3120.7722901732373
3149.422449970132
1667.1311491935487
695.2660278524493
