434.37182795698936
224.33375970728798
131.72936379928313
134.30205734767023
88.8454360439068
400.4528023820192
514.6026030465948
2309.393813470729
6159.156978046593
4196.325571236558
2061.2920437574658
757.5849387694145
204.03889672939064
239.55088485663083
127.31382015382317
145.45553726105135
215.15544851403823
259.41186566606933
676.8304976851854
2741.84028151135
7395.692958482675
4839.272427568696
3265.923323626046
886.359734916368
428.0058897102748
470.0482732228198
180.20573252688172
84.96312261051372
69.35967678464756
182.2379289874552
812.483504330944
2798.1263142174435
7038.808549880526
6302.794515382319
4542.323443100357
1354.8456578554365
511.76608833632
313.38440972222224
107.31299204749105
101.52848950866189
102.75195247162488
302.7156126792113
1524.7780279271212
4357.025925925926
8977.919295101552
6593.924600507766
3672.027419354838
1222.9623170549582
516.1103606630826
264.29195788530456
129.84730114994025
84.18383777628436
99.78516371714456
265.48700828853043
599.5514631869773
4123.613284050178
7164.397054211471
6198.062992831542
2533.253012992832
688.8246191756273
319.47066308243734
199.09263926224617
165.96251082735964
154.17126164874549
79.46427311081243
281.2047968936678
543.4654349611708
3341.870803464755
7163.585655615291
6264.972326762244
2221.4973491636797
914.1506757765831
305.4005126194743
243.29718227299875
71.588125
75.7786179435484
52.62841326911589
137.0312529495221
298.87561529271204
3048.6785356929513
5913.139646804063
4132.838795549581
2509.0052942054954
696.9237313321389
228.86245669056152
205.70753210872164
142.50457698626045
193.15743354241337
78.71324814068102
131.4376721176822
889.3379286140981
3697.94767398447
5526.388437126641
5266.782971176822
3421.2804920848266
1478.7606294802865
543.5394907407407
213.9585095579451
94.3835140755675
145.60799555704898
109.69405447281959
86.93075787783752
516.1392387246119
2176.4169690860217
7152.868876941456
5643.72620967742
3317.934557945042
885.108657407407
637.5581761499402
274.6738089904421
182.2899189814815
200.07241252240146
117.88300690710874
307.4503741039426
436.3713216845877
2590.875873655914
7170.151052867383
4787.686910095579
3024.712955495818
1152.779472819594
572.076200716846
238.12400126941458
231.2496576314218
210.74346438172043
84.99273708183989
156.07207586618878
659.9310416666667
4380.648125746714
7672.910648148149
5997.924962664277
3465.3955495818427
1425.2074298088407
458.1837070639187
324.4023334826762
166.81352897252086
226.49569183094385
111.03611398596175
470.62784759557957
601.757782258064
2273.9989135304654
6752.971191756273
5173.818798536439
3453.2727411887695
1428.9064329450418
262.72935633213865
212.58182310334524
209.46640344982075
217.81983053315417
162.5076295176225
421.88207399940273
930.9231780167264
3640.2702994324964
6438.802591099164
4673.478147401433
2119.6872983870967
781.2554413082441
566.0464094235364
344.56499215949805
185.95489247311838
116.16246297043013
106.01457523148149
555.9254308542414
819.9504058393069
2961.578741039426
7153.217409647549
4814.082579151733
2769.693664127838
840.5508979241338
483.3957683691757
215.35248431899652
167.3240012694146
170.06288784348868
128.14406306003576
125.3235513739546
714.6112858422938
2052.9679062126634
4856.738832885304
4235.984401135006
1883.9855174731172
603.1805406212665
519.1439419056153
214.81593637992822
154.5537671744325
226.1736682721027
93.85613847819594
112.49944698327363
523.9558852299875
2408.8952695639177
6626.178621565112
4283.051978793309
1916.7057011648742
611.8979976851851
451.3408352001193
212.08669429510164
140.50395504778973
170.6880904644564
51.52877439516129
149.15634147252092
507.8480376344085
2521.3624215949826
7312.255047789725
4450.112343189966
2428.378759707288
1074.6570265830348
608.0285327060931
647.5455828106332
137.25737828554364
142.5923241114098
145.40398036140985
273.6219963410991
680.3728195937872
3344.5360140382318
5930.709748357227
4938.516647998806
2838.5269937275984
869.0721482974913
533.5686103643966
273.2459957437276
167.28002725507767
93.13030533154122
118.67019250298686
112.96614941756273
374.258067876344
1891.144937275986
3784.7564292114694
3859.8341323178
278.07901321684585
342.73160020907994
486.6563866487454
327.738990442055
98.75872610513736
144.99051067801676
123.59053024193548
182.39090539127835
714.9320314366784
3960.4069668458774
7972.806418010751
5218.2900052270015
1930.223062275985
468.89654719235375
