21.29185334528076
8.653599163679809
5.685297192353644
4.745893070489846
3.233004778972521
16.552419354838708
26.463859020310633
94.68003285543608
192.3555107526882
176.27986857825567
115.48237753882916
39.83777628434886
8.97532108721625
11.09643817204301
4.346736857825567
4.15423013739546
4.703976254480287
9.016614396654719
35.83714157706094
94.77449223416964
215.3759707287933
216.2589605734767
164.51986260454004
43.07160991636798
23.217704599761053
20.82911439665472
7.849425029868578
2.995206093189964
3.430320340501792
8.292898745519713
43.998655913978496
92.5276284348865
203.13694743130227
272.87074372759855
243.02718040621266
74.11402329749104
26.678539426523297
13.939665471923536
4.326668906810036
3.085935633213859
3.6653860513739547
16.324223416965353
68.5196385902031
109.53890382317802
306.0704151732378
273.57228195937876
183.93854540023895
64.40150836320191
26.04513888888889
9.819444444444446
4.151616636798089
3.959281660692951
4.304114396654718
12.185371863799284
32.30294205495818
84.62066905615293
204.75769115890083
262.888664874552
125.75044802867383
36.20239695340502
18.037410394265233
7.801373954599763
5.3267622461170845
2.2877053464755077
3.570347968936678
13.546632317801672
30.090539127837516
110.35132915173237
223.93219832735966
261.1398596176822
114.15882616487455
48.8694743130227
13.2629554958184
9.024529569892474
1.5099611708482674
1.2877949522102747
2.796878733572282
4.6466472520908
14.268257168458785
101.9575119474313
181.40793010752688
188.32511947431303
125.72991338112304
33.02792712066905
10.204487753882914
7.756869772998806
5.390158303464755
3.234255525686977
1.0470870669056154
6.720168757467143
45.3121266427718
115.72767323775388
135.33788829151732
208.14777479091995
175.46370967741936
78.69586320191159
27.190636200716845
8.251605436081242
1.9138702210274794
4.643451314217443
3.9377314814814817
4.558796296296296
25.460946833930706
63.764187574671446
215.61454599761052
231.44003882915175
174.9242084826762
45.39426523297491
29.781362007168457
10.695601851851851
6.147401433691757
3.599622909199522
3.578938918757468
12.291330645161292
26.31996714456392
105.79711768219833
218.86872759856635
194.61842891278374
162.73820191158904
63.23999402628435
25.72685185185185
9.587552270011948
7.363463261648746
9.064926821983274
3.376840651135006
7.785991636798088
33.17166965352449
119.50156810035844
237.8767174432497
276.38552867383515
188.14142771804063
75.22998805256869
23.768481182795703
12.344608721624851
6.124663978494624
5.878173536439666
3.883639486260454
20.38851553166069
29.12432795698924
85.72729988052569
194.4563918757467
220.90651135005973
183.77165471923536
77.32713560334527
13.323924731182796
7.21415770609319
7.859617682198327
4.397812126642771
3.749152479091996
22.11958632019116
48.16569593787336
103.0413679808841
219.93167562724014
192.10237455197134
109.15807945041816
40.457474611708484
24.99607974910394
14.691494922341699
7.026881720430108
1.1705936379928314
1.6623842592592588
22.987417861409796
40.368764934289125
92.84423536439664
196.90598864994024
210.0459229390681
133.60961768219832
45.58318399044205
24.4611335125448
7.560521206690561
6.596550179211469
1.6397550776583034
3.2507728494623658
5.60569743130227
37.72565710872163
77.56272401433692
152.43316905615293
193.7567204301075
100.50925925925925
31.222707586618878
26.471550179211476
9.351627837514933
5.538045101553166
4.252072132616488
2.9062985364396656
4.927045997610513
28.888254181600956
79.62029569892472
211.79622162485066
170.82325268817203
100.36925029868578
30.545661589008365
22.619922341696537
7.634744623655914
4.049249551971326
4.160218787335723
0.8606970579450418
7.082287933094385
28.6415770609319
87.91816009557945
218.88179510155317
190.90875149342892
129.09274193548387
59.50642174432497
36.2881197729988
26.484580346475507
4.792973416965353
5.431078255675029
5.709304062126642
12.237268518518519
38.09681152927121
118.11641278375147
224.4201762246117
238.36693548387098
157.31817502986857
44.65651135005974
25.373282556750297
10.540807945041816
7.257019115890084
3.5900350955794496
2.462029569892473
3.5104390681003586
21.64587066905615
81.73013739545998
113.97401433691756
170.78853046594983
11.195590651135007
16.599723715651134
24.339456391875743
13.712477598566307
3.403860513739547
3.7914351851851857
4.528057795698925
5.43384109916368
30.778113799283155
101.16898148148148
255.14934289127834
198.65106033452807
103.08505077658303
26.933355734767026
