6.250858721624851
3.458669354865921
2.3887022103020024
4.2797565710872165
2.146505376344086
12.958870967741936
49.91412783751493
77.70310633213859
148.21908602150538
63.691382915173236
15.801971326164875
8.691569593787335
4.851403823205228
3.506432945041816
2.3887022103020024
2.775302419354839
9.009632616487455
13.189605734767024
71.65098566308244
124.46236559139786
176.32541816009558
79.40598864994026
43.36058841099164
7.105025388291516
5.7827807646356035
3.512402927120669
2.3887022103020024
2.5906137993103657
1.7258064516401148
14.971639784946236
89.22117682198328
141.67040023894862
185.07691158900838
102.82295400238948
51.36872759856631
7.698887395459976
4.851403823205228
5.408938172043012
2.3887022103020024
2.5906137993103657
3.6362753882915175
11.993742532855435
52.97565710872163
189.2659796893668
178.19967144563918
98.17465651135007
41.80107526881721
17.235663082437277
7.828666367980884
3.458669354865921
2.4046232825567504
2.5906137993103657
1.7258064516401148
13.819832735961768
39.87455197132616
141.4986559139785
232.76956391875746
91.65210573476702
33.92734468339307
7.4027404420549585
5.758885902031063
3.595590651135006
2.3887022103020024
2.633202658303465
1.7258064516401148
7.423103345280764
41.91308243727599
145.58318399044205
168.30197132616487
104.65240442054959
34.14239844683393
6.345579450445371
5.323066009557945
3.458669354865921
3.036663679808841
2.5906137993103657
1.7258064516401148
11.804450418160096
39.33691756272401
75.40322580645162
140.7706093189964
51.66928016726404
21.585274790919954
7.524118876941458
4.851403823205228
3.458669354865921
2.7867383512544803
2.5906137993103657
2.147700119474313
0.46118951612903225
36.52367084826762
181.01478494623655
185.07691158900838
105.07803166069297
38.88254181600956
9.19937275985663
6.76187275985663
3.458669354865921
2.3887022103020024
4.416778673835125
7.8735065710872165
10.593652927120669
54.84991039426523
118.3729091995221
148.21908602150538
94.75843787335722
42.445116487455195
12.698999402628434
4.851403823205228
3.458669354865921
2.3887022103020024
3.5538381123058542
2.0203442353643966
0.3334229390953121
59.02777777777778
129.15919952210274
191.11036439665472
106.53412485065711
35.22140083632019
13.47035543608124
4.851403823205228
3.458669354865921
2.882243130227001
2.7744922341696534
1.7258064516401148
9.308930704898447
53.263142174432495
190.54659498207886
211.52927120669057
103.32325268817205
51.656959378733575
6.982414874551972
6.463410991636798
4.30884109916368
2.3887022103020024
3.5984169653524494
1.7449111409796894
2.607728494623656
63.810483870967744
168.35050776583034
217.79047192353644
129.78307945041817
42.207287933094385
13.271356033452808
6.388590203106332
3.458669354865921
2.4046232825567504
2.5906137993103657
1.7258064516401148
10.46297789725209
16.512843488649942
115.4868578255675
126.8107825567503
55.43272102747909
25.227374551971327
6.388168309438471
4.946931003584229
3.458669354865921
2.3887022103020024
2.5906137993103657
1.7258064516401148
5.029883512544803
54.53629032258065
88.32138590203107
130.7347670250896
60.82399940262844
29.873058542413382
6.345579450445371
4.851403823205228
3.458669354865921
2.3887022103020024
2.5906137993103657
1.7258064516401148
3.538284050179211
37.53360215053763
83.68802270011948
116.819743130227
68.05966248506572
31.53151135005974
8.385454002389487
4.893992682198327
5.263328853046595
2.3887022103020024
2.5906137993103657
1.7258064516401148
3.3401060334528077
18.278076463560335
79.33467741935483
114.93055555555556
64.40822879330943
23.64770011947431
6.482500746714456
5.323066009557945
3.458669354865921
2.3887022103020024
2.5906137993103657
1.7258064516401148
0.9813844086021506
64.63560334528077
132.1423237753883
245.17995818399044
106.05249402628435
29.77150537634409
9.312798685782555
9.547864396654719
6.1094310035842305
2.810595878136201
2.5906137993103657
1.7258064516401148
8.551762246117084
6.1477001194743135
76.95639187574672
95.44877538829152
40.59251792114696
25.123581242532854
8.256048387096774
4.942152031063322
3.458669354865921
2.3887022103020024
2.5906137993103657
1.7258064516401148
4.160707885304658
21.291816009557945
76.02673237753883
64.28838112305854
64.62104241338112
28.232526881720432
6.361500522700119
4.851403823205228
3.458669354865921
2.3887022103020024
2.761760752688172
2.9198775388291516
6.686842891278375
16.690934886499402
137.78375149342892
317.07362604540026
127.07623954599761
34.21856332138591
6.882915173237754
