0.0
5.973573775388291
0.0
0.0
0.0
4.480283004778973
11.574025537634409
75.04618428912784
92.96733124253285
114.24630376344086
72.05794504181601
1.493414351851852
0.0
0.7467278972520908
0.7467278972520908
0.0
0.0
5.600451762246117
0.0
33.22883064516129
107.52684438470726
126.56851105137396
27.25524566905615
8.587029569892474
0.0
0.0
0.0
0.0
1.1200899790919951
0.3733557347670251
1.1200899790919951
49.65464456391876
119.84901433691756
170.25082138590204
114.24630376344086
11.947565710872162
0.7467278972520908
0.0
0.0
0.0
0.0
10.080734767025088
0.0
38.08262395459976
179.21139486260455
206.466472520908
111.262208781362
31.735513739545997
0.0
0.0
0.0
0.0
0.0
0.0
0.0
45.54999253285544
173.23906063321385
224.76138739545996
122.45971475507764
11.200899790919951
0.0
0.0
0.0
0.0
0.0
0.0
0.7467278972520908
50.775164277180416
136.64964157706092
142.24854390681006
92.5939366786141
2.9868690262843485
2.240142249103943
0.0
0.0
0.0
0.0
0.0
0.0
29.86869026284349
129.55675029868578
151.20911738351253
120.2227822580645
32.1086096176822
1.1200899790919951
0.0
0.0
0.0
0.0
0.0
0.0
36.21580047789726
121.71255227001194
205.71931003584228
178.83800029868578
14.561017771804062
0.0
0.0
0.0
0.0
0.0
1.8667764336917563
2.6135043309438473
10.080734767025088
184.06317204301075
101.92790471923539
94.83086917562724
0.0
1.8667764336917563
0.0
0.0
0.0
8.2139075567503
0.0
0.0
51.52232676224612
120.96957138590203
179.21139486260455
116.48738052568697
11.574025537634409
0.0
0.0
1.1200899790919951
0.0
1.1200899790919951
0.0
0.0
66.45937873357228
138.89071833930706
222.89366786140985
131.0468936678614
12.694190561529268
0.0
0.3733557347670251
0.3733557347670251
0.0
0.0
0.0
0.0
70.93738799283155
142.24854390681006
141.50141875746715
85.12731481481482
12.320687724014338
0.0
0.0
1.1200899790919951
0.0
0.7467278972520908
0.0
1.1200899790919951
42.93514784946237
111.262208781362
128.06283602150538
92.96733124253285
0.0
0.0
0.0
0.0
0.0
1.1200899790919951
0.0
0.0
64.21792861409797
113.12574671445641
138.89071833930706
99.68679062126643
20.908131720430106
0.0
0.0
0.0
0.0
0.0
0.3733557347670251
0.0
73.92562724014337
91.47337962962963
100.06018518518518
101.92790471923539
22.774962664277183
2.9868690262843485
0.0
0.0
0.0
0.0
0.0
0.0
37.33557347670251
134.78192204301072
134.408527479092
148.96766726403823
29.12205047789725
8.587029569892474
0.0
0.0
0.0
0.0
0.0
0.0
32.85528673835125
121.71255227001194
156.06507616487454
114.24630376344086
12.694190561529268
0.0
0.0
0.0
0.0
0.0
0.0
2.6135043309438473
66.45937873357228
106.03251941457587
97.44571385902032
70.93738799283155
0.0
0.0
0.0
0.0
0.0
0.0
0.0
0.0
47.79110663082438
110.51508363201911
169.13026433691758
103.79144265232975
15.681186529271207
0.0
0.0
0.0
0.0
0.0
0.0
0.0
46.29678166069295
116.48738052568697
145.98394563918757
40.69593787335723
17.5475993130227
