26.139971624850656
16.522401433691755
3.28180256869773
3.8175141875746705
2.2086021505376343
6.355361409796893
32.424544504181604
42.049171146953405
145.47304360812424
116.17346176821984
68.951986260454
44.89433990442055
14.547976403823178
7.707362604540024
11.133997909199522
5.105361409796894
3.3463784348864993
9.474462365591398
34.701164874551964
24.819220430107524
143.2892771804062
182.4081541218638
88.16345579450419
40.226067801672635
21.768929211469533
8.548648446833932
6.385491338112306
2.7922453703703707
5.118727598566308
9.319593787335723
40.34684886499403
97.64822281959378
189.578853046595
201.44937275985663
101.4448924731183
54.67181899641577
26.780913978494624
15.44758064516129
6.307459677419355
3.7212850955794505
4.480152329749104
6.324223416965353
29.465128434886505
73.91913082437276
159.22939068100357
191.84363799283156
80.44429510155317
31.022102747909198
13.157519414575864
15.56608422939068
6.0777703106332135
2.124458632019116
1.5899130077658308
6.342891278375149
21.42786738351254
86.16151433691755
190.20833333333331
199.9391427718041
96.2597072879331
47.601553166069294
15.774940262843488
7.469086021505376
4.516315710872162
3.919728195937873
3.2673387096774196
5.760491338112306
38.57915173237754
52.38052568697731
154.57362604540026
165.0649641577061
75.19451911589007
31.551112604540023
16.249290621266425
4.418473715651135
8.071385902031063
3.5693548387096774
8.186641278375149
6.658079450418161
35.89994026284349
75.74372759856631
270.97222222222223
254.83684289127837
127.0221027479092
52.066532258064505
12.780129928315413
5.832661290322581
3.8161663679808835
2.465826612903226
1.5841957885304663
7.162895758661888
40.364097968936676
94.49970131421745
196.4781212664277
226.11596475507767
96.60655615292711
41.01713709677419
9.827620967741936
20.220728793309437
6.3658527479092
2.8275126941457587
4.858165322580645
7.712477598566308
43.74141278375149
84.2917413381123
180.53240740740742
139.84468339307048
110.89307048984469
43.82989844683393
19.181638291517324
12.894899940262844
8.633811230585424
1.500485364396655
5.707937574671446
12.312836021505378
35.27759109916367
90.92443249701314
210.93974014336916
172.5347222222222
118.99044205495818
20.62981630824373
17.13466995221027
12.62951762246117
3.422901732377539
2.729700567502987
4.289221176821983
15.79233870967742
30.281137992831543
67.2610513739546
200.29159199522104
153.2284199522103
142.64411589008364
43.71639784946237
8.730846774193548
8.148073476702509
5.910244922341697
8.196311230585424
3.571527777777778
33.238425925925924
49.04196535244923
104.71662186379929
199.71102150537632
299.98469235364394
136.87948028673836
54.42913679808841
27.41535991636798
6.7337216248506575
7.934401135005972
5.341584528076464
2.444698327359618
8.414015830346475
28.23241487455197
119.19690860215054
206.51956391875746
235.56787634408602
83.50059737156512
55.59550477897252
28.428464755077663
10.121677120669057
4.708590949820789
3.1910692951015527
2.6394601254480285
11.045586917562725
20.486223118279568
96.38440860215054
186.9765531660693
197.6922789725209
61.894787933094385
31.65826612903226
21.822020609318997
9.77034796893668
4.912821087216248
4.026713709677419
2.4524081541218634
16.191718936678615
29.91110364396655
107.88269115890084
170.70564516129033
222.8539426523297
120.2023596176822
38.946311230585415
21.635454002389487
13.143630525686977
6.869175627240144
3.317783004778972
4.99853270609319
4.742973416965352
51.735737753882916
70.89195041816009
147.6317951015532
114.83161589008363
32.59953703703704
11.842592592592592
20.952732974910393
13.812686678614098
3.3185334528076456
4.775537634408602
4.692137096774194
12.334826762246117
38.38481929510155
106.63754480286738
170.86656212664278
213.11715949820794
60.25798984468338
30.341808542413382
11.025574970131423
9.57825567502987
4.938508064516129
8.543608124253286
4.8770198626045405
23.56970579450418
62.23379629629628
116.88172043010755
207.11581541218632
163.35984169653526
75.89941756272401
30.660095579450413
12.203741039426525
13.516950418160096
11.125000000000002
4.066752538829152
14.06895908004779
11.77113201911589
35.00474163679809
99.76590501792116
176.9459378733572
153.71005077658305
212.36484468339307
70.7709826762246
40.49682646356033
9.152367084826762
5.213784348864994
2.5441644265232974
4.254450418160095
8.05798237753883
38.12955495818399
76.98999402628434
181.69429510155317
209.9436230585424
133.2997311827957
22.898372162485064
