5.815785543612612
4.146132019120379
2.863575268821692
3.1056227598611184
3.1889523596176823
0.3997162485110588
4.487753882915173e-12
157.55824372759858
407.33049581839913
470.775462962963
268.28965053763443
41.95545848267623
25.230510752688172
4.146132019120379
2.863575268821692
10.946124551971327
2.068884408606638
0.3997162485110588
5.600545101553165
238.57452210274786
536.9071087216248
400.58169056152934
88.33183990442056
59.50526433691756
5.815785543612612
4.146132019120379
2.863575268821692
3.1056227598611184
2.068884408606638
0.3997162485110588
4.487753882915173e-12
163.15710872162484
385.6791367980884
370.3393817204301
18.14142771804511
21.42096027479092
5.815785543612612
4.146132019120379
2.863575268821692
3.1056227598611184
2.068884408606638
0.3997162485110588
4.487753882915173e-12
97.4454898446834
370.369623655914
307.9872311827957
18.14142771804511
27.021505376344088
13.65628733572282
4.146132019120379
2.863575268821692
3.1056227598611184
2.068884408606638
0.3997162485110588
4.487753882915173e-12
73.17839008363202
514.1136499402628
377.8057795698925
54.730510752688176
7.606780167268525
5.815785543612612
4.146132019120379
2.863575268821692
3.1056227598611184
2.068884408606638
4.506656959378733
4.487753882915173e-12
94.83422939068102
360.66345579450416
390.12768817204307
136.87126642771804
7.606780167268525
5.815785543612612
4.146132019120379
2.863575268821692
3.1056227598611184
2.068884408606638
0.3997162485110588
4.487753882915173e-12
67.95101553166069
347.22222222222223
281.1084976105137
152.1759259259259
21.794504181600953
6.935853494623656
4.146132019120379
2.863575268821692
3.1056227598611184
2.068884408606638
0.3997162485110588
4.487753882915173e-12
137.76993727598565
396.5046296296296
483.47744922341695
189.88463261648747
40.462141577060926
5.815785543612612
4.146132019120379
3.983643219832736
3.1056227598611184
2.068884408606638
8.240218040621267
28.0019041218638
137.39396654719235
415.1732377538829
501.40382317801675
104.01284348864993
44.19586320191159
12.536103643966547
4.146132019120379
3.983643219832736
8.332638888888889
2.068884408606638
0.3997162485110588
1.4934363799283155
151.95489844683394
412.18563321385903
490.2053464755078
172.7120669056153
21.42096027479092
5.815785543612612
4.146132019120379
2.863575268821692
3.1056227598611184
6.549257019115888
3.386589008363202
4.487753882915173e-12
140.38119772998806
568.6417264038232
644.7573178016727
270.1579301075269
19.927643369175627
5.815785543612612
4.146132019120379
3.983643219832736
3.1056227598611184
3.9356929510155325
1.5197841995221024
4.487753882915173e-12
82.88418458781362
444.67331242532856
485.69071087216247
18.14142771804511
7.606780167268525
5.815785543612612
4.146132019120379
2.863575268821692
3.1056227598611184
2.068884408606638
3.386589008363202
4.487753882915173e-12
57.49738649940263
282.6303016726404
284.83982974910396
300.3998655913978
67.71505376344086
5.815785543612612
4.146132019120379
2.863575268821692
3.1056227598611184
2.068884408606638
3.386589008363202
4.487753882915173e-12
114.62253584229391
347.9700567502987
483.834005376344
101.02561230585424
34.48846326164874
5.815785543612612
4.146132019120379
2.863575268821692
3.1056227598611184
2.068884408606638
0.3997162485110588
4.487753882915173e-12
180.329674432497
572.3603643966547
555.8870967741937
287.70646654719235
37.10200119474313
14.029868578255678
4.146132019120379
2.863575268821692
3.1056227598611184
2.068884408606638
0.3997162485110588
27.255264336917563
180.329674432497
489.86036439665475
360.257243130227
338.4808094384707
34.48846326164874
24.1103270609319
4.146132019120379
2.863575268821692
3.1056227598611184
2.068884408606638
0.3997162485110588
4.487753882915173e-12
238.20303166069294
520.091472520908
531.6349313022699
329.5224761051374
38.96882467144564
20.376642771804065
4.146132019120379
15.93111559139785
15.052942054958184
2.068884408606638
0.3997162485110588
4.487753882915173e-12
177.34655017921148
536.9071087216248
595.4554958183991
244.77075866188764
7.606780167268525
38.671146953405014
4.146132019120379
2.863575268821692
3.1056227598611184
2.068884408606638
0.3997162485110588
28.0019041218638
143.36880227001194
340.127688172043
366.2320788530466
181.67002688172045
7.606780167268525
10.296158154121864
4.146132019120379
2.863575268821692
3.1056227598611184
2.068884408606638
0.3997162485110588
4.487753882915173e-12
184.43697729988054
377.8360215053764
168.72573178016725
98.03800776583036
34.48846326164874
