1243.9943845280086
782.5520824248765
713.7794371175943
566.6588165715867
644.7320692501972
1011.0876149868989
1429.158213855109
1715.528162562918
2401.8142813197474
2925.3533886174546
2615.4298687553087
1462.2867366777643
1281.1282461582343
806.4974578547359
480.31583141550163
512.8297817321702
705.4168876065276
841.7185060261822
1219.8920253096305
1811.9736626421338
2429.8468315817463
2845.8213166048577
3034.699436859209
1901.8005550433381
1304.3969109917934
805.3969940787365
604.6960798687818
619.7585134629905
613.1616933992793
950.5020059182118
1503.7120563773522
1902.5090977378677
2746.7282937510154
3173.146426479369
3189.0797517612677
1892.4057574524488
1346.6070621745926
1178.0166141425093
556.0301157134692
700.4146157065634
767.1386585247318
1168.244345610949
1585.8905970867388
2308.702662383784
3157.5624010686893
3571.200066627833
3464.4101759482232
2217.3889390590853
1268.9122821217875
738.2027005322888
638.4286055725418
687.2646466706348
681.9231513039482
953.5399598230489
1366.181964285344
2072.8187542365986
3255.799596222678
3382.7402029663626
3021.635596462408
1972.4369664961803
1490.693391414164
1007.4364857257308
889.7774344507189
842.7341482360665
771.2380829396445
1012.5407087880274
1167.5752787502615
2111.035409563265
2616.5242134458185
2827.256848423539
2553.2161353779175
1955.840181109856
1447.0104797472254
1173.587438409182
973.1102033458261
1080.271970015005
1176.1681371088916
1440.7181182146842
1646.110629389485
2413.1072883041124
2748.534816965033
3279.698391455331
3574.457794405668
2234.392029161562
1947.5741573081202
2256.5726719443905
1978.3497807699714
2057.290924050909
1416.45672767365
1802.4342643304713
2530.564276789102
3079.6465765433118
4116.8579362434
4074.9033830299572
4149.357921769288
2974.6352534066805
2553.4259758037465
2462.93976233071
1658.966333135669
1699.5255168748179
1452.0087273704917
2459.238702827953
2386.7879674174787
3219.792154355541
4014.821034335055
4765.26462646714
4525.860419959749
3382.2876508284585
2927.0856804303344
2225.587521660358
1469.4290854256228
1561.2254230456476
1347.8818188832547
1635.2604956270443
2162.5564523482635
3064.800112212664
4117.356659024147
4601.871537873421
4593.964985736486
2983.7983672560204
2423.350522772514
1509.3434285302446
1144.1221513784603
1237.0660883165963
1161.596648480752
1467.5717893060137
1660.468947135971
2296.0964686982543
2807.678342010483
3373.717022693019
3449.325631030667
2325.15970646494
2071.274416143136
1477.0860031940388
943.3861477214413
1100.3201153547327
1054.6852831155409
1571.0642941408194
1805.4141665804814
2488.3132850196516
3466.4996245764996
3430.2516864742383
3696.493700550921
2352.136737213115
1712.8718930412665
1263.964080112759
948.8385905086066
975.8370485011343
1052.9396646440402
1303.3657470860614
1434.4590041982322
2184.144399435695
2912.1417294485555
3550.655115514357
3590.1944541915705
2375.8480987494913
1706.699605170313
2387.7086730949413
1394.093137781742
1347.9851783899144
1242.710274317596
1730.2038900594432
2244.900936298325
2835.030384347948
3474.1170465644086
4347.587929592864
4491.566388376953
3165.546261217314
2848.28686019188
2815.594257996506
2189.0078868874352
1518.6114334810106
1579.4184529968993
1985.9758652620665
2180.041744749502
2550.7215761149528
3504.254796993904
3993.2321784774326
4106.836146924062
3169.3614583950653
2583.424668034905
2367.647561391204
2224.6534298551737
1835.205190346568
1433.7118564430377
1983.0596975613337
2257.8228250148622
3102.3780522907764
4000.560593949313
4618.162308904807
4408.853050321028
3802.6253695372784
2769.120530929652
2084.092195265384
1636.1484714958838
1931.8802664503942
1766.3034401370112
1796.6240829477456
2264.335468044431
2941.090524328228
4491.100081589948
5325.7219559192245
5615.967167779058
3664.531308080954
2448.067499418615
2316.964386392914
2391.4963099520864
2065.688366029699
2622.828463883002
2276.9670752100465
2644.693657094686
3472.016560322558
4737.098045736684
5349.84151973892
5176.14986238912
3472.919492486297
3173.0230999296896
2424.3268762563744
1798.8808303864928
1861.3444009727548
1813.759236588082
2263.647710927209
2227.9807631368185
2535.6371146472907
3540.7898916573904
3567.090248281851
3063.891832157811
2637.189027049286
2081.841962316574
1660.1349677689582
1396.1714368389057
1468.9707692789484
1467.2836293320888
1780.562771104535
2620.6584602394596
2652.911082522674
3204.258945464252
3998.907120451787
4029.998441202403
2773.438227990512
