1361.3263887096098
1019.3567269887952
795.0128077866506
998.0744341044423
827.4259723266612
1388.038822797532
1418.886592738024
2441.227012622656
2947.243175435638
3470.9653957859127
3087.17632186164
1950.3185317793177
1313.643852490373
890.3446240733739
535.7675376580345
556.6062363319312
598.4736453723575
481.0996888218816
1278.1672941268348
1470.0385409276773
2368.278861898352
3007.559145159218
2472.246143848455
1558.0076936335417
1236.7223888890455
905.7833068027508
569.8797193550422
662.2280437795973
463.470062201549
899.5238768112821
1262.3341665924058
1883.9992485741886
2827.962086313739
2926.1331349620446
2780.0158703395227
1708.1298091250894
985.9768127719634
770.0280202058309
420.82926072541704
679.6296246671367
551.3623771627247
743.1959473134577
1350.8935242074085
2110.7147703586948
2224.6872031893577
2799.5725651344032
2409.472825291115
1817.7049822191796
1369.8548224443684
915.4533464402941
637.1446883831748
866.6622683850908
870.4270514682254
1008.1624706504078
1616.417679637794
1907.6439371816396
2544.680991831997
3247.999686239957
2712.5874296464
2030.4758068486308
1444.624268056935
1026.1098690889326
738.3733387219255
865.6724173519566
750.0200695734559
1299.816838567
1783.7947683709322
2349.4234920005424
3312.536676110094
3819.036418316013
3497.059653896437
2454.832097925864
1754.2497755954935
1187.4082941439492
1038.126862545348
949.6415003316124
1175.1975651256178
1522.6381712314108
1534.5000223106324
2256.58840389551
2956.9952522995613
3232.0086513119622
2210.282727201367
1756.6359994423271
1313.1657605040582
799.9886030973178
605.9211853398635
775.2497576829281
694.3072335726943
1209.4400551010808
1245.2717028643715
2034.6775315911025
2750.8623157236875
3764.7829006524184
3035.20379990549
2066.5710423478404
1321.1064417535658
877.07880056249
555.1474337927776
767.4338278067182
775.6082308053783
904.773103216245
1096.865751542328
2218.2016040269864
3134.3511530626547
3688.000550899635
3638.0365325642915
1963.1949088929757
1309.4021380169531
1050.4615359972765
549.7427390994577
467.3777341268908
613.6064813683203
825.6600617859458
1265.7731750185146
2018.8570491899634
3168.358417536692
3646.4476280765293
3684.7399633350515
2147.964794974061
1602.2410021631938
658.7148517679983
639.8013852494279
685.0959606284246
533.6792545142054
955.7368008800883
1680.802515684358
2314.2837185489116
3057.4714087667567
3889.183980578323
3424.9210611381923
1967.0799200252734
1245.902369398812
1359.422454060228
784.5421699735323
750.5912339329881
821.5960906872252
1085.047997844524
1684.489002303301
1981.1272933828536
2634.4637038775745
3336.675670942579
2758.2540052104205
2179.2182261617427
1378.8211836625344
1299.3592936730938
949.1729991107572
718.3938376289719
1024.9697436837653
1323.2184501923934
1554.1517834694398
2156.3085198060658
3356.063216157038
3427.6358876171066
3330.0998454699443
2128.4376148785245
1454.463034829811
1324.8996453171644
924.1395498187785
887.8905995368684
860.4752619968074
1480.4747569949272
1920.425716017562
3009.4509115283518
3428.5009399335822
4123.698256653795
3382.9381775047927
2757.3543929377443
2090.0609043973745
1957.7174024110825
1770.0359409495622
1162.114512184714
1222.1859115542468
2205.929775805672
1951.2474347136597
2739.0426670647735
3848.0102368087178
4413.491624415305
3818.3741983726895
3061.668451375949
2153.6265527421933
1691.0473747125898
1937.8985500761999
1337.220587598659
1242.1687642984734
1519.2476114278206
1936.3203571235827
2832.1761668367744
3594.8338018346194
4211.9360917602435
3571.915400978137
2844.9914462995257
1952.8732153681246
1687.0730121709987
1155.6462089510815
1081.7914970358177
1133.7112530103689
1801.141044566622
1920.663846927346
2942.41153687303
3743.9910239435935
3955.0458806504075
3718.0764121040293
2934.4336378300573
2361.808650852308
1832.5587337644788
1530.6652145219787
1465.681257308075
1432.2529150478767
1561.4785884268917
1700.6976370827383
2410.890048225784
3731.4110721703746
3314.5978668118014
3440.1796189602087
2166.2150794038616
2217.385853812604
1665.7000356052408
1528.8132937974838
1651.9401185653473
1539.5668235803153
1942.005813525775
2277.9502187819794
2607.2799872578044
3052.7559534853467
3280.9897031802966
3082.431292283259
2683.269298853348
1967.2548730095243
1409.2346242803078
1277.4485276393834
1282.2744319133571
1221.1898076475015
1690.7023395035799
1784.5601776827098
2753.9174669312747
3793.894813893164
4104.3815081459325
3988.667460019606
2845.6081802007857
