0.0
0.0
0.0
0.0
0.0
0.0
0.0
56.37828554360812
114.24630376344086
116.48738052568697
114.24630376344086
0.0
0.0
0.0
0.0
0.7467278972520908
0.0
0.0
0.0
0.0
140.75425627240142
222.89366786140985
111.63560334528077
26.881705495818398
1.8667764336917563
0.0
0.7467278972520908
0.0
0.0
0.0
0.0
42.18798536439665
111.262208781362
175.10259856630825
121.33919504181601
17.174473566308244
0.7467278972520908
0.0
0.0
0.0
0.0
0.0
0.0
51.52232676224612
147.85129181600954
166.14202508960574
120.96957138590203
14.561017771804062
0.0
0.0
0.0
0.0
0.0
0.0
0.0
21.654760304659497
135.90247909199522
134.78192204301072
122.45971475507764
0.0
0.0
0.0
1.493414351851852
0.7467278972520908
0.0
0.0
0.0
51.52232676224612
125.44795400238948
124.7008288530466
135.90247909199522
25.761540471923535
0.0
0.0
0.0
0.0
0.0
0.0
0.0
44.802830047789726
134.408527479092
119.84901433691756
76.1667413381123
0.0
1.1200899790919951
6.3471139486260455
0.0
0.0
0.0
0.0
0.0
42.18798536439665
120.96957138590203
190.0396505376344
103.79144265232975
30.615330047789726
0.0
4.853823178016726
0.0
0.0
0.0
0.0
0.0
66.45937873357228
125.0745594384707
200.86790621266428
141.12802419354838
0.0
0.0
0.0
0.0
0.0
0.0
0.0
0.0
56.37828554360812
178.83800029868578
141.50141875746715
97.07194593787335
17.921139486260454
3.3602337216248506
0.0
0.0
2.6135043309438473
0.0
0.0
0.0
67.206541218638
142.99570639187573
159.7959229390681
125.44795400238948
8.960569743130227
0.0
0.0
0.0
7.093738799283154
0.0
0.7467278972520908
0.0
47.79110663082438
100.06018518518518
118.72849462365589
92.96733124253285
10.080734767025088
2.240142249103943
0.0
0.0
0.0
0.0
0.0
0.0
10.827396953405017
111.262208781362
132.1674507168459
125.44795400238948
9.707194593787337
0.0
4.106933243727599
7.093738799283154
0.7467278972520908
0.0
0.7467278972520908
7.467278972520908
70.19026284348865
148.22087813620075
173.23906063321385
138.1439292114695
34.34897700119474
0.0
0.0
0.0
0.0
0.0
0.0
0.0
40.32254330943847
170.25082138590204
128.06283602150538
70.93738799283155
11.574025537634409
0.0
0.0
0.0
0.0
0.0
0.0
0.0
39.57579151732378
118.35510005973715
132.91423984468338
70.93738799283155
0.0
3.3602337216248506
0.3733557347670251
0.0
0.0
0.0
0.0
0.0
84.38052568697731
137.7701612903226
87.36458333333333
96.32515681003584
23.52158751493429
0.0
0.0
0.0
0.0
0.0
0.0
0.0
46.29678166069295
102.30167264038232
90.7262171445639
99.68679062126643
11.574025537634409
0.0
0.0
0.0
0.0
0.0
0.0
0.0
54.8839605734767
138.1439292114695
167.63597670250897
152.70306899641574
15.307683691756269
0.7467278972520908
0.0
0.0
0.0
0.0
0.0
0.0
68.69631123058544
167.63597670250897
112.75201612903226
61.6034572879331
0.0
