1.493414351851852
0.0
0.0
0.7467278972520908
0.3733557347670251
0.0
0.0
51.148558841099174
107.52684438470726
153.4502314814815
133.6613649940263
29.12205047789725
8.587029569892474
1.1200899790919951
0.0
0.0
1.1200899790919951
0.0
0.0
52.64288381123058
87.36458333333333
101.92790471923539
92.5939366786141
8.960569743130227
0.0
0.0
0.0
0.0
0.0
0.0
0.0
30.615330047789726
99.68679062126643
114.99309289127838
94.08788829151733
10.827396953405017
0.0
0.7467278972520908
0.0
0.0
0.0
0.0
0.0
37.70911738351254
103.04842443249701
126.56851105137396
120.96957138590203
11.947565710872162
0.0
0.0
0.0
0.0
0.0
0.0
0.0
57.87219982078853
120.96957138590203
57.87219982078853
76.1667413381123
0.0
0.0
0.0
0.0
0.0
0.0
0.0
0.0
69.81686827956989
177.34367532855435
157.554846176822
110.51508363201911
15.681186529271207
6.3471139486260455
1.1200899790919951
0.0
0.0
0.0
0.7467278972520908
0.0
67.206541218638
146.35734020310636
153.4502314814815
67.206541218638
7.093738799283154
0.0
0.0
0.0
0.3733557347670251
0.0
2.9868690262843485
0.0
33.975433094384705
106.77968189964157
92.96733124253285
13.067312574671446
12.694190561529268
0.0
1.493414351851852
0.0
0.0
0.0
0.7467278972520908
0.0
37.33557347670251
200.86790621266428
151.5825119474313
32.1086096176822
0.0
0.0
0.0
0.0
2.240142249103943
0.0
0.7467278972520908
0.0
65.71221624850656
123.95366636798086
118.35510005973715
37.33557347670251
12.694190561529268
0.0
0.0
0.0
0.0
1.1200899790919951
0.0
0.7467278972520908
54.13679808841099
139.63369922341695
106.03251941457587
114.61969832735961
0.0
0.0
0.0
0.7467278972520908
0.0
0.0
0.0
0.0
24.64175627240143
84.00675776583033
113.12574671445641
0.0
0.0
1.493414351851852
0.7467278972520908
0.0
0.0
0.0
0.0
0.0
40.32254330943847
138.89071833930706
84.38052568697731
12.320687724014338
13.440852747909199
0.7467278972520908
0.0
0.0
0.0
0.0
0.0
1.1200899790919951
42.18798536439665
120.96957138590203
93.71449372759857
43.682310334528076
10.453856780167264
8.587029569892474
0.0
0.0
0.0
0.0
0.0
0.0
32.1086096176822
86.99085274790922
102.30167264038232
67.94914874551971
0.0
0.0
0.0
0.0
0.0
4.106933243727599
0.0
0.0
33.22883064516129
135.90247909199522
224.76138739545996
130.67312574671445
0.0
0.0
0.0
0.0
0.0
0.0
0.0
0.0
40.32254330943847
78.77740442054959
140.75425627240142
128.06283602150538
11.947565710872162
0.0
0.0
0.0
0.0
0.0
0.0
0.0
50.775164277180416
102.30167264038232
116.48738052568697
23.52158751493429
1.493414351851852
0.0
0.0
0.0
0.0
0.0
0.0
0.0
43.682310334528076
110.51508363201911
124.7008288530466
102.67502986857825
0.0
0.0
0.7467278972520908
0.0
0.0
0.0
0.0
0.0
6.3471139486260455
87.36458333333333
101.92790471923539
100.06018518518518
13.814392921146954
