1404.5220689664793
915.7489686255932
836.2530519622779
882.4151039073091
840.5096678165052
1232.0951904050592
1801.9602971884424
2663.4721813801234
3450.3544769589353
4315.825797518292
4151.089777656142
2688.3395144555434
1558.5733253099663
1399.4500564210443
966.1840960511056
1000.5699124072006
976.244237890279
1259.2046264712246
1892.0332290133351
2438.644985073437
3124.118034538735
3839.7868557326924
3213.3867501805944
2285.1363151986557
1883.7663554362377
1837.4680290249732
1298.9523485366437
1142.317316853074
1301.6464383962923
1599.6870671487968
1870.427031735775
2902.355274559851
4355.156314210992
4798.616819251172
4415.086658869988
2926.378801060574
2583.792322031223
2848.784557690897
1964.6659729416656
1754.6704960829072
1632.9802169178026
2200.5426319012718
2275.572287648269
2589.4834568879646
3526.709022185772
4749.211454023293
3590.4399325193126
3105.1866914485718
2837.850528836244
1716.6739594928629
1345.6054746734976
1502.5532219394531
1417.0052660739602
1908.6063438582926
2235.4438034430495
2555.9819113453177
4036.6268064974693
4001.7692128229933
4038.480201450463
2651.0053767411023
2258.55181061966
1674.273089668383
1262.763508226107
1181.6601376327212
1475.4934193345073
1760.9628585789474
2112.6392202825205
3056.340838177364
3732.8053402379333
3700.5400398811266
3784.7414041951224
2789.921927674968
1975.732638498719
995.3748077341514
878.046639277726
1006.438293193022
1002.1906072403135
1339.9192532206582
1778.8440672628426
2278.419344009011
2979.899467502667
3536.769964035975
2937.7412098775912
2071.960159388563
1211.046144315289
1301.2971343099816
789.5700690017513
881.693044719965
826.4019487011292
1247.8949498143434
1709.2756492502747
2803.6563024991065
3987.7930467571396
4381.262328669145
4113.220563645035
3226.181385425797
1538.1983436352857
1122.2531210523352
855.1621104654187
879.2409813312106
796.6221084935509
1123.1660008416932
1413.6587447472268
2127.6393131070345
2679.353546282488
3369.3792844719183
2579.42761306011
2336.8234184509197
1803.1160119715526
1458.3975649697973
721.9399288396012
883.2473503156605
890.2419917476516
1157.2625061557187
1312.6764605621227
2067.6732827622445
2442.0721981519837
2532.7903700120123
2434.4728635740007
1721.1550951532722
1556.8320789254392
1958.93643554936
1426.9916966293558
1204.9819335973611
1087.652868985531
1650.9876035981274
1592.9351732411076
2207.6961289431774
2949.815901747639
3054.27952269302
2667.946412093988
2211.8683384840556
2042.834422116852
1502.8054140363338
1348.8453397764
1184.9439504801812
1031.067353381372
1139.9138090004371
1416.8453909308405
2177.759062349401
2782.959257192986
3573.8121330094855
3337.834851984614
2217.129210331395
2174.344059259905
1348.7160857877886
1266.126392927962
958.521602712604
1197.6148456102885
1479.6795116469937
1743.004673254385
2519.3229164607833
3265.1646759837995
3876.630921965972
3183.0656832835657
2523.0197198665783
1853.9085881452236
1280.0725246481084
1165.723581330129
1195.5185453253985
1183.6065254376676
1391.5147062183444
1683.5837021286732
2193.7781852738726
2533.6646122752795
3194.679402113772
3023.0147157365723
1978.1049529735872
1588.3037919421786
1416.456164358514
1105.4730377237565
1066.1416141859088
1051.652465840387
1274.516815829569
1826.2871113862993
2366.7402589106505
3600.58002100824
4209.432297951747
3961.875729137326
2644.1739023914806
2015.152403996672
2052.8140861821234
1679.360743923273
1817.0286745162216
1523.1263688384984
1995.1967596133047
2280.062434483201
3081.396122780621
3975.6168924857534
4902.89898005176
3933.3603307869776
3238.371673300721
2462.5740815568925
2503.8189425772116
2080.1293817408077
2310.6741321911345
1531.9432747397602
1884.6482111586174
2349.1404822320046
2958.151142607799
3504.0985881610377
4132.162666791388
3794.358856847159
3308.443494460882
2791.8708633672427
2365.9872993260074
1913.7656386557896
1917.0869894615994
2132.265077271593
2184.9728924890182
2678.6754185940886
4109.70219726999
4511.020163418882
5007.496761674406
4697.0327402266375
3611.8694626177207
3367.8170776775964
2708.6234152348693
1958.1620243829086
2529.7325580814763
1822.56909956598
2310.4544993083337
2604.314973859638
2961.9932003701088
3752.176387326447
4621.746236931787
4426.454892193654
3269.5765345164327
3042.0592076869434
1772.5795316877156
1674.1897537445207
1756.4335119611465
1454.1684840961275
1881.2106971051323
1838.8796508756604
2878.0713535800205
3482.372322853739
4614.5445159117635
4120.88904753454
2923.0520646093896
