353.9229965651135
420.7079170400241
222.23681899641585
212.50454905913975
176.1552224462365
582.6336630077659
1077.520542114695
5124.003987455197
6761.368731332137
6878.159255525687
3985.4592144563903
1331.321020011947
470.87476366487454
421.0475713112307
167.7802184139785
97.57296602449225
113.60386189516126
230.09266913082436
832.4932713560336
2121.6792077359614
6297.91428091398
4692.739971624851
1989.0707922640381
449.40207847968935
314.3760865068696
205.73700057011646
93.25544769265231
123.52723088410991
137.5241587141577
142.0473481556153
410.88059438470736
3372.2566084229393
6125.11539725209
4300.0649865591395
1415.1351217144563
436.5403390083631
327.8240322580646
224.88266465053758
139.26839755077663
97.55667499253288
100.72624746117087
119.05476108870968
476.22732937574654
2790.0613239247314
6025.913354988053
4389.695665322579
2246.8705197132617
1245.41866786141
625.9888216845878
298.1793738799283
175.62953681302267
171.90727830047794
192.59706765232974
190.94509333930702
900.4390845280765
4172.121102150539
6227.806444145759
5156.097046744325
1576.6243652927114
420.98596998207876
392.02079823775387
213.62819257765827
171.78758751493427
168.43072162485066
189.45493328106332
114.49142697132615
982.7738761947429
4038.6945825866196
7013.554196535245
5633.149148745521
2775.558505077658
614.8614254778971
440.0621128285545
221.16221214157716
122.33603774641577
144.74290471923536
105.2502068399044
302.34085722819583
695.4492801672637
4455.946199223417
7441.504663231782
5792.603468488649
3239.9625784050195
674.9342835274789
363.4660173984468
215.93090651135006
140.37875287485062
129.66834177120668
97.83067107228197
194.0742249103942
299.7622995071684
2823.8373917264034
6427.775638440861
6030.837373058543
3238.3435483870976
697.157287933094
427.80344870071673
517.87488015233
119.34517271505378
113.13526332885307
103.12439049432494
241.6711962365591
547.3545370370373
3134.678009259258
8536.359412335725
4825.472076612902
2234.7087290919944
1347.0713672341692
577.9960125448027
289.71826164874545
158.308265755675
72.30858945639187
135.34983109319
213.4338892622462
646.6966916816011
2824.123155615293
6364.1208781362
6258.298689516128
3927.058004778973
1323.799376493429
335.95886984767037
236.24108497610513
156.6354689366786
111.4541452359618
247.69550556302272
274.797423088411
750.402393219833
2813.467674731182
7069.374619175625
6061.747360364397
3278.741864545997
711.1186913829152
376.1234236857825
295.04972296893675
187.98837440262844
129.30502953255674
78.4103859767025
262.95335162783755
419.8476415023896
1683.3255227001198
6705.427550029867
6165.406459080045
4109.700955794507
960.3687798685783
580.7013814217443
298.50138291517334
192.7076941457586
176.77593899342892
117.31570751194738
167.8344810334528
371.82970168757475
2250.510898297491
5688.555510752687
4742.020374103942
2881.8087141577057
816.9787048237754
434.6226247013143
332.3916147700119
117.4166420250896
118.67840826612901
77.5447278972521
83.27690486857824
564.3515781810034
2235.1564926821998
7725.5094534050195
5537.062253584231
2154.9691121565115
1052.114941756272
462.8916114097967
238.13359468339317
153.5691946684588
136.4664415695938
121.67737783751494
249.90787373058546
546.4074929062126
4138.938679808841
6692.665946087216
6214.726187275985
2525.955342741935
1183.0847334229393
601.0822774790919
182.313620818399
91.34626459826764
413.0766696161887
103.37706724163681
324.67190188172026
416.8989628136201
2518.663702210275
5019.596273894862
3616.199268219832
961.5423163082436
387.01875597371566
238.57650985663082
264.42279793906823
337.0050526433692
180.88622319295098
149.1557352150538
114.04471072281962
710.966779793907
3800.2662074372765
7175.185599611706
5537.243369175629
2418.797069145759
1094.1705831839902
586.947270758662
231.03324522102744
109.25092779271206
133.37789557198326
132.39972707586622
151.45849313022697
379.39376008064517
2598.4465688470727
4065.8429230137394
4012.58939665472
1605.8761051373951
699.5624873058545
288.47659983572294
314.4911659946237
217.1970833333333
157.43343204898449
96.13184759557944
311.1048219086021
445.40998917264045
2380.474242084827
5867.360256123058
3126.362623207885
803.8201695041814
515.7841524790919
355.5542947281958
222.2126325418161
117.04055480884112
187.21159722222217
111.70592506720429
123.14793757467145
495.96251269414586
1739.8220206093185
6807.660327060932
3966.9811342592584
2019.9309401135013
828.0666121565115
