312.8131985513739
268.53968115292724
113.50475761648745
122.4700856108124
131.96874602001196
89.74302986857828
546.1790931152929
2902.4563022700117
4782.81541218638
4279.048764187574
2109.434830495819
852.2936928763443
280.9955518219834
434.43083781362014
328.4081376941458
112.88375022401435
128.74230667562722
317.17671482974896
1016.7438508064522
1308.8087791218638
6483.246979540022
5925.824652777777
3181.2310521206696
1360.7608796296292
527.0871479241337
386.8660069444445
155.3131201463561
129.06852087066903
107.68158893369174
162.27900686977299
446.20610327060933
2811.436215651135
6653.815852747909
4220.313896356036
2280.2051463560338
751.7205271804062
366.9160304659498
221.6163713410992
106.61758643219832
119.6587830794504
103.64526086469533
188.7754166666667
329.62592219235376
3151.8183467741924
8453.938082437275
6473.209005376342
3337.4122909199527
1338.3583295997614
540.1954566158901
336.26469832735955
221.6789437724014
162.06130409946235
83.41415595131423
209.92386648745523
807.4318548387091
2434.2943025686973
7298.210233721625
5001.2370370370345
3563.012470131421
773.6636275388288
495.786060334528
332.7594787933095
107.2280351329152
247.7953383736559
107.82422289426522
280.4702102001195
582.9967013888892
2392.436958632019
5808.288466995221
5055.291069295103
2530.207213261649
1038.8001605436086
434.9172057945043
264.4509770758662
125.95875313620071
134.84454890979694
78.09784610215053
184.1159475806452
565.9803330346475
3329.745183691756
5943.2725806451635
3350.9140382317823
2404.8114770011953
540.2169257765833
278.18726179808834
305.07231630824367
206.7796102150537
156.34357228195935
112.35055619026286
339.9157597819595
604.7842383512544
2532.0331727897246
7582.0316196236545
5211.309796893669
3453.797610513741
851.027614620669
517.0083288530466
214.9648614844683
127.96388485663084
182.6409953703704
120.4733270982676
315.7346161887695
557.1779607228195
2225.422143817205
4647.217058691757
3631.8528897849465
485.20709117383524
697.8150026135004
422.7217372311829
298.37983310931907
265.15744623655917
347.10506309737156
144.27050362156513
191.35854913381127
575.3347554510154
3038.662966696535
7027.101926523297
6252.739168906811
2972.231851105138
1158.1586581541217
366.5758714157705
269.5696654719236
182.95275126941456
164.47468253434883
115.48223095878137
167.86072505973715
1555.6671557646353
2636.9200604838707
7604.300795250894
5557.169724462364
2590.231332138591
813.0095818399043
737.8425041069297
185.28329487753885
147.96223723118274
115.89916696535249
143.14630604091994
240.76164986559144
859.9081604689364
1892.6031772700117
7019.747860663084
4422.639560931901
2958.575119474312
1081.3051112604546
83.24157945041819
231.53459789426518
200.2122935334528
147.112491786141
108.03541102897252
325.47591397849453
793.9303475955794
4268.121292562724
7079.714392921145
5221.099985065711
2559.09666218638
1225.525750448029
402.92165621266435
208.64301187275996
193.89880861708482
153.4043746266428
155.94608464008363
115.73073738052568
1084.3529233870968
2460.900765382317
6605.107974910393
5922.546161887695
2788.449551971326
996.5401732377537
644.3054372013144
621.9235946833929
136.11167189366788
165.62901135005967
152.88088078703703
163.32998879928317
568.2885853494623
2389.691969086022
8284.781653225806
5352.690158303466
3021.007441009557
1156.2073812724013
618.3255129928316
264.9099107676225
114.49635517473118
172.5440763888889
279.1269030017921
258.19126978793304
796.2987391726402
2959.8796109617692
6903.823304958185
5765.539807347671
2829.0595355436076
1293.1783602150538
466.36884408602157
231.37197692652325
127.27217032556754
96.45411798088409
126.10797001941452
472.5692081093191
523.6475888590202
1666.0038829151733
4828.891946684589
3574.8149716248527
2272.3454226403833
815.2568552120667
254.230698551374
162.05997013142175
142.6695534647551
170.45634270459976
168.253360588411
74.68915729540026
426.4675231481481
1687.2239456391883
6142.682235663082
4430.73120146356
718.7322722520906
552.8742611260452
299.4430563022699
289.1181040919951
145.12216061827957
150.9005832586619
105.74579674432498
171.4170243428913
530.0090975955794
2778.175410692951
7149.302736708485
4602.761809289127
2139.761361260453
786.2002396953403
349.5308034647552
337.23406660692945
95.58180969982077
149.46170370370373
161.54530835573476
79.22570557048985
458.4411073775389
2025.321438172042
5754.79044578853
4185.192797939066
920.8753543160092
694.2315852747912
