5.815785543612612
4.146132019120379
3.983643219832736
3.1056227598611184
2.068884408606638
0.3997162485110588
2.986872759856631
136.65023894862605
325.1941457586619
183.28666367980884
153.29562425328555
65.10416666666667
5.815785543612612
5.639568399044205
2.863575268821692
3.1056227598611184
2.068884408606638
0.3997162485110588
4.487753882915173e-12
123.2086320191159
250.14822281959383
515.9658751493429
284.3473715651135
37.47550776583035
14.776508363201911
4.146132019120379
2.863575268821692
3.1056227598611184
2.068884408606638
0.3997162485110588
4.487753882915173e-12
140.38119772998806
395.3853046594982
456.21677120669057
101.02561230585424
19.554099462365592
5.815785543612612
4.146132019120379
2.863575268821692
3.1056227598611184
2.068884408606638
0.3997162485110588
4.487753882915173e-12
88.11118578255675
513.7604540023895
533.138440860215
210.79301075268816
14.32709826762246
5.815785543612612
7.133004778972523
2.863575268821692
3.1056227598611184
2.068884408606638
0.773073476702509
4.487753882915173e-12
188.1724163679809
396.5046296296296
300.148596176822
95.0548835125448
34.48846326164874
11.042801672640383
4.146132019120379
2.863575268821692
3.1056227598611184
2.068884408606638
0.3997162485110588
4.487753882915173e-12
142.6205943847073
398.0006720430108
233.68914277180406
54.730510752688176
30.754778972520914
5.815785543612612
4.146132019120379
2.863575268821692
3.1056227598611184
2.068884408606638
0.3997162485110588
4.487753882915173e-12
109.01919056152927
334.1565860215054
233.68914277180406
210.79301075268816
15.447281959378731
5.815785543612612
4.146132019120379
2.863575268821692
3.1056227598611184
2.068884408606638
0.3997162485110588
4.487753882915173e-12
73.17839008363202
430.8531212664277
385.2721774193548
253.35685483870967
7.606780167268525
5.815785543612612
4.146132019120379
2.863575268821692
3.1056227598611184
2.068884408606638
0.3997162485110588
4.487753882915173e-12
57.49738649940263
280.39090501792117
284.83982974910396
47.636648745519715
7.606780167268525
11.042801672640383
4.146132019120379
2.863575268821692
3.1056227598611184
2.068884408606638
2.6398521505376342
4.487753882915173e-12
46.67133363201911
514.1136499402628
418.8739545997611
220.49917861409796
21.42096027479092
13.65628733572282
4.146132019120379
2.863575268821692
3.1056227598611184
2.068884408606638
0.3997162485110588
4.487753882915173e-12
131.42323775388292
514.1136499402628
366.2320788530466
161.51022998805257
7.606780167268525
28.590651135005974
4.146132019120379
2.863575268821692
3.1056227598611184
2.068884408606638
0.3997162485110588
4.487753882915173e-12
143.74029271206692
370.369623655914
293.80189665471926
120.06608422939068
19.554099462365592
5.815785543612612
4.146132019120379
2.863575268821692
3.1056227598611184
2.068884408606638
0.3997162485110588
6.347222222222222
328.55361409796893
428.988201911589
331.8828405017921
181.67002688172045
10.966984020310633
6.935853494623656
4.146132019120379
2.863575268821692
3.1056227598611184
4.682388739545997
0.3997162485110588
4.487753882915173e-12
104.91188769414576
407.33049581839913
526.7633661887693
172.7120669056153
14.700642174432497
12.163007765830345
4.146132019120379
2.863575268821692
3.1056227598611184
2.068884408606638
0.3997162485110588
4.487753882915173e-12
85.87141577060933
574.9738649940263
652.2393966547191
121.93361708482676
7.606780167268525
15.149604241338112
4.146132019120379
2.863575268821692
3.1056227598611184
2.068884408606638
0.3997162485110588
4.487753882915173e-12
177.34655017921148
280.39090501792117
513.7085573476703
181.29853643966547
49.42286439665472
9.175989396654721
7.133004778972523
2.863575268821692
3.1056227598611184
2.068884408606638
2.6398521505376342
4.487753882915173e-12
165.3968787335723
256.49529569892474
204.57101254480287
132.76396356033453
9.100216547192353
12.163007765830345
4.146132019120379
2.863575268821692
3.1056227598611184
2.068884408606638
0.3997162485110588
4.487753882915173e-12
82.88418458781362
207.9607228195938
259.8241487455197
50.996789127837516
9.8469160692951
5.815785543612612
4.146132019120379
2.863575268821692
3.1056227598611184
2.068884408606638
0.3997162485110588
4.487753882915173e-12
132.54293608124254
526.4183841099164
391.2473864994026
94.30704898446834
11.713720878136199
5.815785543612612
4.146132019120379
2.863575268821692
3.1056227598611184
2.068884408606638
2.6398521505376342
4.487753882915173e-12
16.801224611708484
384.55906511350054
284.83982974910396
71.15938620071685
18.434326463560335
