5.865554062126643
3.458669354865921
2.3887022103020024
2.5906137993103657
1.7258064516401148
11.152195340501793
53.263142174432495
98.45430107526882
148.1070788530466
61.036813022700116
29.876045400238954
13.271356033452808
4.851403823205228
4.10663082437276
5.395385304659499
2.5906137993103657
1.7258064516401148
9.258527479091995
54.60722819593787
140.7706093189964
117.36111111111111
70.29233870967742
42.207287933094385
11.898148148148149
6.293869474313023
5.608086917562724
3.23252688172043
2.5906137993103657
6.422267025089606
8.784363799283154
64.63560334528077
95.44877538829152
96.90486857825567
57.80727299880526
26.73237753882915
8.017249103942651
5.477113201911589
4.456914575866189
2.3887022103020024
2.5906137993103657
1.7258064516401148
8.863888888888889
29.657631421744323
93.64172640382318
186.08124253285544
148.24186081242533
31.369474313022707
14.274193548387096
5.876717443249701
3.67759109916368
2.774006869772999
2.853311678614098
2.6731257467144562
7.7762992831541204
43.458781362007166
101.23581242532856
139.45265830346474
62.873730585424134
32.130002986857825
6.345579450445371
5.715912485065711
3.458669354865921
2.3887022103020024
2.5906137993103657
2.6221624850657106
7.230451015531661
50.38829151732377
160.84229390681003
168.30197132616487
62.60491338112305
28.683915770609318
11.382915173237754
4.851403823205228
3.487327135603345
2.3887022103020024
4.6809662485065715
2.9198775388291516
7.072147550776583
42.04002389486261
69.77673237753883
111.08870967741936
82.84087514934289
31.64613201911589
6.345579450445371
4.851403823205228
6.339979091995221
3.2165845280764636
2.5906137993103657
2.2671370967741935
0.4584042712066906
47.046744324970135
78.13246714456392
121.6995221027479
110.36850358422939
42.445116487455195
6.345579450445371
4.851403823205228
3.458669354865921
2.3887022103020024
2.5906137993103657
1.7258064516401148
0.3334229390953121
7.618354241338112
69.18682795698925
71.80406212664278
55.43272102747909
15.133288530493163
6.345579450445371
4.851403823205228
3.6791778673835127
2.794690860215054
2.757780764635603
2.270310633213859
9.7267174432497
43.57078853046595
124.54450418160096
141.7749402628435
61.27949522102748
31.69952210274791
10.23446833930705
4.851403823205228
3.5836506869773
2.3887022103020024
2.5906137993103657
1.7258064516401148
19.012485065710873
44.14202508960574
174.82078853046596
245.17995818399044
124.54487753882916
36.6274641577061
6.345579450445371
9.612828554360812
3.458669354865921
2.4730846774193544
3.139896953405018
3.771692054958184
0.3334229390953121
53.87171445639188
148.58124253285544
167.6859318996416
131.07862903225808
41.40307646356033
11.392622461170848
4.851403823205228
3.5836506869773
2.3887022103020024
2.8931115591397845
1.7258064516401148
5.388306451612903
39.33691756272401
141.67040023894862
179.86857825567503
73.43974014336918
36.04988052568698
7.3597296893667865
6.411663679808841
4.039799880525687
5.600059737156512
3.1900388291517325
1.9327732974910394
7.899507168458781
34.42204301075269
136.32392473118279
130.7347670250896
102.8602897252091
41.80107526881721
11.006944444444443
7.354950716845878
4.163978494623656
3.948962066905615
2.72753509557945
1.7258064516401148
0.9113425925925925
30.281884707287933
119.63485663082437
156.45534647550775
64.27008661887695
30.41106630824373
6.536626344086022
4.851403823205228
4.940934886499402
2.3887022103020024
2.5906137993103657
1.7258064516401148
7.095669056152926
20.088112305854242
114.11290322580645
105.8355734767025
89.52023596176822
35.27180406212665
12.379778972520908
5.016580794504182
4.456914575866189
2.675280017921147
3.1717443249701316
1.7258064516401148
7.899507168458781
32.25246415770609
65.77434289127838
59.28539426523297
50.81055854241338
25.393518518518523
9.19937275985663
4.949316756272402
3.458669354865921
2.3887022103020024
2.705245669056153
1.7258064516401148
5.4282556750298685
23.12313321385902
118.3729091995221
128.61783154121864
63.691382915173236
25.2942054958184
10.888963560334528
4.946931003584229
3.649716248506571
2.3887022103020024
3.2592965949820787
1.7258064516401148
11.319086021505376
34.318623058542414
103.9986559139785
141.81600955794505
63.20975209080048
34.14239844683393
9.598640979689366
4.851403823205228
3.458669354865921
2.4265158303464753
2.5906137993103657
1.7258064516401148
1.0737529868578255
34.318623058542414
54.99178614097969
53.263142174432495
41.88172043010753
15.168313918757468
12.673984468339308
