384.97794578853035
275.5766961618878
138.3271990740741
137.921673760454
367.507940188172
282.4788549133811
726.273367308841
3215.9400425627246
6260.436693548387
3917.858027180405
1882.9175477897245
1168.3803016726397
515.91552531362
236.5707959976105
193.82667488052567
427.1454528823178
115.9790056376941
118.95717174432495
305.6108527479092
2311.601848118279
6059.736096176821
4306.32227075866
3357.8618130227
667.9341845878133
517.005075044803
270.5003591696536
94.43966569593788
151.410980062724
117.99167685931897
183.44482526881725
891.1769227897254
1928.974223416966
6001.983863500596
4990.316061827957
2784.3274417562734
1174.9816606929508
334.70788791816005
399.9143611857826
233.30035730286738
200.44940673536445
113.69267084826761
276.50291778673846
1343.2471774193552
2604.777587365592
6647.688175776581
5048.049850657111
2079.5624775985657
569.2172498506571
394.5658758960572
271.07742234169655
95.82885495071686
111.2945790397252
216.52896990740737
147.8073607377539
683.3825679510157
2251.1791330645165
5880.697636648744
4865.531701762246
2315.7120295698924
531.0485838560331
258.68209714755073
218.17780913978498
141.0937511200717
164.87260084378735
84.24228599163676
236.89631156660693
636.9472677718041
2353.3037037037043
6309.351631571089
5316.888015232977
3025.289990292712
1180.824077807646
712.1902019862606
179.61525462962965
145.16292226702512
119.4034324970131
113.57250283751496
239.0468070489845
628.5769765531661
2339.2478307945034
6070.636678614099
3868.979540023895
2284.6880749701313
819.1672169952207
246.49861745818404
289.3122013142174
162.54016017025089
122.60675731780165
117.76719534050184
169.3334845430107
571.1498652180406
3324.9963000298685
7729.136346326166
5431.6368130227
2583.231559886499
812.5692805406213
458.0026597968934
152.03091024492235
138.52861574074075
121.72290647401434
102.57139441457588
66.91393257168458
456.8170206093189
2822.7771393369185
5459.87354764038
3233.393152628435
1534.5443063022701
722.4768096624852
565.5324212216248
226.67297416367975
112.93552004928317
185.43159912634408
108.33207086320195
278.22854390681005
647.5254760304657
2823.61331765233
6402.54042712067
4431.359009109917
2169.924126344086
682.6971400836319
333.36424208482674
192.20372125149342
153.66275537634408
93.04855279271207
93.05578393817203
467.0845710125447
693.8440651135003
3857.741300776582
8232.472599313023
5549.994119623656
1714.4962626941458
1051.1802158004775
447.659464979092
367.7992928614098
186.0302270011947
228.77914527329747
310.32931712962954
253.2755002986858
961.1143033154124
3629.5733609617673
6803.774779719237
6172.246613649938
2715.7290098566305
1105.8735476403824
354.8384617682198
245.74164949223422
165.26913306451615
221.28320265830342
133.05598118279573
229.88472184886498
548.625405839307
3328.7196721923524
7280.621535244923
5941.293010752687
2370.0849798387103
903.2857414874549
365.8854439217443
230.04663866487456
229.11610663082442
132.39442278972518
131.83072005675032
112.19381220131423
614.6063810483872
2996.528789575866
4855.902844982079
4593.831623357228
2445.694948476702
719.5744885005972
399.5739915621268
198.9203879181601
148.45263866487454
146.66813952359618
87.32627004928317
113.44388366188771
334.48594534050176
1722.1948831391876
6607.872901732378
4191.418507317801
1930.0147550776583
1166.3971027479095
306.34539389187563
279.1369716995221
111.09153737305851
149.40867887544806
88.6043192204301
181.68620557048985
323.12779905913976
1318.2541771206688
3603.4241562126626
3126.684707287933
2345.820370370369
289.42011536738346
274.6408337066906
314.1690972222222
158.48434849163678
168.52515886350062
176.68686320191168
388.56517435782564
639.3895889336916
3606.783232526882
5667.837992831542
5620.89658004779
2928.8000224014336
1231.2026321684589
528.9755421146955
341.73784946236555
170.87976478494625
159.5507880077658
141.45181208930703
235.27215240442058
682.1192801672639
3301.6502352150546
7499.595422640382
6257.226907855435
3505.8190337514925
1566.1161215651134
521.4489635603346
269.0752732974911
257.0668227299881
147.24836144713262
120.72598144414576
249.3335573476702
1032.1893257168458
4654.72424955197
8739.248599910392
5731.234035244921
3274.541909348865
1020.8475694444446
467.3196102150538
216.65540285244927
143.2051978419952
147.16899716248506
153.24601108870976
170.59373700716841
512.7120333034648
3008.1942913679814
8869.654685633212
5902.383900836318
4370.340666069297
1302.0029345878133
