0.3733557347670251
0.0
0.0
0.0
0.0
0.0
8.2139075567503
68.32291666666666
146.7307347670251
99.68679062126643
88.11137246117084
46.67054958183991
0.0
0.0
0.0
0.7467278972520908
0.0
0.0
0.0
21.654760304659497
112.3786215651135
151.20911738351253
138.89071833930706
20.908131720430106
0.0
0.0
0.0
0.0
0.0
0.0
0.0
16.427848715651137
155.31791367980884
243.42928614097968
125.44795400238948
0.7467278972520908
0.0
0.0
1.8667764336917563
0.0
0.0
0.0
0.0
65.71221624850656
111.262208781362
145.98394563918757
107.52684438470726
1.1200899790919951
0.0
0.0
0.0
0.0
7.093738799283154
0.0
0.0
15.307683691756269
138.89071833930706
130.67312574671445
61.97681451612903
15.307683691756269
0.0
0.0
0.0
0.0
0.0
0.0
0.0
48.53823178016727
177.71706989247312
173.23906063321385
92.96733124253285
15.307683691756269
0.0
0.0
0.3733557347670251
0.0
0.0
0.0
0.0
30.615330047789726
116.48738052568697
118.72849462365589
91.47337962962963
15.307683691756269
0.3733557347670251
1.8667764336917563
1.8667764336917563
4.480283004778973
0.0
4.853823178016726
0.0
33.975433094384705
114.24630376344086
113.12574671445641
77.28349014336916
0.0
1.1200899790919951
0.0
0.0
0.0
0.0
0.0
0.0
54.13679808841099
170.25082138590204
153.82362604540023
106.03251941457587
17.174473566308244
8.960569743130227
0.0
1.1200899790919951
0.0
0.0
0.0
0.7467278972520908
17.5475993130227
88.11137246117084
147.85129181600954
48.53823178016727
11.574025537634409
0.0
0.7467278972520908
0.0
0.0
0.0
1.1200899790919951
1.8667764336917563
84.00675776583033
199.37361857825567
131.7936827956989
12.694190561529268
11.200899790919951
2.9868690262843485
0.0
0.0
0.0
0.0
0.0
0.0
40.32254330943847
96.32515681003584
224.76138739545996
37.70911738351254
4.853823178016726
0.0
0.0
1.1200899790919951
0.3733557347670251
0.0
0.0
0.0
61.97681451612903
118.72849462365589
75.04618428912784
38.08262395459976
6.7206541218638005
0.0
0.0
0.0
0.7467278972520908
0.0
0.0
0.3733557347670251
60.109132317801674
93.71449372759857
120.2227822580645
67.206541218638
2.240142249103943
0.0
0.0
0.0
0.0
0.0
0.0
7.093738799283154
40.69593787335723
134.03513291517325
86.24406362007169
90.35285991636798
11.947565710872162
0.0
0.0
0.7467278972520908
0.0
0.0
0.0
0.7467278972520908
12.320687724014338
94.83086917562724
72.80510752688173
29.86869026284349
4.480283004778973
0.0
0.0
0.0
0.0
0.0
0.0
0.0
16.427848715651137
143.36910095579452
177.71706989247312
126.1951164874552
15.681186529271207
1.1200899790919951
0.0
0.0
0.0
0.0
0.7467278972520908
0.0
17.174473566308244
150.0885976702509
186.30424880525686
118.72849462365589
42.93514784946237
5.600451762246117
0.0
0.0
0.0
0.0
0.0
0.0
43.682310334528076
159.7959229390681
154.57075119474314
159.7959229390681
5.226911589008363
0.0
0.0
0.0
0.0
0.0
0.0
0.0
40.69593787335723
138.1439292114695
152.70306899641574
116.48738052568697
30.615330047789726
