449.17380301672625
332.3174271953405
211.59309475806452
109.19145396505373
93.88554472819592
125.34800541367979
473.148620445042
2637.186402329749
5373.58627165472
4018.4977225209095
1266.8909759557944
619.1466689068103
423.28621490442066
195.47133288530463
118.1023959453405
87.8415214307049
91.99283785095581
189.46438806750302
662.4424451164874
3541.9264000896055
7088.696128285541
3928.0673088410986
1999.166177568698
686.741166367981
386.2929245071686
285.75399865591396
188.89709714755077
146.0335417413381
184.6853136200717
260.3775507765831
514.1170082885305
3280.484886499401
6409.273267622461
5151.6920474910385
1471.9689292114701
628.7172356630824
255.56572767323783
305.07171296296315
151.52410618279563
184.13498122013138
113.51082007915176
181.5951769713261
504.06186006571096
4000.2672080346483
6507.871863799281
5165.079442951015
2814.50453255675
1174.233210125448
331.9071606182795
198.19817502986865
151.09020247162488
93.49184046445639
100.90218514784948
122.99573439366786
546.038172416368
1708.770176224611
4174.214232377539
3218.065531660693
1615.4605660095576
600.9032754629628
657.2018156362004
554.1491438918758
173.70536439665463
251.93949522102744
175.6828128733572
178.59171072281958
570.2887234916369
3537.6300515232974
5288.351642771804
3581.323764187575
1193.2832959976106
704.9293559587812
492.8854304808841
247.4477568697731
169.88701500896056
130.38592600059738
128.62689829749104
198.2919743130228
948.9761376194745
4509.861906362006
7615.96698028674
5918.072502240143
3147.5313433393067
1395.3292525388285
254.3290550701911
336.37506123058535
158.14523969534048
103.9730078405018
196.63479353345284
230.093360588411
642.9726702508963
2064.8509632616483
5391.69802494026
3068.1641875746714
1352.4748394563921
695.6418458781363
370.43629928315414
303.5589680406214
209.06128098864988
208.25637294653524
85.44139202508961
86.98143189964158
710.4192995818398
2386.661383661888
4131.371542712069
3871.5616412783743
3347.560801224611
1057.390464456392
331.26901732377536
328.81478905316607
98.10898752986859
91.48663452060931
115.4540455122461
425.1194560185185
516.6878909050179
2532.813063769415
4980.790453255674
4916.119720728792
3743.156354540024
1048.4806862305854
328.6596987007168
397.18988799283153
98.98082287933094
160.96630189665476
112.9891135005974
105.43310159050182
865.0603494623658
1991.2407370071687
5609.787074372762
4464.043776135007
2395.797897998804
837.5994063620071
385.9508710424133
206.5976157407408
150.84036999701314
102.70143163829152
132.56320202359618
190.81558505077655
470.1228363948626
2164.41875
6073.372804659498
4994.195922939068
1963.8260043309435
698.478167189367
286.6431246266428
211.4928931451613
130.91223416965354
132.9435696311231
125.16359442204299
148.8253755973716
757.4134318996416
2073.1074559438466
5497.945034348865
4770.949779719236
1544.839534796893
902.0402195340502
381.35238537933094
260.95522140083625
156.25321049880526
123.17146542712065
143.19892999551968
535.1514624402629
763.2301515830346
3164.9154569892466
5210.326795848267
5321.680563022701
3765.8340501792113
997.051941457587
313.1630268070488
206.81941644265228
143.79180032855436
150.33414818548388
91.33874310782556
167.28656362007172
994.2804584826757
3407.605406212665
7143.525772849461
6028.847752389486
2899.752643369177
1015.9083482676228
244.33188396057346
327.50291965352443
148.38517025089607
127.7229219683393
147.28340987156514
159.76999551971326
1002.5531287335726
3500.1379741636797
7546.341270908006
4766.962380525689
3905.637432795697
1228.6823252688173
420.97752650836304
209.6357310334528
138.43199215949818
176.64336936230586
106.6243149641577
574.9431530017924
1351.8418794802863
4275.898693249701
9190.771576314217
6491.406156660696
3936.018077956989
1205.554312275986
663.0057743428912
302.3761241786141
144.55507093787335
129.02057146057345
112.92359206989249
173.10357676224604
510.90890083632
2482.434927568698
7097.0608310931875
5055.304864844684
1455.1539314516128
615.2382650089605
279.8446516577061
178.89439740143368
135.48560289725205
196.3399279793907
88.80154935782555
146.0755607825568
628.3307657556746
3292.2962738948618
6274.864419056154
5559.241752538828
2532.2722371565105
1019.7506795101554
561.7302034796895
256.9445217293907
150.65758714157704
128.8485831466547
122.61718163829154
128.67438358721623
524.3831216397846
1877.8590807945043
3287.4990516726402
3528.904058393072
2191.984236857825
924.9885528673835
