0.0
0.0
0.0
0.0
0.0
0.0
0.0
52.64288381123058
114.61969832735961
72.05794504181601
10.080734767025088
1.1200899790919951
0.0
0.0
0.0
0.0
0.0
0.0
0.0
79.52456690561529
160.16969086021504
142.99570639187573
141.12802419354838
0.0
0.0
0.0
0.0
0.7467278972520908
0.0
0.0
0.0
65.71221624850656
126.56851105137396
127.68906810035843
48.53823178016727
0.0
0.0
1.1200899790919951
0.0
0.0
0.0
0.0
1.1200899790919951
38.08262395459976
136.27624701314218
109.7679211469534
38.08262395459976
2.9868690262843485
0.0
0.0
0.0
0.0
0.0
0.0
0.0
49.28539426523297
120.96957138590203
90.7262171445639
102.30167264038232
0.0
6.7206541218638005
0.0
0.0
0.0
0.0
0.0
0.0
54.13679808841099
146.7307347670251
102.30167264038232
44.42947281959379
0.0
0.0
0.0
0.0
0.0
0.0
0.0
0.0
77.28349014336916
100.80734767025089
132.1674507168459
173.23906063321385
35.842293906810035
0.0
0.0
0.0
0.0
1.1200899790919951
0.0
1.8667764336917563
0.0
116.11402329749106
113.12574671445641
52.64288381123058
0.0
8.960569743130227
0.0
0.0
0.0
0.0
0.3733557347670251
0.0
53.390008960573475
99.68679062126643
106.77968189964157
92.96733124253285
11.574025537634409
0.0
0.0
2.240142249103943
0.0
2.9868690262843485
0.0
0.0
46.29678166069295
153.82362604540023
94.83086917562724
79.52456690561529
7.467278972520908
0.0
0.0
0.0
0.0
0.0
0.0
0.0
46.29678166069295
141.87481332138591
125.0745594384707
113.12574671445641
26.508169056152923
0.0
0.0
0.0
0.0
0.0
0.0
16.05430854241338
51.52232676224612
63.0973715651135
70.56399342891278
35.09561678614098
1.1200899790919951
0.0
0.0
0.0
0.0
0.0
0.0
0.0
12.694190561529268
139.63369922341695
132.54084528076464
0.0
0.0
0.0
0.0
0.0
0.0
0.0
1.493414351851852
0.0
48.53823178016727
150.0885976702509
147.85129181600954
146.7307347670251
0.0
0.0
0.0
0.7467278972520908
0.0
0.0
0.0
15.307683691756269
45.54999253285544
131.0468936678614
135.15568996415772
143.36910095579452
29.86869026284349
0.0
0.0
0.7467278972520908
0.0
0.0
0.0
0.0
91.47337962962963
146.35734020310636
134.408527479092
110.88847819593788
0.0
0.0
0.0
0.0
0.0
0.7467278972520908
0.0
0.0
43.30854241338112
158.67540322580646
178.83800029868578
132.91423984468338
0.0
0.0
0.0
0.0
0.0
0.0
0.0
0.0
38.455607825567505
110.51508363201911
210.5752688172043
84.00675776583033
26.508169056152923
0.0
8.960569743130227
0.0
0.0
0.0
0.0
0.0
40.32254330943847
96.32515681003584
122.83310931899643
110.88847819593788
19.41442652329749
0.0
0.0
0.0
0.0
0.0
0.0
2.6135043309438473
36.21580047789726
114.24630376344086
141.12802419354838
102.67502986857825
30.615330047789726
