1494.8839939963484
845.9315701787591
544.795722959888
490.8546163027693
585.2972701163858
632.778216092036
1051.4262134070802
1122.2737494804812
2355.946643924288
2962.335094113273
2341.249895637028
1490.6804642763304
861.4958051486765
839.2848831832904
739.0804110152627
775.7626311571995
661.4371694912346
1167.0456774718225
1594.1999554171575
2282.004628890641
3187.575221665378
3781.278193845
3366.9537678030533
2060.1271754137083
1731.3140891578623
1333.8294350882938
1134.553972640586
1006.2274128058818
1149.132250448264
1330.0542214200036
1482.2075088863132
2658.80977351445
3758.5888821620065
3863.492267279847
3536.945343159116
2915.043615875389
2741.128548883075
1679.7098339752454
1530.4568144888574
1273.9507454855361
1369.4756444118282
1624.6382673552748
1607.7435130066917
2220.2443029154447
3226.390234850049
3664.724820212059
3448.5617963185937
2991.995905904964
2375.0979526713695
1236.7474996661003
1339.382692415433
1329.367073492618
1179.0462050673884
1397.5161045363102
1755.5201288612102
2059.10599662011
2758.206914024351
3310.554569752503
2320.1440690579884
2321.7177311317832
2257.8243613962422
2399.904601018443
1756.8933656036452
1068.8684784331988
1249.174419185164
1135.7569550544554
1623.8256375465583
2095.3637436433137
2573.771909831719
2452.154294660098
2081.9462653062337
1986.56959045872
1556.1632276564253
838.2593843470547
735.6670768523975
620.8417392802386
446.6496409918069
929.0109505026173
1542.2660169342876
2052.536578178664
2419.292635065391
3005.177296771937
3119.020033055607
2028.1063287434024
1483.8829274694106
1092.754097422288
1129.0440945393855
624.8867760521034
842.9849198779511
1018.7532868812478
1178.5054282227945
1693.5952809937303
2201.723120681873
1934.9921935138277
2194.4210714108667
1762.369605221197
1183.874945337795
1395.1464379579497
1079.3099935299342
1104.736303911855
1102.2120913191181
1543.2014992735922
1769.5297162227346
2518.93387329222
2804.778598552498
3206.9289783189915
3227.166722229764
2224.628451306357
1421.1903025928184
1368.9763844142412
1257.380257767319
1185.2007852021595
1024.8541740206501
1680.677979199327
2074.765368118873
2755.3659164241335
3792.5499871304787
3981.8794530466607
4062.407078030392
2706.1247561449095
1638.3022327486174
1648.3665990798268
1276.7639897894524
1493.4028677371464
1299.1203178355913
1502.0745260592998
2034.9914717775464
2805.107863560859
3671.8941200869463
4267.657397543675
3671.508053372363
2777.2340045533497
1913.5890890822047
1425.8817170530594
1161.2800171957545
1404.99139671674
1243.880264074322
1475.1614872411783
1660.253536353481
1996.4355296433068
3035.8293699468704
3259.137289819519
2802.4788035975153
2093.9194806420282
1721.7638397258563
1274.8315196288881
1042.1131835492276
913.3589724109315
939.8475517034791
1355.532374923576
1757.804060948531
2097.8086691489566
2651.2219825847556
2907.267608047211
2770.645656401844
2220.0307712405324
1575.5103503913401
1248.2096027544403
1057.1005414555768
937.4332331987553
919.4346470774526
1641.3141648503636
1639.063469900477
2458.3917045391054
3415.6201603636905
4345.743507549853
4001.226521292129
2740.764227167134
1743.3424568167293
1171.9541444959088
1180.833222908941
1285.3484092874621
1017.1204846202561
1588.4862957429502
2151.004827186778
2439.4716470528247
3255.2885410201884
3930.0014810461303
3196.307666114624
2387.911544267228
2003.791352622718
1669.4146536851101
1511.1595641144322
1341.6364776822913
1314.109611072668
1897.0216102704128
2238.022727941982
2851.621197452066
3552.767766141669
4050.951586085212
4502.038310177656
2973.5041031095625
2388.619541532998
1954.1493973263161
1676.9810838764095
1520.354263239521
1632.9165808180144
2321.9696885331705
2450.6209481818264
3139.3905765982404
4050.8771126532693
4633.975577484336
4458.826524111199
3416.108667698635
2728.9543460434666
1815.6811202638817
1202.0949147161243
1616.0670473319703
1344.4651081482339
1488.3415827518618
1931.842996252392
2470.180284934267
3602.486583669776
3642.3079549241083
3982.5345696770537
2990.5643924265623
2022.3976220324355
1290.0129350974746
1234.3518952013076
1214.3875158921103
1240.0384943539116
1559.9181369278065
1955.1187895705095
2827.677986063061
4123.332036221308
4301.388224685672
4173.569251512652
3345.7544018999433
2180.3278755483543
1411.3822907976328
886.3033439476269
990.1946118715408
909.988589756223
1480.0752487031018
1976.5102747555875
2342.777118215624
3348.912637967239
3758.5603089225137
3285.332035885795
2639.3298797228895
