0
0
0
0
0
66.00079990574665
959.2688005965215
1354.6848885236288
1409.2417977314392
565.5489888036383
108.87721104465977
0
0
0
0
0
0
114.40013714042075
631.3391228450113
1415.8483518257622
1402.0331226346939
1078.3020832750515
221.9648642858636
0
0
0
0
0
0
71.54845350330082
521.9286442505374
1665.0484505827073
2669.8416614314738
1152.2415717744832
200.38178179260836
0.21392442526669697
0
0
0
0
0
6.306999484955838
403.67246653817676
1253.2651379336685
1931.4699462730061
549.821760139483
73.00431811543783
36.220284006962004
0
0
0
0
0
68.46159974944591
598.7356261437311
1824.9371387210163
3246.117378352588
1385.978275987434
371.6313847644848
35.879085595106034
0
0
0
0
0
0
437.9767738517909
1201.3154439207647
1250.4516136137859
538.0877459277323
111.29045361867546
19.75040983986358
0
0
0
0
0
86.75455227717293
577.5920664972856
1144.3324114013303
1864.4859520389891
958.1183329848773
199.6095698893763
0
0
0
0
0
0
10.556023997746273
212.2942289144475
769.1596360929175
1130.1094300403422
841.7937895489953
134.913752774619
0
0
0
0
0
0
94.6184684024324
345.2946326086265
1361.5746612520518
902.1699295730485
397.7037468811937
269.493028427483
1.3569032571818553
0
0
0
0
0
0
164.23172299078715
830.8145475475828
1014.9844079136137
494.7928875296899
87.76969380487374
0
0
0
0
0
0
55.33950406292768
251.45540538967094
1422.1867599441737
1257.0782941005593
659.0709212062095
131.86238457463912
0
0
0
0
0
0
0
276.54970764322303
779.5531131239411
1082.3272151199665
393.51849853117
114.55605699731464
0
0
0
0
0
0
9.027340412374627
458.6392688510458
706.6704970710076
794.9745434725447
340.8799228626059
9.75132314920836
0
0
0
0
0
0
7.811982202700982
502.38190936546215
1221.350823081723
1336.6964357756874
363.11991528640516
146.9138981486322
0
0
0
0
0
0
0
290.82828560534
576.8495390654601
1064.4158259607352
458.7854721942838
88.35928483322968
0
0
0
0
0
0
25.875547812961287
294.83097736284697
537.2796824752043
970.0929716316825
412.2546702881097
0.6154900938130368
0
0
0
0
0
0
12.959418536245607
496.7344890845364
1404.489493567958
1384.285788352249
378.14489511561635
0
0
0
0
0
0
0
32.73351879466466
422.17109792238
1115.1580692816112
1362.4528661264624
428.3237428387171
2.1496280710224482
0
0
0
0
0
0
28.681278328264042
580.2800142057978
1783.0971102968729
2122.537474524261
899.7413078985978
125.21694112228758
0
0
0
0
0
0
27.478992903192506
353.84664346243477
908.3709177955225
1193.739963859429
536.8879933755661
91.99768302119689
0
