368.06483086917564
422.05207399940264
110.45649824522107
87.00336798088412
73.22333721624851
75.02558225059735
410.09216211170855
2027.470064217443
4913.324634109916
3818.3298200418153
1094.7508639486261
564.572116562127
288.8149249551972
246.04696535244932
175.0103330346476
127.65141465053763
90.23925873655912
164.6097651583035
621.2186626344085
2867.208105585424
6354.629722968936
4391.969332437275
1988.875896057348
714.20123245221
421.8197431302271
272.7534143518519
289.225324074074
151.3589139784946
60.33540293458781
273.9990419653524
564.1635099313023
2691.2192204301077
6420.0353158602165
5722.320109020311
2447.2606294802868
904.4095661589008
394.12538194444437
180.56181414277182
135.09994735663085
126.32199231630823
200.27556862305855
301.9983456541218
712.2246538978499
3096.7235588410995
7061.355540621268
4987.761014038231
2339.171430704898
779.1656477747908
323.8499204749104
400.38413791816004
203.9772707586619
197.7257886798089
230.73595019414577
253.5939478793309
945.8507235663084
4032.6896878733573
9562.698458034647
6055.173570041815
3611.484169653525
1542.5495109020317
593.913349014337
239.49491338112307
143.9189053166069
145.04825003733575
157.40409255525688
269.9055014187576
888.7254517622463
3286.353203405017
6358.905484617683
5533.371736857826
2683.6380301672634
1236.618257168459
501.6951590501793
223.91740964755078
196.0163328853046
180.97558919504186
116.48090150836322
284.74827322281953
990.440796744325
3753.513063769415
7428.451366487457
6486.814915621265
3817.9025948327367
1075.6286962365593
529.0853834378732
221.65958221326164
188.5046292562724
146.57667069892474
137.89599544504182
228.36867346176817
1432.208467741935
3587.124910394266
7244.485670549579
5886.632665023894
3407.8751269414574
1071.1021729390682
464.796513590203
384.83548125746717
231.57296968339313
171.20539280913974
92.09795165023894
196.7781335872162
591.690086618877
2658.5108497610513
6161.808415471923
5928.483777628438
3897.836088709675
1277.759666218638
658.2161503136201
354.7597319295101
163.9323663381123
153.77658120519717
84.89147036290322
158.69607489546001
704.8051493428912
2710.544604988052
6909.779035991634
4785.470213560336
2506.3453367682196
858.0274033004778
649.5281955645163
327.97941457586626
188.37957250597364
315.3482922640382
147.84353685035842
168.90583594683392
870.0419899940262
3911.0866935483855
8522.182426075271
6471.474395161289
2754.3609057646363
1171.9287522401435
606.6355353942653
239.54082325268823
134.72626713709676
101.68552232676223
78.9730359543011
152.05962776284355
415.7104876045401
1722.168296370967
4103.477120669056
3876.781694295101
1663.9462365591398
717.1937171445638
222.87223864994027
163.01030503285546
106.2310297939068
96.45869440710874
109.45315050029872
133.1561842891278
522.1735842293908
1894.4900380824376
5157.5094758064515
3589.485603345282
1560.0109617682197
541.5099716248508
567.7133852299879
221.10288306451613
124.02444601254481
86.99934498207885
64.74091450119475
113.22776284348868
595.1264493727598
2528.536984767025
5416.233512544803
4626.731223864995
2718.2272737455196
694.3953304211473
614.2062694145759
191.85162410394264
121.26494713261648
114.79083669354839
75.82895183691755
146.69361895161293
505.6428871714458
2480.232351403823
6385.96997461171
4692.037485065709
2172.7496602449223
649.5153270609321
686.7249171146952
249.78217181899637
93.90435155316602
110.95137914426522
35.08837231182796
96.49606451612905
499.28332698626053
1608.8348491636796
4613.476657706094
4035.8872610513727
1744.0664874551967
846.8655779569891
281.7193040621266
170.5174775985663
123.7539364919355
116.84642939814813
164.14244100955798
129.45029607228196
448.0124331690562
1653.1046434438472
5522.985999103942
3789.1652665770625
1705.2875448028678
563.293812350657
348.1940621266427
211.38620557048984
257.5530167264037
191.13099320489843
156.22066494922345
178.8095202359617
515.6788433393069
3029.7506795101554
6481.38964307049
3688.3559214456377
1945.2291069295113
772.2167887544806
210.1606369474313
196.1416226105137
234.51284796893668
104.1219822382766
132.42356582287923
149.3186768219833
651.9149369026286
1405.4587373058541
5330.818473715652
4561.343749999998
1692.8946161887693
550.4228110065708
419.312799432497
630.4878147401434
217.64711917562724
91.40571650985662
86.02101956391877
193.8964721475508
475.31333221326184
2810.2184475806453
5860.030570489844
4399.229760304659
1804.4135566009554
649.7769220430109
