0
0
0
0
0
139.2794737408721
562.7033137386961
1808.9493747840827
1817.7024458795872
750.6733167606275
162.97286516652355
9.454231966370173
0
0
0
0
0
0
33.66375695492761
532.5419002128589
574.828448202197
399.90079892618644
67.85666536113239
34.975208780130046
0
0
0
0
0
39.11412703974047
488.6867834381121
1452.6257355289438
1661.7902128054284
1157.888599850947
75.76458495867763
0
0
0
0
0
0
46.267946318886544
439.2649844593236
1350.1405112908967
1483.353906846483
752.2052726842859
333.2238521656169
0
0
0
0
0
12.664223671874119
68.46159974944591
351.04372052843837
1581.3174403936564
1647.586165688311
1333.7377592610299
149.8279946808529
0
0
0
0
0
0
0
511.92577325441937
1400.7871434428675
1642.045475620954
969.7435852347811
362.60045212524653
4.976440305813412
0
0
0
0
0
0
331.16546852834875
1067.0418648063485
1486.1279771285947
482.49146619873613
52.15168458471682
0
0
0
0
0
0
0
385.68401386068405
1418.0179096890943
2663.2825931227794
1015.4997333960682
109.39135134092727
0
0
0
0
0
0
34.783790983077566
194.7571848786385
651.2184784563528
794.6449146387595
508.8320324248018
0
0
0
0
0
0
0
30.83676444312143
566.5108075188637
1721.7901299848586
1678.6216540306982
777.8775649490448
103.6586573652083
0
0
0
0
0
0
47.83905603425382
505.7929949954057
1407.1621183671123
2659.023858616689
786.6941290915142
287.5799398315088
3.011388905044413
0
0
0
0
0
33.45553921587083
750.6649630195673
1405.265852072567
1903.0190460638137
1116.2335522946107
277.373037284053
0
0
0
0
0
0
0
293.56273061926555
476.1840126026684
1611.4287698763676
665.5931845113514
102.85216693654408
0
0
0
0
0
0
31.190193074863465
404.8068645625946
1610.1564533087237
2654.504455488949
951.6432874488904
360.84012276034076
0
0
0
0
0
0
25.82485565798558
450.1816308861046
715.3598437249585
1262.521784742097
965.9080080365779
110.73178333980081
0
0
0
0
0
0
0
73.85722437598918
1124.4287266807003
1469.9118933760071
531.3922150909771
26.21323501615474
0
0
0
0
0
0
39.197321762052084
591.1315171609999
1347.2224684783523
1895.1803522710068
482.5426699065363
0
0
0
0
0
0
0
0
480.67281536562973
1787.492298672292
1918.3623643343478
658.6620044874624
188.591981714989
0
0
0
0
0
0
0
390.7986073957621
825.633325948008
1393.8139828874623
590.050447683544
28.56154984391243
0
0
0
0
0
0
44.112654790886666
198.04254400006909
750.5587911527507
586.9556896658808
339.0478649406797
3.4633714919256846
0
