5.815785543612612
4.146132019120379
2.863575268821692
3.1056227598611184
25.216883213859028
0.3997162485110588
4.487753882915173e-12
230.73663381123058
467.8199671445639
511.8484916367982
300.771729390681
60.62473864994026
10.669242831541217
4.146132019120379
2.863575268821692
5.345758661887693
14.016203703703704
0.3997162485110588
4.487753882915173e-12
4.487753882915173e-12
198.254554958184
467.76807048984466
177.9394414575866
65.10416666666667
12.909647550776583
4.146132019120379
2.863575268821692
3.1056227598611184
2.068884408606638
0.3997162485110588
8.214083034647553
60.10827359617682
229.98842592592592
435.3031660692952
161.8817204301075
42.32900238948626
5.815785543612612
4.146132019120379
2.863575268821692
7.58599537037037
2.068884408606638
0.773073476702509
26.50817652329749
76.53748506571087
354.68862007168457
586.5173237753883
313.0936379928315
28.88791816009558
5.815785543612612
4.146132019120379
2.863575268821692
3.1056227598611184
2.068884408606638
0.3997162485110588
4.487753882915173e-12
78.033527479092
320.3393817204301
418.5024641577061
191.3806750298686
34.48846326164874
5.815785543612612
4.146132019120379
2.863575268821692
3.1056227598611184
15.136424731182792
0.3997162485110588
3.360203853046596
165.3968787335723
427.1199223416965
520.7892771804061
291.4377986857826
55.76963859020311
12.536103643966547
4.146132019120379
2.863575268821692
3.1056227598611184
2.068884408606638
0.3997162485110588
4.487753882915173e-12
98.565188172043
316.9799133811231
216.88844086021504
177.9394414575866
15.447281959378731
15.896244026284347
4.146132019120379
2.863575268821692
3.1056227598611184
5.055757168458781
0.3997162485110588
11.200679510155314
187.80055256869773
385.30241935483866
408.0480884109916
96.17495519713263
27.021505376344088
5.815785543612612
4.146132019120379
2.863575268821692
8.706167861409796
2.068884408606638
0.3997162485110588
4.487753882915173e-12
126.19623655913979
353.19705794504176
366.2320788530466
155.53539426523298
7.606780167268525
5.815785543612612
4.146132019120379
2.863575268821692
5.719127090800478
5.4290882616487455
0.3997162485110588
4.487753882915173e-12
134.4108422939068
360.66345579450416
435.3031660692952
175.69967144563918
22.167637395459977
5.815785543612612
10.119772998805255
2.863575268821692
5.719127090800478
9.16274641577061
0.3997162485110588
4.487753882915173e-12
123.58049581839907
467.8199671445639
483.47744922341695
230.2090800477897
74.80996117084827
5.815785543612612
4.146132019120379
5.103711170848268
3.1056227598611184
2.068884408606638
3.386589008363202
4.487753882915173e-12
138.14180107526883
531.6427718040621
332.2588112305854
205.94198028673836
38.59528076463561
5.815785543612612
4.146132019120379
2.863575268821692
3.1056227598611184
2.068884408606638
0.3997162485110588
4.487753882915173e-12
188.1724163679809
395.3853046594982
364.7405167264038
133.88366188769413
15.447281959378731
5.815785543612612
4.146132019120379
2.863575268821692
3.1056227598611184
5.802456690561529
2.6398521505376342
4.487753882915173e-12
224.76142473118279
571.2514934289128
531.6349313022699
270.1579301075269
7.606780167268525
8.055921445639187
4.519489247311827
2.863575268821692
5.345758661887693
15.136424731182792
0.3997162485110588
4.487753882915173e-12
118.72983870967742
423.7597072879331
435.3031660692952
175.69967144563918
16.19392174432497
5.815785543612612
4.146132019120379
2.863575268821692
3.1056227598611184
2.068884408606638
0.3997162485110588
4.487753882915173e-12
123.58049581839907
355.80869175627237
243.77165471923536
131.26792114695337
64.73192951015531
6.935853494623656
4.146132019120379
2.863575268821692
3.1056227598611184
8.042525388291518
0.3997162485110588
7.840501792114695
116.86193249701317
379.70392771804063
279.6124551971326
18.14142771804511
7.606780167268525
5.815785543612612
4.146132019120379
2.863575268821692
3.1056227598611184
8.416106630824373
1.8931526284348865
4.487753882915173e-12
159.798013739546
228.12089307048984
307.9872311827957
161.51022998805257
62.86439665471922
5.815785543612612
4.146132019120379
2.863575268821692
3.1056227598611184
2.068884408606638
0.3997162485110588
4.487753882915173e-12
78.77688172043011
190.03994922341695
435.3031660692952
136.87126642771804
34.862044504181604
5.815785543612612
4.146132019120379
2.863575268821692
3.1056227598611184
2.068884408606638
0.3997162485110588
4.487753882915173e-12
132.54293608124254
250.14822281959383
342.7128136200717
129.40001493428912
26.647961469534046
