0.0
0.0
0.0
0.0
0.0
0.0
0.0
84.00675776583033
138.89071833930706
154.57075119474314
121.71255227001194
7.467278972520908
0.0
0.0
0.0
0.0
0.0
0.0
5.226911589008363
11.947565710872162
121.71255227001194
170.25082138590204
148.22087813620075
29.86869026284349
0.0
0.0
0.3733557347670251
0.0
0.0
0.0
0.0
40.32254330943847
118.72849462365589
206.466472520908
85.87029569892474
35.842293906810035
0.0
0.0
0.0
0.0
0.0
0.0
0.0
10.453856780167264
120.2227822580645
190.0396505376344
163.53132467144565
6.7206541218638005
0.0
0.0
0.0
0.0
0.0
0.0
0.0
21.281257467144563
94.08788829151733
205.71931003584228
106.40628733572282
7.467278972520908
0.0
0.0
0.0
0.0
0.0
4.853823178016726
0.0
50.028001792114694
199.37361857825567
148.96766726403823
146.35734020310636
14.187481332138592
2.240142249103943
0.0
0.0
0.0
1.8667764336917563
0.0
0.0
18.667764336917564
114.61969832735961
106.03251941457587
68.69631123058544
2.9868690262843485
0.0
0.0
0.0
0.0
0.0
0.0
0.0
66.45937873357228
151.95627986857826
151.20911738351253
12.320687724014338
7.467278972520908
0.0
0.0
0.3733557347670251
0.0
0.0
0.0
0.0
25.761540471923535
145.98394563918757
131.0468936678614
47.043944145758665
4.853823178016726
0.0
0.7467278972520908
0.0
0.0
0.0
0.0
0.0
65.71221624850656
106.03251941457587
145.98394563918757
53.76340352449223
6.7206541218638005
6.3471139486260455
0.0
0.0
0.0
0.0
0.0
0.0
48.53823178016727
152.70306899641574
136.64964157706092
141.87481332138591
31.735513739545997
0.0
0.0
0.0
0.0
0.0
0.0
0.0
45.54999253285544
179.21139486260455
132.54084528076464
120.2227822580645
13.814392921146954
0.0
0.0
0.0
0.0
0.0
0.0
0.0
79.52456690561529
143.36910095579452
118.72849462365589
82.88620071684589
0.0
0.0
0.0
0.0
0.0
0.0
0.0
0.0
72.05794504181601
171.3713410991637
156.06507616487454
111.262208781362
12.320687724014338
0.0
0.0
0.0
0.0
0.0
0.0
0.0
39.57579151732378
126.94190561529271
136.64964157706092
87.36458333333333
1.493414351851852
2.240142249103943
0.0
0.0
0.0
0.0
0.0
0.0
45.54999253285544
178.83800029868578
91.47337962962963
27.62833408004779
26.881705495818398
1.1200899790919951
0.0
0.0
4.853823178016726
0.0
0.0
0.0
49.28539426523297
130.67312574671445
114.99309289127838
12.694190561529268
0.0
0.0
0.0
0.0
0.0
0.0
0.0
0.0
70.19026284348865
122.45971475507764
121.71255227001194
102.30167264038232
16.427848715651137
0.0
0.0
0.0
0.0
0.7467278972520908
0.0
0.0
15.307683691756269
125.0745594384707
157.554846176822
82.51280615292713
14.187481332138592
2.240142249103943
0.0
0.0
0.0
0.0
0.0
6.7206541218638005
51.148558841099174
96.32515681003584
114.61969832735961
5.600451762246117
8.960569743130227
