2127.883381690495
2082.186636636346
1908.6117399849775
1850.6566735010974
1808.2897081390865
2349.584336910434
2756.2907594046915
3143.0534761829904
4082.5436944021853
4172.252059465723
4084.3862232953315
3144.882233989593
2824.255109210803
2549.1220919646516
1674.2414997249398
1778.0932024310953
1826.4128180127404
1696.7533816982254
2369.7164130037772
3329.1623536516922
4234.589633254387
4659.275879030186
4629.12372001333
3083.328280551104
2583.024240740898
2613.398558445523
1578.1967310037871
1700.793889060361
1399.140501643007
1729.2165220472443
1894.100963934103
2607.512241405729
3436.3517219170853
3808.1443730146125
4237.346254150753
2488.073730869415
2278.9824728675444
1866.489571878472
1193.44919426783
1440.315873920422
1455.783764184827
1674.2423320954174
2109.170211782079
2771.7323069477034
4029.8619978428833
4282.144287057939
4241.275842017519
2940.899057039969
2052.7445028505817
1311.2350780711179
975.166940473975
1383.5682869036095
1242.5958873403877
1621.2510944556648
2086.3357837297885
2832.6448593739933
3749.387148492691
3591.5892546390005
3617.833584066951
2554.227636299048
1816.46393726243
2018.667425839231
1463.903162497314
1332.6247956375
1305.9452114492028
1933.423122169151
2343.90749611884
2669.9442319945665
4110.537083069474
4488.447783310039
4459.88570676382
3038.9562765399633
2693.988313528588
2509.068367321966
1754.8772583040088
2020.7254534379445
1770.8968157976606
2019.2355166615175
2397.9135602437264
3140.681638662535
3626.793198834805
4792.204514513874
5157.193345480937
3247.409718827034
3415.416753634287
2153.8473471236025
2219.9694828309025
1821.4001833101677
1606.7127357381655
1990.2769950652391
2108.8408598237506
3036.4302160295733
3500.9704287762574
4115.58759748635
4150.487514063197
3005.5246649956907
2637.4019465325387
1580.5823250547242
997.7399927832198
967.8817556741011
1038.3325440147569
1350.1314130280725
1605.2243361450755
1852.6202898095435
2981.50251955011
3245.8406046630757
2786.5615474985816
2442.0532310255917
1895.2927630169538
1304.0399671502034
1183.6392780779527
1121.9621763311918
923.1418901646168
1537.8118483002831
1778.5041300663054
2408.431343544803
2703.2233891615415
3466.808104480352
3201.90424051546
2408.9396456311683
1850.2923014463486
1338.5029864752862
864.7990032303121
1110.7089982628333
866.7408341886379
1522.52275144759
1584.7177673271299
2299.1752097376825
3363.5422122315117
4012.1524692282646
3470.254767828757
2340.0956757003037
1658.5508573020372
1450.9987682776718
1387.743767942469
849.3581716570028
879.5922709440952
1079.6798280416556
1383.3247997943404
2078.434428239484
2878.2415749946585
3849.3683606080504
3438.7730090933346
2426.8150899610246
1648.4962956697032
1083.2761134162238
765.1817263359655
741.1460022421742
848.4634081849599
1150.1165576446037
1372.1375137561774
1901.973853587428
2945.1823395142665
3261.9634712491234
3098.910781103158
2191.858653558333
1665.627536024555
1062.5727934653128
843.8530168139997
701.9970955792814
602.9992233169986
947.822035594091
1226.8694996197114
1954.2556494315775
2744.5862557937985
3287.4640496645493
2874.0455177078975
1666.8777651002288
1369.993252067626
961.2213861327077
637.9910111407214
787.0007689051442
670.3720614945096
1205.115603165291
1385.281029397052
2196.4346062822165
3108.124823875624
3737.2565960401566
3431.8927168912064
2132.8747685802505
1885.2097666012135
1066.8470760268071
753.7785567966303
712.3421415114434
683.0301655081512
737.444013570891
1480.909361753213
2167.3729820996173
2716.506479552658
3850.054408665858
3635.7364135229363
2375.7320414309474
1642.2433243884343
1280.3212648591714
679.0470116691221
703.2807130976456
723.2973331328305
1025.926518356945
1475.148763295326
1953.2634932649075
2733.6218669842146
3153.9856207937755
2844.459289941546
1936.7237363963648
1476.2454564078628
833.4200987585048
721.8526196892428
721.6017770213369
829.7135643160963
1021.7620315272496
1451.0499780325588
2154.0321666546974
2920.0341643149395
3758.3948724868333
3284.1284316842225
1994.189429762285
1418.2340392964743
879.8919598883944
672.643218379324
587.1857614864948
602.8925053306141
1110.27518255206
1231.839693841717
2232.5965008480066
3389.605094763722
3809.43944929738
3544.488830365697
2247.652475376646
1826.667003385869
1798.6071787904634
1417.4328093000763
1178.1604795537387
737.5887446994726
1217.53688811469
1729.2332660937002
1955.62418362781
2902.5332360855186
3330.1638408818953
3015.818296339798
2124.0808579188274
