12.909647550776583
4.146132019120379
2.863575268821692
3.1056227598611184
2.068884408606638
0.3997162485110588
4.487753882915173e-12
137.39396654719235
252.01650238948625
354.28651433691755
96.91830943847073
19.554099462365592
5.815785543612612
4.146132019120379
2.863575268821692
3.1056227598611184
2.068884408606638
0.3997162485110588
4.487753882915173e-12
157.93010752688173
402.85170250896056
307.9872311827957
226.1021505376344
62.86439665471922
6.935853494623656
5.639568399044205
2.863575268821692
3.478979988052568
2.068884408606638
1.8931526284348865
4.487753882915173e-12
236.33512544802866
543.5894563918757
409.16778673835125
192.1244026284349
13.954002389486257
13.65628733572282
4.146132019120379
2.863575268821692
3.1056227598611184
7.295900537634409
0.3997162485110588
4.487753882915173e-12
215.7989844683393
379.70392771804063
400.58169056152934
206.3138440860215
7.606780167268525
5.815785543612612
4.146132019120379
2.863575268821692
3.1056227598611184
3.1889523596176823
0.3997162485110588
4.487753882915173e-12
99.31302270011948
229.2402180406213
104.13791816009558
18.14142771804511
30.754778972520914
5.815785543612612
4.146132019120379
2.863575268821692
3.1056227598611184
2.068884408606638
0.3997162485110588
4.487753882915173e-12
88.48715651135007
207.9607228195938
276.62522401433694
95.0548835125448
33.74182347670251
5.815785543612612
4.146132019120379
2.863575268821692
3.1056227598611184
2.068884408606638
0.3997162485110588
4.487753882915173e-12
190.03994922341695
424.1356780167264
342.7128136200717
99.53405017921146
48.67618727598566
5.815785543612612
4.146132019120379
2.863575268821692
3.1056227598611184
2.068884408606638
0.3997162485110588
4.487753882915173e-12
149.7155017921147
417.7844982078854
526.7633661887693
172.7120669056153
33.74182347670251
5.815785543612612
4.146132019120379
16.304659498207887
3.1056227598611184
2.068884408606638
0.3997162485110588
4.487753882915173e-12
198.254554958184
474.14725209080046
574.2114695340501
246.26232078853047
44.19586320191159
8.429289874551971
4.146132019120379
2.863575268821692
3.1056227598611184
2.068884408606638
6.746938470728792
4.487753882915173e-12
113.87432795698928
323.3266129032258
367.3521505376344
167.10909498207886
14.32709826762246
5.815785543612612
4.146132019120379
2.863575268821692
3.1056227598611184
2.4422416367980886
0.3997162485110588
24.641763739545997
202.35775089605735
504.4224163679809
568.5887096774194
167.10909498207886
84.14426523297492
35.68451314217444
4.146132019120379
2.863575268821692
3.1056227598611184
6.549257019115888
8.986857825567503
4.487753882915173e-12
145.23633512544802
415.1732377538829
422.9812574671446
143.9616935483871
45.68914277180406
16.64333183990442
4.146132019120379
8.090591397849462
3.1056227598611184
2.068884408606638
0.3997162485110588
4.487753882915173e-12
269.93652927120667
474.14725209080046
555.8870967741937
300.3998655913978
67.71505376344086
12.536103643966547
4.146132019120379
2.863575268821692
3.1056227598611184
2.068884408606638
0.3997162485110588
4.487753882915173e-12
157.93010752688173
444.67331242532856
583.9038231780168
414.64605734767025
64.35595878136199
12.909647550776583
4.146132019120379
2.863575268821692
3.1056227598611184
2.068884408606638
0.3997162485110588
14.560857228195937
157.93010752688173
404.3473715651135
418.8739545997611
189.88463261648747
22.541143966547192
10.296158154121864
4.146132019120379
2.863575268821692
3.1056227598611184
2.068884408606638
0.3997162485110588
4.487753882915173e-12
1.1200679510155316
270.30839307048984
286.70736260454004
93.55921445639187
15.820863201911589
5.815785543612612
4.146132019120379
2.863575268821692
3.1056227598611184
2.068884408606638
0.3997162485110588
4.487753882915173e-12
124.70019414575866
350.5813172043011
338.9773745519713
159.27045997610517
30.754778972520914
5.815785543612612
4.146132019120379
2.863575268821692
3.1056227598611184
2.068884408606638
4.506656959378733
4.487753882915173e-12
126.19623655913979
353.19705794504176
309.11140979689367
220.49917861409796
7.606780167268525
25.230510752688172
4.146132019120379
2.863575268821692
3.1056227598611184
2.068884408606638
0.3997162485110588
4.487753882915173e-12
94.83422939068102
294.9522102747909
298.6570340501792
18.14142771804511
7.606780167268525
13.65628733572282
4.146132019120379
9.583893369175627
3.1056227598611184
2.068884408606638
0.3997162485110588
4.487753882915173e-12
113.87432795698928
373.7287186379928
296.78950119474314
18.14142771804511
40.462141577060926
