353.52337626941454
235.88111447132613
62.590441868279584
170.58765632467137
83.28583460274793
88.71294496714458
408.59326762246116
1889.84520609319
4582.325623506571
2965.4482228195943
1338.244414575866
734.2503546893666
197.97181899641575
155.3658538679809
269.7887436529271
92.59395265830345
111.80150212813622
102.93761693548385
175.4520515979689
1902.078095131422
3773.849018070489
2757.439770011947
1074.8973267622464
562.3651120071682
212.67520534647545
206.64904644563927
171.22646804062123
173.20046415770608
158.4356623357228
323.6256963112305
832.0155966248508
3925.3632765830334
7179.6326202210275
5892.01827210275
4356.083131720432
1383.7168981481477
813.5759296594982
280.2301926523298
191.9366102897252
183.0977849089008
218.38043638739543
234.31785618279574
741.5606742831538
3686.1677755376345
7786.737201314215
6405.967342443251
3542.1711133512554
1491.5981780167267
711.3061857825569
256.21902703106326
105.8041732750896
129.85709065113497
165.77214475059736
336.57624589307034
861.4801885454002
3960.849596774192
7918.9283378136215
7514.734080047791
3991.34181974313
1392.8028188470732
531.0386910095579
256.29433131720424
184.6993481182796
156.2249154719235
104.21160659348865
295.0095822132616
891.4656403076461
2897.180421146954
7535.684699820784
5430.494705794507
2559.8640456989247
1136.7688209378734
347.893789202509
302.8489728942652
201.299006869773
110.40115124701315
67.13138896356037
320.73719870071693
755.4198342293905
2795.642237903226
7283.3532258064515
4822.392969683394
2862.4190860215035
776.2043331839905
377.71584901433687
326.42557422341685
156.0321311230586
104.94664594534052
138.58849634109913
197.97971251493428
727.2310457735962
3847.2206429211465
7540.089195041817
6621.50214680406
3925.804274940263
1337.0295773596174
475.09976851851843
263.72272588112304
125.95832780764633
215.91071964605734
182.22422196087214
419.7094474313023
738.4932534348864
3758.942308841099
7720.91196236559
5787.681186529272
2603.947543309439
946.8954525089604
272.0425104540024
196.4993070489845
145.07162556003587
221.0029871639785
96.60899775985662
166.3725334528077
643.9856847371565
3031.8863500597367
7244.252527628436
5308.520710125448
2303.849047939068
715.8587313321384
335.91924395161294
183.78424507168458
114.6133884408602
114.77861252986857
95.27307635155319
138.28136872759853
526.946027852449
2325.907530615293
5808.457239396654
3750.015729540026
1097.6031511350056
692.4689814814816
365.1698943399043
182.38405316606932
243.91144377240138
144.86359531810032
137.25396053614094
270.45227482825567
868.6032519414576
2766.4684811827956
6507.859296594982
4304.920351702509
1152.2682620221028
806.1356899641577
543.3419160692952
211.33695265830352
235.64267174432493
185.90997774790927
110.15095855734768
126.61551187275985
453.71316009557955
1586.9355443548382
5155.050597371566
3391.7334117383507
1048.6094422043006
498.70900500298694
469.22720766129044
351.2213586469535
288.18368130227003
220.45154084528076
160.9298228046595
165.3268067502987
853.6538971027483
3883.0577919653524
7606.987623207887
6102.39072207288
2549.3861708482673
1355.1401135005976
582.4382665023894
257.5340905017921
151.68677718040618
167.00517208034645
123.0953173909797
268.3361167114696
558.836010678017
2796.790247909199
7414.564848416965
5440.445971475509
2257.2818623058533
868.6799473566307
652.8233351627838
217.0659946236559
132.40989542264037
163.19196576314215
134.8369191681601
151.6786708482676
458.2447670250897
2937.774985065711
6744.493119026286
5393.483225059739
2085.2881309737145
817.2764262246116
384.11523260155315
230.40418234767026
162.59218077956993
99.0042740442055
95.34659009109916
113.97980727299878
629.6401000597373
2423.20462962963
6216.353184737156
4628.454715501792
1786.6468862007164
626.6752068399046
203.38323887395455
227.8461096176822
156.81783975507767
134.5816021132019
82.09607414874552
116.4226002837515
581.5269810334527
2343.031836170848
5745.155406212666
3811.728998655914
1491.2235327060932
671.565062350657
543.2079428016726
241.63534722222226
83.17113160842293
148.81004752837512
159.660414463859
135.97653625298688
637.7597158751491
2861.217476851852
6092.38419578853
4442.930969982078
1907.5376680107531
674.6294496714456
296.43172528375146
197.73135752688168
178.57426523297488
136.01956836170845
61.68320855734766
689.1199443697731
1128.178438620072
2406.9545400238953
5981.029734169651
4081.5093376642794
1832.8244698327348
883.8457579151736
