0.0
0.0
0.0
4.853823178016726
0.0
0.3733557347670251
0.0
38.08262395459976
140.75425627240142
135.15568996415772
56.37828554360812
10.453856780167264
0.0
0.0
0.0
0.0
0.0
0.0
0.0
54.8839605734767
145.98394563918757
141.50141875746715
103.79144265232975
32.85528673835125
0.0
0.0
0.0
0.0
0.0
0.0
0.0
76.90972222222223
126.56851105137396
178.83800029868578
178.83800029868578
26.881705495818398
0.7467278972520908
0.0
0.0
0.0
0.0
2.240142249103943
0.0
43.30854241338112
127.68906810035843
178.83800029868578
142.24854390681006
20.908131720430106
0.0
0.7467278972520908
1.8667764336917563
0.0
0.0
0.0
4.106933243727599
47.417712066905615
138.89071833930706
169.13026433691758
122.83310931899643
14.187481332138592
5.973573775388291
0.0
0.0
6.7206541218638005
0.0
0.0
2.6135043309438473
14.93414351851852
91.47337962962963
121.71255227001194
0.0
8.960569743130227
6.3471139486260455
0.0
1.1200899790919951
0.0
0.0
0.0
0.0
60.109132317801674
118.72849462365589
126.94190561529271
97.07194593787335
18.29467965949821
0.0
0.0
0.0
0.7467278972520908
0.0
0.0
0.0
69.81686827956989
154.57075119474314
123.20687724014337
125.44795400238948
11.574025537634409
0.0
0.0
0.0
0.0
6.3471139486260455
0.0
0.0
20.534595280764634
120.2227822580645
134.03513291517325
94.08788829151733
8.587029569892474
0.0
0.0
0.0
0.0
0.0
0.0
0.0
18.29467965949821
131.7936827956989
153.82362604540023
109.7679211469534
8.587029569892474
0.0
0.7467278972520908
0.0
0.0
0.0
0.0
0.0
38.455607825567505
86.24406362007169
69.81686827956989
38.08262395459976
0.0
0.0
0.0
0.7467278972520908
0.0
0.0
1.493414351851852
0.0
29.12205047789725
122.0863201911589
151.20911738351253
0.0
7.093738799283154
0.0
0.0
0.0
0.3733557347670251
0.7467278972520908
0.7467278972520908
10.080734767025088
38.455607825567505
87.36458333333333
47.417712066905615
0.0
0.0
7.093738799283154
0.0
0.0
0.0
0.0
0.0
0.0
41.06933243727599
179.21139486260455
137.7701612903226
46.67054958183991
33.22883064516129
0.0
0.0
0.0
0.3733557347670251
0.3733557347670251
0.0
0.0
17.174473566308244
107.15344982078852
130.67312574671445
48.911626344086024
2.9868690262843485
6.7206541218638005
0.0
0.0
0.0
1.1200899790919951
0.0
1.493414351851852
32.85528673835125
84.38052568697731
111.262208781362
102.30167264038232
7.467278972520908
0.0
0.0
0.7467278972520908
0.0
0.0
0.0
0.0
44.802830047789726
143.36910095579452
146.35734020310636
49.28539426523297
17.5475993130227
0.0
0.0
0.0
7.093738799283154
0.7467278972520908
0.7467278972520908
0.0
46.29678166069295
142.99570639187573
37.70911738351254
38.455607825567505
20.534595280764634
2.240142249103943
0.0
0.0
0.0
0.0
0.0
0.0
17.174473566308244
110.51508363201911
121.71255227001194
82.88620071684589
0.0
0.0
0.0
0.0
0.0
0.0
0.0
0.0
45.54999253285544
134.408527479092
162.78416218637992
120.2227822580645
12.694190561529268
