590.9080260603344
149.93668391577066
99.30466756272405
87.75184124850655
76.48135009707285
161.71479204002384
203.48704674432506
2545.59423909797
4516.807265531661
4439.144832735962
3228.157754629628
917.036689814815
150.75846102150533
359.06262619474325
234.59796146953408
133.35003696236555
72.11262055704897
111.61242196833926
1364.683856033453
3427.2926448626044
6954.703031660693
5890.345870669057
1964.1674432497007
794.7981698028676
410.3710498805258
198.17107414874553
160.28829114396655
103.68702471624853
150.69197666517317
200.08438694743123
347.691492308841
3765.1291778673835
5428.733337066904
5616.909520609319
1760.686398596176
817.6383202658305
516.9214706541217
183.66431414277181
135.9039345504779
70.58803714904421
134.14390438321385
185.7344563918757
547.0846759259257
2604.674058019714
6737.1330645161315
3754.112944295103
1970.4806078255685
319.41018369175634
348.80399604241336
370.63081391875744
171.26823402031064
151.79668768667864
154.8054211469534
189.32986559139783
622.471053614098
3864.791886947432
7777.003692502987
4550.587447729988
2506.420512246117
828.4992122162485
441.6461439665469
274.0967868876941
300.35665882616485
127.49108710424132
66.2606413903823
101.55354838709677
428.67907407407415
1703.1563134707292
5741.786607676222
3927.7794018817203
1163.3260790023896
952.2286813022702
438.3220781063321
183.76683878434883
114.16166106630824
129.42641763739547
203.35862438022698
253.3378461021506
835.4249488500599
2213.520221027479
5790.6849835722805
4441.03223192951
2663.5964045698925
1068.681164127837
475.9352867383512
261.0266099163681
133.2133730212067
92.8242423088411
68.13559016577062
189.55695601851858
628.63976291816
3054.83359094982
6261.69085648148
4578.22679958184
685.5869448178017
652.7172603046598
207.48416181302275
256.7397931600957
151.51163045101552
121.40439960424138
96.46372113948625
177.90323439366787
309.54514187574665
2843.5865367383517
6537.768279569893
3295.2018182497013
2301.114183841098
1110.748779121864
329.06688172043005
239.5152176672641
79.6412657183393
210.86316573327366
145.4263254554958
189.4675574970131
1188.3117495519714
3651.371210424134
8096.85998730585
6583.291117831538
3718.0038829151727
1082.4838597670246
396.7527135603344
213.0722252090801
94.13471468040623
128.05608579749108
81.08994183094383
99.04672804659498
591.8101355286735
2219.047588112306
6117.538597670252
5821.624887992831
2666.6230585424123
1348.8436902628441
492.93232713560343
374.670513739546
225.2262037037038
259.5529544877539
51.94122199820787
143.55176336618877
792.1924667712068
4095.2411701015526
7179.32942054958
4986.3405689964175
3108.72025462963
1003.5024118876943
518.7706208930704
180.8285386798089
172.132508624552
109.11054566158903
234.04213410991633
167.79750858721627
499.6535606705498
2229.582284199522
4856.2901620370385
4202.24762544803
1855.9139523596164
393.5498368428912
345.9527564964156
180.1130391278375
210.87165098566314
109.48813209378731
99.43294321236557
382.22892958482686
795.3665288978491
1732.19909087515
3989.7866562126637
3907.700018667859
1513.3707549283154
555.8937880824371
400.69752240143356
146.98017211768223
109.99002893518518
108.40171606182795
167.63369463112306
181.9685618279571
361.98373805256847
1872.4110476403819
5333.313048835126
2494.9792114695333
1129.4187948028673
508.1476310483871
405.4791005824373
175.42501754778974
129.25636984767024
208.07506126792114
95.77518563321384
196.00977113201913
552.9009576612902
3078.290785543609
5093.933075716846
4498.354450418161
2575.4124775985656
850.102439516129
366.2083381869773
249.9945669056154
136.2530383064516
163.84165389784945
105.18373387096774
497.04671781660693
748.4062850955794
4121.780380077656
6940.388560334528
5838.890583930705
3558.913179510156
909.4716315710868
452.4554525089604
201.8857343936678
119.81252714307047
113.38960182945044
132.65010412933094
254.6096258960573
773.0793608124252
3711.0302979390694
6863.8164090501805
6162.237160244922
3961.4904905914
1152.6841061827956
294.87921856332133
216.24353867980884
86.6854971998208
116.58563900089608
249.48672827060932
531.3994593787335
724.5130727299884
3302.3220280764626
7071.812892025089
5358.577781511351
1518.4813657407408
745.2143518518518
283.27929360812425
344.29856070788543
198.83202098267617
151.35891957885306
113.44007187126641
293.05686193249704
909.5749029271207
2536.2480772102754
7692.091644265233
5355.667906212667
2735.4501530764637
1060.8384109916367
