30.183467741935484
4.105271804062127
2.0394414575866184
2.067096027479092
3.52978270609319
8.192614994026284
12.388216845878135
80.29756571087218
128.3628285543608
207.4533303464755
170.70564516129033
49.276807048984466
8.462253584229392
14.661999701314217
8.13694743130227
3.0149118876941454
2.086361260454002
5.094683393070491
65.96662186379929
111.35715352449223
203.4752090800478
254.30182198327358
97.8110065710872
41.67824074074074
21.208482676224612
8.049768518518517
4.790247909199522
2.4815225507765826
4.91745445041816
7.97703853046595
19.111969832735962
123.12313321385902
137.1673387096774
238.70818399044205
79.47207287933094
40.53763440860215
28.269638590203105
6.1245146356033455
4.865628733572282
1.5660543608124253
3.6159460872162477
6.654756571087215
29.55227001194743
49.541890681003586
182.5
140.28636499402631
99.49148745519713
13.040061230585424
14.93484916367981
14.053726105137393
5.960946833930706
3.096725657108722
5.875896057347671
7.95053016726404
33.629256272401435
141.558766427718
235.5159796893668
206.64015830346474
128.0607825567503
45.2261798088411
21.614583333333332
10.881085722819593
13.227486559139784
3.8825119474313015
3.5039501194743132
5.245146356033453
24.632579151732376
61.64613201911589
146.7458183990442
172.34991039426524
66.15367383512543
51.16823476702509
24.782855436081242
6.3089531063321385
5.004442951015531
4.388000298685783
1.351126045400239
11.821572580645162
42.448663381123055
74.39740143369177
210.69220430107526
191.8189964157706
134.32235663082437
57.405167264038234
24.1158527479092
10.673088410991637
5.031847371565114
3.033635752688172
1.9256795101553166
8.160618279569892
32.89602001194743
92.92562724014337
185.2736708482676
185.8277329749104
31.065710872162484
35.084528076463556
8.477598566308243
11.179398148148149
4.824858124253286
4.643432646356033
3.9087850955794505
8.054771505376344
15.12313321385902
74.52695639187574
209.75395758661887
144.82900238948625
105.13328853046598
55.61939964157706
14.717405913978494
7.981481481481482
2.3669989545997616
4.2505376344086025
3.821412037037038
5.137507467144564
57.163978494623656
105.27703106332139
213.65180704898452
283.05704898446834
192.23752986857826
60.43757467144564
18.837626941457586
7.8462141577060915
3.1688246714456394
4.193219832735962
2.7994100955794505
2.753337813620072
31.85024641577061
52.528001792114694
181.72043010752688
249.3623058542413
138.02531362007167
68.82205794504182
24.137656810035843
13.958445340501791
7.964867084826762
4.342678464755077
1.883732825567503
7.4763291517323776
42.23099611708482
102.62395459976105
231.09692353643968
203.12089307048984
162.03517025089604
51.18764934289128
28.789127837514933
7.41170101553166
6.9467592592592595
4.091151433691756
6.514486260454002
7.056862305854241
29.269899940262842
81.71034946236558
141.61066308243727
178.74290621266425
89.79316009557945
16.62376792114695
16.74372759856631
7.789053166069293
7.848566308243727
3.50255376344086
3.026254480286738
15.20228494623656
45.03808243727599
88.3001045400239
135.96027479091995
170.38381123058545
77.85132915173239
33.2557123655914
23.041106630824373
6.098155615292711
4.366879480286738
1.387070639187575
4.171415770609319
8.443399044205496
21.300739247311828
71.5890083632019
163.30085125448028
130.53128733572282
64.6875
25.403823178016726
18.97935334528076
8.733198924731182
5.222035543608124
4.470493578255675
2.1108460274790914
6.417674731182796
28.529831242532854
103.75186678614098
156.98066009557945
207.30585424133807
141.7820340501792
42.051224611708484
18.80581690561529
9.466584528076465
4.644519115890083
3.5768667861409797
2.5979278673835124
21.556824970131423
42.051224611708484
142.40031362007167
198.15598864994027
233.09401135005973
177.1486708482676
48.11491935483871
24.192017622461172
7.673312425328555
3.3781810035842295
0.5929495221027479
3.7978270609319
8.114770011947432
42.253957586618874
130.43458781362008
224.84617682198328
271.3982228195938
210.54734169653528
64.209229390681
16.212925627240143
9.553763440860216
2.878670101553166
2.754861111111111
7.9410468936678615
26.5442054958184
39.00660842293907
86.49753584229391
220.72356630824373
236.43257168458783
78.65554062126643
36.41707735961768
12.923797789725208
14.943137694145761
9.21975806451613
4.021288829151733
2.993417712066906
13.517883811230586
48.52523894862605
74.65352449223417
241.6461320191159
203.75448028673836
140.00485364396656
54.40897550776582
