370.1261995967742
204.04298835125448
141.5560073178017
169.24500802718038
124.33141707735962
174.1320258363201
596.4924663978495
2351.380936379928
6175.41323551374
4645.148510304658
1864.3669690860215
647.1100701911588
305.4241237305854
175.2228326612903
164.11900612305854
75.22137839755077
156.75335162783753
91.56558079450417
271.14781025985667
1163.3657011648743
5481.338108572282
5369.322491039425
1942.8849947729998
677.0027725507769
232.19688769414572
230.00510005973715
184.35470616786142
110.82397076612907
116.72513199671444
98.25775037335721
781.7286663679807
2174.400336021506
7088.541487455197
4699.625825119475
2086.1283602150543
675.7784879032256
418.6454211469534
221.20219720728792
304.1528147401434
258.24950156810036
236.69738340053766
187.59106481481487
689.3380085125445
4414.726762246117
6928.2104091995225
4847.893432646356
2163.793223566308
1441.5754816308245
417.1632306600954
225.63491562126646
180.713125
143.74356231332138
99.07311432198325
186.33160132915168
797.1957370071684
2993.9115740740735
6767.892454450418
5555.150067204304
1746.289493727599
642.8710162783754
272.6528345280765
141.63349682646356
292.6533934438471
227.71280749701324
231.07747423835121
263.0779890979689
572.7909248058544
4267.825026135006
6444.39264112903
4099.554043458781
2543.804065860216
726.8342723267623
196.757927120669
176.62763366188764
95.53846195489844
149.877558990442
83.42269044952212
218.61363612604532
647.3134931302266
2470.724727449224
7057.749376493429
4443.908236260454
3066.8357564217445
757.8764620669056
485.45443884408604
258.117550776583
163.0613805630227
177.95821945937874
124.6068342667264
274.6336547939068
609.6292424581839
2147.46129032258
7171.5232452210275
5200.126549432497
3347.983814964157
1078.8012320788528
611.0283688022699
348.0239086768219
241.67064030764627
116.27148864994028
96.35744836469534
264.85781175328543
363.11119287634403
3061.465912485066
5572.632265531661
3970.7537261051375
1913.878442353644
876.8929670698923
676.9578778375151
185.0013993428913
166.4501889187575
83.33421960872163
211.37804532556746
187.5969690860214
385.0196968339306
3464.948678315412
5717.581033452809
3329.656067054959
1530.9106369474307
1003.7428987455197
400.73999141278375
209.9525862455197
252.92951276881715
144.93466442652326
194.41187765083632
139.34350545101555
559.8834655017924
2164.215453255675
6214.1743130227005
4405.885155316608
2545.2645534647545
1225.8570041816006
733.6434897700118
402.6247110215053
115.58013866487458
89.6506182795699
72.33587187126643
528.7379689366785
613.1074201015531
2829.8931302270016
7046.96031586021
4551.705906511351
1737.0817092293903
691.7638198178016
438.65338000298715
226.26267995818398
181.15526022998802
225.79667398446827
105.56687182646358
142.08219086021506
612.3747625448029
3604.1911738351246
7479.783124253286
4740.179065860216
1661.6815374850646
604.5462787485066
210.37558579749103
233.22202135603345
178.257603046595
88.03099932795696
74.93917122162485
106.70649100209084
525.223553614098
1725.248562574671
5088.868406511352
2971.7106780167264
1737.517637395459
598.3896998207886
330.44578367682203
254.5442062425327
135.83069967144564
132.31744575119473
128.35294317502982
423.0046438172043
742.9352662037038
2386.441349313023
6992.397132616485
5262.556186529274
3439.828487156512
836.1833325866193
362.0426765979688
253.763879181601
172.14169653524496
138.67117446983272
129.0222289426523
94.04630182198325
976.621524044205
2971.353386350059
7577.95319593787
6253.422849462364
4074.0412895758664
1129.7387507467151
305.34325194145737
190.73855697431304
189.20369212962964
152.5681361260454
89.29449488500595
249.75524977598576
1145.5380264336916
3006.4741300776595
7674.117857676225
4789.963605137397
3555.5080122461163
903.7451015531665
290.13760640681005
145.58026844384705
130.77893033154123
179.7383752986858
135.81324749850657
226.70611260454
658.1089904420546
3254.3446161887696
7263.434714755076
5302.219761798087
1621.681337365592
579.0283587216248
385.74379405615304
184.78048760454004
256.0953737305854
152.11461701015537
133.63331985513742
521.7096161887694
993.8434662485066
3478.285502538829
8315.556571087216
5059.002314814817
2855.254095728794
1323.7792973416963
433.89850433094387
292.0947588112306
124.37898252688173
95.60066722670251
110.78094272700122
208.82923499103947
1322.881335872163
2620.6158564814814
5636.999831989246
4684.149458632017
3911.910285991636
1280.4667301373956
