5.815785543612612
4.146132019120379
2.863575268821692
3.1056227598611184
2.068884408606638
0.3997162485110588
4.487753882915173e-12
166.5162037037037
276.65994623655916
364.7405167264038
112.22744922341698
37.47550776583035
5.815785543612612
4.146132019120379
2.863575268821692
3.1056227598611184
2.068884408606638
0.3997162485110588
19.414725209080046
123.58049581839907
448.03726105137395
303.50806451612897
25.235289725209086
47.18245967741935
5.815785543612612
4.146132019120379
2.863575268821692
3.1056227598611184
2.068884408606638
0.3997162485110588
4.487753882915173e-12
70.56264934289128
384.55906511350054
498.0398745519713
206.68570788530465
56.88948626045399
10.296158154121864
4.146132019120379
2.863575268821692
3.1056227598611184
2.068884408606638
0.3997162485110588
4.487753882915173e-12
85.87141577060933
329.6733124253286
286.70736260454004
161.8817204301075
40.462141577060926
20.75014934289128
4.146132019120379
2.863575268821692
3.1056227598611184
2.068884408606638
0.3997162485110588
4.487753882915173e-12
215.7989844683393
480.52195340501794
554.4235364396653
199.5952807646356
16.940598864994026
14.402927120669059
4.146132019120379
2.863575268821692
3.1056227598611184
2.068884408606638
0.3997162485110588
4.487753882915173e-12
124.32870370370371
342.366711469534
331.8828405017921
110.73588709677419
56.88948626045399
5.815785543612612
4.146132019120379
2.863575268821692
3.1056227598611184
2.068884408606638
0.3997162485110588
4.487753882915173e-12
208.70855734767025
378.584229390681
456.21677120669057
101.02561230585424
13.954002389486257
5.815785543612612
4.146132019120379
2.863575268821692
3.1056227598611184
2.068884408606638
0.3997162485110588
4.487753882915173e-12
237.82706093189964
350.5813172043011
330.7627688172043
121.93361708482676
30.381645758661886
5.815785543612612
4.146132019120379
7.717032556750299
3.1056227598611184
2.068884408606638
0.3997162485110588
4.487753882915173e-12
173.23924731182797
459.23200418160087
526.013664874552
176.07153524492233
15.073775388291514
8.055921445639187
4.146132019120379
2.863575268821692
3.1056227598611184
2.068884408606638
0.3997162485110588
4.487753882915173e-12
57.49738649940263
370.369623655914
271.39784946236557
101.02561230585424
28.88791816009558
12.163007765830345
4.146132019120379
2.863575268821692
3.1056227598611184
2.068884408606638
0.3997162485110588
4.487753882915173e-12
69.0710872162485
342.366711469534
327.4036738351254
131.26792114695337
12.833796296296295
5.815785543612612
4.146132019120379
2.863575268821692
3.1056227598611184
2.068884408606638
0.3997162485110588
19.04118130227001
192.65158303464753
355.80869175627237
479.36342592592604
157.40292712066903
25.901321684587813
17.763104838709676
4.146132019120379
4.730383811230586
3.1056227598611184
2.815583930704898
1.5197841995221024
4.487753882915173e-12
111.2585872162485
232.22819593787335
281.85185185185185
130.89605734767025
28.51482228195938
5.815785543612612
4.146132019120379
2.863575268821692
3.1056227598611184
2.068884408606638
1.8931526284348865
4.487753882915173e-12
145.23633512544802
459.23200418160087
328.5233721624851
115.586917562724
7.606780167268525
5.815785543612612
4.146132019120379
2.863575268821692
3.1056227598611184
2.068884408606638
0.773073476702509
41.81608422939068
82.88418458781362
406.95900537634407
431.9436977299881
94.30704898446834
11.340352449223417
15.149604241338112
4.146132019120379
2.863575268821692
3.1056227598611184
2.068884408606638
0.3997162485110588
4.487753882915173e-12
143.74029271206692
526.4183841099164
501.40382317801675
181.29853643966547
7.606780167268525
11.042801672640383
4.146132019120379
6.2237791218637994
3.1056227598611184
2.068884408606638
0.3997162485110588
4.487753882915173e-12
76.53748506571087
320.3393817204301
223.61111111111111
101.02561230585424
7.606780167268525
12.163007765830345
4.146132019120379
2.863575268821692
3.1056227598611184
2.068884408606638
0.3997162485110588
4.487753882915173e-12
340.127688172043
536.9071087216248
396.8458781362007
84.60125448028674
7.606780167268525
5.815785543612612
4.146132019120379
2.863575268821692
3.1056227598611184
2.068884408606638
0.3997162485110588
4.487753882915173e-12
101.92465651135007
342.7430555555555
389.3794802867383
18.14142771804511
32.248543906810035
5.815785543612612
4.146132019120379
2.863575268821692
3.1056227598611184
2.068884408606638
0.3997162485110588
4.487753882915173e-12
173.23924731182797
248.28068996415772
168.72573178016725
76.38664874551971
7.606780167268525
