1167.9144562125966
719.744880363945
680.1912277388606
697.9304675572497
594.3242996862782
1351.5175507694555
1444.3534199482988
2234.0679475091556
2850.571546851409
3588.0247969209186
2716.0667041794422
2053.8749833922193
1929.4919222335031
1256.7244291809013
809.8998927954297
1084.2600893785266
792.7486491059301
1289.426402904916
1839.5388592403356
2543.1074216027073
3255.8436804467397
4163.22099551764
3268.8055449834615
2042.3600308497898
1247.7567862904787
1027.1323323403853
926.0731893371212
767.0513226027754
915.3295100062086
940.0625237646873
1405.4135834084157
2370.806390897963
3234.319239838231
3621.3108530026643
3309.5440588102497
1998.0842595432498
1935.6203536919159
1316.6574594232743
710.8018077684272
1498.7671246671364
956.7235039548384
1025.3056508678183
1584.3769172778984
1663.477072479364
2671.162901367373
3456.85112696236
2885.1459883735524
1497.8620573386543
1223.2021940094821
798.8327109862917
690.7202820211677
623.5865328713518
628.6756256169708
989.1239472782452
1248.5128035923929
2077.6304440514123
3168.4359836181375
3259.8328702304
2745.9797160860658
1869.6768597160146
1527.4462027940917
572.279828766352
626.4680146478515
637.9875308525542
534.3202942225001
976.9716660759607
1352.8832503004414
1747.6595657759297
1895.7177207636191
2578.8457074438493
1878.3807784484075
1349.7586212233557
1754.4737227281107
1087.0128416349883
705.7529490148827
796.2382558572992
745.8238446208388
988.5721168705976
1148.4735441893656
2146.478565932547
3008.2785333628813
3749.7911707265375
2823.246287535895
1539.767066497286
1359.4716259461127
1190.2562180913437
666.8682918213453
909.1181268585548
756.8657106485607
930.9287909135061
1297.165198981456
1831.2305221825013
2554.464163841967
2978.7583710825274
2562.3545242185132
1692.197305378008
1164.479384555239
729.5494210822031
661.1238040138052
399.19340815319333
633.1681845090827
849.6922385209044
1397.633431127155
2354.8798895705945
3081.244260888221
3204.652133934285
2850.9641012620227
2007.7811656134058
1040.1903399285416
1167.0523999459022
751.1565906526238
673.7667947601044
930.6661177183802
1437.6619173713693
1220.7384341284317
2133.9359395722827
2813.283932769666
3251.411737246184
3062.4601134246586
1950.7624204220895
1543.6675142599684
1658.9998241395635
978.1270199567153
1307.0295553118178
1016.225472778841
1560.7130882158108
2207.3169926108803
2854.398171207216
3048.3035174883803
4476.183159192419
3795.0018183066513
2922.446482151916
2148.4947342434953
1564.5004894544938
1243.417337984285
1217.4701564240281
1152.2821793969028
1629.3774262346085
2543.8056913714017
3314.0973688010135
3675.3732730233337
4798.061759652256
4219.170821219978
3149.6135442621
2570.4890525394762
2022.219534861863
1719.9366639853088
1302.37153326816
1540.3800524501933
1759.4751108853445
2087.541478809941
2819.4441604870703
4069.3138695321873
4642.146565633833
4086.758970320603
3089.8657473456697
2317.0628257497633
1638.3469608786943
1454.8947208163886
1482.3987424580148
1379.9184668952541
2289.7959860869223
2336.8238828335707
2420.057826104218
3403.1948318093305
3410.2287972750632
2870.6412838369297
2813.302608290193
2018.8672440031107
1407.3401025305568
1626.134720071426
1283.0752872743196
1449.4074818947486
1803.822644682616
1947.0846808307435
3000.2351065809025
3703.8376076271174
4593.424569457122
4231.123899686907
3131.3116338729637
2458.39282738377
1637.4004437090052
1427.0959141741687
1374.739882700212
1040.6814637459047
1868.9050444101983
2024.000856675555
2696.7923742740504
3917.931669964844
4331.200914042204
3941.246382160932
2992.8147736591436
2462.0015382474544
2341.8177478340817
1857.6630772306512
2535.066694915148
1728.4827602535001
2359.9573389961324
2275.682731335948
3159.8701726257195
3708.336726601897
4884.2782208535145
4949.1352905389185
3598.9399475672135
2766.705092757923
2436.7765279699743
1624.7524927477853
1790.590251483702
1848.4890198119142
2084.3779477458884
2341.184483707589
3281.7927251971114
4373.379825903948
4971.077481507144
4044.827505758296
3412.6545955328934
2307.051374272579
1793.2238595299716
1880.1713919157642
1995.799291952445
2088.718968890949
2155.893062629718
1911.1168876887896
2899.8282511466937
3613.7839702117503
4421.273566680893
4253.260410413485
3447.9872274674462
2818.895527878103
2171.8379471596386
2016.6813644076028
2049.8098672478845
2210.99601732492
2080.9165830818347
2276.2506906755407
2828.018769948001
3715.136215476202
4087.3003402845243
3892.740264679104
3518.529028468408
