5.815785543612612
4.146132019120379
2.863575268821692
3.1056227598611184
4.309020310633214
0.3997162485110588
4.487753882915173e-12
88.48715651135007
406.95900537634407
308.73506571087216
141.3500597371565
44.19586320191159
5.815785543612612
4.146132019120379
2.863575268821692
3.1056227598611184
2.068884408606638
0.3997162485110588
4.487753882915173e-12
78.77688172043011
322.57840501792117
525.6571087216248
247.38164575866188
65.10416666666667
5.815785543612612
4.146132019120379
2.863575268821692
4.972431302270011
2.068884408606638
0.3997162485110588
4.487753882915173e-12
88.11118578255675
282.6303016726404
307.9872311827957
213.03203405017922
64.35595878136199
12.163007765830345
5.639568399044205
2.863575268821692
3.1056227598611184
2.068884408606638
0.3997162485110588
4.487753882915173e-12
273.296370967742
489.86036439665475
440.531660692951
294.80137395459974
41.58232526881721
5.815785543612612
4.146132019120379
4.3570116487455195
6.465826612903226
2.068884408606638
0.3997162485110588
4.487753882915173e-12
180.329674432497
385.6791367980884
411.0356929510156
205.94198028673836
7.606780167268525
14.776508363201911
4.146132019120379
8.090591397849462
3.1056227598611184
5.055757168458781
0.3997162485110588
4.487753882915173e-12
227.74865591397855
627.2401433691756
749.6520310633214
338.4808094384707
16.940598864994026
5.815785543612612
4.146132019120379
2.863575268821692
3.1056227598611184
2.068884408606638
0.3997162485110588
4.487753882915173e-12
124.70019414575866
323.7029569892473
251.9858870967742
18.14142771804511
21.04786439665472
5.815785543612612
4.146132019120379
5.850448028673835
3.1056227598611184
2.068884408606638
0.3997162485110588
4.487753882915173e-12
149.34363799283153
320.3393817204301
11.543458781366494
157.40292712066903
16.56750298685782
6.935853494623656
4.146132019120379
2.863575268821692
3.1056227598611184
2.068884408606638
0.3997162485110588
4.487753882915173e-12
92.59445937873357
363.27508960573476
409.16778673835125
18.14142771804511
22.167637395459977
10.669242831541217
4.146132019120379
2.863575268821692
3.1056227598611184
2.068884408606638
0.3997162485110588
5.227016129032258
137.76993727598565
526.4183841099164
409.16778673835125
161.51022998805257
62.86439665471922
8.802658303464753
4.146132019120379
2.863575268821692
3.1056227598611184
2.068884408606638
0.3997162485110588
4.487753882915173e-12
181.453853046595
397.6243279569892
456.21677120669057
123.80114994026285
64.73192951015531
17.763104838709676
4.146132019120379
2.863575268821692
3.1056227598611184
2.068884408606638
0.3997162485110588
29.86872759856631
94.83422939068102
456.22461170848266
418.5024641577061
338.4808094384707
34.48846326164874
5.815785543612612
4.146132019120379
8.090591397849462
7.212563470728792
2.068884408606638
0.3997162485110588
4.487753882915173e-12
76.16562126642772
430.8531212664277
490.2053464755078
18.14142771804511
30.754778972520914
10.296158154121864
8.626504629629629
2.863575268821692
3.1056227598611184
2.068884408606638
0.3997162485110588
4.487753882915173e-12
150.0918458781362
515.2199074074074
555.1329151732377
254.4765531660693
64.35595878136199
13.65628733572282
4.146132019120379
2.863575268821692
3.1056227598611184
2.068884408606638
0.3997162485110588
10.45403972520908
112.75462962962963
150.8352001194743
223.61111111111111
144.3376642771804
22.541143966547192
5.815785543612612
4.146132019120379
2.863575268821692
3.1056227598611184
2.068884408606638
0.3997162485110588
4.487753882915173e-12
92.21848864994027
255.3755973715651
251.9858870967742
115.586917562724
25.901321684587813
5.815785543612612
4.146132019120379
2.863575268821692
3.1056227598611184
2.068884408606638
0.3997162485110588
20.90804211469534
85.87141577060933
269.56503882915166
334.87007168458774
90.57160991636799
30.754778972520914
11.042801672640383
4.146132019120379
2.863575268821692
3.1056227598611184
2.068884408606638
0.3997162485110588
4.487753882915173e-12
85.87141577060933
268.0689964157706
268.03875448028674
131.6442652329749
44.19586320191159
12.163007765830345
4.146132019120379
2.863575268821692
3.1056227598611184
2.068884408606638
0.3997162485110588
8.960722819593787
111.63493130227002
336.3963560334528
300.148596176822
18.14142771804511
10.966984020310633
5.815785543612612
4.146132019120379
2.863575268821692
6.092495519713261
2.068884408606638
0.3997162485110588
4.487753882915173e-12
212.0676523297491
320.3393817204301
389.3794802867383
175.69967144563918
18.807459677419352
