21.896505376344088
21.919578853046595
4.298711917562724
4.179610961768219
12.873543906810037
13.24354091995221
47.1049880525687
120.84042712066906
226.81190262843484
252.87447729988054
178.84931302270013
64.57959976105137
25.30596624850657
10.41185035842294
3.171800328554361
5.267921146953405
4.285756421744325
6.387470131421744
47.190486857825576
94.92084826762246
191.09393667861409
238.12910692951016
214.07108721624846
64.30144862604541
28.429435483870968
2.6394825268817206
4.840763142174432
4.506197729988052
1.5003054062126642
2.939303315412186
14.289314516129032
29.834005376344088
122.50224014336918
117.72812126642772
36.17756869772999
26.50653375149343
4.87627688172043
10.593077956989248
3.7549059139784946
3.0339643070489846
4.668141427718041
8.964867084826764
37.59569145758662
106.16524790919952
235.24081541218638
194.63709677419357
115.7082586618877
51.05548088410992
24.53976254480287
10.553726105137395
6.316494922341697
4.304655764635602
1.5312873357228196
22.84248058542413
41.759408602150536
84.91562126642772
256.72491039426524
236.5946087216248
132.389486260454
63.21311230585424
20.934065113500598
12.179435483870968
10.970318100358423
2.770314366786141
7.125634707287933
8.291591995221026
34.5074298088411
129.95818399044208
238.58870967741936
284.472072879331
179.06772700119475
55.459229390680996
36.2349537037037
8.777777777777779
10.444593787335725
3.5238089904420558
2.2729204002389487
21.7351403823178
72.92712066905615
127.70497311827955
265.6014784946237
299.7517174432497
216.56548685782553
52.38127240143369
16.742906212664277
14.194071087216246
6.088485663082436
3.15920325567503
2.9488612604540023
13.108609617682198
40.34188321385902
104.83908303464757
248.62455197132613
274.2693399044206
234.55757168458783
71.91569593787335
27.408676821983274
8.333706690561527
4.822468637992832
3.5727187873357233
5.3577508960573486
7.359132317801673
31.205309139784948
86.57407407407408
192.99357825567503
187.37604540023895
117.60528673835125
50.21878733572282
12.360999103942651
30.714531063321385
5.931003584229391
4.619519115890084
1.253218339307049
8.162037037037036
32.81880973715651
113.25754181600958
247.23118279569897
226.600582437276
186.68010752688173
58.47222222222222
38.45706391875747
6.112268518518519
4.807646356033453
3.478610364396655
3.228020459976105
8.992346176821984
31.3877688172043
55.50888590203106
200.255376344086
193.4976105137395
105.96736857825567
40.71677120669056
11.687686678614096
6.974163679808841
5.056078255675031
1.6804024790919951
10.894601254480287
13.531324671445638
39.99861857825567
88.45280764635602
232.23080943847071
284.7263291517324
163.5386798088411
28.850731780167266
14.276471027479092
9.677008661887694
7.879853643966547
5.001392622461171
3.9684811827956996
10.027628434886498
15.939628136200717
97.34804360812427
192.189366786141
199.02964456391877
97.68593189964157
69.33467741935483
12.234244324970131
3.917435782556751
5.686118578255676
4.908639486260455
5.675963261648746
8.446273894862605
30.40710872162485
100.76799581839904
150.50776583034647
162.5653375149343
103.49462365591398
47.99768518518519
13.344944743130227
13.564964157706093
4.687156511350059
3.7873543906810037
1.655981182795699
5.7999551971326175
26.42831541218638
86.12081839904421
171.2406660692951
164.91226105137395
106.1006571087216
47.68966547192353
44.18574522102748
20.11398596176822
6.093003285543609
4.7689665471923535
4.589602001194743
15.654495221027476
52.54554958183991
133.87992831541217
220.2314814814815
227.69638590203107
190.7075119474313
54.323850059737154
28.617980884109915
22.507765830346475
4.178300477897252
4.030630227001194
3.665990890083632
9.873581242532856
40.1501642771804
120.16913082437274
281.9687126642771
241.11633811230587
184.56466547192355
58.78360215053763
35.11331391875747
5.719870071684587
4.645945340501791
5.3785095579450415
1.0570489844683393
5.858609617682198
28.029495221027474
81.82870370370371
212.77927120669057
224.6889934289128
126.0364396654719
46.64613201911589
22.668794802867385
7.518891875746714
8.336021505376344
4.854386947431303
3.7234916367980877
5.883549880525687
29.503397550776583
75.74932795698923
213.40800477897253
193.17241636798087
131.1473267622461
39.34080047789725
14.847259557945042
7.187798685782557
5.910282258064516
2.7234655017921146
3.9824820788530464
10.8528972520908
32.526807048984466
93.84893966547192
151.74320489844686
142.11842891278374
132.3077210274791
43.64994026284349
