0
0
0
0
0
1.130168185316542
525.9578686968802
1164.8786609250626
1371.7332105151906
324.0365186722165
118.82598643295127
0
0
0
0
2.7159515183090406
0
91.84133337697983
239.61118825719763
1189.630833904615
1059.1515515474773
486.5697057362223
0
1.7097144551599328
0
0
0
0
0
34.12517841369507
422.15937901756257
1285.7066793760168
1483.4650933311154
719.5407055857139
220.8490756994184
0
18.744811511127644
0
0
0
0
28.968775171933117
396.5439569802317
1044.933298029248
1490.062389522708
785.907856316305
257.4707159649002
0
0
0
0
2.0354103471810063
0
64.54553045434433
375.5971852835162
1069.2751763554247
257.0632415545
658.0552622478881
86.04323512290787
0
0
0
0
0
0
76.69868344694378
751.9929775554945
1696.190369249319
2182.733199635291
1134.1951234665617
235.50042972381286
0
0
0
0
0
0
7.76773178732828
572.8911256370704
1014.0878624168622
1578.4476455873762
356.45203967543864
54.81431899331898
80.43353108922958
0
0
0
0
0
98.13021007898882
571.6890915189874
1522.9421181717707
1564.114806384428
1007.7032877568806
212.9625505643442
0
0
0
0
0
0
0
496.3975298607174
286.95178938825245
1637.9521129661186
621.755419521576
99.48821211923926
0
0
0
0
0
0
0
292.080251963308
958.8835439633534
1085.2517316890019
729.9945004329157
0
0
0
0
0
0
0
29.027638770215624
514.2704442188227
928.1993047470407
1572.8246351997236
289.0724146351223
92.08456946113847
0
0
0
0
0
0
46.76199082877403
327.0191296862337
1638.0914195755536
1903.0190460638137
605.2762643615165
191.06949785752968
0
0
0
0
0
0
72.69120689982984
612.1805621604841
1706.5588632597767
3234.862536304085
1117.5786982508976
187.91985660201604
54.52055894811045
0
0
0
0
0
43.31593978931988
451.56239024957193
1531.1424897483896
1221.0867434220436
591.3640162421996
32.76459259307666
0
0
0
0
0
0
67.8247063150943
571.3423985085658
1798.6203723987935
2164.786196331105
636.5229273914165
127.12649660144956
9.276941396400261
0
0
0
0
0
17.262383237095094
430.6381756902066
1184.4656890462916
1676.4120427188989
871.0774749476082
144.05541691579631
0
0
0
0
0
0
103.24772498785855
315.5151043772485
602.9030987053536
889.6337572889277
377.0606657249351
109.81101748828189
0
0
0
0
0
0
0
132.29150562847323
888.2565609184093
1106.498938408422
831.2232350728865
113.51469676875247
0
0
0
0
0
0
0
442.7549992715087
1328.832624036419
1916.6660587536512
1053.0668007301392
308.93628849385277
6.614250359603858
0
0
0
0
0
58.59936327356287
332.3618017658994
1553.1192750237187
1350.386469235773
1141.5079157172627
23.83803547042031
0
