6.475918458781362
6.476590501792114
3.6822207287933093
5.398596176821983
3.1923461768219834
5.97431302270012
20.694444444444443
83.43189964157705
149.46609916367981
185.91621863799284
98.63313918757466
28.47610513739546
17.82474611708483
7.559102449223417
3.861096176821984
2.3246490442054957
4.606955645161291
8.697991338112306
28.568175029868577
90.58729091995221
142.22222222222223
154.71102150537635
10.685931899641577
35.720840800477895
15.347520908004778
10.320564516129032
6.665098566308243
2.9868018219832737
4.262335722819594
8.949186081242534
27.963635005973714
97.99992532855435
166.9078554360812
293.20303166069294
187.07922640382318
41.010976702508955
42.80574223416966
28.913381123058542
4.852299880525687
5.3558505077658305
3.1681563620071675
6.323103345280765
43.108198924731184
84.24581839904421
237.78300477897253
206.17047491039426
203.32287933094383
58.23140681003584
32.44310035842294
10.418384109916369
4.99634109916368
5.453965053763441
5.002912186379928
9.889224910394264
30.40068697729988
77.30062724014337
163.6040173237754
191.91196236559142
134.17637395459977
42.637283452807644
25.962962962962962
6.041442652329749
5.182235663082437
3.9175216547192355
2.491095430107527
5.354950716845878
22.23248954599761
122.02471624850656
231.62261051373955
260.1235812425328
164.10170250896059
52.33534946236559
30.717144563918758
12.175739247311828
6.878733572281961
3.413911290322581
1.4259707287933097
3.4547043010752687
32.54722968936679
13.392099761051375
179.10842293906813
163.09513142174433
120.54995519713262
56.20221027479092
14.852710573476699
8.74537037037037
3.781156660692951
3.4158564814814816
3.455073924731182
3.393951612903225
31.369287634408607
81.69877538829152
245.13739545997612
270.188545400239
184.79502688172042
53.83027180406213
16.132728494623656
10.643593189964157
4.068992682198328
2.7285244922341696
4.398540173237754
10.276769713261647
35.664314516129025
88.7593339307049
187.3039874551971
271.96945937873363
117.60528673835125
37.59569145758662
14.790733273596176
15.292898745519713
4.045131421744325
1.8903823178016725
2.331044653524492
8.640046296296296
49.95893070489845
74.63784348864993
211.1906362007168
161.638664874552
88.93630525686977
35.21232825567503
17.094123357228195
7.287634408602151
6.221848864994026
3.6438844086021507
3.5216621863799284
4.713037634408602
33.50433094384707
90.39949223416964
223.54540023894862
215.4659498207885
97.08818697729988
32.461693548387096
26.5276284348865
16.047379032258064
8.294130824372761
3.7259557945041824
7.535618279569894
10.54319743130227
26.69198028673835
76.67413381123058
159.13269115890083
193.52859916367981
183.2986111111111
50.45736260454002
20.49820788530466
10.997274492234169
8.70493578255675
3.829614695340502
2.7466733870967737
15.152964456391876
39.41203703703703
113.2538082437276
212.8322879330944
287.6758512544803
188.105958781362
79.49858124253285
21.882952508960575
10.8475582437276
5.050291218637993
2.8700455495818398
0.863873954599761
5.518817204301075
25.14814814814815
78.25156810035843
235.24081541218638
180.53240740740742
129.96602449223417
29.18675328554361
21.8953853046595
13.663866487455197
5.541816009557945
2.4757765830346474
4.803800776583035
8.18395310633214
30.134744623655912
70.93413978494624
199.18384109916366
168.08729091995218
106.74208482676225
38.588373655913976
7.766801075268817
16.039090501792113
5.393667861409797
3.0158826164874553
1.350141129032258
20.270534647550775
43.74268219832736
85.95990143369175
245.69668458781368
232.2319295101553
132.28457287933094
49.25403225806452
23.158191457586618
7.985588410991637
5.053390083632019
5.028524492234169
2.246822729988052
22.82437275985663
41.57818100358423
127.61088709677419
219.3567054958184
188.92211768219832
134.76030465949822
36.89609468339307
15.638216845878139
5.944668458781362
4.639867084826762
4.431675627240144
5.624402628434886
8.62593339307049
49.28502090800478
82.73708183990442
211.04950716845877
249.9223416965352
149.32683691756273
43.09938769414576
19.890344982078854
16.282332735961766
4.547162485065711
4.334789426523297
1.5468257168458783
13.351553166069294
33.953293010752695
78.65554062126641
247.27710573476702
227.09005376344086
190.3483422939068
66.77232676224612
19.102337216248507
9.710200119474312
3.5222707586618878
4.184935035842294
1.2061790621266426
12.906698028673835
30.219160692951014
113.77389486260454
216.9776732377539
192.7214008363202
95.367756869773
69.80734767025089
