4.851403823205228
3.458669354865921
2.3887022103020024
2.5906137993103657
4.292301373954601
11.96574074074074
60.67054958183991
81.34707287933094
141.81600955794505
70.04218936678615
49.65576463560334
11.898148148148149
6.204711768219833
3.458669354865921
2.3887022103020024
5.094160692951015
1.7258064516401148
0.6709453405017921
16.23618578255675
75.50776583034647
82.02284946236558
68.67943548387096
31.824223416965353
7.081130525686976
4.851403823205228
6.419914874551972
3.393294504181601
2.5906137993103657
1.7417275238948626
5.109781959378733
19.00910991636798
145.13515531660693
128.61783154121864
86.99260752688173
34.859244324970135
12.706093189964157
5.2995818399044206
3.458669354865921
2.3887022103020024
2.5906137993103657
1.7449111409796894
1.240905017921147
23.12313321385902
119.63485663082437
145.15755675029868
98.17465651135007
52.26366487455197
11.615516726403822
5.106141726403823
3.458669354865921
3.175179211469534
2.5906137993103657
1.7258064516401148
1.0689740143369175
43.82467144563919
163.3811230585424
172.50597371565112
68.91465053763442
45.24044205495819
13.271356033452808
4.851403823205228
3.458669354865921
2.3887022103020024
2.5906137993103657
2.048995669056153
8.262037037037038
65.42712066905615
163.3811230585424
171.30749701314218
70.1280615292712
27.914053166069294
7.046893667861409
6.029569892473118
3.458669354865921
2.882243130227001
2.777680704898447
1.7258064516401148
7.230451015531661
19.431376941457586
78.28554360812426
117.80540621266428
108.08355734767025
36.6274641577061
8.619885005973716
4.851403823205228
3.458669354865921
3.0900164277180404
3.1550179211469533
1.988504330943847
8.284438470728793
43.43264635603345
114.11290322580645
117.80540621266428
50.530540621266425
31.087589605734767
10.65710872162485
4.851403823205228
3.458669354865921
2.3887022103020024
6.257691158900836
1.7258064516401148
9.945131421744325
65.72207287933094
126.8107825567503
134.21445639187576
76.48633512544802
24.383587216248507
7.961544205495817
4.851403823205228
3.458669354865921
3.17002688172043
2.5906137993103657
1.7258064516401148
8.811992234169654
47.64411589008363
116.819743130227
121.21042413381123
64.98319892473118
44.790919952210274
11.042040023894863
4.851403823205228
4.302494026284349
2.3887022103020024
2.5906137993103657
1.8213336320191158
5.029883512544803
43.57078853046595
130.7347670250896
119.8439366786141
89.9719982078853
39.002389486260455
13.911663679808838
8.95123954599761
3.906063321385902
2.496964605734767
2.5906137993103657
1.890983422939068
15.073192951015532
43.82467144563919
105.8355734767025
217.79047192353644
55.96662186379928
46.91494922341697
6.345579450445371
4.851403823205228
4.091509856630824
2.3887022103020024
2.5906137993103657
1.7258064516401148
4.9171296296296285
47.136350059737154
190.54659498207886
141.4986559139785
119.2469384707288
46.91494922341697
11.440412186379929
7.434550477897252
3.458669354865921
2.7007616487455195
2.5906137993103657
1.8213336320191158
10.626508363201912
49.87679211469534
172.50597371565112
224.19354838709677
152.27411887694146
26.73237753882915
11.923163082437275
4.851403823205228
3.458669354865921
2.4364658004778974
2.5906137993103657
1.7258064516401148
12.834916367980885
55.35394265232975
116.819743130227
88.32138590203107
36.703255675029865
24.13343787335723
14.876045400238946
5.0384707287933095
3.458669354865921
2.3887022103020024
2.5906137993103657
1.7258064516401148
17.922281959378733
87.77628434886499
168.81720430107526
214.94175627240142
94.93391577060932
34.29136798088411
6.361500522700119
8.436454599761051
3.506432945041816
2.3887022103020024
2.5906137993103657
2.3069369772998805
5.746729390681003
64.63560334528077
141.67040023894862
119.57138590203107
87.33236260454002
23.818324372759857
7.404308542413379
4.851403823205228
3.531907108721625
2.774006869772999
2.5906137993103657
1.7258064516401148
0.6040807945041816
32.25246415770609
129.15919952210274
189.2659796893668
89.9719982078853
23.918010752688172
8.7057945041816
7.716061827956989
3.458669354865921
2.4730846774193544
2.5906137993103657
1.7560562275985663
2.9165695937873357
35.74223416965352
65.42712066905615
89.22117682198328
47.16285842293907
23.584229390681006
9.556936977299879
5.158673088410992
4.302494026284349
2.4205439814814813
2.5906137993103657
2.782967443249701
4.160707885304658
67.54778972520909
145.58318399044205
232.76956391875746
115.86058841099161
37.04002389486261
14.950716845878135
