1473.7630113201228
1480.7009436853305
1073.364726842803
1026.4145028021721
1203.2190577507945
1720.2352068327762
2380.4640344942964
2627.8703929989997
3151.8764004953746
3561.283906837286
3127.0620745498113
2307.635400058887
1610.0699314927624
1629.9518970721792
1183.6839205732078
1312.756027251884
1570.4330017044965
1413.8297997089792
1882.5755639894405
2584.5353001869366
2965.136575458687
3222.193292411308
2980.0776103956478
2388.300398793338
2066.253127389643
2312.0646725434913
2345.8955273000834
1392.66425569716
1623.7800177720385
2035.6025170442576
2391.4354360069833
2651.792289195454
3742.296390375866
4586.873315666942
3984.427085990655
3018.5344910247304
2579.927813369335
1604.9525721771572
1164.5834497935173
1210.0506085007692
1310.5261723389485
1783.2379462680583
2384.7463654559147
2659.630010800748
3569.535758296884
4889.512603963556
3889.335168481081
2579.484854531008
2016.7065996247745
1509.9092230830659
1020.57769689572
1214.2817800338362
1074.7913137143426
1438.1853126456288
2177.3251393152123
2655.0286258017118
3665.8388248666447
4693.750283611525
3623.350571820831
2564.844534447195
1726.027841085609
1082.0059824401876
942.1041257589627
859.430814156019
1005.362639764615
968.7833682563671
1521.1213480453632
2205.2017551427152
3220.2087489894266
3701.5548621630846
3458.9964071819795
2151.136272059675
1584.6328513123399
968.8985756552989
886.6994801528755
624.5995450598083
644.7633282677922
916.9428807594876
1358.2038193536428
2459.3655021631325
3114.2433668455583
3779.3779762820923
3029.242815313673
2132.868182835398
1637.1814415076424
802.4288136707942
693.5176746618465
662.0229394332266
541.6782823331481
960.9890619708534
1433.3148293578006
1803.5061158204928
2647.6820140510476
3257.9357531016412
2369.794115018989
1972.6413764652239
1273.2780554035064
631.9843113151782
712.2701115108187
688.0176987744599
593.2313251602176
943.0246052323738
1064.9856302012288
1562.579501279077
2565.647049866716
2959.8487438506527
2738.1577541891425
1637.3697520829392
1128.3941631065586
894.5942980940507
509.6733357243085
718.1469956262924
437.5029942118091
1109.6599945816445
1452.4100067090762
2184.8792266093187
2695.711079573728
3396.201212305922
3542.8759400375607
2172.4005551293776
994.248237826276
1049.260054127616
672.6617608467997
781.9307724563814
693.1706496008239
1397.8932636937075
1726.9044982112393
2002.4341927125924
2831.486021968667
4037.9111311159586
3127.58705576185
2169.2842584362666
1659.1267944286803
1276.8332254162613
1120.465956562541
930.4842095900967
1038.6678088771896
976.8706535344872
1574.1172617119037
2042.4853877675619
2223.924561105771
3026.0700108469987
2293.7571040754146
1965.3486547758391
1619.6120812133113
996.7937605189717
656.5169096543652
738.8781118225204
791.1107274800618
1093.3357665006372
1515.7595007633458
1739.6834339339036
2450.658459585951
2822.1469016553374
2604.671940750709
1963.4825708223725
1350.1530848596792
687.6265147168064
735.4036216527091
684.5009952955295
614.20121614854
1168.8963799787978
1646.9536468718031
2351.172360901113
2960.013772221517
3660.505940345552
3162.5921873614216
2083.736822746585
1346.3059126112344
783.7549733489557
812.8807251490847
763.7316231464827
715.0982002340554
955.1186400529855
1254.668910221425
1498.0109765032441
1884.8561634813598
2004.099636661424
1948.1162021809332
1633.4589979709313
1104.69868535868
936.4726999067356
793.9448314382075
871.8386020849193
586.2103495732644
1033.5516580601386
1518.3960739694621
2082.802858145017
2765.0707007294814
3600.990340565499
2856.99877164719
2170.184651197973
1684.1720878292945
1479.4588619320507
768.8541539928974
748.8317748135952
834.790781833548
1142.3183183121419
1506.3542516465802
2182.3459604094705
3209.6565332028513
3705.7229639837387
2740.462284266516
2057.8632226568193
1382.7705945500377
913.2366534180031
833.5489570548342
698.1185780966058
781.9122949015199
1073.1769934448123
1495.402061365893
1912.0234674312799
2574.1283660771846
2887.261546620644
2175.8066388228135
1779.8459523130612
1319.5812801865584
1403.934653287438
938.3653547293834
828.6348990312977
910.3655709668149
1282.9461726954294
1281.982454445062
1866.2881787153892
2310.540634638273
2685.2926078995315
2273.6976863991504
1777.326758530768
1610.6439373763112
1479.3753762217661
947.3397724123823
1099.53212680583
1055.3583082448731
1403.5051434163624
1541.3029158846207
2721.488744559709
3118.046243851349
4027.548548169827
3750.4636443087334
3053.976907799353
