11.042801672640383
8.999589307048984
2.863575268821692
3.1056227598611184
2.068884408606638
0.3997162485110588
4.487753882915173e-12
72.43018219832736
268.0689964157706
251.9858870967742
98.03800776583036
9.8469160692951
5.815785543612612
4.146132019120379
2.863575268821692
3.1056227598611184
2.068884408606638
3.0132205794504183
4.487753882915173e-12
19.414725209080046
226.62933094384704
225.85088112305854
405.31212664277183
7.606780167268525
12.163007765830345
4.146132019120379
5.850448028673835
3.1056227598611184
2.068884408606638
0.3997162485110588
27.255264336917563
228.12089307048984
347.22222222222223
483.47744922341695
132.01575567502988
61.36846624850657
8.055921445639187
4.146132019120379
2.863575268821692
3.1056227598611184
2.068884408606638
0.3997162485110588
19.414725209080046
131.42323775388292
331.1693548387097
490.2053464755078
372.8300477897252
21.04786439665472
5.815785543612612
4.146132019120379
2.863575268821692
3.1056227598611184
2.068884408606638
0.3997162485110588
4.487753882915173e-12
67.57952508960574
282.25843787335725
247.87858422939067
90.57160991636799
37.10200119474313
5.815785543612612
4.146132019120379
2.863575268821692
3.1056227598611184
2.068884408606638
0.3997162485110588
4.487753882915173e-12
148.96766726403823
355.80869175627237
246.7588859020311
118.57452210274793
34.862044504181604
5.815785543612612
4.146132019120379
7.343947879330944
3.1056227598611184
2.068884408606638
0.3997162485110588
4.487753882915173e-12
44.05596624850657
320.3393817204301
198.96766726403825
155.16353046594983
34.11495669056153
5.815785543612612
4.146132019120379
2.863575268821692
3.1056227598611184
2.068884408606638
0.3997162485110588
4.487753882915173e-12
92.96632317801672
222.14568399044205
242.28009259259258
152.1759259259259
20.674320489844682
5.815785543612612
4.146132019120379
2.863575268821692
3.1056227598611184
2.068884408606638
0.3997162485110588
4.487753882915173e-12
70.56264934289128
214.30742234169654
200.08773894862603
58.09065113500597
30.754778972520914
5.815785543612612
10.493354241338112
2.863575268821692
3.1056227598611184
2.068884408606638
0.3997162485110588
4.487753882915173e-12
111.2585872162485
359.5437574671446
253.85379330943846
50.623693249701326
18.434326463560335
9.549357825567503
4.146132019120379
2.863575268821692
3.478979988052568
2.068884408606638
0.3997162485110588
4.487753882915173e-12
150.8352001194743
531.6427718040621
537.6090203106331
164.49783452807645
7.606780167268525
10.669242831541217
4.146132019120379
2.863575268821692
3.1056227598611184
2.068884408606638
0.3997162485110588
4.487753882915173e-12
143.36880227001194
526.4183841099164
418.8739545997611
168.23327359617682
32.248543906810035
26.723827658303463
4.146132019120379
2.863575268821692
3.1056227598611184
2.068884408606638
0.3997162485110588
4.487753882915173e-12
103.79218936678615
531.6427718040621
470.775462962963
120.06608422939068
64.73192951015531
5.815785543612612
4.146132019120379
2.863575268821692
3.1056227598611184
2.068884408606638
0.3997162485110588
4.487753882915173e-12
92.96632317801672
347.22222222222223
492.06541218637994
157.40292712066903
21.04786439665472
11.042801672640383
4.146132019120379
2.863575268821692
3.1056227598611184
2.068884408606638
4.88008885902031
32.85536140979689
228.12089307048984
572.3603643966547
555.8870967741937
176.07153524492233
15.447281959378731
9.175989396654721
4.146132019120379
2.863575268821692
3.1056227598611184
2.068884408606638
0.3997162485110588
4.487753882915173e-12
112.37828554360813
521.594982078853
367.3521505376344
167.10909498207886
22.167637395459977
5.815785543612612
4.146132019120379
2.863575268821692
3.1056227598611184
2.068884408606638
0.3997162485110588
4.487753882915173e-12
320.3393817204301
399.4922341696535
580.1851851851851
291.4377986857826
12.833796296296295
14.029868578255678
4.146132019120379
7.343947879330944
3.1056227598611184
2.068884408606638
0.3997162485110588
4.487753882915173e-12
285.24604241338113
472.29054659498206
554.4235364396653
130.89605734767025
20.674320489844682
5.815785543612612
4.146132019120379
2.863575268821692
3.1056227598611184
2.068884408606638
0.3997162485110588
4.487753882915173e-12
126.19623655913979
417.7844982078854
271.39784946236557
97.29465352449223
14.700642174432497
20.00350955794504
4.146132019120379
2.863575268821692
3.1056227598611184
2.068884408606638
0.3997162485110588
4.853457287933094
94.83422939068102
455.86805555555554
418.5024641577061
220.1269414575866
33.74182347670251
