4.851403823205228
3.485337141577061
2.3887022103020024
2.686140979689367
1.7258064516401148
9.583721624850657
10.293085424133812
54.0621266427718
71.65098566308244
70.75156810035843
32.48730585424134
6.450657108721625
5.064743876941457
4.239994026284349
2.3887022103020024
2.706836170848267
1.7258064516401148
0.41143593189964156
39.03076463560335
81.8847072879331
141.67040023894862
63.691382915173236
29.64531063321386
11.567727001194742
6.101217144563919
3.458669354865921
2.3887022103020024
2.5906137993103657
1.896953405017921
12.386514336917562
64.71027479091995
261.6636798088411
141.67040023894862
102.13971027479091
30.193399044205496
11.923163082437275
5.610849761051374
3.458669354865921
2.3887022103020024
2.5906137993103657
1.7258064516401148
7.895773596176822
47.64411589008363
93.69399641577061
124.54450418160096
50.70601851851852
50.43869474313023
12.379778972520908
5.484244324970131
3.458669354865921
2.3887022103020024
3.223454301075269
1.7258064516401148
9.064381720430108
32.9043458781362
62.92189366786141
43.458781362007166
48.84296594982079
21.167488052568697
7.70683990442055
5.532034050179211
3.458669354865921
2.3887022103020024
2.5906137993103657
4.292301373954601
6.481123058542414
56.9481780167264
141.81600955794505
190.54659498207886
64.27008661887695
31.64613201911589
12.493279569892474
5.0719123357228195
4.159983572281959
3.069332437275986
2.5906137993103657
2.0123842592592593
11.96574074074074
54.60722819593787
76.02673237753883
127.47535842293907
57.80727299880526
24.005376344086024
6.730884109916368
5.6315337514934285
3.458669354865921
2.3887022103020024
2.5906137993103657
1.7258064516401148
4.159214456391875
39.33691756272401
113.66114097968936
143.2534348864994
81.71333632019116
21.280988649940262
6.345579450445371
4.962850955794504
3.458669354865921
2.3887022103020024
2.5906137993103657
4.615516726403823
12.035185185185183
42.85394265232975
88.54540023894863
117.36111111111111
70.64702807646356
16.064665471923536
8.7057945041816
5.440486857825568
3.458669354865921
3.2309214456391877
3.3309438470728794
1.7258064516401148
1.1772476105137395
18.349014336917563
143.2534348864994
157.69862604540023
76.33699223416964
21.87201314217443
6.536626344086022
4.851403823205228
3.458669354865921
2.3887022103020024
2.5906137993103657
1.7735700418160096
9.970519713261648
75.50776583034647
199.41009557945043
224.081541218638
135.80159796893668
37.35364396654719
9.82433542413381
5.937201314217443
3.458669354865921
2.3887022103020024
2.5906137993103657
4.615516726403823
13.369563918757464
67.06242532855435
133.24746117084825
224.081541218638
81.28024193548387
45.26471027479092
10.934513142174433
7.354950716845878
4.10663082437276
2.3887022103020024
4.03307945041816
2.3992682198327357
9.118145161290322
57.80689964157706
163.90008960573476
215.41218637992833
64.08714157706093
22.059065113500598
13.271356033452808
5.908564814814815
4.768182497013142
2.3887022103020024
2.5906137993103657
3.779607228195938
9.886140979689365
54.4578853046595
191.11036439665472
163.90008960573476
60.08848566308244
29.876045400238954
11.440412186379929
8.678688769414574
3.458669354865921
2.3887022103020024
2.5906137993103657
1.7258064516401148
5.467084826762246
61.01777180406213
167.49178614097968
261.6636798088411
171.30787037037038
34.14239844683393
12.391726403823176
7.417898745519714
3.458669354865921
2.3887022103020024
2.6256391875746714
1.7258064516401148
1.5800253882915174
43.82467144563919
84.36379928315412
64.63560334528077
64.62104241338112
36.04988052568698
6.536626344086022
6.677568697729988
3.458669354865921
2.3887022103020024
2.6065348715651133
1.7258064516401148
12.687813620071685
54.88724611708483
123.08841099163679
199.41009557945043
104.68227299880526
47.636648745519715
6.345579450445371
4.93578629032258
3.458669354865921
2.3887022103020024
2.6256391875746714
1.7258064516401148
4.9171296296296285
49.75731780167265
177.24761051373955
177.24761051373955
168.24260752688173
33.92734468339307
6.345579450445371
5.133210125448029
3.458669354865921
2.3887022103020024
2.60971848864994
2.007612753882915
2.2836917562724013
47.64411589008363
98.45430107526882
129.15919952210274
74.78755973715651
26.102897252090802
7.95758661887694
8.436454599761051
4.084378733572282
2.3887022103020024
2.5906137993103657
1.9805443548387096
7.899507168458781
75.40322580645162
118.80973715651135
101.23581242532856
64.62104241338112
45.41517323775388
6.345579450445371
