1073.9917448924052
678.1250832835983
537.3998709586932
607.321251980786
493.7204688544385
722.5332713489059
1285.450925922014
1756.2357267803618
2299.1026773770964
2675.066239573249
2568.602210451842
1677.869233690906
1323.6301876158211
1417.3061496110085
951.9853579985365
831.8566022220143
745.5010199243291
1045.9692785022878
1818.6562016835853
1920.2608900913574
3209.8722646761294
3873.427760750614
3661.6306271220524
2567.7312599417864
1970.3968549882102
2043.02266985532
1664.526418877145
1098.9948926445916
1200.6674251794461
1627.74559313446
2078.484237530279
2739.3450296375095
3864.6459647486254
4524.739355093465
4539.702623625067
3063.6625898897246
2384.049931051534
1939.2286549131195
1231.6606036913663
1169.7590743385824
1283.4920277003591
1445.938790428751
1970.9078312563925
2616.0411853825894
3828.710978577648
4527.782765253878
4715.414245542012
3513.352200707831
2541.355867844609
2017.450038495252
1478.293448837177
1246.2082771963214
1248.1338764010206
1851.842191752557
2059.578208311629
2754.104861614137
3588.7811038391665
3762.944504041631
3999.483449658347
2846.9140535630863
2251.0726215515588
1873.4255724939508
1335.9114323599183
1569.7377361990298
1486.3789278470517
2095.8073366255435
2321.4512498524123
3189.9517663434326
4397.6986347421125
4619.472126201315
4055.968704075649
3219.792298045339
2803.8546479073216
2680.253313558525
2094.0205341403303
2131.6111725239653
1532.5329183215556
1988.529135986489
2156.9025350047777
3012.8202176649243
3536.330172401115
4025.6513484445786
3937.541501096229
3131.295471515206
2198.467705695218
2259.7677510961225
2073.995767179768
2198.8854132982206
1780.6863946390029
2214.725283222347
2164.657896114072
2885.424496196838
3447.146485377214
3944.5531366141863
3755.763985090674
2865.4449793624754
2365.7987244596593
1939.3303574621316
1723.9185157820257
1813.8936172332426
1768.314851549107
2155.3581360716807
2556.6529129073215
2882.660616870476
3914.4834857986148
3932.3596458817165
3459.97826643526
2867.0148013660933
2226.0944655259127
1736.3276799638231
2017.4936202225165
1711.5173025259344
1451.1785691819398
1673.584942311632
2181.00392471983
2777.274425235363
3750.601536562977
4312.769312664345
3904.4984758798537
2405.4399443169527
1555.1539427247228
1691.8291961527054
1488.3082587559988
1286.959438824363
1349.0529272292588
1797.1114275228601
2666.0424201049073
2883.0935453111592
3915.028655630556
4660.66710483161
3953.899817111909
2747.610023818583
2352.8478965792183
1587.773869084123
1181.9595236174987
1126.0237257191295
1480.3203253049078
1650.4360881223015
2068.7823826796453
2434.3219095716227
4012.705938047227
4539.45942243601
3892.8175879463815
2905.583645815264
2103.868872581291
2076.909872376797
1663.8717969004824
1812.9454841343481
1681.0553111867516
2040.8997151266822
2491.2230498971567
3399.866793402243
3846.8286918141494
4557.313755000616
4676.527190153337
4612.987163116278
3014.2604885335154
2182.9610961833523
2586.8176001473325
1825.7854994771296
2039.7845705392226
2165.4909136556194
2414.388566973355
2911.5108689656286
3775.6474975799406
5204.038123738625
4599.331322666082
2965.9531160560246
2835.4189166434926
2475.473312656005
1472.5332975803872
1433.5125714738422
1530.7882405566368
1806.5731831757453
2099.5917671509346
2917.559875099421
3781.8224679915156
4463.47153779643
4174.813789173167
2771.438836680609
2432.8130073419534
2052.939515542936
1306.6203802733328
1575.2659841040352
1636.9037620583301
1965.389172994429
2263.896884154646
2789.6054604448987
4364.139088572969
4731.885240505767
4108.574152471564
3102.5856069924757
2434.8070900694383
2169.940059662038
1347.3757377742593
1532.9531569820545
1530.9588269052315
2154.618568461485
2152.586216625673
2853.4455123807966
3541.2757835015386
3740.194663505843
3931.8021476177714
2683.2449468204986
2506.562146222679
1899.281366679653
1088.0943894025042
1508.1982987507276
1340.7535546088084
1645.4431135164962
1777.273147835427
2469.927320477875
3139.2623005156547
3884.9589405871898
3548.95022081206
2573.067368083672
1951.5285098759248
1385.7822189983108
773.1787731881651
858.2567366955751
735.9936082278665
1093.6238500401123
1363.3396117031266
2165.474517574411
3060.302320719517
3549.024126716735
2851.195110234274
2115.841804827064
1321.0585804468008
827.6976096447046
658.4592131232547
459.33188072608107
589.7177911451118
845.4334853369126
1090.7724906307378
1857.1265059097693
2466.905585249198
3090.791865075443
2379.9990012382445
1728.4131010490546
