385.57438470728783
134.1798357228196
208.97533788829148
163.0905287485066
60.41262391726405
406.70933990442063
574.3956264934288
2606.111036439666
5355.809811827954
5122.19771132019
1451.0580869175624
569.2504286140979
333.5939519862604
413.69146132019114
156.99351665173236
119.962566270908
124.52954674432499
107.79263030167266
653.416399342891
2367.0662410394266
6274.073622311827
4942.564247311826
2037.437709080048
672.1236794354838
251.98471102150538
279.28156735364416
228.3777087066906
109.7673151135006
132.28620377837518
179.426649118877
555.627176299283
2888.203330346474
7180.42043757467
5981.504498954599
3063.362223715651
1516.3069593787332
422.7299070340501
237.48581690561525
90.53337522401435
115.70237910692956
76.42715539127838
67.1983039874552
535.2110890830346
3703.3460872162486
8411.012343189961
6269.349891726405
3809.68558841099
1505.9648969534044
591.8297677718042
203.98133101851843
156.3089788679809
125.66162738948624
124.65768593189964
250.56650052270007
821.9097998805255
2301.860069444444
5882.727045997613
4219.946098416966
2349.048013739546
838.7587824820785
635.5315479390682
190.0368335573477
119.81610338261649
172.13900518966548
127.08637981630824
560.0206817502986
442.44870930406194
2570.8725321087213
7102.530137395459
4095.7816532258057
1929.4508064516122
731.9188500597371
454.5643402777779
259.2058359468339
175.29731332138587
146.79749551971327
171.73506003584225
263.61917152031066
382.60655951314214
3136.4891950418155
6800.635999103944
4057.1696535244914
1899.8383064516129
447.8875560035842
213.9233758960573
185.8578677568698
138.26402740442052
110.51550597371565
177.8506964979092
381.1644631123059
1155.43980734767
5319.388269115891
7626.2939740143365
4961.013000298686
4364.141487455197
969.4069108422939
470.1997547043011
158.049391427718
159.5284827882318
277.9812794952211
168.8550780316607
201.23926187275995
1109.1957810633219
3553.697270758661
8560.026299283154
5545.96691681601
3763.7194145758676
1401.7027292413377
368.32691270908003
235.5220934139785
117.91122666517326
144.30083038381127
136.52894056152925
327.9363810483871
797.2238937425329
3442.934942502988
8460.876127538826
4417.092764336916
2632.6042973416975
1128.9637134109919
296.1593350507766
277.2313735812425
117.68048312425329
105.82745138888889
164.66926762246115
74.77896777927118
636.1616166367984
2822.116035692951
5760.594754330942
4638.6657482078845
1980.1503733572285
600.6857220728791
340.94766763739545
211.44679547491035
124.8156683467742
101.61820683990445
174.80132504480284
269.0627217741936
812.7943768667861
2263.7845318100353
5892.984658751494
4858.621867532853
2451.0251680107517
655.1622423835124
311.12909050179195
192.6358796296297
167.71416629330946
105.74428042861412
114.54814967891276
139.83908938172044
399.2789572132616
1918.2428539426523
5094.259472072879
3800.157426075268
1765.5772364097968
596.4681668160096
584.4025515232973
331.60337850955796
160.4993115292712
249.85360812425333
154.68896994474315
275.444067353644
748.5113377389487
3869.41650612306
7498.668316905615
5219.639478793308
2992.2681451612902
716.0148204151731
335.2128248207883
238.5494899940263
122.39368884408604
127.84596680854244
170.51475209080047
213.51423424432494
648.0670146356033
5049.789758811231
7771.020101553166
6920.991099163677
2561.40078405018
996.5517958482675
305.0764516129031
214.2199589307049
166.7129954450418
100.73851276881722
107.01253472222223
299.0215666069295
682.822393966547
3790.6241636798104
6768.307683691756
5002.546953405017
2739.1716696535245
855.52459453405
488.7315778076462
252.46625261350056
132.48897099014337
154.58712290919948
85.35460300925925
124.9681940337515
687.0159501941457
2711.9894041218654
3522.73193025687
4039.793503584229
3641.3385603345273
670.6726209677418
187.95738985961773
228.84317764336907
173.09520385304666
132.01279823775386
221.70233800029874
349.9377744175629
679.4630156063322
3121.994112156511
6708.203248207887
5560.782429808842
3505.310129181601
1317.182683691756
482.3952606033452
418.7881432945042
145.46072841995223
213.49799118876948
77.834423088411
172.76232302867382
603.273068249701
3289.0621079749103
6869.631892174432
6264.5773148148155
2745.289956690561
862.9807896505378
376.93800701911584
242.5905021654719
113.48507063918757
109.733230062724
167.75861559139778
318.73911327658305
826.4118731332138
1766.8131123058538
5583.400959528077
2047.7762806152928
694.8326269414576
537.5674443697729
