4.851403823205228
3.458669354865921
2.3887022103020024
2.5906137993103657
1.9168533452807646
9.945131421744325
35.74223416965352
60.412933094384705
75.05227001194743
56.62746415770609
22.939441457586618
9.879666965352449
5.158673088410992
3.458669354865921
2.3887022103020024
2.5906137993103657
1.7258064516401148
3.6262843488649934
59.02777777777778
93.23103345280765
156.45534647550775
75.4035991636798
30.87178912783752
13.45952807646356
5.488239247311828
4.515830346475508
2.3887022103020024
2.5906137993103657
1.7258064516401148
13.884050179211467
75.05227001194743
134.21445639187576
179.26747311827958
108.81533751493428
51.36872759856631
12.713933691756273
9.435110513739547
4.42189366786141
2.3887022103020024
3.94392174432497
2.7383885902031064
0.41621117084826753
2.7211768219832733e-11
164.57959976105138
136.91756272401435
91.51396356033453
47.38575268817204
12.89165173237754
4.96762619474313
3.458669354865921
2.407806899641577
2.5906137993103657
3.8161589008363204
12.834916367980885
40.90128434886499
87.77628434886499
123.08841099163679
9.629256272428647
25.38493130227001
7.343824671445639
4.851403823205228
7.306862305854243
2.3887022103020024
2.5906137993103657
1.7258064516401148
3.198080943847073
54.84991039426523
89.22117682198328
179.00985663082437
129.01396356033453
27.620221027479097
7.019041218637992
4.851403823205228
3.458669354865921
2.3887022103020024
2.5906137993103657
1.7258064516401148
9.258527479091995
35.17734468339307
131.47774790919954
124.46236559139786
68.91465053763442
27.59931302270012
6.49842069892473
5.298797789725209
3.458669354865921
2.487414127837515
2.5906137993103657
1.8213336320191158
7.458198924731182
49.87679211469534
167.6859318996416
174.82078853046596
95.699298088411
52.39620669056154
10.958781362007167
4.851403823205228
6.937425328554363
2.423727598566308
2.5906137993103657
1.7258064516401148
6.136514336917562
37.26291816009558
168.81720430107526
141.67040023894862
102.82295400238948
41.613649940262846
13.107825567502987
5.432534348864994
6.34837962962963
2.3887022103020024
2.5906137993103657
1.7258064516401148
10.46297789725209
48.17801672640382
85.12918160095579
154.0359916367981
75.4035991636798
36.04988052568698
11.107004181600956
7.434550477897252
4.977523894862605
2.822543309438471
2.5906137993103657
2.2193473715651133
11.804450418160096
54.778972520908006
148.21908602150538
136.96983273596177
62.873730585424134
38.88254181600956
6.766278375149342
4.851403823205228
5.818884408602151
2.3887022103020024
2.5906137993103657
1.7258064516401148
8.811992234169654
47.88306451612903
148.86126045400238
245.17995818399044
96.1398596176822
29.77150537634409
6.345579450445371
8.067428315412185
3.458669354865921
2.3887022103020024
2.6224555704898447
1.9391465053763441
1.7328778375149343
49.91412783751493
75.05227001194743
108.13918757467144
70.1280615292712
45.41517323775388
7.241935483870968
9.77673237753883
3.649716248506571
2.3887022103020024
2.5906137993103657
1.7258064516401148
4.317517921146953
50.459229390681
126.8107825567503
121.6995221027479
85.8090651135006
31.369474313022707
8.87694145758662
4.905137395459976
4.039799880525687
2.3887022103020024
4.8513291517323776
1.7258064516401148
16.56960872162485
59.28539426523297
170.88933691756273
191.11036439665472
119.66509856630825
39.84206989247313
10.929286140979688
4.851403823205228
3.458669354865921
3.3081317204301075
2.7744922341696534
1.912873357228196
14.26823476702509
42.04002389486261
178.19967144563918
83.68802270011948
93.57116188769415
30.41106630824373
13.435259856630825
5.174593040621266
3.458669354865921
2.3887022103020024
2.5906137993103657
1.7258064516401148
9.583721624850657
58.43040621266428
59.05017921146953
2.7211768219832733e-11
63.50097072879331
49.45191158900836
6.345579450445371
4.851403823205228
3.458669354865921
2.3887022103020024
2.5906137993103657
1.7258064516401148
9.583721624850657
64.63560334528077
121.21042413381123
245.17995818399044
64.98319892473118
45.24044205495819
12.148670848267622
8.83549880525687
3.493694743130227
2.8094011350059738
2.5906137993103657
3.2502613500597373
7.230451015531661
43.43264635603345
158.61335125448028
138.61260454002388
89.52023596176822
34.14239844683393
11.042040023894863
4.851403823205228
3.458669354865921
5.0394638590203105
2.5906137993103657
1.8929734169653525
0.4703442353643967
39.33691756272401
78.28554360812426
109.61768219832736
15.002613500597372
23.918010752688172
6.482500746714456
