453.66110327060943
380.08260902031066
145.57744436977302
68.0801614770012
97.8814308915771
148.20272065412183
772.9749268219838
2535.883609617682
6541.468641726402
3537.0299619175626
2640.771658452808
846.0226848118282
288.18462738948637
333.64791106630827
225.3228998655914
264.8548537933094
77.13657261798089
609.0580611559138
895.2361559139781
3467.1428203405017
8320.49445564516
4763.029140531662
2370.805058990442
704.5700455495816
422.6194119623655
355.8683008512545
169.51845952807645
87.37568395310632
302.3562705346475
170.8280801971326
339.8652064665473
1620.7972520908002
6453.166412783751
5069.443738799284
2601.079693100358
851.8368040621265
342.86328143667856
218.54688545400242
92.09842390979689
398.63363351254475
134.7695351702509
175.37752635902035
651.3035196385903
2937.2095467443255
6332.947117682198
2517.841591995221
1177.9785692951011
507.4173995669058
380.5657459677421
350.2023192951016
161.4068850806451
175.65095952807656
74.70232493279575
356.18495855734767
510.70225395758655
1694.552251344086
3606.2563172043006
3932.7841435185187
1201.6287111708482
724.8382075119474
300.0309524342891
224.88077471624845
216.66226963859026
207.9477266278375
147.15318387843487
69.17901280615293
459.2316842144564
1766.5815748207888
5336.278610364398
4617.1961282855455
2668.7093787335734
730.5888291517325
444.9994836469534
280.36838373655905
150.45862343189964
127.58586294056151
92.58986118578255
207.44650724313018
1120.2105062724015
3153.960495071685
6101.682209528075
4040.4361073775403
2184.3058355734765
454.0157706093188
376.46482004181604
183.8271412037037
140.59403375149344
111.70889321983275
199.77080383811227
136.37877688172043
542.9962171445636
2404.9414351851847
6074.791405316608
4210.904472819596
1596.4900276284345
519.3542081093191
349.91451575567504
182.296189516129
113.54400500298686
181.5965009333931
104.06891812275988
301.5700350955795
992.2457623954604
1525.2383725358427
4852.974708781362
3512.8722446236543
2273.0544504181603
542.5984233124256
360.3483844832736
238.10426859318997
116.68077214008359
131.28024178614098
170.71228046594982
126.4909520609319
567.4427027329747
2337.0585013440864
7270.9796184289125
5218.988119773001
2667.59546744325
1347.9905876642774
318.17474947729994
140.57058654420547
171.45040919952214
96.44750190412184
113.93394870071684
165.69217376045393
848.9774641577061
3546.4862193847075
7476.719548984471
5754.6700044802865
2870.575093339307
785.6138590203105
285.2146072281959
237.01342331242537
184.38064404121866
76.1846864620669
172.7561098416965
124.28300440561532
506.03742420848283
2908.196998207886
5369.879883512543
2927.0027180406214
2237.7261387395465
347.0161734617683
306.04270310633217
230.06104017323779
148.32750000000001
78.43802859916369
162.78591054360814
142.9779726702509
540.783326239546
3708.3635229988054
6330.349947729988
4950.082665023894
1844.8354278673833
885.9410125448026
441.22473491636805
283.6176616636798
94.65827452956991
134.36210188918756
106.91495818399046
609.0740229241337
533.0925377090799
2417.446494175628
5557.696886200718
3946.6976515830347
1419.3573290023894
1111.163773148148
284.3809882765831
217.65094048685782
196.46655391278372
108.01050156810037
109.14249458632021
349.4646826463561
484.18165583930676
3027.9738239247313
6208.580499551972
4671.704009856632
1175.6349387694145
832.7881201463562
675.9247132616488
173.03263814217442
358.96130413679816
146.73989023297491
127.62582594086024
106.50640147102747
354.84589531063324
2906.270269563919
6399.324761051373
4768.517122162485
1223.416046893668
708.1550287485068
409.2047666517325
378.61483273596184
247.10615666069296
128.51809849163683
137.3254812574672
290.25149940262844
1162.398189217443
2166.9553763440863
7109.045116487454
4824.093750000001
1947.6545362903219
839.3438261648744
311.874276807049
278.3005025388292
183.69830271804065
108.9595988276583
81.88942842741935
118.05871792861413
446.20123469235375
3191.6541517323776
7124.715449522104
5242.040176971326
3384.8439553464755
884.0342984617677
777.0089990292711
240.6067969683393
144.6537126642772
142.81381813769417
97.9859875298686
183.83868839605736
466.12325679510144
2408.6396206690565
6166.3521953405
3888.6998842592584
1433.8594235364394
1079.531003584229
449.6145609318996
216.58535282258063
186.17065449522113
106.66794918608124
169.47778748506568
213.8587447729989
724.3134927568698
2538.2262582138587
6423.965591397848
4180.593570788531
2048.527736708482
1019.5386350059739
