4.853823178016726
0.0
0.0
0.0
4.853823178016726
0.0
0.7467278972520908
52.64288381123058
112.75201612903226
110.88847819593788
94.45747461170848
0.0
0.0
0.0
0.7467278972520908
0.0
0.0
0.0
0.0
46.67054958183991
151.5825119474313
136.64964157706092
117.98133213859022
0.7467278972520908
0.0
0.0
0.0
0.0
0.0
0.0
0.0
0.0
73.92562724014337
111.262208781362
76.1667413381123
7.093738799283154
0.0
0.0
0.0
0.0
0.0
0.0
0.0
51.52232676224612
97.07194593787335
90.7262171445639
0.0
11.574025537634409
0.0
0.0
0.0
0.0
0.0
0.0
0.0
34.72207287933094
147.85129181600954
111.262208781362
0.0
0.0
0.0
5.973573775388291
0.0
0.0
0.0
0.0
0.0
69.06970579450419
138.89071833930706
121.71255227001194
99.68679062126643
30.615330047789726
0.0
0.0
0.7467278972520908
0.0
0.0
0.0
0.0
53.390008960573475
148.22087813620075
173.23906063321385
21.654760304659497
5.600451762246117
0.0
0.0
0.0
0.0
0.0
0.0
0.0
33.975433094384705
86.99085274790922
111.262208781362
45.54999253285544
11.574025537634409
0.0
0.0
0.0
0.0
0.0
0.0
1.493414351851852
7.467278972520908
45.54999253285544
87.36458333333333
111.262208781362
5.600451762246117
2.9868690262843485
0.7467278972520908
0.0
0.0
0.7467278972520908
0.0
0.0
38.08262395459976
97.07194593787335
130.67312574671445
129.55675029868578
13.440852747909199
0.0
0.0
0.0
0.0
0.0
0.0
0.0
38.08262395459976
152.70306899641574
186.30424880525686
117.98133213859022
20.161469534050177
0.0
0.0
0.0
0.0
0.0
0.0
0.0
47.043944145758665
118.35510005973715
142.99570639187573
101.92790471923539
11.574025537634409
2.240142249103943
0.0
0.0
6.7206541218638005
0.0
0.0
0.0
42.18798536439665
138.1439292114695
128.06283602150538
69.44347371565114
22.774962664277183
0.0
0.0
0.0
0.0
0.0
0.0
0.0
11.574025537634409
76.90972222222223
136.64964157706092
8.2139075567503
11.947565710872162
0.0
0.7467278972520908
0.0
0.0
0.0
0.0
0.0
40.32254330943847
134.78192204301072
53.76340352449223
65.71221624850656
0.0
0.0
0.0
0.0
0.0
0.0
0.0
0.7467278972520908
70.93738799283155
99.68679062126643
116.11402329749106
107.15344982078852
13.067312574671446
0.0
0.0
0.0
8.2139075567503
0.0
0.0
0.7467278972520908
27.62833408004779
156.4384707287933
95.57803166069296
87.36458333333333
19.41442652329749
0.0
0.0
0.0
0.0
0.0
0.0
0.0
43.30854241338112
118.35510005973715
121.71255227001194
125.0745594384707
9.707194593787337
10.453856780167264
0.0
0.0
0.0
0.0
0.0
0.0
50.775164277180416
121.71255227001194
96.32515681003584
0.0
6.3471139486260455
1.1200899790919951
0.0
0.0
0.0
0.0
0.0
7.467278972520908
68.69631123058544
178.83800029868578
114.99309289127838
46.29678166069295
12.320687724014338
