937.3306300477221
930.3474154595244
647.6613516934605
701.568408118779
669.6668758511531
841.8093876870187
1299.906795097642
1771.8915063502548
2551.278707843045
3187.0452195613016
2529.236469711102
1867.1770293898308
1099.9507521319501
1032.9204977292889
642.5794178850358
758.7976528492553
647.644190847268
891.3388834903407
1440.674218409989
1933.8547147628033
2444.4733436785205
2834.014342291835
2354.7139081853734
1607.1616288187265
954.4867780766202
833.0946083260478
583.5307610217088
731.2290070412462
707.1515044805215
1206.1675334719755
1607.7015575720964
1709.2519255455145
2885.6181122994017
3029.972105989523
2237.6336272092954
1857.717697416607
1329.046720179371
1033.7791962810998
582.9355293932781
864.5614272358347
640.2394141997614
1154.2796390697306
1234.4580552707291
1972.7339758545131
2624.022974545389
3269.3689734378686
2906.658234490638
2133.122757756815
1412.3967989975342
1127.3598689910698
674.0992657427923
875.2579792572536
1028.9685874598624
1912.1490409909097
2063.9124526365977
3020.787575174471
3604.6724307507543
4098.61001330089
3786.1663947001634
2488.9659502178056
1654.1471959243192
1580.3317403553604
799.3201278497631
1277.4827193979545
1377.199210105117
1820.446975962461
2344.3298154139425
2977.1657224366227
3961.689304544981
4584.843355293312
3980.174199894046
3431.1193589772374
2529.777527238265
1994.9371994605542
2091.8845499706777
1477.6845013023417
1772.0556150808152
2147.109478728424
2143.058059198326
2935.0757732204797
3288.7263193545177
4124.003200296431
4077.251290522753
2953.2154125247653
2947.05678126272
2462.7537875357893
1884.5087189420137
1798.9623248872292
2201.6112195717983
2217.3798788764693
2517.8287107795436
3474.0688809041244
4088.485949236235
5358.671901548476
4911.044488376219
3736.837575688641
2847.7291456066123
3609.188295036802
2177.3266191273065
2358.252724162752
1723.5060175437304
2513.832221346471
2574.6066838153274
3092.455277862112
4527.186401718568
5084.4819577096705
4621.752482385081
3510.6143384031293
2902.161061254706
2327.4070146412423
1873.9293915785508
1960.359063651979
1523.2818468850467
1910.0878171622903
2802.739050167858
3342.566622069295
3854.8543890121996
4098.708306093257
3712.790142546521
3383.071888761396
2655.9078480413305
2518.9701870427893
1063.5311492876594
2068.7592932150437
1670.4689031850535
1849.4096701303868
1993.9899223450511
2711.905843698255
3327.9149534202807
3445.430321677489
3365.5916107200333
2656.3580562259904
1778.9832945780222
1670.3639153804195
753.3457542029228
1283.390997224506
1295.4948638353735
1675.806171007606
2054.553406425165
2531.3642184127216
3540.730915645793
4067.278754873285
3490.899614529417
2650.012371920404
1974.2827204008856
1247.5594168809785
583.7990258431348
1027.7530408846478
1036.9745715660831
1513.5129095711263
1837.0778064682454
2444.702811174047
3342.6566861391166
3669.062485586041
3413.6693645858336
2336.0188238092305
1556.3747955824992
1215.942540329112
748.9163830027686
983.9030622011453
820.1992789472259
1321.5653633270656
1781.4014926005957
2342.003006062403
3228.8385818093307
3674.242760835398
3880.9195843148295
2457.211658469406
1788.1263091166109
1477.3274606548098
757.4738815110917
1088.1021727283219
787.2596249652381
1327.5833260595573
1741.4991726915569
2224.934722022957
3109.9841988756248
3714.209067665005
3410.3781932950287
2303.8153301095217
1790.7113010994199
1389.440068111633
696.1684164143123
1213.9871721267355
971.0544307411261
1600.5626720983707
1951.565496012472
2793.11685157393
3275.1839287760754
3907.3167294543896
3581.8729875970116
2665.750593551617
2007.3531922199763
1746.7310542856942
833.5636596679269
1330.1054941983025
1586.9342854177762
1607.0027257942215
2010.171623958409
2516.4457027929843
3273.667883262588
3332.014070614564
2855.2135835496683
2956.6835444907497
2474.6207252250674
1550.5554366467977
916.0675390440816
1542.5178873857335
1305.516798306538
1918.3472622620172
2056.9391245379356
2788.1510846654487
3153.935135043732
3854.3534298345016
4134.264669736791
2850.645463215093
2234.3612981077063
1982.7894061249544
1755.9610312526822
1633.1527791089552
1441.0756893210557
1831.0610554612592
1884.7014243524698
2802.102030268555
3050.914350289409
3873.729995892364
2900.4387146249574
2822.3472595761687
2183.6359512652
1604.0182824344288
845.9637105844256
1415.2666586158662
1227.2767110226505
1882.6306175800437
1980.3306712609638
2353.2605859575583
3855.0970577701064
3905.195464239124
3428.56478678185
2570.319537727669
