0.0
0.0
0.0
0.0
0.0
0.0
0.0
62.35058243727599
138.89071833930706
147.10450268817203
124.7008288530466
32.1086096176822
0.0
1.493414351851852
0.0
0.0
0.0
0.0
0.0
38.82937574671445
135.90247909199522
190.0396505376344
73.92562724014337
1.493414351851852
4.480283004778973
0.0
1.1200899790919951
0.0
5.973573775388291
5.226911589008363
0.0
41.06933243727599
100.06018518518518
110.88847819593788
42.93514784946237
29.86869026284349
0.0
0.0
0.0
0.0
0.0
0.0
0.0
67.206541218638
151.95627986857826
138.1439292114695
151.20911738351253
10.453856780167264
0.0
0.0
0.0
0.0
0.0
0.0
0.0
21.281257467144563
141.87481332138591
172.49189814814815
76.1667413381123
20.908131720430106
10.080734767025088
0.0
0.0
0.0
0.0
0.0
0.0
24.64175627240143
152.70306899641574
146.7307347670251
102.30167264038232
34.72207287933094
0.0
2.6135043309438473
0.0
0.0
0.0
0.0
0.0
0.0
111.262208781362
68.69631123058544
59.73573775388293
6.3471139486260455
0.0
0.0
0.0
0.0
0.3733557347670251
0.0
0.0
42.18798536439665
186.30424880525686
163.53132467144565
121.71255227001194
7.467278972520908
1.8667764336917563
0.0
0.0
0.0
0.0
0.0
0.0
120.2227822580645
162.78416218637992
139.63369922341695
97.07194593787335
10.453856780167264
0.0
0.0
0.0
0.0
0.0
1.493414351851852
0.0
52.64288381123058
134.408527479092
153.82362604540023
132.1674507168459
12.320687724014338
0.0
0.0
0.0
0.0
0.0
0.7467278972520908
0.0
26.881705495818398
121.71255227001194
106.03251941457587
61.97681451612903
0.0
0.0
0.0
0.7467278972520908
0.0
0.0
0.0
1.1200899790919951
47.043944145758665
156.4384707287933
243.42928614097968
112.75201612903226
30.615330047789726
0.3733557347670251
1.1200899790919951
0.0
0.0
0.0
0.0
1.8667764336917563
73.92562724014337
205.71931003584228
186.30424880525686
135.90247909199522
27.62833408004779
0.0
0.0
0.0
0.0
0.0
0.0
0.0
96.32515681003584
143.36910095579452
190.0396505376344
142.6219384707288
17.921139486260454
0.0
0.0
0.0
0.0
0.0
0.3733557347670251
0.0
1.8667764336917563
134.78192204301072
107.52684438470726
38.82937574671445
10.827396953405017
0.0
0.0
0.0
0.0
0.0
0.0
0.0
16.427848715651137
118.35510005973715
125.44795400238948
61.97681451612903
12.694190561529268
1.8667764336917563
0.0
0.0
0.0
0.0
0.0
2.9868690262843485
11.574025537634409
132.91423984468338
147.10450268817203
190.0396505376344
0.0
0.0
0.0
5.973573775388291
0.0
0.0
0.0
0.0
36.21580047789726
142.24854390681006
141.87481332138591
101.92790471923539
0.0
0.7467278972520908
0.0
0.0
0.0
0.0
0.0
0.0
101.92790471923539
139.63369922341695
167.63597670250897
121.71255227001194
21.654760304659497
0.0
0.0
0.0
4.853823178016726
0.0
0.0
0.0
78.77740442054959
153.82362604540023
206.466472520908
125.0745594384707
29.12205047789725
