5.815785543612612
4.146132019120379
2.863575268821692
3.1056227598611184
2.068884408606638
0.3997162485110588
4.487753882915173e-12
86.24365292712066
379.70392771804063
348.6831690561529
254.4765531660693
51.6627464157706
7.309221923536438
5.266199970131421
6.970515979689365
3.1056227598611184
2.068884408606638
0.3997162485110588
4.487753882915173e-12
11.947319295101552
228.12089307048984
209.798013739546
31.582511947431303
21.04786439665472
5.815785543612612
4.146132019120379
2.863575268821692
3.1056227598611184
2.068884408606638
0.3997162485110588
4.487753882915173e-12
105.6597222222222
363.27508960573476
268.03875448028674
93.18735065710874
15.447281959378731
5.815785543612612
4.146132019120379
2.863575268821692
3.1056227598611184
2.068884408606638
1.8931526284348865
4.487753882915173e-12
242.31033452807645
415.1732377538829
348.6831690561529
360.5081391875746
22.541143966547192
12.536103643966547
4.146132019120379
2.863575268821692
3.1056227598611184
2.068884408606638
1.5197841995221024
4.487753882915173e-12
246.41763739545996
424.1356780167264
526.7633661887693
195.48797789725208
26.647961469534046
5.815785543612612
4.146132019120379
2.863575268821692
3.1056227598611184
2.068884408606638
1.5197841995221024
4.487753882915173e-12
150.8352001194743
399.4922341696535
362.12477598566306
189.88463261648747
7.606780167268525
5.815785543612612
4.146132019120379
2.863575268821692
3.1056227598611184
2.068884408606638
0.3997162485110588
4.487753882915173e-12
136.65023894862605
238.57452210274786
293.80189665471926
91.31981780167264
7.606780167268525
5.815785543612612
4.146132019120379
2.863575268821692
3.1056227598611184
2.068884408606638
1.8931526284348865
4.487753882915173e-12
4.487753882915173e-12
309.1416517323775
277.7494026284349
111.4796146953405
38.96882467144564
15.896244026284347
4.146132019120379
2.863575268821692
3.1056227598611184
2.068884408606638
0.3997162485110588
39.94922341696535
132.54293608124254
282.25843787335725
227.34244324970132
112.22744922341698
7.606780167268525
18.136648745519715
4.146132019120379
2.863575268821692
3.1056227598611184
3.1889523596176823
0.3997162485110588
4.487753882915173e-12
163.15710872162484
347.9700567502987
323.66823476702507
99.53405017921146
19.554099462365592
11.042801672640383
4.146132019120379
2.863575268821692
3.1056227598611184
2.068884408606638
0.3997162485110588
4.487753882915173e-12
151.95489844683394
283.75
501.40382317801675
129.77635902031062
10.966984020310633
5.815785543612612
4.146132019120379
2.863575268821692
3.1056227598611184
2.068884408606638
0.3997162485110588
4.487753882915173e-12
70.19041218637993
272.9241338112306
210.16987753882916
90.57160991636799
18.434326463560335
9.175989396654721
4.146132019120379
2.863575268821692
3.1056227598611184
2.068884408606638
0.3997162485110588
4.487753882915173e-12
132.54293608124254
396.5046296296296
234.06548685782556
110.73588709677419
34.48846326164874
5.815785543612612
4.146132019120379
3.983643219832736
3.1056227598611184
2.068884408606638
0.3997162485110588
4.487753882915173e-12
75.0459229390681
208.70855734767025
247.87858422939067
94.6789127837515
12.833796296296295
5.815785543612612
5.639568399044205
2.863575268821692
3.1056227598611184
2.068884408606638
0.3997162485110588
4.487753882915173e-12
69.81892174432497
319.21931003584234
204.1950418160095
129.40001493428912
7.606780167268525
5.815785543612612
4.146132019120379
5.103711170848268
3.1056227598611184
4.309020310633214
3.759920101553166
4.487753882915173e-12
79.89658004778973
398.0006720430108
426.7166965352449
172.7120669056153
64.73192951015531
5.815785543612612
5.266199970131421
2.863575268821692
6.092495519713261
2.068884408606638
0.3997162485110588
4.487753882915173e-12
81.01627837514935
320.7153524492234
281.4799880525687
31.955607825567505
42.32900238948626
5.815785543612612
4.146132019120379
2.863575268821692
3.1056227598611184
2.068884408606638
0.3997162485110588
4.487753882915173e-12
6.347222222222222
291.96460573476696
198.96766726403825
31.582511947431303
7.606780167268525
5.815785543612612
4.146132019120379
2.863575268821692
3.1056227598611184
2.068884408606638
0.3997162485110588
4.487753882915173e-12
173.23924731182797
397.6243279569892
472.28270609319
152.1759259259259
37.47550776583035
8.429289874551971
4.146132019120379
2.863575268821692
3.1056227598611184
2.068884408606638
0.3997162485110588
4.487753882915173e-12
143.74029271206692
337.1397102747909
398.71415770609315
154.79166666666666
16.940598864994026
