0
0
0
0
0
67.45946926058537
110.22638721539857
644.7281979620994
980.6523413395631
544.826169209851
101.7884266957948
0
0
0
0
0
6.0457423953255045
0
461.2618378987746
1187.094244896252
1530.5023579990907
564.2541442069512
76.88037354512285
0
0
0
0
0
0
0
529.1631872612901
933.5087253736274
1655.5379726620588
574.4033101257378
25.307745054257104
0
0
0
0
0
0
37.41926800347434
376.7298888798733
1236.2329545405978
937.507879367391
297.9531072123624
87.64100419668034
0
0
0
0
0
0
0
111.00410732652682
1121.2453824486142
1647.586165688311
595.7225262861199
151.0953184562412
0
7.775705928435272
0
0
0
0
0
365.4704267789117
740.7165789267385
898.2383519650405
354.2668080543751
102.88524901891444
0
0
0
0
0
0
17.54046924252541
161.92693059525448
631.7872351767187
858.2277381799685
560.0000534149848
16.55703852736916
0
0
0
0
0
0
32.687184392011496
142.0318707901942
420.8177155433355
658.5562639710471
259.2090747939176
58.571346860640546
0
0
0
0
0
0
0
305.4630167185429
1051.986474274752
1177.387970194315
579.0582869050887
75.95808219092386
13.22525749851998
0
0
0
0
0
8.258583439537183
594.9363600875613
1443.287292469924
1655.466038737986
1121.6727411736563
106.31251787894782
1.0904227440698335
0
0
0
0
0
0
108.33025604677964
892.0467509836001
838.0165408150159
345.4732509553135
247.26654377416116
0
0
0
0
0
0
0
411.3269253851585
898.0798455014799
2007.138669719727
892.2871663925798
197.17190974522387
0
0
0
0
0
0
0
370.65278438270644
1337.6423459360017
1784.0460040460214
1306.324217964159
0
0
0
0
0
0
0
0
583.9951859484967
1670.89196704827
1609.8923736490442
631.7067581776835
211.24293787384124
0
0
0
0
0
19.03071129019348
36.8873929937084
290.82828560534
600.2108741909082
831.9300135354066
346.16861138185857
212.30869492880916
0
0
0
0
0
0
50.42494297425159
716.1929845313057
1388.5666448407958
1283.4494531131638
707.8792969308817
79.52293483694328
0
0
0
0
0
0
12.413532932900324
496.39884093638824
1626.0497534245885
1830.1157614705285
1358.3909375289973
206.91219729712296
0
0
0
0
0
0
0
558.1814025818784
1776.3363846937973
3226.867068635422
1077.380269123066
122.7091412131969
0
0
0
0
0
0
0
376.6629293790356
1256.2250971546982
1702.3511692673908
642.7281657241654
85.47631238871529
0
0
0
0
0
0
0
28.93225427486003
777.6701262781987
947.1524489251402
558.7159503648134
274.5724291382817
0
