0.0
0.0
0.0
0.0
0.0
0.0
0.0
70.56399342891278
123.20687724014337
186.30424880525686
120.2227822580645
1.1200899790919951
0.0
0.0
0.0
0.0
0.0
0.0
0.0
48.911626344086024
110.88847819593788
153.82362604540023
171.3713410991637
35.09561678614098
6.3471139486260455
0.0
0.0
0.0
0.0
0.0
0.0
38.455607825567505
102.67502986857825
104.91196236559139
60.109132317801674
0.0
2.240142249103943
0.0
0.0
0.0
0.0
0.0
0.0
39.57579151732378
148.96766726403823
123.20687724014337
107.9002016129032
9.707194593787337
0.0
0.0
0.0
0.0
0.0
0.0
0.7467278972520908
33.22883064516129
126.56851105137396
107.52684438470726
36.21580047789726
10.827396953405017
0.0
0.0
0.7467278972520908
1.1200899790919951
1.8667764336917563
0.0
0.0
38.455607825567505
96.32515681003584
142.24854390681006
61.97681451612903
12.320687724014338
0.0
0.0
0.0
0.0
0.0
0.0
6.3471139486260455
49.28539426523297
102.30167264038232
116.11402329749106
142.6219384707288
29.86869026284349
0.0
0.0
0.0
0.0
0.0
0.0
0.0
48.911626344086024
97.07194593787335
121.71255227001194
120.96957138590203
11.574025537634409
0.7467278972520908
1.8667764336917563
0.0
0.0
0.0
0.0
0.0
8.960569743130227
118.72849462365589
243.42928614097968
92.96733124253285
29.86869026284349
0.0
0.0
0.0
0.0
0.0
0.0
0.0
48.911626344086024
114.61969832735961
118.35510005973715
44.802830047789726
9.707194593787337
0.0
0.0
0.3733557347670251
0.0
0.0
0.0
0.0
43.682310334528076
126.94190561529271
116.48738052568697
170.25082138590204
0.0
1.8667764336917563
0.0
0.0
0.0
0.0
0.0
0.0
43.30854241338112
123.20687724014337
129.55675029868578
66.45937873357228
11.947565710872162
4.853823178016726
0.0
0.3733557347670251
0.0
0.0
0.3733557347670251
0.0
50.775164277180416
142.6219384707288
125.44795400238948
97.07194593787335
16.427848715651137
0.0
0.0
0.0
0.0
0.0
0.0
0.0
76.1667413381123
125.44795400238948
156.4384707287933
72.05794504181601
8.587029569892474
0.0
0.7467278972520908
0.0
0.0
0.0
0.0
0.0
13.814392921146954
95.20463709677419
111.63560334528077
56.37828554360812
10.080734767025088
4.480283004778973
4.853823178016726
0.0
0.0
0.0
2.240142249103943
0.0
51.148558841099174
138.89071833930706
91.47337962962963
53.76340352449223
10.080734767025088
0.0
0.0
0.0
0.0
0.0
0.0
0.0
44.802830047789726
132.1674507168459
114.99309289127838
147.85129181600954
0.0
1.8667764336917563
0.0
0.0
0.0
0.0
0.0
0.0
69.81686827956989
121.33919504181601
136.64964157706092
121.71255227001194
4.853823178016726
0.0
0.0
0.0
0.0
0.0
0.0
0.0
11.947565710872162
114.24630376344086
142.6219384707288
106.03251941457587
10.080734767025088
3.3602337216248506
0.0
0.0
0.0
0.0
0.0
0.0
0.0
107.9002016129032
160.91685334528077
126.94190561529271
11.574025537634409
