14.45777329749104
5.491860812425329
3.0975097072879336
1.4564404121863799
5.319922341696535
5.062500000000001
20.25649641577061
86.99148745519715
232.978270609319
202.3734318996416
134.2906212664277
65.87216248506572
21.462850955794504
3.631227598566308
3.1623618578255677
3.042637395459976
1.8151135005973715
4.569649790919952
20.963672341696537
89.98282556750299
198.65106033452807
173.68018219832737
103.49462365591398
45.86618876941458
16.17088560334528
11.657668757467142
7.035170250896058
4.033086917562724
1.4038157108721625
15.709901433691757
36.14056899641577
95.12059438470729
120.4047192353644
125.97744922341697
88.09998506571087
25.346176821983274
21.4355958781362
10.703330346475507
7.043906810035843
3.525119474313023
2.098148148148148
8.527068399044206
54.38060035842294
105.015307646356
190.82213261648744
190.56414277180406
152.0680256869773
41.24843189964158
18.97416367980884
9.588149641577061
2.9834154719235366
8.637432795698924
4.4826836917562725
5.27389486260454
35.336954898446834
90.82847968936677
211.08572281959383
240.52531362007173
146.72304360812424
38.242756869773
16.406922043010752
5.706055854241338
3.5892697132616487
3.458520011947431
4.221277628434886
7.044429510155316
22.75074671445639
68.09961170848268
206.9250298685783
184.8805256869773
79.27456690561529
37.19198028673835
15.987753882915174
8.861820489844684
5.023782855436081
3.050489097968937
8.053912783751493
9.618130227001195
47.22782258064516
143.86648745519716
220.0070937873357
189.9462365591398
117.02546296296299
36.08262395459976
30.803800776583028
9.317839008363203
11.087104241338112
3.757194593787336
1.3990143369175627
7.350881123058542
22.237604540023895
84.61357526881721
137.71281362007167
165.94198028673833
107.2711320191159
38.868503584229394
13.793832138590206
12.812126642771805
4.78879554958184
3.8331429211469534
4.013549133811231
9.20486111111111
29.68962813620071
92.03293010752688
152.36073775388292
238.92025089605735
93.0424880525687
66.94257765830346
15.970206093189963
15.057347670250897
7.659311529271205
3.327184139784946
2.6507243130227005
8.042376045400237
49.86185782556751
118.57190860215051
244.226403823178
284.31526284348865
150.4140531660693
70.72841995221027
22.78976254480287
12.46863799283154
9.33646953405018
4.1764075567502985
3.1649342891278374
15.68227299880526
49.34550477897252
105.53838112305854
183.69623655913978
174.725582437276
202.4802120669056
38.122050477897254
10.17558990442055
9.744847670250897
7.455421146953405
4.868018219832736
4.319295101553166
12.978531959378733
43.19948476702508
108.54241338112305
271.4165173237754
296.80592891278377
186.78726105137395
71.77606033452808
28.303576762246117
15.829525089605735
10.852337216248507
4.721550179211469
3.926400089605735
3.3491114097968935
23.247647849462364
89.39852150537635
221.966472520908
264.51874253285547
121.32616487455198
56.933243727598565
23.496677120669055
18.224275686977297
5.647476105137395
3.4462589605734766
4.030122461170848
10.351702508960573
36.658266129032256
114.84505675029868
200.75642174432497
170.3804510155317
94.59416069295102
41.01713709677419
26.93003285543608
23.37205047789725
8.350097072879331
2.8374514635603347
3.0673200418160094
33.21329898446834
31.880413679808846
148.10931899641577
262.4876792114695
242.11842891278374
127.10610812425328
47.872423835125446
17.18189964157706
11.206541218637994
8.832063918757466
4.804394414575866
5.18759707287933
5.333034647550776
37.23357228195938
81.26493428912785
242.3327359617682
247.37865890083637
98.04398148148148
40.774902927120664
19.40923685782557
8.783378136200717
5.675067204301075
3.6742084826762245
4.136798088410992
15.713896356033453
26.098902329749105
74.80585424133811
111.55652628434886
118.49798387096774
73.60513739545998
40.628658900836314
21.178800776583035
7.738015232974912
5.356630824372759
4.582657556750298
3.4505227001194743
9.111596475507767
18.732862903225808
78.13956093189964
170.5055256869773
167.28307945041814
54.68824671445639
23.474051672640382
14.971139486260451
8.782034050179211
4.900126941457587
4.610622013142175
5.554920848267623
5.6167488052568695
28.206317204301076
101.27426821983273
136.10999103942652
221.86790621266428
105.42824074074072
38.65285244922342
22.260341995221026
13.049283154121866
5.27482825567503
2.868111559139785
3.499171146953405
6.547267025089606
47.7296146953405
102.74268219832739
171.68197431302266
273.23999402628436
112.58213859020309
38.54316009557946
