629.27232489546
488.1204405615293
246.08541106630815
196.60573906063325
132.14358460274784
262.30703517025086
617.3059505675029
3416.13910170251
7169.749290621265
5275.029741636798
2119.4086096176816
844.244644937276
674.9000664575865
371.952380525687
146.64732978643963
224.0630648148148
162.31886995967741
560.7236017771805
1068.9108124253287
4483.007933841099
9058.325425627241
6036.12553763441
3331.6023633512536
1099.460080645161
543.3670549581839
294.4372184886499
247.33555219534043
223.07015456989242
79.64764826015531
252.35131832437267
778.7438709677423
3367.8087029569883
7788.1680630227
5125.904883512544
2822.0052083333335
1056.2666554659497
293.43889486260457
483.52028785842293
216.22492980884115
222.14237455197136
209.59895351702514
276.91905652628424
828.3245747461169
3800.6194183094376
7879.628098864994
5798.138321385901
3607.55813172043
1377.4969160692951
667.9917290173238
200.62437985364383
205.90034386200713
127.66583893369176
70.7611976179809
167.2451840651135
392.4264751344086
2259.903158602151
5635.1981108124255
4491.173991935482
2646.70422267025
1138.1942316308248
331.31623730585414
285.68137022102746
185.39465427120672
185.53189818548387
152.94565535394267
242.93653375149344
803.7243563321384
3919.2055144862607
7840.044156959379
5862.193245967744
2412.175548835124
810.5543133960578
241.74357526881715
265.3470952807647
181.23919466845874
182.65693045848272
230.20158740292723
218.63300851254485
897.6404409348866
3572.9241263440867
8876.611428464756
6963.197673984469
3727.524103942651
1262.3297267025089
529.6904846176822
235.15630600358418
115.20232713560337
212.35471195489845
144.39515535394267
550.8124018070491
829.7082623954601
3329.7008736559133
7400.671326164872
5473.74127837515
2545.264340651135
851.544870071685
520.8306451612905
214.60448215352446
145.73056526284353
161.11310506272403
129.97858019713263
182.27508661887697
632.9673245221027
2472.63565188172
6336.47758363202
4604.155925179212
1859.0161327658307
675.4055723566308
294.53543682795697
157.70124887992836
98.38947591845877
79.300394937276
71.45506978046598
187.85576500896053
583.8546789127837
2020.175362156511
4003.842921146953
2833.4504928315414
1368.7798375896061
465.31467219235384
230.77737343189978
288.86742383512546
137.20435394265235
82.72659520609317
72.8012984244325
147.33977001194745
256.07189180107525
1912.229525089606
4892.740326314218
3371.3409124850664
1272.1193287037036
608.7498958333334
399.51654196535236
284.3227191606929
247.7248151881721
140.3965842667264
82.86994130824372
83.15745605585423
510.60527479091985
2202.518514784946
5677.409789426525
4591.842166965353
2095.556922043012
792.1847259557946
489.5988683542412
352.22464381720425
165.5221464307049
118.1848525612306
179.2414926821983
101.48490352449222
743.3724943996416
2989.6785095579453
6767.955406212665
5751.887634408605
3495.2344384707276
1147.9357862903223
660.4757821833931
243.8842936081242
193.9457243130227
143.19034050179215
151.88389672939067
142.72782780764643
630.7076008064513
3628.6442839008378
8012.025014934292
5881.431418010752
3894.8616636798088
1279.8384968637988
593.1625130675034
196.84243279569895
147.6348898596177
110.60906007317804
95.07331279868579
177.038167562724
454.5018051821982
2223.993578255675
5608.028576762246
4715.504958183992
1784.1369063620075
674.51613276583
518.2771232825569
330.34760117980886
165.9722868130227
138.16206466547195
137.95079584826763
214.87149604241347
667.3243257168459
2756.9950903524505
6639.295964008364
4787.416532258065
1835.5623693249695
1147.7341696535248
205.7603573028674
467.8520258363202
190.57605734767017
203.1654569892473
111.67548163082438
168.54232489545998
983.8227038530464
3376.8217891278373
7722.818701463563
6028.918862007168
3590.6254293608126
864.9072972670249
596.5059386200714
249.90376045400254
160.21997871863803
180.38167577658305
255.55340389784945
373.9448196684588
1527.1493764934287
4344.942062425329
9271.375728046596
6588.070418906807
3242.8752688172035
948.1611163381125
543.1338929958185
257.4673577508961
128.7279909647551
122.67118343040619
105.80113758213857
184.22435782556758
716.9126620370366
2664.2959826762262
6287.756578554361
4799.13084304062
2190.2419429510155
1062.2441270907998
330.1253643966547
201.76103830645147
105.63270874402623
124.80986674880522
78.25991808542413
113.057105734767
365.20834005376344
2162.5281959378726
5495.9108721624825
4017.2894153225798
1692.2427344683379
585.0581328405016
