0
0
0
0
0
77.15227093322576
812.2459511341561
1882.8181023826494
1808.7452326179384
866.5350252433035
229.78275166592618
25.80541177521126
0
0
0
0
0
17.678698968377716
371.31149441012474
989.7588954338866
1816.4910079393533
533.1549805271424
117.73207605408341
0
0
0
0
0
0
56.3964224399794
610.2769118729988
1404.6314105588126
1738.3598065927642
921.8682145462874
96.26436094434072
57.84751164151521
0
0
0
0
0
80.19977128901797
576.2751397759307
1641.981535783131
1654.2775926290394
1018.6684596615861
163.76611620384887
0
0
0
0
0
0
0
289.4880529657145
1047.6402450531546
877.2759058316805
482.66585065887966
298.47804695086484
0
0
0
0
0
0
12.360123112415664
216.86726817676103
1182.3724182337874
1185.1589015468803
527.7114018417108
0
0
0
0
0
0
0
35.83639218159352
615.0958000695675
2206.471001604437
2362.7513343567907
1166.8477983373261
326.8463157077754
0
0
0
0
0
0
0
429.35934241504486
1175.6213296413046
2137.60158953855
600.0337835752796
120.07340032539564
0
0
0
0
0
0
0
531.5871953326409
784.5200764252897
1115.6197503615788
709.1165306326872
96.44434264492621
0
0
0
0
0
0
0
433.1196038151598
1276.3682363169971
3239.2933236842223
853.9042973265832
119.53003580009475
0
0
0
0
0
0
4.965960156117653
216.94140449361356
1338.7977963838389
1039.1474398592218
491.0777163077626
174.04887651012294
0
0
0
0
0
0
37.539432585046455
129.1360651701048
926.7275456209541
1914.5162085488787
667.2031610162358
153.8024354322012
11.092797238700854
0
0
0
0
0
9.027340412374627
491.2430621604842
757.2458405596576
1175.2153588847311
711.3160041051386
120.73448473821676
0
0
0
0
0
0
67.40050520150623
208.71632543475715
690.0466862836345
670.960548678913
369.1354469470981
99.70817831589622
0
0
0
0
0
0
0
403.14086027678553
1367.6141746688054
1244.0506825915597
1461.0580976423125
86.4559843553325
0
0
0
0
0
0
7.936069019651839
289.4199110546033
959.9771884489198
1896.810788238612
606.8607784123628
92.21439242356215
0
0
0
0
0
0
0
503.4470786902712
1641.9372235560106
1777.7135810643158
869.3347846018769
112.10932991361045
0
0
0
0
0
0
46.655039105297874
562.9648553895247
2160.1800973580744
1873.2391564490426
887.5542535914052
126.74867974366283
0
0
0
0
0
0
0
361.9649753766461
905.680742315989
1604.6641172960644
562.4462810168775
12.805277442478754
0
0
0
0
0
0
20.07655114692011
495.90346843256617
1737.5939614036463
1520.9928013743634
786.1872018582425
23.83803547042031
0
