383.35884819295114
275.73023745519714
113.96681656959379
78.65326258213858
171.04761238052566
155.71948588709685
690.1066842144563
3507.058841099163
7904.245187425328
5740.661723416964
3160.1684961170854
1271.4060147849466
533.109939516129
238.55553539426532
119.16976597968934
116.58258277329746
135.21756231332137
166.16099611708478
733.053064516129
2417.15582437276
6255.585416666667
5508.551751045402
2380.2397812126637
649.2906309737157
329.436671893668
173.61139934289127
128.03239433990439
108.89836361260453
82.05379297341696
145.40352449223414
1373.1494362305857
3760.2806451612905
8354.95838933692
5338.706783900839
2039.2562612007173
783.3958598416964
372.22568212365576
539.6097132616488
94.59479334677421
94.24919231630827
31.34703861260454
213.8097379032259
523.8972823327363
3053.020291965353
6993.077568697729
5171.383057048983
3039.2914538530467
1166.035995370371
349.52570004480293
156.58241778673835
166.59782071385908
126.72100567502987
86.38966924283156
138.06926448626047
336.3796229091995
2056.617152031063
5272.5420960274805
3113.9048947132615
2643.6166031959388
1196.0136051373959
300.2942510454002
228.27250746714452
207.84478942652325
133.91301239545996
109.83065576463562
173.74892473118277
483.05401508363184
2405.8079711768223
3351.3668906810044
4675.109393667859
843.0970616786141
1075.5373133213857
371.1407455943847
225.59705869175633
149.15446236559134
151.16864620669057
124.44080305406212
155.92423051075266
764.4275784050182
3218.9768219832736
6999.338157108723
6720.147494773
4093.778427419354
954.6044392174429
466.3012675477898
288.465921072282
185.8007401807049
196.6957377538829
163.8762753882915
110.35199447431302
393.3192137096774
3488.515572729989
5863.252400686977
5230.643847072877
1823.3899156212667
1042.6650126941456
218.2127288679808
159.115359916368
98.84477016129031
124.29162712813618
127.82702953255674
199.49361969832736
671.8269713261645
2977.0919616188758
5334.513336320191
4283.647252090799
3777.2959976105117
565.4350369623654
470.4510741487454
298.22268518518524
296.48522401433695
221.52013552867385
118.83186809289134
248.60494287634418
922.4389896953402
3029.9342256571085
8539.058460274793
5412.386544205498
2647.6966845878133
1307.8441793608124
574.2667883811231
344.45398110812437
130.8585613799283
187.22863814217442
155.17336353793314
138.17478195937872
439.2345732526881
2234.3957623954598
6937.089489994027
4020.690337514935
4248.999145011948
948.0861932497015
446.48512806152934
327.5386514336918
172.2818519265233
179.8511488201911
129.3649905913978
160.02507803166068
835.4388321385899
3576.8720990143356
6375.1847035543615
5878.365434587814
3257.349204749104
1387.8444071087222
684.751451612903
441.66983833632
282.48926747311833
119.93902419354838
147.21880036589013
254.07715613799283
642.2803464755077
4206.843705197133
7541.209785692951
6232.06819369773
2503.7292226702516
742.0500869922344
807.5025085872167
282.9424350358422
105.59516872013141
128.9489990292712
84.10480742234171
232.99046221624846
526.4981328405019
2605.448894862604
6416.63841845878
5334.953293010754
2860.605913978494
1253.3223491636802
404.40562686678595
218.43370221027487
105.35524081541219
196.3846520310633
88.8947914202509
93.74029831242531
504.35763739546013
2108.7227908452805
6063.671953405016
5277.116745071684
1923.612335722819
1139.2983534946238
351.30259554211466
244.56103195937877
206.21851030465942
99.21858258661887
86.79821374701316
139.7129338410991
460.50090277777804
2181.4672752389483
6717.189209976105
3702.2562238649934
3083.459472072879
831.3177755376344
344.1915942353644
202.1689377986858
231.5033587216249
118.40750690710874
84.303916270908
161.76821012544806
362.4195370370371
3755.9852747909213
7149.360114247311
5283.5748170549605
3146.8440076164875
739.7996423237748
504.54861409796894
243.53446161887695
124.66652785244915
82.97793574522102
126.61779383213862
175.59649753584222
788.4101975059739
3771.854323476701
6202.158904569892
5348.756765232975
1946.3927680704899
872.7817428315409
218.9107777031064
175.21205831839907
130.04794392174435
118.79392286439668
95.87704898446833
114.09117424581841
612.2908071983273
1916.834203255675
6721.566211170848
3101.9498207885304
1594.042454450418
662.8936323924731
627.318453927718
221.8950100806452
173.77038567801674
120.91028573028676
112.42784057646355
110.34227654569892
558.648067876344
2415.6548200418165
6160.351142473117
4413.617013888888
1674.2068884408595
386.4184860364397
