14.029868578255678
4.146132019120379
2.863575268821692
3.1056227598611184
2.068884408606638
1.8931526284348865
4.487753882915173e-12
41.81608422939068
338.6361260454002
322.9245071684587
268.28965053763443
53.15830346475508
5.815785543612612
4.146132019120379
2.863575268821692
3.1056227598611184
2.068884408606638
0.3997162485110588
4.487753882915173e-12
150.8352001194743
268.0689964157706
266.91905615292706
150.68436379928315
7.606780167268525
5.815785543612612
4.146132019120379
2.863575268821692
3.1056227598611184
2.068884408606638
0.3997162485110588
4.853457287933094
88.11118578255675
493.9336917562724
360.257243130227
155.91136499402626
10.966984020310633
17.763104838709676
4.146132019120379
2.863575268821692
3.1056227598611184
2.068884408606638
4.13328853046595
4.487753882915173e-12
148.96766726403823
486.4964157706094
414.7711320191159
157.40292712066903
22.541143966547192
22.243466248506568
4.146132019120379
3.610274790919952
3.1056227598611184
2.068884408606638
0.3997162485110588
4.487753882915173e-12
67.57952508960574
215.7989844683393
169.10170250896059
20.008236260454005
40.089045698924735
8.055921445639187
4.146132019120379
2.863575268821692
3.1056227598611184
2.068884408606638
0.3997162485110588
14.187724014336917
78.77688172043011
311.3810483870967
334.1218637992832
154.41532258064515
12.087152777777776
14.029868578255678
4.146132019120379
5.477079599761052
3.1056227598611184
2.068884408606638
0.3997162485110588
4.487753882915173e-12
166.5162037037037
291.96460573476696
366.6084229390681
111.4796146953405
17.31414277180406
20.75014934289128
4.146132019120379
2.863575268821692
3.1056227598611184
2.068884408606638
0.3997162485110588
4.487753882915173e-12
163.15710872162484
353.568921744325
350.9274193548387
313.0936379928315
65.85200119474312
10.296158154121864
4.146132019120379
2.863575268821692
3.1056227598611184
2.068884408606638
0.3997162485110588
4.487753882915173e-12
134.0344982078853
384.55906511350054
284.46759259259255
111.4796146953405
7.606780167268525
5.815785543612612
4.146132019120379
2.863575268821692
3.1056227598611184
2.068884408606638
0.773073476702509
4.487753882915173e-12
319.21931003584234
515.2199074074074
533.138440860215
341.4680406212664
24.40800477897252
5.815785543612612
4.519489247311827
5.103711170848268
3.1056227598611184
2.068884408606638
0.3997162485110588
4.487753882915173e-12
82.88418458781362
423.7597072879331
400.58169056152934
156.28322879330943
13.207325268817204
5.815785543612612
4.146132019120379
2.863575268821692
3.1056227598611184
2.068884408606638
0.3997162485110588
4.487753882915173e-12
137.76993727598565
323.7029569892473
281.1084976105137
123.80114994026285
20.674320489844682
6.935853494623656
4.146132019120379
4.3570116487455195
3.1056227598611184
2.068884408606638
0.3997162485110588
4.487753882915173e-12
93.33818697729988
355.0649641577061
391.2473864994026
78.24970131421745
18.434326463560335
5.815785543612612
4.146132019120379
2.863575268821692
3.1056227598611184
2.068884408606638
1.8931526284348865
4.487753882915173e-12
101.92465651135007
309.1416517323775
183.28666367980884
87.21251493428913
7.606780167268525
25.230510752688172
4.146132019120379
2.863575268821692
3.1056227598611184
2.068884408606638
0.3997162485110588
4.487753882915173e-12
241.5621266427718
396.5046296296296
423.72909199522104
50.996789127837516
7.606780167268525
12.909647550776583
4.146132019120379
2.863575268821692
3.1056227598611184
2.068884408606638
0.3997162485110588
4.487753882915173e-12
151.58340800477896
455.86805555555554
582.7949522102748
154.41532258064515
12.087152777777776
8.802658303464753
4.146132019120379
2.863575268821692
3.1056227598611184
2.068884408606638
0.3997162485110588
4.487753882915173e-12
202.35775089605735
448.03726105137395
385.2721774193548
391.87014635603344
37.10200119474313
5.815785543612612
4.146132019120379
2.863575268821692
3.1056227598611184
2.068884408606638
0.3997162485110588
4.487753882915173e-12
105.6597222222222
415.1732377538829
479.36342592592604
123.05331541218638
26.647961469534046
9.922726254480285
4.146132019120379
2.863575268821692
3.1056227598611184
3.9356929510155325
0.3997162485110588
29.495221027479094
143.36880227001194
474.14725209080046
463.694743130227
282.47946535244927
32.248543906810035
5.815785543612612
6.3862679211469535
2.863575268821692
3.1056227598611184
2.068884408606638
0.3997162485110588
4.487753882915173e-12
148.96766726403823
353.568921744325
381.913082437276
297.4126344086022
11.340352449223417
