13.962888291517324
8.793570788530465
11.305256869772998
4.412373058542414
3.0033452807646355
7.527628434886499
35.64064366786141
107.06727897252091
199.96079749103941
177.317054958184
27.55861708482676
33.109879032258064
25.77299880525687
8.797155017921149
4.4045586917562725
3.1838373655913976
4.277647102747909
12.527404420549583
32.724985065710875
76.41427718040622
177.0493578255675
209.97237156511355
101.48484169653524
37.26911589008363
23.204413082437277
7.384856630824372
2.1157444743130225
3.1776172341696536
6.494250298685783
8.60577210274791
32.41282108721625
71.28136200716847
167.7281212664277
129.85812425328552
79.53479689366786
21.8567054958184
13.769078554360812
6.050179211469533
3.530839307048984
2.974749850657109
3.4112044504181602
18.181824970131423
37.55503285543609
95.89531063321385
199.60797491039426
211.653972520908
92.57803166069294
28.735961768219834
26.884819295101547
16.719310035842298
7.783415471923536
4.163780615292712
9.605846774193548
13.51922789725209
61.05100059737156
126.96833930704898
268.2403673835125
226.3881421744325
141.1764486260454
69.44407108721624
23.09468339307049
12.94224163679809
8.273334826762246
3.2597110215053764
11.043384109916367
18.542226702508962
37.58684289127837
136.80368876941458
228.06600955794508
263.85454002389486
187.25619772998806
57.056451612903224
27.702471624850656
10.276135005973716
10.324111409796895
4.492084826762246
4.486465800477896
11.296520310633214
48.10147849462366
114.5116487455197
301.0114247311828
259.55309139784947
197.04711768219832
72.48655913978494
14.189702807646356
9.008997909199524
10.106556152927123
4.020624253285543
1.7246863799283154
17.984580346475507
34.08680555555556
92.79644563918758
192.8950119474313
251.94705794504182
208.6406063321386
61.698775388291516
25.407444743130227
11.09643817204301
7.872871863799282
3.237761350059737
1.4406847371565112
10.006085722819593
20.979241338112303
88.66151433691756
191.38254181600954
227.67510454002388
136.85707885304663
68.88067502986858
14.286290322580646
14.020422640382318
6.9010976702508975
3.5145908004778974
2.7483833632019117
18.034162186379927
44.56578554360812
112.24051672640383
232.15651135005973
274.153972520908
205.36215651135007
55.89008363201911
20.42648596176822
10.105212066905613
4.860364396654719
3.9202882317801673
4.711279121863799
4.324059139784946
13.572132616487455
64.706541218638
159.9985065710872
161.02635902031062
42.562724014336915
21.419765531660694
15.774641577060931
14.81160394265233
5.171109617682198
3.9349873058542415
2.8642846475507766
7.021430704898445
50.369623655913976
100.9554211469534
196.96049880525686
192.15053763440858
141.77083333333334
40.00522700119474
25.906660692951014
9.762731481481481
5.9182347670250905
5.101594235364397
6.329189068100357
5.996191756272401
50.293832138590204
103.74663978494624
193.8134707287933
234.2278972520908
206.17868876941458
73.91950418160096
49.84393667861411
10.269041218637993
7.438881421744325
5.035655615292711
1.8707810633213862
4.724126344086022
27.204786439665472
94.8428166069295
145.27180406212665
170.65337514934288
98.91054360812427
35.98973267622461
17.336170848267624
7.620855734767025
4.133512544802868
3.5177979390681005
3.5319369772998805
6.8997162485065715
48.60140382317802
101.76112604540022
182.35588410991636
171.61813022700122
122.91405316606927
39.64994026284349
19.97517174432497
11.244324970131421
4.7239770011947435
4.265400985663082
1.4681302270011947
10.34386200716846
30.835050776583035
109.35073178016727
150.7911439665472
189.73790322580643
92.9054659498208
35.95945340501792
29.996565113500598
11.20318100358423
5.514411589008363
2.5161850358422937
3.2995146356033453
8.925067204301076
31.427008661887694
51.24887992831541
175.58169056152926
216.5964755077659
128.97065412186382
58.17278972520908
19.26556899641577
6.052008661887694
2.953752240143369
8.313657407407408
2.31768219832736
32.35431600955795
57.18040621266428
105.39687873357228
213.02606033452807
200.48312425328555
121.56586021505376
39.74507168458782
28.62320788530466
9.45385304659498
4.857489545997611
4.340863948626046
7.4097595579450415
4.37374178614098
29.747498506571088
97.45407706093191
225.02912186379933
241.78875448028674
175.72244623655914
35.23689516129032
24.154719235364404
7.853531959378733
8.810446535244921
3.7186081242532856
2.6966248506571087
7.323887395459976
27.579525089605735
77.67697132616486
173.46139486260455
131.05510752688173
100.65374850657109
29.8786215651135
