721.5252886051375
1174.131892174433
827.65
619.2157407407403
563.83527479092
785.9512365591398
1220.4860215053766
1681.6282818100356
2181.743152628435
3053.0748207885317
2214.491360513739
1623.5733609617682
1746.8839456391868
1031.427586805555
802.7075044802867
730.0317540322579
756.418195564516
1212.2371714456392
1518.469530316607
2256.548932198327
3019.9279121863806
3224.277777777777
2749.329599761051
1717.0445751194743
1446.1731630824372
991.4475123207885
817.5655316606933
794.1791218637994
807.4748491636797
1341.5122909199524
1714.8708930704906
2204.972916666666
2894.5357750896055
2595.821609916368
2377.9154345878137
2195.535170250897
1523.1834005376347
1562.1554995519716
1069.912231182796
1071.4944145758664
1086.9050220280762
1887.1966099163687
1806.5157071385906
2463.699970131421
3232.3923200418167
3789.827658303465
2971.034311529272
2532.5631347072876
2317.4038866487463
1760.8915770609326
1355.3666255973717
1155.2181526284346
1285.2222632915173
1587.4520273297499
2237.3075866188765
2916.0048984468344
3752.1292189366786
4490.614882019114
4069.438582735962
3030.139710274792
2103.8771281362006
1083.3315113500598
886.3700828853047
814.4421408303466
917.589456391876
1080.2038605137398
1567.3172565710872
2050.4593413978496
3003.121781660693
4034.90916218638
3232.7169205495825
2032.5134408602146
1699.5616412783747
1341.9984991039435
853.0914127837511
933.9150238948628
885.1027628434887
1172.1783807497018
1689.9664911887692
2101.0974163679816
3130.1634184587815
3512.0340128434896
3100.873170549582
1970.0959154719235
1730.4927568697733
1169.3075418160097
814.0399865591396
776.0154868578256
758.8726403823179
1333.9152367084828
1685.5850881123058
2102.288257915172
3058.8431526284344
4156.529308542413
3925.4846923536447
1953.1342219235364
1441.3464755077657
952.6286701015536
818.298387096774
809.6429248805258
847.2131186529269
931.0219108422941
1428.3071012544804
2370.357765830346
3112.3741338112304
4069.9513888888873
3589.7312948028675
1924.109094982079
1293.8951388888886
1037.9014000896057
740.450952060932
789.7019115890083
706.1055148596178
995.9306078255673
1650.8276583034644
2310.1723043608126
3339.779607228196
3754.1425851254494
3421.0383811230586
1966.9217816606927
1399.8178763440858
909.3707026583037
622.6029734169654
734.4430854241335
758.9726515830346
948.419557198327
1405.8009184587818
2209.364318249701
2576.3568847072875
3847.5935259856633
2789.3793645459973
2302.4432123655915
1318.457974910394
1095.454077060932
665.8660842293908
786.3461630451017
809.6777777777779
1255.6431526284348
1571.2170848267624
2496.838168309439
2866.426597968937
4084.03349014337
3649.5943473715656
2411.534535543608
1626.9206653225804
902.2407220728793
752.9310819892473
893.7410506272398
748.0523745519712
1070.706948178017
1914.747311827957
2458.219100955795
2696.867741935485
4125.154569892473
3668.340315113501
2326.994511648746
1492.1096923536438
935.1600582437283
696.8110095579451
746.0395908004778
833.6392797939063
1015.1128307945046
1549.4037447729988
2306.173428166069
3546.22536215651
4039.414538530465
3724.1233198924724
2077.9890232974917
1509.7843227299886
1201.2610513739542
795.1814516129032
998.972181152927
980.0771789127839
1299.3748230286735
1661.895829599761
2074.070747461172
3107.4325268817206
2996.2757243130236
2838.5661962365593
2011.8748133213849
1727.499327956989
1907.6291704002385
1453.4118876941454
1203.2906698028673
1391.8344795400244
1622.8321908602143
1641.1899708781361
2669.7341472520916
3298.677774044206
3372.0725806451615
3091.3556974313024
2356.386491935484
2275.4850433094384
1892.5539911887695
1496.5864919354838
1438.9539687873357
1433.0566431451612
1671.6578061529278
2335.981339605735
2881.7509632616493
4148.6638664874545
5212.844384707287
4540.163717144567
3169.089575866189
2343.115591397849
1874.4033751493425
1621.4523857526872
1696.6825119474313
1646.1531257467147
2530.8639598267614
2725.8833071983263
3021.546527777777
3953.9321983273594
4683.732750896057
4096.439628136201
3023.539986559139
2275.172789725209
2043.639321983274
2093.0135304659493
2222.834677419355
2073.5128546893675
2427.0342891278374
2820.814049432498
3257.920919205496
4301.591024492235
5066.6868652927105
5111.214493727599
3466.9291367980904
3126.714643070491
1742.4587776284352
1928.9461432198327
1735.2752912186377
1491.7020874402626
1800.7127613500597
2141.1501191009556
2933.900806451614
4008.483381869774
4794.120407706093
4049.1804435483873
2985.3870781063324
