2066.6026359020316
1503.747685185185
1366.9568249701315
1319.9100657108718
1274.4655503285549
1807.336002837515
1945.1179883512548
3344.311036439666
3505.486491935483
4877.188060035841
4359.191233572282
2899.159460872162
1976.5934587813626
1469.2710237455194
1093.8817278972522
1069.164788679809
1172.176510976703
1661.580904271206
1812.3643742532863
2568.3541591995217
2843.2725731780165
3601.5704898446843
3709.9614321983286
2603.838971027479
1689.0465576463564
1129.7957026583038
924.2238873954603
995.6269003882911
817.8385450268815
1278.3366058094382
1753.8861559139784
2157.379252538829
3292.9856220131423
3829.5564516129016
2974.3332026583034
2392.4738276583034
1409.8298685782559
1307.3787186379925
1082.2221102150536
1174.004349611709
1370.5269003882918
1858.701482228196
2358.465038829152
2809.6604091995227
3718.9980025388286
4250.640942353644
3399.5083632019123
2477.820937873358
1838.3930928912778
1712.274010603345
1475.2863164575863
1430.1351441158904
1441.118089157706
2116.3029084528066
2128.871766726404
2670.9524566905616
3190.1264262246123
4268.2118802270015
3641.3204525089604
2718.999887992832
2082.138911290323
2183.948958333334
1908.1033490143366
2191.1811006571093
2105.6152964456387
2220.3971830197124
2412.4685931899653
3243.8112828554345
4986.7279905913965
4816.991898148148
4587.608572281962
3810.569855137396
3445.035663082436
3061.083411738351
2147.55500672043
1971.1015195639195
1857.5250336021497
1916.4780331242532
2637.9120728793305
3190.0873917264043
4850.087343189965
5247.499813321386
5412.17573924731
3753.036962365593
2905.247188620072
2020.6906474014334
1774.7096960872154
1828.589803614098
1586.6545340501793
1942.7636051373959
2257.428546893668
2919.9695564516123
3992.584453405019
4437.371266427718
3938.344235364397
2841.5012320788533
2206.560860961769
2557.0018443847075
2562.4618130227004
1803.866506123058
1856.708704450418
1766.5552434289134
2814.0034983572273
3207.7747087813614
4164.173760454001
5117.454375746714
4997.838821684588
3434.778679808843
2832.1111820489846
2397.3080085125453
1780.6113612604534
2135.294226030466
1939.3181824970131
2273.937436529271
2827.10625
3353.7803016726402
4313.0358497610505
5165.115330047789
4458.574223416966
3549.589829749103
2669.273024940263
2132.263437126643
1320.0831055854237
1549.5506272401433
1466.319145758662
1973.0373170549574
2522.9164501194737
3106.355331541219
3934.5103046594977
4518.608796296296
4283.915098566308
3190.078853046594
2544.214755077658
2278.5963149641584
2150.0759781959378
1936.2278263142175
1569.929047192354
1779.3139183841106
2066.5014075567506
2552.7653337813617
3197.7953442353632
3996.7506347072867
3613.037186379928
2868.402109468339
2771.9671893667846
1441.652250560036
1056.816435185185
981.576491935484
1057.2008139187562
1560.1311447132616
1906.7824111409786
2796.925922192354
3390.494578853047
4416.840539127838
3772.829786439663
2569.808060782557
2005.9764224910402
1338.9339307048986
1351.6979988052567
1208.967700866189
1560.165214307049
1825.71366114098
2088.7955383811236
3018.9034012843495
4139.860551075271
4696.941868279569
4296.774902927122
2569.416845878135
1907.0392025089616
1770.203617831541
1197.5675552568696
1497.4974761051371
1400.3096064814818
2063.717402180407
2279.3509296594984
2739.7962776284353
3552.177367084826
4105.5150462962965
3743.5164650537627
2646.5213448327363
1873.5937014635606
1684.3555667562732
1637.3671146953395
1710.954439217443
1666.1213821684578
2002.6694855137396
2077.9536962365582
3070.5332511947427
3658.8598043608126
4038.3114545997587
3604.712552270011
2758.455570489845
2094.6968787335727
2181.542036290322
1543.2271318697735
1621.6651620370378
1706.5198021206686
2113.075565636201
2121.924683393072
2887.9906324671438
3568.226612903225
5047.876978793308
4204.586544205496
3286.0509856630824
2493.7937227449224
2371.833975507765
1977.4395721326168
1818.0945336768223
1643.4275018667865
2009.1618335573476
2367.7692913679807
2658.0622498506564
3662.1810670549567
4467.520833333335
4208.020908004779
3013.749544504181
2644.054622162485
1925.0093637992827
1444.5671296296293
1224.5855249402628
1269.0460013440857
1600.8553371415771
2015.6536551672634
2846.3627389486255
3180.7532855436084
3198.973342293907
3204.0508885902022
2518.013702210275
2047.8651433691753
1512.5312798685786
1056.8247983870972
1059.3494922341702
1201.2760424133812
1496.04142921147
1953.8678688769407
2688.6484169653527
3493.973547640382
4299.041704002391
3481.1063321385896
2504.3844459378743
