363.98371079749097
357.0400108273596
135.40708258661888
290.30127158004774
196.75059214456394
174.36571833930705
1159.4660879629628
2823.058953106332
6150.983042114697
3847.2428203405
1369.7567166965348
618.0166935483871
328.3073308691757
181.95811081242528
190.35377837514932
117.69834333930703
76.11443294504181
83.1387109094982
492.7633553614096
1627.796401956392
5883.535838560335
4162.87216621864
1946.9085610812426
652.1498577508961
329.30848752986867
205.28965203106333
130.72944033751494
144.86807795698928
99.37489027031062
120.30999626642772
487.87744362305864
2281.219377240143
6143.563769414576
3942.5869847670274
1815.2828031660697
746.8362787485063
280.5190479390682
167.00305928912786
198.98494586320194
133.49447401433693
94.82770706391875
105.86897285692952
322.1242006421744
1975.7684961170849
5950.148163082436
3395.5241076762245
1746.3810558542416
675.6621005077658
160.19282370071687
374.9947927867384
157.7686178315412
120.02706186529267
152.5274774118877
287.4416797341697
510.9147390232978
3225.775701911589
7217.782235663081
5346.817693399043
3125.7459677419347
766.2435218787335
494.49363948626046
297.58650052270013
166.18828405017922
173.20027262544804
124.869288119773
267.0864699074073
665.1186480734766
3170.901123805257
7071.292670997611
5495.579816308241
2612.4872722520913
1026.1344496714453
439.286708109319
210.11116562126634
155.17277606033457
144.94216771206692
137.44580167264033
407.93703442353643
900.0678602897252
4132.988175776583
8066.070945340501
6498.705861708484
3119.2048723118273
1487.2274342891276
416.69535842293914
289.6438063769414
132.2208164202509
116.49647946535244
78.62667174432497
200.5782986111111
536.3613489396655
2933.200854988052
6803.244959677418
4869.574637843491
2799.711320191159
784.6099649044207
494.31935446535243
204.95343077956994
149.30770545848264
127.63139448924728
76.8474063993429
152.76812081839904
500.48736671146963
2126.91785020908
3986.0857004181603
3018.7932459677413
343.0098521505376
353.8377527628434
240.02771953405022
228.30138478195934
127.34945695191159
135.62244153225805
127.63657172192352
382.4275754181601
944.9451855585421
2992.214303315412
7073.644556451614
4900.545725059737
2611.811600209079
482.2411715949822
417.77307945041815
198.95631235065707
135.49334972371568
101.23880118727597
84.60326975059739
415.7606642025087
489.3531619623656
2092.0399865591394
5911.916058094384
3740.987675477895
1694.7467107228192
706.670880376344
364.5663698476703
448.76953629032266
167.6295863201911
163.79505880376348
107.31624055406212
192.5056376941457
621.529877165472
2618.575929659498
5982.947401433692
4531.868059289129
2873.180641427718
1063.5188074970133
467.8581634557944
474.4647524641578
278.7964736409796
404.39343787335724
166.18930465949822
400.76153972520905
832.2424884259259
4677.628767174432
7579.832216995218
6462.160603345279
3080.0841360513746
966.8860681750293
775.1194317502985
275.8015247909199
176.7329069967145
215.2720326314218
206.98983337066906
295.36682571684594
1111.2919541517324
4456.3027889784935
9419.754872311827
6180.409949970132
3933.7077508960565
1326.3297491039427
766.4048308691756
211.752418234767
121.5101177942055
139.64276579301077
75.61798428166068
76.52476075268815
592.2549656511352
2076.7998618578254
5310.765124701313
4046.8312313321385
1271.9389299581842
501.86873618578267
269.7146762992832
310.93810073178014
147.8633931925777
184.52942096027482
204.31841248506572
594.9044914874552
569.6755686230587
4611.598237753883
7831.554428016728
5532.866375448029
3441.9504704301053
935.0826982526887
451.78534647550777
209.67622498506572
198.87196609916373
148.6669532183393
103.25183150388291
297.0409397401435
789.1163717144564
3775.9933617084835
7589.830290471924
6756.220370370371
3359.156668160095
912.6062940561526
431.1478904943251
210.711156660693
110.19067376045399
87.25314183841098
82.39944041218637
104.182929958184
390.2158956839905
2013.3677270011945
4447.207060185185
3791.071176821985
2053.2360924432505
575.364481780167
309.1717936081242
184.866506869773
149.41030055256869
121.3270285991637
147.1687858422939
75.6488563321386
561.7023991935483
2373.9888776881708
5339.8030503285545
4445.715352449222
1978.0238948626038
654.2437447729988
269.7166114097968
179.27961058841103
108.2968316532258
127.1410093339307
138.67745743727596
200.82501194743125
259.43222520908
2798.6530652628444
6594.659554211471
5061.0365180704885
2671.62640755675
873.3808359468334
