6.211469534050179
3.5864359318996417
3.089232377538829
2.5906137993103657
1.7258064516401148
4.922356630824373
34.52247610513739
118.89187574671446
140.19563918757467
68.67943548387096
29.876045400238954
7.046109617682198
5.539986559139785
3.6648409498207886
3.402852449223417
2.6383773894862603
1.8770571983273592
5.029883512544803
43.82467144563919
118.3729091995221
123.08841099163679
76.1391129032258
30.58057048984469
10.172864396654719
4.851403823205228
3.565341248506571
3.7141203703703702
3.9271953405017923
1.7258064516401148
9.970519713261648
51.76597968936679
134.45340501792114
183.21759259259258
103.32325268817205
21.87201314217443
15.34572879330944
8.518481182795698
3.458669354865921
2.7118914277180406
2.5906137993103657
7.877613500597372
16.88210872162485
0.7355510752688172
95.83706690561529
83.44907407407408
60.01754778972521
22.03031660692951
6.345579450445371
4.851403823205228
3.458669354865921
2.5256235065710873
3.2791965352449224
3.0623879928315407
14.26823476702509
75.50776583034647
148.58124253285544
189.2659796893668
125.75082138590203
42.207287933094385
7.370893070489843
6.160916965352449
3.6560894563918755
2.3887022103020024
2.853311678614098
1.988504330943847
4.592308841099164
70.72132616487455
173.4281660692951
232.76956391875746
128.4389934289128
45.41517323775388
11.615516726403822
9.11028972520908
4.084378733572282
2.3887022103020024
2.5906137993103657
2.111111111111111
9.583721624850657
66.50985663082437
145.15755675029868
185.07691158900838
92.56683094384707
39.591173835125446
8.99634109916368
4.851403823205228
3.458669354865921
2.3887022103020024
2.5906137993103657
1.8245183691756268
6.386663679808841
41.91308243727599
63.12724014336918
103.9986559139785
84.84580346475508
31.6819743130227
6.345579450445371
4.851403823205228
3.458669354865921
2.3887022103020024
2.5906137993103657
2.351515830346475
8.00442054958184
41.91308243727599
117.36111111111111
128.57676224611708
59.506048387096776
15.133288530493163
6.345579450445371
4.851403823205228
3.458669354865921
2.5797491039426523
4.622087813620071
1.7258064516401148
7.458198924731182
71.80406212664278
134.45340501792114
158.59468339307048
98.38747013142175
38.256421744324975
7.3597296893667865
5.344944743130227
4.378098864994026
2.3887022103020024
2.5906137993103657
2.4311155913978495
13.819832735961768
47.64411589008363
117.80540621266428
181.01478494623655
83.2814366786141
27.989471326164875
10.934513142174433
5.908564814814815
3.745247162485066
4.214867084826763
2.5906137993103657
1.87665770609319
7.230451015531661
26.269787933094385
75.40322580645162
108.68428912783752
58.94601254480287
25.398745519713263
6.345579450445371
4.851403823205228
8.071871266427719
2.3887022103020024
3.5952060931899643
1.8929734169653525
7.7762992831541204
65.15830346475508
141.7749402628435
191.11036439665472
126.44899940262843
43.537186379928315
11.270908004778972
9.309289127837513
3.7181824970131423
2.3887022103020024
2.5906137993103657
1.7258064516401148
15.26733870967742
63.1347072879331
179.26747311827958
222.52837514934288
128.00216547192355
54.164053166069294
9.352262544802867
10.073551373954599
3.458669354865921
2.3887022103020024
2.5906137993103657
1.8117794205495819
8.453195937873357
17.779644563918758
83.44907407407408
79.89097968936679
54.41345579450418
15.181052120669056
7.085909498207886
4.851403823205228
3.458669354865921
2.3887022103020024
4.7400313620071675
2.5903151135005973
6.686842891278375
49.87679211469534
138.35125448028674
152.49402628434888
80.35058243727597
31.824223416965353
7.5985663082437265
4.929416816009558
3.458669354865921
2.3887022103020024
2.5906137993103657
1.7258064516401148
7.18452807646356
44.14202508960574
96.42323775388292
145.58318399044205
84.4388440860215
38.52523894862605
6.766278375149342
4.851403823205228
3.458669354865921
2.3887022103020024
2.705245669056153
1.7258064516401148
0.3334229390953121
34.52247610513739
117.80540621266428
129.15919952210274
94.0527927120669
41.613649940262846
7.173461768219833
4.851403823205228
3.458669354865921
2.3887022103020024
2.5906137993103657
2.4263366188769413
7.072147550776583
25.46408303464755
121.6995221027479
140.9199522102748
92.12626941457587
30.41106630824373
9.598640979689366
5.63788082437276
3.458669354865921
6.48443100358423
5.444407108721625
2.689030764635603
0.3334229390953121
39.87455197132616
11.57444743130227
95.44877538829152
98.85043309438471
30.39837216248507
6.345579450445371
