0
0
0
0
0
0
168.66004163594818
619.4970898378461
1304.3993544817379
464.62194280602785
60.21681677942678
0
0
0
0
0
0
109.88471748689622
419.12362105289645
1150.7411983012696
1326.6496847613366
1038.796781602411
228.68884128705832
0
0
0
0
0
0
15.82731401704035
398.815965039068
1381.7595467595295
2669.8416614314738
806.1144063025599
83.80949983322958
0
0
0
0
0
0
37.25185462235132
396.5439569802317
1879.1231128440631
2144.769677455803
821.212889171741
112.4193420103004
0
0
0
0
0
0
14.687256858167515
257.7461548175663
1219.744859748495
1346.8207833705096
493.87403464932174
202.0014191133499
0
0
0
0
0
0
76.85213326773227
393.9631836486846
1403.1628154858784
1400.5617539961038
696.6581611009699
330.87890194603494
0
0
0
0
0
0
39.16322909915622
376.91815670039193
1421.4542005291676
1171.5442704380328
766.5031896157016
195.69096176512306
0
0
0
0
0
0
14.507450222357981
348.8060270028584
1618.9050064632875
1888.4763655242125
446.2318869205603
180.69959506852587
62.84484433347529
11.629859365576756
0
0
0
0
36.77464373098674
575.1639575787581
1585.4896851469143
1686.4624176256173
1312.5771787808353
112.6313946162524
0
0
0
0
0
0
23.435480094256413
729.644394735112
1408.6050194711188
1753.14935713703
834.4803875296898
144.93329894226918
1.5396461610351722
0
0
0
0
0
34.623703585030434
228.99113567640933
1194.3783668736835
1349.5368514482298
485.0326894260423
127.61940369052914
0
0
0
0
0
0
0
453.854553820045
577.973438691444
1124.3739594449366
706.3996962611582
378.98075084438756
0
0
0
0
0
10.757846254900524
0
360.59715415570525
1067.778247967065
1344.2535906648984
681.9021749534063
0
0
0
0
0
0
0
0
91.49089234037241
554.9007036074099
310.0861460504783
123.18514079417098
0
0
0
0
0
0
0
117.22763343576334
784.1941010175264
2169.7833801646243
2164.786196331105
887.7135635921333
79.90621583681394
0
0
0
0
0
0
0
558.4641165504217
1138.3523377918111
1676.4120427188989
784.6598375521479
133.32315138413563
0
0
0
1.0155618235918809
0
0
0
144.40473998059377
704.0265306049951
787.812894087016
449.8567380068945
13.181910558771733
0
0
0
0
0
0
0
391.20895634531905
917.2578303329849
1386.5556887071077
89.79581571804802
28.712277413913753
0
0
0
0
0
0
0
473.5625709560966
1377.5964382538623
1916.6660587536512
1158.7380970264353
67.56565677342257
0
0
0
0
0
0
36.378522473085
313.53190331906546
482.05371349444715
461.54425000040885
149.21035000639054
85.11611193398066
0
