17.016465053763437
4.146132019120379
2.863575268821692
3.1056227598611184
2.068884408606638
0.3997162485110588
4.487753882915173e-12
123.2086320191159
384.55906511350054
555.1329151732377
104.01284348864993
37.10200119474313
5.815785543612612
7.133004778972523
2.863575268821692
3.1056227598611184
2.068884408606638
8.613799283154123
7.093862007168458
157.93010752688173
323.7029569892473
520.7892771804061
270.90576463560336
22.167637395459977
5.815785543612612
4.146132019120379
2.863575268821692
3.1056227598611184
2.068884408606638
0.3997162485110588
4.487753882915173e-12
158.3019713261649
370.369623655914
438.66338112305857
240.28711170848268
54.278113799283155
5.815785543612612
4.146132019120379
2.863575268821692
3.1056227598611184
2.068884408606638
6.746938470728792
4.487753882915173e-12
187.42420848267622
436.0812425328554
424.84879032258067
152.55227001194743
22.541143966547192
16.269825268817204
4.146132019120379
2.863575268821692
3.1056227598611184
2.068884408606638
0.3997162485110588
4.487753882915173e-12
4.487753882915173e-12
198.62641875746715
359.5135155316607
18.14142771804511
17.31414277180406
5.815785543612612
4.146132019120379
2.863575268821692
3.1056227598611184
2.068884408606638
8.240218040621267
4.487753882915173e-12
70.56264934289128
282.6303016726404
271.39784946236557
18.14142771804511
53.15830346475508
5.815785543612612
4.146132019120379
2.863575268821692
3.1056227598611184
2.068884408606638
0.3997162485110588
33.975545101553166
193.02755376344086
458.12537335722817
368.09961170848266
130.89605734767025
34.862044504181604
5.815785543612612
4.146132019120379
2.863575268821692
3.1056227598611184
2.068884408606638
0.3997162485110588
4.487753882915173e-12
159.798013739546
407.33049581839913
437.91778673835125
313.0936379928315
15.447281959378731
17.016465053763437
4.146132019120379
2.863575268821692
3.1056227598611184
2.068884408606638
0.3997162485110588
4.487753882915173e-12
67.57952508960574
256.49529569892474
348.6831690561529
62.19739396654719
34.11495669056153
5.815785543612612
4.146132019120379
2.863575268821692
3.1056227598611184
2.068884408606638
0.3997162485110588
4.487753882915173e-12
76.16562126642772
355.80869175627237
374.81854838709677
87.21251493428913
56.14135304659498
5.815785543612612
4.146132019120379
7.717032556750299
3.1056227598611184
2.068884408606638
0.3997162485110588
4.487753882915173e-12
171.74320489844683
484.6397102747909
362.12477598566306
270.1579301075269
32.248543906810035
20.75014934289128
7.506335872162485
2.863575268821692
3.1056227598611184
2.068884408606638
0.3997162485110588
4.487753882915173e-12
198.254554958184
509.2458183990442
467.41151433691755
294.80137395459974
51.6627464157706
5.815785543612612
4.146132019120379
2.863575268821692
3.1056227598611184
2.068884408606638
0.3997162485110588
4.487753882915173e-12
91.84662485065711
370.369623655914
389.3794802867383
156.28322879330943
19.181003584229387
18.88332586618877
4.146132019120379
2.863575268821692
4.599059139784946
2.068884408606638
0.3997162485110588
16.054584826762245
126.19623655913979
379.70392771804063
554.4235364396653
355.28113799283153
20.674320489844682
5.815785543612612
4.146132019120379
2.863575268821692
3.1056227598611184
11.029607228195937
0.3997162485110588
4.487753882915173e-12
132.54293608124254
385.6791367980884
213.90120967741936
66.67600059737157
34.48846326164874
5.815785543612612
4.146132019120379
2.863575268821692
3.1056227598611184
3.1889523596176823
0.3997162485110588
4.487753882915173e-12
148.96766726403823
370.369623655914
89.576986260454
220.49917861409796
22.541143966547192
5.815785543612612
4.146132019120379
2.863575268821692
7.212563470728792
2.068884408606638
0.3997162485110588
4.487753882915173e-12
32.85536140979689
478.6618876941458
555.8870967741937
335.12134109916366
21.42096027479092
48.378509557945044
4.146132019120379
2.863575268821692
3.1056227598611184
2.068884408606638
0.3997162485110588
5.227016129032258
94.08602150537635
368.50209080047796
371.0872162485066
131.26792114695337
21.794504181600953
7.309221923536438
4.146132019120379
2.863575268821692
3.1056227598611184
2.068884408606638
0.3997162485110588
4.487753882915173e-12
180.329674432497
361.4116636798089
309.11140979689367
18.14142771804511
10.966984020310633
5.815785543612612
4.146132019120379
2.863575268821692
3.478979988052568
2.068884408606638
0.3997162485110588
4.487753882915173e-12
187.80055256869773
347.22222222222223
386.3922491039427
143.9616935483871
21.794504181600953
