0.0
1.1200899790919951
0.0
0.0
0.0
0.7467278972520908
0.0
51.148558841099174
120.96957138590203
103.79144265232975
69.06970579450419
0.0
1.1200899790919951
0.7467278972520908
0.0
0.0
0.0
0.0
0.0
69.06970579450419
100.06018518518518
162.78416218637992
175.475993130227
7.467278972520908
0.7467278972520908
0.0
0.0
0.0
0.0
0.0
0.0
37.70911738351254
145.98394563918757
95.20463709677419
101.92790471923539
13.067312574671446
0.0
0.0
0.0
0.0
0.0
0.0
0.0
30.615330047789726
134.78192204301072
152.70306899641574
100.06018518518518
0.0
0.0
0.0
0.0
0.0
0.0
0.0
0.0
14.187481332138592
122.83310931899643
54.8839605734767
15.307683691756269
6.7206541218638005
0.0
0.3733557347670251
0.0
0.0
0.0
1.493414351851852
4.853823178016726
39.57579151732378
99.68679062126643
86.99085274790922
9.707194593787337
0.0
2.6135043309438473
0.0
0.0
1.493414351851852
0.7467278972520908
0.0
0.0
33.975433094384705
70.56399342891278
59.73573775388293
48.164463859020316
0.0
0.7467278972520908
1.8667764336917563
0.0
0.0
0.0
0.0
0.0
50.775164277180416
97.07194593787335
173.98622311827958
66.45937873357228
21.654760304659497
0.0
0.0
0.0
0.0
0.0
0.7467278972520908
0.0
59.73573775388293
94.08788829151733
147.10450268817203
82.51280615292713
1.493414351851852
0.3733557347670251
0.0
0.0
0.0
0.0
0.0
0.0
53.76340352449223
159.7959229390681
93.71449372759857
47.043944145758665
6.7206541218638005
0.0
0.0
0.0
0.0
0.0
0.0
1.1200899790919951
77.28349014336916
106.77968189964157
86.24406362007169
66.45937873357228
7.093738799283154
4.853823178016726
0.0
0.0
0.0
0.0
5.226911589008363
0.0
48.911626344086024
126.56851105137396
146.35734020310636
20.534595280764634
6.7206541218638005
6.7206541218638005
0.0
0.0
0.0
0.0
0.0
0.0
16.427848715651137
91.47337962962963
84.38052568697731
51.148558841099174
0.0
0.0
0.0
0.0
0.7467278972520908
0.0
4.853823178016726
0.0
14.93414351851852
91.47337962962963
179.21139486260455
96.32515681003584
18.667764336917564
0.0
0.0
0.0
0.0
1.1200899790919951
0.0
1.493414351851852
50.028001792114694
105.28573028673836
105.28573028673836
121.33919504181601
0.0
0.0
0.0
0.0
0.0
0.0
0.0
6.3471139486260455
38.82937574671445
97.81910842293907
160.91685334528077
163.53132467144565
0.0
0.7467278972520908
0.0
0.0
0.0
0.0
0.0
0.0
38.455607825567505
141.50141875746715
134.03513291517325
134.78192204301072
14.93414351851852
0.7467278972520908
0.0
0.0
0.0
0.0
0.0
0.0
34.72207287933094
127.68906810035843
123.95366636798086
146.35734020310636
7.467278972520908
0.0
0.0
0.0
0.0
0.0
4.106933243727599
0.0
47.417712066905615
147.85129181600954
145.98394563918757
134.78192204301072
11.947565710872162
0.0
0.0
0.0
0.0
0.0
0.0
0.0
90.35285991636798
224.76138739545996
142.6219384707288
100.80734767025089
11.947565710872162
