545.8380200866189
600.130692204301
140.68713074970137
133.77611215651132
130.63446385902031
122.43566718936677
526.6514941756271
1932.184936529272
6501.6339083034645
3314.5662447729997
2266.823398297491
641.5743850806448
432.889651657706
225.54705981182795
242.67449634109926
158.15477023596176
123.61823857526883
121.92757093787328
550.5537275985663
2906.845426373955
5060.936954898447
4744.023043608124
2002.6974313022693
467.4097681451613
279.10760304659493
285.0413851553167
86.00820019414574
89.70224074074076
118.07128136200717
81.34370934139784
433.47294354838704
1453.1681877240148
5061.729913381124
4188.684826762247
1305.274697580645
555.022124151359
322.1499481033451
148.06484849163678
130.16295736260452
114.5632107228196
136.9708752240143
363.38936454599764
421.65163007765824
1712.2056862305858
6129.191666666667
3471.5830159796906
547.4699794653526
794.5906212664274
292.49085125448033
277.0865165770609
132.80043944145763
187.28878692502988
108.4151150686977
372.43858982974905
673.4136230585425
2574.760435334528
6593.074671445639
3783.8825119474313
3726.315453255676
713.9800459229392
622.5899197281962
209.10216024492237
155.2353524492234
232.38541629330945
149.49476217144564
217.4589572132616
563.5137290919953
2080.32364097969
6027.027131869772
3614.87370818399
1605.1388328853043
605.787680331541
558.3472390232976
152.71118477449227
104.98910155316605
154.67870213560337
232.38700896057347
225.29464717741922
1011.1451889187576
3009.2598566308243
8294.66537485066
5603.8786252986865
3822.251553166068
732.252196087216
502.7008758960574
254.1613265382317
184.38814030764635
200.2717909199522
143.71636099910396
302.47559214456385
362.9413500597372
1771.5575741860805
5712.570553315411
3277.1012395459984
2046.5042226702517
1271.4681936977297
337.7893178763441
356.5056761499402
157.21993727598567
188.79316647998806
70.77140427120669
117.40674510902032
423.3671210424133
3804.5049469832743
6692.64651284349
4673.651926523296
2101.2526135005965
728.2978942652328
488.4671594982076
203.71705790770608
117.8145937126643
202.7292834901433
170.68685872162487
232.43740292712067
740.4029767771808
3555.5356444145764
6935.756313470729
5836.158568548387
2564.081156660693
939.8245221027478
471.6720978942652
215.45446087216249
228.3287261051375
133.7261027479092
96.09242839008363
117.32605066457586
1057.3683430406209
2972.4736895161286
6951.079614695341
4544.943540919953
2507.534666218639
965.0577359617682
324.0146733124255
240.82921333632018
226.1830439814814
164.02630962514934
200.42300477897254
149.0762014635603
577.20973192951
2763.8148297491043
5648.8078703703695
5186.013691009559
2160.4491898148153
1220.310390531661
327.0113784348865
227.98300328554353
173.9591763739546
146.07378778375153
92.88755447281959
112.78927113201914
973.8697184886497
1893.9329487753887
3482.864338784349
3603.1274566905613
1182.6380525686973
656.0470904271206
338.77824671445643
262.24486036439663
169.32848230286731
160.22430913978494
458.67571871266426
178.2563429659498
593.2412440262846
3099.808337066905
5831.758430406213
4173.864609468339
804.4556619623656
479.5781462813622
439.2949223416965
244.08184251792116
192.36566084229392
121.49893391577059
126.31772763590203
162.47484841696536
680.4228520758663
2248.8726702508966
5758.001459826763
4974.858915770609
2689.0300403225797
1116.3933691756267
313.1299212216247
308.0336469534051
152.467148297491
182.20772065412189
112.69252150537633
201.31771094683393
655.9726605436081
2912.8071273894857
5662.163295250897
5054.105585424135
2617.0837253584227
896.1438123506571
357.96699111409794
261.9378965053763
205.334018443847
121.24935916965353
83.5824891726404
109.4665460349462
841.4127382019111
2482.343738799284
4782.0086021505385
4224.57532855436
1523.203113799283
742.4541580794502
386.18245183691755
338.13758736559134
126.21076183542414
193.960026396356
139.3379416816009
308.1140990890084
551.0663859020314
4203.933721624851
7667.234027777778
4988.01490442055
3567.673338560335
797.9390591397851
227.54705234468335
197.33525612305857
154.95644563918756
90.0321611783154
121.16243055555556
105.60477370818396
737.2932739695341
4325.758057048985
7342.867278972522
6871.259322729989
3230.1084528076462
840.1551064068101
313.9125029868579
287.30910842293895
140.6090278524492
137.5987977523895
122.74526613649938
350.666688321386
462.0777333482677
2647.9398297491043
6492.3913343787335
5101.036088709679
2419.9998021206707
709.9065972222223
