1870.724144832668
1351.1471317080309
830.649964671358
669.6275019807864
966.4898985512726
1127.5340647330156
1488.1334042672959
2214.8317505258806
3370.777714712818
3728.0629540296395
3909.8429885283076
2632.839327776928
1838.7617213673138
1656.6735629921322
1251.2727590588704
1033.0687101969254
1221.666754317997
1737.181248335024
1752.8174136011473
2620.583956100915
3442.3124752496074
4060.446465947748
3408.9135198938557
2733.8741810887386
1992.44232616503
1677.4292782782588
1418.6926823180054
1539.9188031881997
1446.568194668694
1631.2249729881032
1824.8964089759183
3077.553530981594
3931.799791660215
4514.3540877696905
4572.859060303679
3434.527957273238
2615.7284518101947
2157.5497906658056
1668.785828079061
1997.2442378690478
1680.6245631692964
1960.9969344699691
2014.1808397689383
2918.7177460158036
3414.3032836851753
4291.271900558536
4160.071354263638
3004.9053667771263
2953.2463323009993
2367.3567365239264
1867.775886113164
2445.9308205057605
1905.5209620118321
2412.3770838523196
2743.1333535475887
3410.7474654074454
4812.048252136659
5698.937447590018
5256.915087949864
3614.9994403611718
2874.262753720018
2131.1219173266854
1598.3244587936094
1786.7749375132469
1977.6593710220825
2035.9773261715409
2571.3222063936323
3027.002673601496
3890.6299818149923
4135.295864253887
3437.402358496198
2702.6975922508354
2234.3611181880865
1844.244043098549
1302.6631566015012
1522.5285567832243
1502.2345013562037
2124.8389030115773
2567.4743577347663
3287.844485884757
3533.05071451581
4608.818313797027
4090.168367882371
3209.244358910666
2216.1059038732337
1712.816250200066
1363.704293165431
1731.286839522831
1605.9972070643319
1823.286228189493
2139.0560797311578
2762.829797869478
3868.2980124082765
4159.019459792204
3589.680166392946
2535.691555676694
2439.0760504751906
2096.090348501558
1473.83986210819
1328.1015996107794
1392.732951272822
2062.663340671442
2110.1361566349206
3201.2170684833786
3850.6858118141467
4762.768882739541
4599.051168167635
3070.5396669574907
2640.796373381349
1877.242311833597
1217.1880833348223
1411.318026838957
1462.362148931045
1721.1121451192803
2219.593933680403
2732.4382133178005
4044.320857799534
4268.363398685849
3848.242352821315
2797.4782881042884
2302.847793531175
2467.1758770069473
1595.4393183438124
1592.7046934539917
1636.541760114565
1721.1702984906015
2261.006854095349
2934.7000566612187
3973.318459244651
4234.34892980174
4052.9996901704517
4003.517681375334
2716.2867817345336
3088.149851013634
2459.2461387608687
2266.7189280787475
1787.823155352698
2188.008553026722
2356.1521370105893
2972.0551234306436
3924.200300353082
4861.99772888762
4535.229848997756
3387.9224674998536
2841.629558065163
2066.6198895512293
2013.8762995886543
1639.9198494270588
1856.1594875607066
1923.1591543441264
2385.6065624419602
2932.453662428527
3607.394656569226
4416.581900161909
3897.2536313122373
2809.5905830684883
2106.243060218102
1843.2224089073663
1379.0190749083838
1372.5388596921841
1352.2209713755415
1611.5682083091442
2104.317546961408
3339.3725550468703
3844.4883092585537
4684.57333132524
4479.146996202519
3419.4125619938964
2919.507465777304
1645.8755191972245
1642.3868332733368
1668.7397548669132
1320.324265795585
1617.7263327053151
2057.1523760965747
2642.8674467840087
3320.691774293785
3837.809351416502
3625.466081586547
3029.2571237176458
2146.554927891536
1416.5017056564363
959.7384096938822
1281.021950352542
1196.6215843776254
1369.77868912346
1431.5688487603813
2414.2820061438233
3442.310052581334
3878.858246778164
3296.5560073102743
2669.5645496448064
1920.1324596930938
1536.4929643812739
883.1688165899708
1084.4614417789473
1188.1326273383263
1437.3140881747468
1819.8629695378593
2504.7931826316926
3204.466382366533
3879.979908428186
3465.4573484839575
2341.9867404286224
1720.7133327519493
1061.3737688600581
960.9677107884061
936.2784309938579
703.4118931691427
1580.9277274651236
1447.8262847828578
2323.771787323754
3163.117146692475
3850.1223590459726
3463.4228611943786
2475.5452765364776
1456.9421112797486
916.0614416685617
761.4375732180341
958.5044218807599
705.4046394405307
1221.2860024445336
1519.329053160713
1905.4482294919733
2748.216467224893
3635.5343193690655
3021.6793172235234
2248.7082549465376
1759.5268002795376
1042.2968853316816
705.1624874661458
613.0482745059496
776.7454236869281
889.1340300651079
1395.468204863115
1897.637008448598
2799.7935220771565
4181.698077739719
3332.178063364887
2635.3249887432
