0
0
0
0
0
27.32745014469529
140.92434121778805
1126.221626874883
542.5071800492406
670.4537827104483
136.14972448551998
0
0
0
0
0
0
0
419.12362105289645
1311.1705591136952
1484.7007600301538
543.5313246131639
142.74648764309183
3.4269336905243293
0
0
0
0
0
0
860.637574955436
1285.7066793760168
1301.9522498424656
681.9589403527388
63.421208315905865
0
0
0
0
0
0
55.832350440750346
288.7448605047239
1122.5266373362967
1070.7463799647628
460.6592004023267
70.35926883228368
0
0
0
0
0
0
47.96137573510896
823.3611488438506
1314.3472343004664
1745.441975126782
1178.5902831558928
181.51822018861873
0
0
0
0
0
0
107.91411056761278
599.7296860381708
1082.0826930247074
2364.088859730871
587.2361180902172
126.80628396515095
0
0
0
0
0
0
25.736631130219543
400.2059404518854
1715.1358761564077
2140.83526506169
1244.417616138999
147.94260453692715
0
0
0
0
0
19.43531451879675
7.271749804197867
506.7880311844596
791.6865178133476
737.7893882243327
528.7106055585531
270.7495876013813
0
0
0
0
0
12.954832487786799
107.13336535583744
296.50543009966594
1925.018881682159
1905.5047563352946
955.1727582312536
86.67410668315803
0
0
0
0
0
0
42.84736778840219
359.20831349257924
1340.2406974878454
1414.9724604823111
555.5373618427126
58.27988645720346
0
0
0
0
0
0
0
426.53560252228726
1651.2212581520587
1751.7015766573095
579.7963543005942
0
0
0
0
0
0
0
11.625603433314083
608.7578542979422
1517.225977520596
1082.3272151199665
1077.1419304308117
323.27286553972795
7.766520356980408
0
0
0
0
0
2.606268130415245
472.28136861209714
1335.8248429491439
1769.1692119313261
1040.6081188004794
324.0091263152776
0
0
0
0
0
0
0
627.0134057812326
1473.3415638224635
1334.0295450946837
1025.2450646292964
186.53251374003008
0
0
0
0
0
0
0
358.9435783174069
1376.403377177766
1909.9064173585843
1163.2433574989434
295.82325586070885
0
0
0
0
0
0
0
319.45276649068444
830.6062953784301
1332.6814572947646
545.7758023072257
265.10283328377716
0
0
0
0
0
0
55.8729116664726
352.4838170415257
1674.5600580840871
2240.824020132416
722.0390110056996
179.58136545721854
9.316902932160119
0
0
0
0
0
0
112.46563943970386
858.311444430954
1430.6170686354228
540.5504453476776
118.9062738296844
0
0
0
0
0
0
0
145.36607304689704
1162.449335505953
1343.0478538552043
718.4483718173551
10.846309401857454
0
0
0
0
0
0
0
231.24027398812166
1108.7879578194172
727.1737302871471
478.2522406873942
65.04644347519927
0
