5.815785543612612
4.146132019120379
2.863575268821692
3.1056227598611184
2.068884408606638
3.0132205794504183
4.487753882915173e-12
78.033527479092
279.27120669056154
340.09707287933094
66.67600059737157
7.606780167268525
5.815785543612612
4.146132019120379
2.863575268821692
4.599059139784946
2.068884408606638
0.3997162485110588
0.746699522102748
115.74223416965353
291.96460573476696
438.66338112305857
360.5081391875746
22.167637395459977
10.296158154121864
7.506335872162485
2.863575268821692
3.1056227598611184
2.068884408606638
0.3997162485110588
4.487753882915173e-12
181.453853046595
456.22461170848266
276.62522401433694
96.91830943847073
34.862044504181604
5.815785543612612
4.146132019120379
2.863575268821692
6.465826612903226
2.068884408606638
0.773073476702509
4.487753882915173e-12
136.27389486260455
460.73924731182785
370.3393817204301
104.01284348864993
32.248543906810035
5.815785543612612
4.146132019120379
2.863575268821692
3.1056227598611184
2.068884408606638
0.3997162485110588
4.487753882915173e-12
146.35640681003585
520.091472520908
548.4505675029868
301.89142771804063
50.169504181600956
17.763104838709676
4.146132019120379
12.570937873357229
3.1056227598611184
2.068884408606638
0.3997162485110588
4.487753882915173e-12
139.26149940262843
264.3380376344086
526.7633661887693
158.89896953405017
21.42096027479092
6.935853494623656
4.146132019120379
2.863575268821692
3.1056227598611184
2.068884408606638
0.3997162485110588
7.840501792114695
229.98842592592592
232.22819593787335
350.9274193548387
75.2665770609319
51.6627464157706
12.909647550776583
4.146132019120379
2.863575268821692
3.1056227598611184
2.068884408606638
0.3997162485110588
4.487753882915173e-12
236.33512544802866
353.19705794504176
555.1329151732377
76.38664874551971
7.606780167268525
12.536103643966547
4.146132019120379
8.090591397849462
3.1056227598611184
2.068884408606638
0.3997162485110588
4.487753882915173e-12
287.1135752688172
572.3603643966547
555.1329151732377
153.29562425328555
14.32709826762246
5.815785543612612
4.146132019120379
2.863575268821692
3.1056227598611184
2.068884408606638
0.3997162485110588
4.487753882915173e-12
202.35775089605735
478.6618876941458
341.21677120669057
117.45445041816009
13.954002389486257
15.523148148148149
4.146132019120379
2.863575268821692
3.1056227598611184
2.068884408606638
0.3997162485110588
34.348678315412194
97.4454898446834
471.93399044205495
467.76807048984466
75.63881421744325
11.713720878136199
7.309221923536438
4.519489247311827
2.863575268821692
3.1056227598611184
2.068884408606638
0.3997162485110588
4.487753882915173e-12
81.39262246117084
320.3393817204301
363.9926821983274
118.57452210274793
15.447281959378731
8.802658303464753
5.266199970131421
2.863575268821692
3.1056227598611184
2.068884408606638
0.3997162485110588
22.774865591397848
94.08602150537635
366.2623207885305
194.86036439665472
168.97662783751494
53.15830346475508
5.815785543612612
4.146132019120379
2.863575268821692
3.1056227598611184
2.068884408606638
0.3997162485110588
6.720318100358422
171.74320489844683
513.7604540023895
298.6570340501792
104.38508064516131
7.606780167268525
7.682594086021505
4.146132019120379
3.983643219832736
8.332638888888889
2.068884408606638
0.3997162485110588
4.487753882915173e-12
163.15710872162484
323.3266129032258
440.531660692951
388.5110513739546
21.04786439665472
5.815785543612612
4.146132019120379
2.863575268821692
3.1056227598611184
2.068884408606638
0.3997162485110588
4.487753882915173e-12
150.0918458781362
387.1706989247312
377.8057795698925
133.88366188769413
41.58232526881721
20.00350955794504
12.360215053763442
2.863575268821692
3.1056227598611184
2.068884408606638
0.3997162485110588
4.487753882915173e-12
181.82571684587813
472.29054659498206
233.68914277180406
264.5590651135006
64.73192951015531
6.935853494623656
4.146132019120379
2.863575268821692
3.1056227598611184
2.068884408606638
1.5197841995221024
4.487753882915173e-12
126.19623655913979
198.62641875746715
355.77844982078847
101.02561230585424
11.340352449223417
5.815785543612612
9.37314814814815
2.863575268821692
3.1056227598611184
2.068884408606638
0.3997162485110588
4.487753882915173e-12
184.43697729988054
514.1136499402628
308.73506571087216
155.53539426523298
37.10200119474313
5.815785543612612
4.146132019120379
2.863575268821692
3.1056227598611184
2.068884408606638
0.3997162485110588
4.487753882915173e-12
145.23633512544802
562.6680107526881
555.1329151732377
373.950119474313
50.169504181600956
