7.812649342891278
3.458669354865921
2.3887022103020024
2.5906137993103657
1.8929734169653525
7.259199522102748
19.889112903225808
88.75821385902032
93.19369772998806
68.6570340501792
26.118951612903224
7.125709378733572
4.851403823205228
3.458669354865921
3.396505376344086
3.326164874551971
1.7258064516401148
3.538284050179211
72.08408004778973
142.648596176822
232.05645161290323
102.13971027479091
35.22140083632019
8.807385005973716
4.962850955794504
3.458669354865921
2.3887022103020024
2.5906137993103657
2.063328853046595
6.7854091995221015
46.99820788530466
121.44937275985663
108.72535842293907
70.1280615292712
35.520833333333336
10.125074671445638
5.6315337514934285
3.458669354865921
2.3887022103020024
3.2274492234169654
3.409460872162485
3.8121789127837515
13.036140979689367
69.77673237753883
118.75
55.08176523297491
27.914053166069294
10.803464755077659
4.851403823205228
3.5864359318996417
2.3887022103020024
3.4328330346475506
1.7258064516401148
12.386514336917562
52.990591397849464
261.6636798088411
176.77718040621266
119.2469384707288
46.09655017921147
12.586618876941458
6.335648148148148
4.942913679808841
2.4484057646356034
2.5906137993103657
1.7258064516401148
8.811992234169654
34.14389187574672
63.810483870967744
84.36379928315412
63.50097072879331
27.050104540023895
6.418817204301074
5.881496415770609
3.458669354865921
2.3887022103020024
2.5906137993103657
1.7258064516401148
8.847834528076463
49.75731780167265
146.8563321385902
190.54659498207886
91.65210573476702
48.037634408602145
14.296594982078853
6.677568697729988
3.642547789725209
2.3887022103020024
2.621659572879331
6.995743727598566
12.059080047789724
65.42712066905615
165.46818996415772
261.6636798088411
174.8062275985663
49.45191158900836
7.046893667861409
5.450828853046595
5.742196833930705
2.3887022103020024
4.11305256869773
1.7258064516401148
10.598879928315412
39.11663679808841
141.7749402628435
185.07691158900838
81.43331839904421
41.613649940262846
12.62955495818399
6.33366935483871
3.458669354865921
2.3887022103020024
2.5906137993103657
2.4263366188769413
8.938560334528075
51.40755675029869
137.17891278375149
161.9586320191159
152.27785244922342
39.84206989247313
12.497386499402628
5.341771206690561
3.458669354865921
2.3887022103020024
2.5906137993103657
1.7258064516401148
12.528763440860216
59.02777777777778
133.24746117084825
136.91756272401435
108.81533751493428
40.217293906810035
11.923163082437275
4.851403823205228
3.458669354865921
2.3887022103020024
2.5906137993103657
2.3737679211469533
16.18915770609319
32.25246415770609
96.90486857825567
116.819743130227
68.32101254480287
31.6819743130227
11.107004181600956
5.042450716845878
3.629816308243728
2.3887022103020024
2.5906137993103657
1.7258064516401148
7.095669056152926
35.17734468339307
106.20146356033453
111.8839605734767
64.08714157706093
25.378584229390682
6.3742372311827955
5.004245071684587
3.6560894563918755
2.496964605734767
2.644347371565113
1.7258064516401148
8.00442054958184
37.73521505376344
138.61260454002388
164.57959976105138
91.65210573476702
32.130002986857825
8.585573476702509
6.375858721624851
3.570116487455197
2.3887022103020024
2.5906137993103657
2.0299059139784945
0.3334229390953121
33.99006869772999
95.83706690561529
130.7347670250896
98.17465651135007
34.29136798088411
7.125709378733572
7.125709378733572
4.405988649940263
2.3887022103020024
2.686140979689367
1.9391465053763441
6.661827956989248
60.49880525686977
171.7928614097969
211.52927120669057
106.63866487455198
41.613649940262846
8.037970430107526
5.805070191158901
3.458669354865921
6.551635304659499
2.5906137993103657
2.048607377538829
1.2727523894862605
2.5664949223416964
115.4868578255675
104.40188172043011
74.33206391875747
30.843413978494624
6.345579450445371
4.851403823205228
3.6095206093189964
2.3887022103020024
2.87719160692951
1.8627277479091993
8.453195937873357
42.93981481481482
140.9199522102748
133.24746117084825
68.05966248506572
21.183169056152927
6.345579450445371
4.851403823205228
3.5446423237753883
2.3887022103020024
2.725944593787336
2.4263366188769413
0.3334229390953121
19.431376941457586
95.97147550776583
98.61111111111111
55.06683094384707
17.325567502986857
6.345579450445371
4.851403823205228
4.378098864994026
4.012656810035842
2.809535543608124
2.3069369772998805
5.4282556750298685
46.33736559139785
135.44653524492233
168.81720430107526
85.1370221027479
34.6777927120669
6.345579450445371
