2335.697509707288
1426.9279405615296
1154.8331317204304
1319.089616935484
1270.3054883512546
2073.9583968040624
1945.4163829151728
2450.305058990443
3282.147476105138
3847.2408527479092
3221.6870519713275
2612.2926261947428
2644.6475134408597
1739.2141166367978
1254.8730100059736
1512.195919205496
1521.6032146057346
1788.7973603643973
2038.361891427718
2531.156638291518
3187.3125522700125
3845.129890979688
2999.348379629629
1997.910345728792
1762.6644003882911
1141.7659087514933
801.6841845878141
861.5071759259259
843.0287481332135
1332.6219134557941
1573.341028225806
2268.6186529271204
3409.8964307048977
3550.839979091996
3350.7445489844677
2043.860551075269
1536.8294989545993
1307.1577658303468
1184.5376344086026
778.6122087813617
622.4525171744327
1092.203120893071
1337.174775985663
2212.856350806452
3000.7413343787316
3341.108796296296
3177.2611260454005
2210.349873058542
1510.5970990143367
1275.3306152927116
1075.7004629629628
1104.7523110812426
1133.2451799581836
1530.3999327956992
1793.4929248805254
2533.4345803464757
3656.026086469534
4468.0539874552
4276.985215053764
2642.2208034647556
2114.442054958184
1576.9591995221026
1158.3698402031062
1283.3736895161292
1070.9165438321386
1781.7714083034643
2311.5251344086023
2915.21521430705
4006.930331541217
4969.659236857827
4055.502277479093
2949.1868279569894
2157.2307347670253
2022.968298237754
1302.761387022103
1484.5671893667861
1270.5774156212663
1758.665793010753
2280.103397550777
3350.6507243130227
3739.1640942353642
4434.118802270011
4331.663418458783
3148.6359020310624
2848.90916218638
1867.6783228793317
1157.7604017323774
1501.330880376344
1127.9259184587818
1694.9700903524492
2112.9901471027483
2743.259169653524
3859.9977971923513
4670.365554062128
4502.507616487454
2585.468600657109
2026.8146094683375
1358.6120071684586
1032.2240628733568
1135.9002538829156
1063.5352019862603
1645.1567502986861
2363.4046856332143
3111.698331093191
4144.116599462366
5243.840837813621
4890.122946535246
3174.9821535244937
2213.3310857228194
960.4587514934285
918.1745781063321
757.2871938470729
698.581932497013
1085.3843003285542
1672.9170698924731
2712.012119175627
3679.955230734767
4196.396841397849
4064.7337962962956
2296.830346475508
1282.714198775389
983.4063022700118
777.1426933990442
857.2588933691757
868.6267354017324
1124.06103979988
1529.923271356033
2455.4224761051373
3060.168007019115
3321.9347744922343
3032.020385304659
1934.785976702509
1306.0203778375142
1233.5438911290323
854.4609367532858
923.8098491636796
967.8191502389483
1329.1331586021506
1626.454424283153
2443.9881944444446
2599.0946161887696
3357.5788530465948
2580.9401657706094
2046.7419914874556
1497.4232698626045
1477.502352150538
1033.156213037634
1272.062641875747
1091.4727845355437
1633.6674716248504
1809.1955584677428
2412.856981780167
3521.1614620669066
3622.3275089605736
3392.128181003583
2281.6815897550778
2061.711028972521
1529.1953890382315
1409.6797192353645
1497.2695463709676
1527.6406548685782
1856.860903524492
1916.74234244325
2895.0155055256864
3934.3711544205494
4819.159274193547
4570.035394265232
3159.411178315412
2459.3306078255678
2054.9682011648747
1640.221669653524
1523.3045138888888
1567.0765247162478
1799.993264635603
2001.8772849462368
2890.391364247313
3486.7154159199513
4147.396430704897
4284.254517622461
3093.9445937873365
2918.578322879332
1987.8702508960578
1797.8180406212664
1872.24056152927
1933.807570937873
2439.7014822281963
2451.9673312425334
3290.312671744325
4883.133408004777
5239.2222968936685
4972.852747909199
3877.803464755076
2896.2812612007165
2188.7940337514933
2258.2732937574674
2040.3331578554364
1897.6627277479092
2428.9010790023904
2430.258553614098
2785.869071087217
4027.946744324971
4268.058579749104
4218.258101851852
3113.840987156512
2302.0251792114705
1922.8433990442054
1546.6565486857828
1596.626553166069
1461.1910850881125
1695.2347300627232
2335.3329861111106
2933.323010005974
3876.2201612903227
4500.691494922344
4073.0800477897246
3340.2826612903227
2141.652479091995
2291.1128957586616
1882.2137768817208
1694.48442353644
2044.6679248805253
2139.4593003285554
2444.4516502389492
3144.437914426524
4227.31223864994
4454.578591696536
5271.1928763440865
3219.289650537635
3052.1440374850654
2846.1334229390673
2196.000399492234
2270.5496833930697
1927.7540240442045
2180.2543776134994
2584.2472035543606
3097.509796893668
3917.630656362008
4737.692614994027
4594.6986260454005
3232.7730361409813
