0
0
0
0
10.384704371222433
0
579.6242366777642
1151.9485533981806
1817.7024458795872
1069.8769457928856
147.45703482004808
20.2829730057967
0
0
0
0
0
26.36914849048047
254.55227248658827
1209.0185280503738
2279.6018203646818
727.3877314231996
167.91300496686716
56.59920071561393
0
0
0
0
0
0
619.6728198777777
1457.2732863055269
1204.9473215270532
1162.5253232679124
72.84903836369554
0
0
0
0
0
0
42.18405294971092
359.08838649038694
1148.2535638595944
1064.6281750663154
962.3236269256241
148.8927963113757
0
0
0
0
0
0
10.446292103089824
545.3111936467179
789.9065234283039
1043.4310730957186
965.3151935501583
91.55443583975375
0
0
0
0
0
0
46.044300233084726
517.7874817370956
1404.7200884846836
2274.508886612591
1128.206846883527
52.52880487315573
0
0
0
0
0
0
3.4565385376269546
436.7983090301409
904.802094794401
1479.4194944523697
299.6446173337421
132.69689814505134
0
0
0
0
0
0
103.71873307779407
580.4573860231692
1484.9981964274457
3242.104277710592
1007.7032877568806
160.8744755942128
0
0
0
0
0
0
1.7379427154550768
501.4232915094629
1932.4471970943457
1872.2162258693452
1404.4697265705604
294.9507270535284
0
0
0
0
0
0
39.97733343953718
283.4755252607991
495.9467160063642
767.024431808476
107.52328627520949
117.53515079412107
0
0
0
0
0
19.30540439293376
21.408425807252634
361.38551291655256
624.0233041496692
1250.137209871169
505.76745645113175
181.84028182672986
0
0
0
0
0
0
45.3980795384515
287.8963324938801
660.1362971143832
855.9637145225944
379.8088211118153
52.66545066517607
0
0
0
0
0
0
23.20811998226708
637.4116702847374
1058.0582658882122
1629.2244688010992
725.2586564348879
0
0
0
0
0
0
0
38.127058367575536
139.9942152197034
770.9237024126668
1070.377364688471
456.2146733509214
54.31286768268241
0
0
0
0
0
0
56.845838334210185
80.33989701513688
948.0778843462249
1858.1897208233397
717.7004960891464
104.54633680455586
0
0
0
0
0
0
16.21104661821815
388.4805442684624
1397.9621794883462
1322.2950325635816
228.37952094521847
0
0
0
0
0
0
0
100.05021901414285
356.09866172491877
1437.2079075464526
1386.6614603952598
344.4878610654371
172.17772895781596
0
0
0
0
0
0
0
640.7288189498591
1001.1112502851951
1571.4048523869164
168.42174911111852
69.09739539479783
0
0
0
0
0
0
19.665186631728815
847.9741599644598
1315.1117459002182
1048.1075910117158
484.9854835258379
143.6907687805911
0
0
0
0
0
0
3.6651861528938383
350.533471419424
496.7434536378163
1079.7932046001697
739.4895465416354
142.12839538678833
0
