23.395609318996417
7.823028673835127
3.792122162485066
4.597558243727598
1.598947132616488
6.482937574671445
14.549133811230586
103.72013142174433
184.58706690561527
212.56533751493424
76.29293608124254
37.16084229390681
19.0074298088411
11.037410394265233
13.617831541218639
6.139896953405018
2.066823476702509
4.932497013142175
26.207549283154123
88.53531959378732
170.06309737156508
202.5377090800478
177.88269115890085
48.888142174432495
29.256981780167266
7.523297491039426
3.528393817204301
3.779409348864994
5.618391577060932
14.221774193548388
28.071908602150536
107.53173536439665
235.08736559139786
295.35132915173244
140.28636499402631
70.90651135005973
24.001269414575866
6.103382616487456
4.409557945041815
2.6754741636798087
3.871875
7.816868279569894
41.08721624850657
83.4206989247312
249.9223416965352
190.26508363201913
166.14172640382318
77.72700119474312
43.555256869773004
7.976553166069295
5.470392771804062
3.29575119474313
4.925276284348865
13.62410394265233
27.525164277180405
100.32071385902032
201.1047640382318
258.07497013142176
108.46326164874552
60.87328255675029
15.379181600955794
10.997946535244921
8.287410394265233
3.223816457586619
3.782982377538829
5.523222819593787
29.41636798088411
99.12447729988052
177.58064516129033
205.19937275985663
147.81810035842295
23.07530615292712
16.981892174432495
14.362119175627237
5.876269414575866
4.756757765830346
4.180906511350059
4.576202210274792
38.74070340501792
130.4409348864994
172.4985065710872
239.74723715651135
94.91226105137396
31.40927419354839
15.203853046594983
4.316132765830346
5.850507765830346
2.140173237753883
1.5833071983273597
16.912373058542414
28.448215352449225
112.23864994026285
193.95310633213862
160.3983721624851
48.23812724014337
20.739658004778974
15.310931899641574
7.934513142174432
4.089314516129032
2.557119922341696
5.487873357228197
16.9685633213859
31.741338112305847
118.04398148148151
239.17637395459977
222.80279271206692
96.451986260454
42.024006869773
25.091285842293907
5.978419952210274
5.57437275985663
2.144601254480287
1.4116375448028673
8.972334229390679
30.38537933094385
122.07885304659499
202.98237753882916
234.77747909199522
99.71251493428913
20.473864994026286
7.785916965352449
15.506272401433693
3.499936529271207
4.494015083632019
3.4667674731182796
8.64616935483871
68.29898446833931
96.89852150537634
218.84371266427718
265.15382317801675
132.0848267622461
69.02180406212665
17.131795101553163
7.835125448028674
4.129103195937874
3.7094011350059737
3.9510566009557944
6.918608124253286
37.33004778972521
83.62231182795699
225.18033154121864
198.93854540023895
159.96639784946237
29.999477299880525
27.08004778972521
12.566868279569892
2.846076015531661
5.102411887694146
2.372054211469534
16.876344086021504
39.901508363201906
91.94407108721624
132.80503285543608
197.59856630824376
81.95937873357227
66.9649790919952
29.430667562724015
12.500261350059738
3.938709677419354
6.8391577060931885
11.277180406212665
25.98801523297491
50.24305555555556
120.04032258064517
238.6021505376344
330.5693697729988
184.27867383512546
64.12783751493428
37.207399940262846
4.809177120669055
4.073006272401433
3.4452658303464756
2.5763216845878136
8.106518817204302
10.496938470728795
86.39448924731184
167.01090203106335
214.8708183990442
97.85095579450419
39.24932795698925
17.357041517323776
9.276022998805258
5.152628434886499
0.6772909199522102
3.0963037634408597
2.3357750896057348
33.72987604540024
72.95512246117086
168.98857526881721
192.26926523297493
80.04741636798087
33.676037933094385
20.956055854241335
7.386536738351254
5.8775014934289125
3.835368130227001
2.1516390382317803
1.6286364994026283
25.422341696535245
78.81907108721624
200.02314814814812
213.50470430107526
104.45489844683395
60.85312126642772
29.807721027479094
9.360252389486261
7.802008661887694
3.5809438470728785
2.914702807646356
4.556376941457587
35.720019414575866
51.74615442054958
152.09304062126645
213.8691009557945
70.58430406212665
46.72192353643967
34.57343936678614
6.595168757467144
6.693212365591398
4.968637992831541
3.6727486559139786
7.096326164874552
25.089605734767026
82.35775089605735
135.350582437276
167.39583333333334
86.56362007168458
45.54696833930706
20.105025388291516
15.625074671445638
7.017697132616488
2.4688396057347672
2.643365442054958
6.165621266427718
25.086096176821982
89.53965053763442
193.28218339307048
212.69489247311827
104.06847371565111
51.63269115890083
