0
0
0
0
3.385634030720645
65.8326398101672
86.6740051962827
940.017176456723
1690.4387810050353
475.22342130065147
44.86559963486286
0
0
0
0
0
0
17.678698968377716
441.46419751645686
1190.4600603084382
1807.5337946777045
609.160431542674
298.4640428999615
0
0
0
0
0
0
0
131.66987035567487
492.5951202362319
775.484209221199
323.9093585128344
22.213248339800693
0
0
0
0
0
0
0
514.2138345190608
1582.5986952813391
1873.8336708847148
843.1483730427088
129.1512341847329
0
0
0
0
0
0
0
114.45142662162837
478.8674702622344
1024.3032355807845
114.81717234346746
0
0
0
0
0
0
0
30.242291571197043
388.064512800417
1119.9385024631779
1324.3449827894133
499.36836122044434
111.64559101413542
0
0
0
0
0
0
34.306971632011646
513.5497277876082
1362.1105625363364
1620.0347871644365
782.340256521317
53.3162977866284
0
0
0
0
0
0
0
386.4430491056064
1369.284710764363
1484.7637012470327
815.5493899074181
90.34162015813159
0
0
0
0
0
0
40.97565926264744
458.0705436002633
1174.2344581457196
1798.3474982707785
789.7587050651842
211.70599139044594
0.36810397402773987
0
0
0
0
0
2.5113089473030286
402.15746223809884
1153.1013605702828
1139.9272842576993
370.37383137676267
80.31811823737074
10.322128239888208
0
0
0
0
0
106.38893655994084
90.0762984601608
961.8063089286421
1480.504966740942
782.1096756864963
33.15266981956141
0
0
0
0
0
0
18.614290709299738
563.9340789096508
1613.1888658121127
1802.9608023362148
714.5149889732252
104.21230699731464
0
0
0
0
0
0
31.067102957177497
434.7809952548688
1123.281160153445
1629.2244688010992
655.5061922771818
104.15436227704586
0
0
0
0
0
0
26.981710398638832
364.32710052436295
1325.724703010038
1157.4689118808246
574.9019493365843
112.14687305902649
0
0
0
0
0
0
29.808987975787247
560.786469595782
1471.7797212637875
1923.2543116238178
1196.1667445957173
316.60917282606124
0
0
0
0
0
0
0
512.860771269657
1434.1852977679162
2125.657861117943
1255.3105992008932
317.6669013841356
0
0
0
0
0
0
37.74193795082148
393.7584586185867
1397.4535766026056
1758.1130732984855
765.7356209220678
148.6172077511254
42.711429515194766
0
0
0
0
0
0
445.87144141103
1185.8080842159
1379.001178551791
545.9570313691831
132.445252324308
0
0
0
0
0
16.556547959076568
0
95.99581468369507
37.42607535063638
762.504245730951
40.20195604674592
0
0
0
0
0
0
0
44.112654790886666
204.24945857593525
1197.1444393008987
1567.9783151139093
760.9333189430693
129.35114030912996
0
