232.02748842592592
254.5806824970131
132.80916005824375
111.97644709528078
53.69328039127841
159.11919989545993
459.8208079450418
2067.4683281063326
4208.914994026285
4079.283303464758
2171.87841995221
968.7266054360813
696.1364732676224
163.44576836917568
133.34950160543613
98.32433573028675
103.03166020758661
221.64208146654724
544.9607108721622
2390.5054920848256
4946.300186678614
3962.591300776583
1897.5020123954596
1339.6171370967743
266.668206765233
175.65052232676226
144.61387992831547
152.53020852001194
176.38480772102747
161.90320082885307
553.2739837216249
2898.9383101851854
7081.116158900838
5673.582194593788
3432.8844160692943
958.3665845280765
562.9286585274792
278.2680219534051
257.52901620370375
184.57553546893664
217.2062544802868
203.0234964904421
641.335446535245
2909.330925179212
6837.105772102749
5067.6154420549565
2440.443313172043
1191.3615666069293
932.4847323028672
459.8948644713262
221.17083071983274
160.1151933617085
79.15858852299881
235.1705925179211
970.6188881421748
3024.8952695639173
6901.850119474315
4948.2393369175625
3173.103711170848
820.944008736559
397.3095105286737
215.80261275388287
134.61040326314216
172.0217605660095
118.66468525985661
187.2162608273596
1053.2957847968935
3902.432571684587
7601.065106033451
5932.000485364398
3219.0388627538828
1463.1006720430105
398.15480772102745
349.9912283452808
229.24906287335722
253.54670810931898
173.4690869922342
353.9702027329749
811.7776108870968
3458.1750298685783
7061.970803464755
5504.32298760454
2251.505581690561
1079.9908639486262
393.8456824970131
229.02647998805247
213.57458333333344
203.25663791816015
139.12568216099163
282.06688620071674
957.102968189965
3103.809150985662
7150.667256571086
5897.074727449225
2814.2894638590215
844.9609875298687
600.9143305704898
406.2170224761051
176.7258381869773
164.69045934139788
186.43429241338114
337.51457735961765
804.0197793458782
3807.1428427419346
7910.297629181604
5830.528871714457
2624.988720878136
1015.4299320489845
558.9335801224614
128.72751530764634
137.29920810931904
87.8468723864994
87.91871016278374
123.18678106332142
249.66798984468335
1734.7917674731182
3760.5919280167273
2089.7081802568705
1122.111984767025
511.60948962066914
488.50118204898445
513.6918529719238
133.85227038530465
132.17137992831542
452.8946665919955
638.5115550328553
595.8413799283152
3375.366274641577
6956.0472744922345
4734.334625149343
2010.5960610812422
982.9306003584229
433.911992980884
331.01778972520907
185.41028375149344
175.9340778823178
173.72818877688172
191.15984244324974
807.2326747311827
3114.02410020908
7431.440012694145
5551.025048536441
3139.236618876941
1478.4485439068092
623.8540023894863
383.5783366935483
182.1369972099014
99.95430600358426
103.61272110215053
146.0967691905616
402.89284199522103
2303.6237567204307
5604.284113649939
4781.445377837516
1821.9107265531663
553.8640490591397
270.20503136200716
299.7933695489846
97.14240460722822
113.16278349014337
120.83383191457585
171.59971326164876
407.79409087514915
2738.3705085125457
6455.952120669058
4931.359759557946
2511.4408490143364
538.3235289725209
391.9808527479092
169.34233086917564
251.58262582138596
312.4708820937873
126.70703584229389
230.14701762246116
497.78153935185185
3076.2393966547197
6633.67971176822
5725.913773148149
1443.6841136499395
839.3574178614094
414.9507030316607
259.21791778673844
249.59370893070482
278.7218988948626
158.3458997909199
220.84652964456382
1152.3932086320197
3955.858180256871
7859.921538978495
6311.263213112305
3220.3762731481497
1252.8399454898454
471.83156959378744
259.8124817054959
222.07660431600956
182.39499589307047
209.0061869026284
593.0047991338112
1355.069123357228
4075.1351702508973
8330.51084976105
6678.804902180409
4330.567506720429
1318.6466659199523
470.1837858422939
317.50725881123054
152.77746341099163
214.71047155017925
137.4109750597372
441.47533975507764
943.3326650238952
3870.6809139784955
8200.088112305853
6791.919817801671
4136.543540919954
1433.8119922341705
439.1440180704898
252.21992831541223
256.83954562425333
110.24656365740739
93.95434431003582
280.8514908154122
1162.2679062126642
3133.302867383512
7093.136544205495
5375.652613500598
2377.123525238948
951.3455122461169
431.75296445639185
175.6601683841099
112.81050313620071
108.57916278375154
112.29531007317797
198.57586656212672
527.9052456690562
2333.682470878135
6212.8142174432505
4572.443451314218
1930.0215651135002
696.4812115442053
