9.549357825567503
6.759636350059737
2.863575268821692
3.1056227598611184
2.068884408606638
0.3997162485110588
4.487753882915173e-12
42.93615591397849
235.2154271206691
284.83982974910396
106.62858422939068
7.606780167268525
18.88332586618877
4.146132019120379
2.863575268821692
3.1056227598611184
2.068884408606638
0.3997162485110588
4.487753882915173e-12
86.24365292712066
389.0382317801673
279.6124551971326
167.10909498207886
30.754778972520914
5.815785543612612
4.146132019120379
2.863575268821692
3.1056227598611184
2.068884408606638
0.3997162485110588
4.487753882915173e-12
67.20318100358423
312.12477598566306
328.5233721624851
18.14142771804511
7.606780167268525
5.815785543612612
4.146132019120379
2.863575268821692
3.1056227598611184
2.068884408606638
2.6398521505376342
4.487753882915173e-12
113.50283751493428
377.8360215053764
397.2225955794504
90.57160991636799
41.58232526881721
5.815785543612612
7.87970430107527
6.2237791218637994
3.1056227598611184
2.068884408606638
0.3997162485110588
4.487753882915173e-12
171.74320489844683
279.27120669056154
347.9398148148148
341.84438470728793
18.807459677419352
12.909647550776583
4.146132019120379
2.863575268821692
3.1056227598611184
2.068884408606638
0.3997162485110588
4.487753882915173e-12
171.74320489844683
269.56503882915166
278.8687275985663
129.40001493428912
12.833796296296295
19.256869772998808
5.266199970131421
2.863575268821692
3.1056227598611184
2.068884408606638
0.3997162485110588
4.487753882915173e-12
214.30742234169654
571.2514934289128
479.36342592592604
147.3252688172043
44.19586320191159
6.189142771804061
4.146132019120379
2.863575268821692
7.959080047789725
2.068884408606638
0.3997162485110588
4.487753882915173e-12
149.34363799283153
502.16509856630813
586.5173237753883
290.69407108721623
44.19586320191159
11.042801672640383
4.146132019120379
2.863575268821692
3.1056227598611184
2.068884408606638
0.773073476702509
6.347222222222222
173.23924731182797
583.9120370370371
513.7085573476703
228.7130376344086
60.62473864994026
28.590651135005974
4.146132019120379
2.863575268821692
3.1056227598611184
2.068884408606638
0.3997162485110588
4.487753882915173e-12
76.91345579450419
188.1724163679809
175.07205794504182
50.996789127837516
7.606780167268525
9.175989396654721
4.146132019120379
2.863575268821692
3.1056227598611184
2.068884408606638
0.773073476702509
4.487753882915173e-12
85.87141577060933
396.5046296296296
513.7085573476703
208.1813769414576
40.089045698924735
8.055921445639187
4.146132019120379
2.863575268821692
3.1056227598611184
2.068884408606638
0.3997162485110588
4.487753882915173e-12
92.59445937873357
373.7287186379928
583.9038231780168
358.26911589008364
40.089045698924735
27.09692353643966
6.3862679211469535
2.863575268821692
3.1056227598611184
2.068884408606638
0.3997162485110588
4.487753882915173e-12
28.0019041218638
239.32272998805257
331.8828405017921
160.76202210274792
7.606780167268525
5.815785543612612
4.146132019120379
2.863575268821692
3.1056227598611184
2.068884408606638
0.3997162485110588
4.487753882915173e-12
157.55824372759858
353.19705794504176
372.95512246117084
158.89896953405017
15.447281959378731
5.815785543612612
4.146132019120379
2.863575268821692
3.1056227598611184
2.068884408606638
0.3997162485110588
4.487753882915173e-12
242.31033452807645
521.594982078853
574.2114695340501
205.56563620071685
28.51482228195938
5.815785543612612
4.146132019120379
2.863575268821692
3.1056227598611184
2.068884408606638
1.1464157706093192
16.801224611708484
236.33512544802866
501.0584677419354
515.9658751493429
189.88463261648747
55.76963859020311
16.64333183990442
6.3862679211469535
2.863575268821692
5.345758661887693
2.068884408606638
0.3997162485110588
34.72222222222222
180.329674432497
355.0649641577061
385.2721774193548
211.1689814814815
60.62473864994026
8.802658303464753
4.146132019120379
2.863575268821692
3.1056227598611184
2.068884408606638
0.3997162485110588
4.853457287933094
192.65158303464753
583.9120370370371
580.1851851851851
417.63366188769413
56.14135304659498
9.922726254480285
4.146132019120379
2.863575268821692
3.1056227598611184
2.068884408606638
0.3997162485110588
6.347222222222222
137.0221027479092
467.8199671445639
548.4505675029868
195.48797789725208
40.089045698924735
5.815785543612612
9.37314814814815
5.850448028673835
3.1056227598611184
2.068884408606638
0.3997162485110588
4.487753882915173e-12
76.16562126642772
334.1565860215054
366.6084229390681
123.05331541218638
7.606780167268525
