4.851403823205228
3.458669354865921
2.3887022103020024
5.883475209080047
1.7258064516401148
8.055197132616486
17.556376941457586
47.54704301075269
90.33004778972521
52.49439964157706
33.81235065710872
9.446273894862605
7.382765830346475
3.458669354865921
2.3887022103020024
2.5906137993103657
1.7258064516401148
1.225
39.33691756272401
119.60125448028674
119.63485663082437
57.27337216248507
27.050104540023895
9.851366487455197
4.851403823205228
3.458669354865921
2.3887022103020024
2.5906137993103657
3.779607228195938
0.3334229390953121
34.42204301075269
8.450940860215054
129.15919952210274
59.54338410991637
25.262843488649942
6.345579450445371
4.851403823205228
3.6238463261648746
3.181563620071685
3.179696833930705
2.048607377538829
9.328718637992832
49.316756272401435
104.16293309438471
137.9965651135006
59.386574074074076
28.169429510155318
13.907930107526882
7.598603643966547
3.458669354865921
2.3887022103020024
2.5906137993103657
1.7258064516401148
9.010244922341695
37.29540023894862
114.91562126642772
137.78375149342892
65.67764336917563
31.64613201911589
8.347595579450417
5.96311230585424
3.8308281063321385
5.641763739545998
2.5906137993103657
1.7258064516401148
7.9517771804062125
44.14202508960574
126.8107825567503
161.67861409796893
108.08355734767025
32.912933094384705
8.537858422939069
6.388590203106332
6.539762544802867
4.653449820788531
4.12780017921147
2.147700119474313
10.626508363201912
65.42712066905615
132.1423237753883
191.11036439665472
114.03113799283155
30.87178912783752
10.19377240143369
6.467368578255675
3.5430518219832736
2.3887022103020024
3.100097072879331
1.7258064516401148
14.84544504181601
46.736857825567505
148.58124253285544
179.86857825567503
115.86058841099161
41.80107526881721
6.945004480286737
8.056264934289128
7.238164575866187
2.3887022103020024
2.803953853046595
1.8026247013142174
17.687440262843488
60.49880525686977
148.86126045400238
232.05645161290323
117.66390382317802
32.48730585424134
10.934513142174433
5.395908004778972
3.506432945041816
2.3887022103020024
2.5906137993103657
1.7258064516401148
9.886140979689365
54.64083034647551
145.15755675029868
134.45340501792114
59.506048387096776
30.193399044205496
8.150238948626045
5.849649044205496
5.1423237753882916
3.2671370967741935
2.5906137993103657
3.3974761051373954
4.870833333333334
40.70340501792115
128.61783154121864
157.1609916367981
59.506048387096776
21.28509557945042
13.19668458781362
5.695228494623656
3.458669354865921
3.6385155316606927
2.777680704898447
1.7258064516401148
11.458721624850655
62.58960573476703
141.7749402628435
207.77329749103941
120.19153225806451
49.45191158900836
11.042040023894863
11.003210872162486
3.458669354865921
3.0215427120669056
2.5906137993103657
1.8117794205495819
11.932511947431303
53.263142174432495
139.45265830346474
185.07691158900838
93.31727897252091
30.608198924731184
6.345579450445371
7.134931302270012
3.6238463261648746
4.390718339307049
2.5906137993103657
1.7258064516401148
11.303031660692952
17.354017323775388
95.05301672640383
122.75238948626045
31.535991636798087
25.95206093189964
6.840725806451613
4.851403823205228
3.9044578853046596
2.6020422640382317
2.5906137993103657
2.512283452807646
8.930719832735962
68.56332138590203
187.50373357228196
215.3935185185185
129.01396356033453
35.520833333333336
10.508512544802867
4.851403823205228
3.458669354865921
2.3887022103020024
3.264075567502987
1.7258064516401148
11.414292114695339
53.263142174432495
141.7749402628435
167.6859318996416
72.3980734767025
30.843413978494624
11.400462962962962
5.432534348864994
3.485337141577061
2.3887022103020024
2.7020609318996414
1.7258064516401148
8.373670848267622
64.28838112305854
161.67861409796893
176.77718040621266
112.50784050179212
49.45191158900836
10.803464755077659
8.677195340501791
4.058094384707288
2.3887022103020024
4.592629928315412
1.7258064516401148
13.884050179211467
17.588859020310633
118.75
207.77329749103941
94.89284647550777
51.36872759856631
14.796520310633214
5.344944743130227
3.8439740143369177
2.3887022103020024
2.6817614994026284
1.7258064516401148
9.010244922341695
49.44369772998805
176.32541816009558
224.081541218638
134.17376045400238
35.22326762246117
8.807385005973716
4.851403823205228
3.8889262246117084
2.3887022103020024
4.855361409796894
1.8085946833930702
8.453195937873357
60.412933094384705
140.19563918757467
124.46236559139786
104.68227299880526
30.063844086021504
6.345579450445371
