21.870370370370374
4.146132019120379
9.210797491039427
12.43944145758662
2.068884408606638
0.3997162485110588
4.487753882915173e-12
184.43697729988054
536.9071087216248
652.2393966547191
256.34445937873363
60.62473864994026
17.763104838709676
4.146132019120379
12.197393966547192
3.1056227598611184
2.068884408606638
0.3997162485110588
32.482265531660694
132.54293608124254
238.20303166069294
526.013664874552
297.7841248506571
37.10200119474313
5.815785543612612
4.146132019120379
2.863575268821692
11.319705794504182
2.068884408606638
0.3997162485110588
4.487753882915173e-12
238.20303166069294
406.95900537634407
520.7892771804061
301.89142771804063
34.862044504181604
12.163007765830345
4.146132019120379
3.236932497013142
3.1056227598611184
2.068884408606638
0.3997162485110588
4.487753882915173e-12
137.76993727598565
385.6791367980884
341.21677120669057
176.4433990442055
23.661364994026286
8.802658303464753
4.146132019120379
2.863575268821692
3.1056227598611184
2.068884408606638
0.3997162485110588
4.487753882915173e-12
157.55824372759858
377.8360215053764
390.12768817204307
177.9394414575866
90.49096475507766
5.815785543612612
4.146132019120379
2.863575268821692
9.825940860215054
2.068884408606638
0.3997162485110588
4.487753882915173e-12
202.35775089605735
285.24604241338113
422.9812574671446
345.57534348864993
81.53300477897253
5.815785543612612
4.146132019120379
2.863575268821692
6.092495519713261
2.068884408606638
0.3997162485110588
4.487753882915173e-12
163.15710872162484
285.24604241338113
370.3393817204301
132.76396356033453
7.606780167268525
5.815785543612612
4.146132019120379
2.863575268821692
3.1056227598611184
2.068884408606638
0.3997162485110588
4.487753882915173e-12
138.14180107526883
262.09864097968943
397.2225955794504
206.3138440860215
13.580421146953405
5.815785543612612
7.506335872162485
2.863575268821692
3.1056227598611184
2.068884408606638
0.3997162485110588
4.487753882915173e-12
145.23633512544802
320.3393817204301
409.16778673835125
110.35991636798089
19.554099462365592
8.055921445639187
4.146132019120379
2.863575268821692
5.719127090800478
2.068884408606638
0.3997162485110588
4.487753882915173e-12
137.76993727598565
269.56503882915166
288.20340501792117
111.4796146953405
7.606780167268525
5.815785543612612
5.639568399044205
2.863575268821692
3.1056227598611184
2.068884408606638
0.3997162485110588
4.487753882915173e-12
149.7155017921147
455.86805555555554
521.9399641577061
181.67002688172045
11.713720878136199
5.815785543612612
4.146132019120379
5.477079599761052
3.1056227598611184
2.068884408606638
0.3997162485110588
4.487753882915173e-12
150.8352001194743
504.4224163679809
438.66338112305857
256.7159498207885
80.03696236559139
11.042801672640383
4.146132019120379
2.863575268821692
8.332638888888889
2.068884408606638
0.3997162485110588
19.414725209080046
137.39396654719235
246.41763739545996
331.8828405017921
18.14142771804511
34.48846326164874
24.1103270609319
4.146132019120379
2.863575268821692
3.1056227598611184
2.068884408606638
0.3997162485110588
4.487753882915173e-12
181.453853046595
353.19705794504176
303.50806451612897
130.51971326164875
7.606780167268525
5.815785543612612
4.146132019120379
4.3570116487455195
3.1056227598611184
2.068884408606638
0.3997162485110588
4.487753882915173e-12
101.92465651135007
430.8531212664277
386.3922491039427
206.68570788530465
9.8469160692951
5.815785543612612
4.146132019120379
12.197393966547192
13.559662485065713
2.068884408606638
0.3997162485110588
4.487753882915173e-12
86.24365292712066
288.60513739545996
204.1950418160095
101.02561230585424
51.6627464157706
11.41633064516129
4.146132019120379
2.863575268821692
3.1056227598611184
2.068884408606638
0.3997162485110588
4.487753882915173e-12
102.30062724014334
526.4183841099164
521.9399641577061
254.4765531660693
15.447281959378731
12.909647550776583
4.146132019120379
2.863575268821692
6.8391950418160095
2.068884408606638
0.3997162485110588
4.487753882915173e-12
4.487753882915173e-12
296.44377240143365
279.6124551971326
18.14142771804511
9.100216547192353
15.523148148148149
4.146132019120379
2.863575268821692
3.1056227598611184
2.068884408606638
0.3997162485110588
26.13504330943847
228.12089307048984
397.6243279569892
319.9369026284349
167.10909498207886
62.86439665471922
5.815785543612612
4.146132019120379
5.850448028673835
3.1056227598611184
2.068884408606638
0.3997162485110588
4.487753882915173e-12
76.53748506571087
296.44377240143365
411.0356929510156
285.4666965352449
47.556003584229394
