16.953293010752688
6.866487455197133
2.1775126941457588
2.919926075268817
2.108056302270012
2.5105660095579445
42.14120370370371
75.46520310633214
137.97379032258064
198.7757616487455
119.53442353643969
34.889635603345276
16.39075567502987
3.665535394265233
3.7305256869773
3.0495706391875745
2.4964307048984464
9.40890083632019
32.30671296296296
78.65218040621266
231.75701911589007
206.3504330943847
86.42249103942653
49.84729689366786
23.75545101553166
7.8767921146953395
5.697879330943847
3.594216696535245
4.180245669056154
8.415770609318997
29.483646953405025
126.51471027479091
215.87328255675024
207.59333930704898
85.62798685782556
31.853158602150536
25.845094086021504
7.273521505376344
9.333146654719235
9.941681600955794
7.229689366786141
7.947505973715651
32.73405764635604
88.74589307048984
192.45743727598568
219.1046893667861
176.73424432497012
47.439142771804065
27.521542712066907
14.415882616487455
7.257131123058542
3.430320340501792
3.4135304659498207
4.492689665471923
35.731332138590204
105.12059438470729
194.53367682198328
211.38590203106332
168.567054958184
52.104614695340516
22.991151433691755
5.9749850657108725
3.1786364994026286
4.63287037037037
3.820519713261649
10.111297789725208
32.599313022700116
104.81369474313023
250.8930704898447
193.84595280764637
132.63515531660693
45.11947431302269
8.08266129032258
12.5533527479092
5.73443100358423
6.221848864994026
5.411364994026283
6.417749402628436
52.13336320191159
109.85849761051374
270.4868578255675
205.15120967741936
74.11327658303465
36.16222371565114
20.37317054958184
11.311043906810037
5.518630525686977
3.2335872162485066
2.347435035842294
11.57612753882915
20.274790919952206
76.97954002389487
216.05361409796893
193.98222819593786
78.53121266427719
55.86282855436081
17.7955495818399
10.968488649940262
8.345131421744323
3.310379330943847
6.795512246117086
9.101627837514933
28.333893369175627
79.52770310633214
164.3189964157706
157.01911589008364
62.13971027479092
34.10812425328555
17.187724014336915
14.4283527479092
4.535763888888889
2.2375186678614103
3.4067465651135005
8.31888440860215
23.386574074074076
108.1880973715651
193.9161439665472
253.93779868578255
153.13694743130227
47.638328853046595
25.457959976105137
10.50280017921147
5.815822879330944
2.730324074074074
3.0884595280764637
3.062313321385902
28.468413978494624
104.06025985663082
205.07467144563918
108.62268518518519
79.69384707287932
30.7088560334528
30.735663082437277
11.087104241338112
4.531108124253286
2.487865890083632
2.2090837813620072
8.262134109916367
28.81810035842294
71.39224910394265
189.19429510155314
168.47595579450422
98.81235065710872
49.56653225806451
19.76549432497013
7.2495146356033455
5.645833333333333
8.089717741935482
5.014411589008363
7.3596923536439665
33.913493130227
77.29091995221029
199.32609020310633
229.1461320191159
133.66412783751494
41.10588410991637
18.630637694145754
5.835722819593788
8.143219832735962
2.7804547491039426
2.9168832138590206
13.019937275985665
60.141129032258064
90.48984468339307
215.49843189964153
227.10237455197134
119.86559139784946
43.95609318996416
14.201874253285544
10.075530167264038
3.926400089605735
3.072345430107527
3.8858870967741934
8.323551373954599
34.23439366786141
81.91830943847073
157.8610364396655
160.52755376344086
119.97162485065711
46.18092891278375
10.516315710872162
8.612791218637993
4.367506720430107
3.437623207885305
13.467517921146957
22.849574372759857
30.837029569892472
102.66353046594982
192.1889934289128
197.23080943847074
136.14284647550778
46.193996415770606
26.555406212664277
9.726217144563918
4.554360812425329
2.8348790322580646
4.444440710872163
13.970318100358423
34.05357676224612
60.224761051373946
233.36282855436082
220.50253882915175
177.80764635603344
57.202807646356035
17.176709976105137
15.123767921146953
4.274518369175627
3.918484916367981
5.512813620071684
10.701799581839905
25.994959677419356
95.28599163679809
205.5884109916368
212.89314516129033
110.72804659498208
42.18944145758662
20.618503584229387
9.399529569892474
15.11111111111111
4.045781063321386
6.019489247311827
8.550925925925927
37.92185633213858
98.28367682198328
247.4798387096774
166.85073178016725
77.83415471923536
34.53565561529271
16.258923237753883
15.774940262843488
3.9138440860215056
4.364247311827957
3.0945601851851854
2.702292413381123
35.30017921146953
35.56276135005974
151.0203853046595
168.0044056152927
89.43772401433692
14.791330645161288
