4.851403823205228
3.458669354865921
4.060371863799283
2.5906137993103657
1.7855100059737157
0.424171146953405
21.334005376344088
81.34707287933094
75.21654719235364
104.39852150537637
33.411364994026286
7.081130525686976
5.340949820788531
3.458669354865921
2.3887022103020024
2.5906137993103657
2.6492308841099166
9.320131421744325
67.06242532855435
176.32541816009558
261.6636798088411
129.47319295101553
31.53151135005974
9.945340501792115
4.851403823205228
3.458669354865921
2.3887022103020024
2.5906137993103657
1.7258064516401148
0.3334229390953121
41.91308243727599
140.19563918757467
76.17980884109916
55.06683094384707
31.369474313022707
7.868018219832736
5.0384707287933095
3.95221027479092
2.3887022103020024
2.6065348715651133
1.7258064516401148
12.958870967741936
53.95385304659498
81.94444444444444
124.58183990442055
56.36611409796894
38.88254181600956
6.345579450445371
6.370258363201912
6.5552942054958185
3.062163978494624
2.7203703703703703
1.7258064516401148
9.886140979689365
28.403897849462364
107.54554958183991
187.50373357228196
90.05787037037035
34.859244324970135
10.882989844683394
8.062761350059738
3.458669354865921
2.4265158303464753
2.5906137993103657
1.8213336320191158
11.804450418160096
42.9136798088411
119.63485663082437
157.1609916367981
59.506048387096776
31.39374253285544
6.345579450445371
4.851403823205228
3.458669354865921
2.822543309438471
2.5906137993103657
1.7258064516401148
6.940725806451613
54.84991039426523
167.6859318996416
185.07691158900838
84.84580346475508
25.95206093189964
11.81600955794504
6.375858721624851
4.194220430107527
2.3887022103020024
2.5906137993103657
1.7258064516401148
12.820355436081243
63.1347072879331
156.45534647550775
261.6636798088411
105.60073178016727
34.14239844683393
11.678987455197133
4.851403823205228
3.6648409498207886
3.1290322580645165
2.5906137993103657
1.7258064516401148
10.46297789725209
37.73521505376344
76.95639187574672
102.87858422939068
64.23648446833931
31.087589605734767
8.537858422939069
4.851403823205228
3.458669354865921
2.670508512544803
2.6817614994026284
1.7258064516401148
10.46297789725209
56.9481780167264
118.75
148.21908602150538
62.873730585424134
31.087589605734767
10.19377240143369
7.434550477897252
3.6720094086021504
3.0454375746714457
2.5906137993103657
1.7258064516401148
9.355600358422938
42.85394265232975
62.76881720430107
142.64486260454004
64.40822879330943
27.59931302270012
8.629106929510154
8.302344683393072
3.595590651135006
2.4730846774193544
2.5906137993103657
1.850787783751493
9.205510752688172
11.63231780167264
61.01777180406213
108.72535842293907
64.51650238948626
34.29136798088411
8.435931899641577
4.851403823205228
3.5864359318996417
2.609210722819594
3.9271953405017923
6.263216845878137
4.181615890083632
51.76597968936679
214.94175627240142
187.50373357228196
110.86506869772998
32.48730585424134
6.345579450445371
4.851403823205228
3.458669354865921
3.2802792712066906
2.5906137993103657
1.7258064516401148
4.206257467144563
32.50336021505376
86.51060334528077
64.12783751493428
64.35222520908005
26.70773596176822
6.835946833930705
4.851403823205228
3.8248581242532858
2.3887022103020024
4.6547565710872165
1.8169541517323775
7.617249103942652
11.22423835125448
30.107153524492233
54.72296893667861
44.15173237753883
28.683915770609318
13.907930107526882
6.375858721624851
3.458669354865921
2.3887022103020024
2.5906137993103657
5.376530764635604
7.095669056152926
37.73521505376344
121.21042413381123
168.30197132616487
44.93466248506571
31.64613201911589
7.595392771804062
7.946908602150538
3.458669354865921
2.3887022103020024
2.5906137993103657
1.7258064516401148
10.57871863799283
35.74223416965352
91.8010752688172
119.63485663082437
73.75709378733572
32.912933094384705
11.898148148148149
6.905204599761051
4.405988649940263
2.822543309438471
2.5906137993103657
1.7258064516401148
15.393533452807647
39.87455197132616
120.15382317801672
154.11439665471923
103.2709826762246
29.876045400238954
6.345579450445371
4.851403823205228
3.6457362604540022
2.3887022103020024
2.660666816009558
1.7258064516401148
10.593652927120669
42.04002389486261
105.8355734767025
176.32541816009558
70.04218936678615
35.022401433691755
6.345579450445371
8.104465352449223
3.458669354865921
2.50333408004779
2.5906137993103657
1.8929734169653525
11.993742532855435
58.43040621266428
157.69862604540023
163.90008960573476
112.50784050179212
30.87402927120669
7.603345280764636
