0.0
0.0
0.0
0.0
0.0
0.0
0.0
46.67054958183991
153.82362604540023
121.33919504181601
86.24406362007169
8.2139075567503
0.0
0.0
0.0
0.0
0.0
0.0
0.0
47.79110663082438
95.57803166069296
210.5752688172043
70.19026284348865
10.827396953405017
0.0
0.0
0.0
0.0
0.0
0.0
0.0
0.7467278972520908
166.14202508960574
146.35734020310636
184.06317204301075
29.86869026284349
0.0
0.0
0.0
0.0
0.0
0.0
0.0
22.774962664277183
126.56851105137396
134.78192204301072
0.0
13.814392921146954
0.3733557347670251
0.0
0.0
0.0
0.0
0.0
7.840404719235366
76.90972222222223
163.53132467144565
105.28573028673836
62.35058243727599
2.240142249103943
4.480283004778973
0.0
0.0
0.0
0.0
0.0
0.0
37.33557347670251
106.40628733572282
129.55675029868578
82.51280615292713
0.0
7.093738799283154
1.1200899790919951
0.0
0.0
0.0
0.0
0.0
43.682310334528076
130.67312574671445
101.18111559139787
71.3111559139785
17.5475993130227
0.0
0.0
0.0
0.3733557347670251
0.0
0.0
0.0
43.30854241338112
100.06018518518518
105.28573028673836
45.54999253285544
0.0
1.1200899790919951
0.0
0.0
0.0
0.0
0.0
0.0
40.32254330943847
142.99570639187573
106.77968189964157
23.52158751493429
0.0
0.0
0.0
0.0
0.7467278972520908
0.0
7.093738799283154
0.0
50.028001792114694
122.83310931899643
86.24406362007169
65.71221624850656
0.3733557347670251
0.0
1.8667764336917563
0.0
0.0
0.0
0.7467278972520908
0.0
79.52456690561529
110.51508363201911
205.71931003584228
167.63597670250897
8.2139075567503
0.0
0.0
0.0
1.1200899790919951
0.0
0.0
1.1200899790919951
33.22883064516129
134.408527479092
134.03513291517325
84.38052568697731
0.0
0.0
0.0
0.7467278972520908
0.0
0.0
0.0
0.0
10.080734767025088
134.78192204301072
114.24630376344086
67.206541218638
8.960569743130227
0.0
0.0
0.0
0.0
0.0
0.0
0.0
51.148558841099174
92.96733124253285
110.51508363201911
35.09561678614098
7.093738799283154
0.0
0.0
0.0
0.0
0.0
0.0
0.0
38.08262395459976
100.06018518518518
111.262208781362
97.44571385902032
11.574025537634409
0.0
0.0
0.0
0.0
0.0
0.0
0.0
35.09561678614098
100.06018518518518
106.40628733572282
85.12731481481482
0.0
0.7467278972520908
0.7467278972520908
0.3733557347670251
0.0
0.0
0.0
0.7467278972520908
67.206541218638
107.52684438470726
158.67540322580646
100.80734767025089
0.0
0.0
0.0
0.0
0.0
0.0
0.7467278972520908
0.0
37.33557347670251
70.93738799283155
106.03251941457587
98.93966547192353
8.960569743130227
0.0
0.0
0.0
0.0
0.0
0.3733557347670251
0.0
43.30854241338112
111.262208781362
113.12574671445641
111.262208781362
12.320687724014338
0.0
1.493414351851852
0.0
0.0
0.3733557347670251
0.0
0.0
42.93514784946237
99.68679062126643
141.87481332138591
147.10450268817203
32.85528673835125
