5.137981630824372
3.7707287933094387
2.719056152927121
2.5906137993103657
1.7258064516401148
10.626508363201912
60.77882317801673
148.86126045400238
224.081541218638
121.51321684587813
44.790919952210274
12.62955495818399
6.104390681003585
4.42189366786141
3.351926523297491
2.5906137993103657
1.7258064516401148
10.46297789725209
45.803464755077655
109.61768219832736
161.9586320191159
119.66509856630825
31.811155913978496
12.395459976105139
6.211469534050179
3.9490367383512543
3.2165845280764636
2.5906137993103657
1.7258064516401148
8.938560334528075
66.70773596176822
185.59587813620072
217.79047192353644
104.65240442054959
50.31063321385902
11.042040023894863
8.062761350059738
3.458669354865921
2.3887022103020024
2.5906137993103657
2.81160394265233
8.373670848267622
47.046744324970135
56.9481780167264
142.45071684587813
64.51650238948626
21.17943548387097
9.56160394265233
5.63788082437276
3.458669354865921
2.3887022103020024
2.5906137993103657
5.018667861409797
8.930719832735962
37.130376344086024
123.08841099163679
130.7347670250896
53.20004480286738
30.193399044205496
10.125074671445638
5.524865591397849
3.856705495818399
2.3887022103020024
2.5906137993103657
1.7258064516401148
2.3354390681003583
42.85394265232975
108.68428912783752
136.32392473118279
67.4361559139785
19.84206989247312
11.382915173237754
7.812649342891278
4.147252090800478
3.1290322580645165
2.5906137993103657
1.7258064516401148
6.574462365591398
46.33736559139785
98.77165471923536
143.2534348864994
51.66928016726404
45.26471027479092
9.21023745519713
6.029943249701314
4.159199522102748
2.3887022103020024
2.5906137993103657
1.9391465053763441
7.259199522102748
23.12313321385902
107.37380525686977
57.80689964157706
85.8090651135006
16.494548984468338
7.539650537634409
4.934192054958184
3.545041816009558
3.5827732974910393
2.5906137993103657
1.7258064516401148
8.811992234169654
34.42204301075269
65.15830346475508
47.54704301075269
27.408900836320193
20.355436081242534
8.912074372759857
5.137981630824372
3.5446423237753883
2.3887022103020024
3.2911439665471924
2.8920250896057347
16.593876941457587
61.12231182795699
79.89097968936679
129.15919952210274
80.3132467144564
20.188172043010752
10.125074671445638
5.937201314217443
3.458669354865921
2.3887022103020024
2.5906137993103657
1.7258064516401148
9.722983870967742
15.855734767025089
148.58124253285544
138.61260454002388
88.28815710872162
37.35364396654719
6.792973416965353
4.882449596774194
3.586036439665472
2.3887022103020024
2.5906137993103657
1.7258064516401148
0.5467629928315412
2.7211768219832733e-11
12.418608124253286
71.80406212664278
53.77128136200718
24.11999701314218
6.399313022700119
4.851403823205228
3.458669354865921
2.3887022103020024
2.743455047789725
1.7258064516401148
10.598879928315412
66.50985663082437
161.67861409796893
201.25448028673836
126.99036738351255
24.526583034647555
6.380604838709678
4.851403823205228
3.458669354865921
6.846587514934288
3.1900388291517325
1.7258064516401148
6.879495221027479
39.03076463560335
80.42861409796893
119.2465651135006
53.453927718040624
25.262843488649942
6.345579450445371
5.551933990442055
5.369138291517324
2.3887022103020024
2.5906137993103657
4.579599761051374
1.8706093189964161
41.31944444444444
54.53629032258065
124.54450418160096
65.16241039426524
25.25276284348865
6.345579450445371
6.250858721624851
3.458669354865921
2.3887022103020024
2.6988761947431303
1.7258064516401148
7.095669056152926
9.389560931899641
119.60125448028674
103.9986559139785
62.60491338112305
26.793608124253293
7.265008960573475
4.851403823205228
3.458669354865921
2.407806899641577
2.5906137993103657
1.7258064516401148
8.240008960573476
54.60722819593787
127.47535842293907
224.19354838709677
118.3546146953405
34.6777927120669
7.5921818996415755
5.77482825567503
3.458669354865921
2.3887022103020024
3.510043309438471
1.8117794205495819
1.64689366786141
7.186753285543608
96.42323775388292
88.75821385902032
91.65210573476702
22.69937275985663
6.345579450445371
4.851403823205228
3.458669354865921
2.3887022103020024
2.775302419354839
1.7258064516401148
3.7843637992831543
51.194743130227
163.65740740740742
143.2534348864994
78.19257765830345
29.873058542413382
11.042040023894863
6.017622461170848
5.608086917562724
2.3887022103020024
2.5906137993103657
1.7258064516401148
2.6936379928315413
42.02508960573477
106.61589008363202
76.02673237753883
74.78755973715651
56.314590800477895
13.47035543608124
