1.0590531660692953e-09
1.1809337664277182
1.0590531660692953e-09
1.0590531660692953e-09
1.0590531660692953e-09
97.28222072879329
576.7107228195938
1471.3709677419356
1429.5594384707288
921.8779868578254
171.66259707287932
5.904577359617682
0.35059177120669055
1.0590531660692953e-09
1.0590531660692953e-09
1.0590531660692953e-09
1.0590531660692953e-09
33.54798387096774
569.6624850657108
965.1146206690562
1489.384333930705
747.7019862604541
191.58889635603344
42.14251045400239
4.576045400238949
1.0590531660692953e-09
1.0590531660692953e-09
6.310659348864994
0.26570900537634407
22.906664426523296
424.3936678614099
1135.0257616487456
1401.331765232975
483.2306600955794
158.62556003584234
48.213224313022714
1.0590531660692953e-09
1.0590531660692953e-09
1.0590531660692953e-09
1.0590531660692953e-09
1.0590531660692953e-09
45.71901135005973
338.71580047789723
854.6128285543608
952.3827658303464
473.55958781362
38.633464008363205
31.485674283154122
1.0590531660692953e-09
5.388015232974911
1.0590531660692953e-09
1.0590531660692953e-09
5.358400537634409
132.6698028673835
569.998133213859
1403.8168309438468
1913.267995818399
721.9489247311828
155.16603195937873
13.367693399044203
1.0590531660692953e-09
6.310659348864994
48.213224313022714
7.080291442652329
1.0590531660692953e-09
153.13590203106332
654.914127837515
1656.0207586618876
1845.989023297491
715.4577359617682
221.58956839904425
42.63761947431302
13.21369847670251
16.02882691158901
18.00006720430107
1.0590531660692953e-09
1.0590531660692953e-09
71.201986260454
665.8015979689368
1932.6997461170852
2423.5256123058543
1235.825119474313
294.04715501792117
1.0590531660692953e-09
25.59246938470729
3.970945340501792
1.0590531660692953e-09
1.0590531660692953e-09
1.0590531660692953e-09
62.18656660692951
465.9378733572281
788.0200866188768
1240.3871714456393
194.29293608124252
89.79655764635605
39.132231929510155
1.2695112753882916
1.0590531660692953e-09
5.233023446833931
1.0590531660692953e-09
1.0590531660692953e-09
64.79726702508961
380.7231929510155
942.8408751493429
1128.9075567502982
679.864844683393
182.90135902031065
41.97703853046595
8.75186230585424
15.446833930704896
1.0590531660692953e-09
1.5314990292712067
7.296444892473117
155.16603195937873
424.3936678614099
1415.0526433691757
2082.4522102747906
1056.80256869773
259.0765008960573
88.9649790919952
4.7238015232974915
1.0590531660692953e-09
1.0590531660692953e-09
1.0590531660692953e-09
1.7344459378733572
105.29920848267625
641.7611260454003
1938.1130525686976
2082.4522102747906
1134.6191756272403
331.18010752688167
22.54837589605735
15.446833930704896
13.667051224611708
1.0590531660692953e-09
1.0590531660692953e-09
0.8857086320191159
51.95717592592592
538.7339456391875
1281.981780167264
1480.7500746714454
820.9102449223417
212.14191308243724
64.79726702508961
6.244194295101553
1.0590531660692953e-09
4.1554136798088415
1.0590531660692953e-09
4.1554136798088415
49.04525089605735
247.2629554958184
715.4577359617682
1159.7181152927124
544.2114695340501
120.32642622461174
40.76992980884109
12.236656212664279
1.0590531660692953e-09
1.0590531660692953e-09
1.0590531660692953e-09
1.2695112753882916
81.74977598566308
426.4415322580644
926.4415322580645
1551.4336917562723
437.0198626045401
198.5359169653525
47.034199522102746
31.87133736559139
9.858055182198326
1.0590531660692953e-09
1.0590531660692953e-09
0.26570900537634407
73.21412037037038
160.52886051373952
737.6149940262844
803.1264934289128
491.5916218637991
93.03192204301075
12.170026881720432
35.322293160095576
2.3618951612903225
1.0590531660692953e-09
1.0590531660692953e-09
36.60035842293906
48.213224313022714
529.3641726403824
1112.9842443249704
1415.0526433691757
793.4248058542413
89.8797789725209
15.072625448028674
15.072625448028674
1.0590531660692953e-09
6.199929062126643
1.0590531660692953e-09
1.0590531660692953e-09
39.34872311827957
474.01732377538826
890.3554360812424
1127.8020459976105
697.6112604540023
205.22894265232975
46.550664575866186
1.0590531660692953e-09
1.0590531660692953e-09
1.0590531660692953e-09
0.915227001194743
13.355167264038231
104.86667413381123
354.2534722222222
1281.981780167264
1285.0888590203106
679.864844683393
316.5114247311828
1.0628378882915175
1.0590531660692953e-09
1.0590531660692953e-09
1.0590531660692953e-09
5.233023446833931
51.95717592592592
73.21412037037038
539.965651135006
1364.971251493429
1757.933841099164
728.134333930705
176.7159124850657
0.17713425925925924
72.42346176821982
0.7823652180406213
1.0590531660692953e-09
1.0590531660692953e-09
7.080291442652329
73.21412037037038
735.1960125448029
1801.3788082437277
1793.9351851851852
838.5032108721625
322.62821087216247
65.67816606929509
