269.296377688172
181.01595952807642
145.98781134259258
140.8577684438471
94.66725884856629
173.99614359319
458.28737081839915
2867.5939030764634
5881.8296072281955
4215.184912634407
2416.0462104241333
840.4599637843484
190.2265468189964
188.50002912186378
255.55237903225816
149.41102602299878
136.7572329375747
360.35765083632026
641.4439863351253
3901.232623954601
6818.288929958186
5584.19837962963
3311.8689217443257
1111.5753061529276
425.07382616487456
378.90973118279567
198.65165397252093
226.4413429659498
84.15822733721625
322.4480051523299
888.6871374701315
3360.614725209081
6860.080798237751
5064.41516950418
3111.7887992831547
887.4551859319001
520.7955245669057
160.34462847222215
146.6382587365591
171.32265195639187
352.63260790023895
225.66744399641587
385.88280017921136
2486.484815561529
6333.679166666667
3914.7245034348884
589.0780518219833
561.0098312425328
230.79607825567504
225.6762029569893
274.4717779271208
180.03491226105137
98.31424089008361
179.34868540919942
682.1534957437275
2930.835020908005
5862.116640531661
4776.60138888889
2470.456474014337
1078.741121565114
474.3224876792113
253.48619026284345
150.61676653972518
171.68806197729984
116.8300339008363
177.93776135005973
878.9850074671446
3670.0963112305853
7758.489280913978
6379.944380973713
3374.6063881421746
949.9052382019121
353.2234117383512
245.31737007168462
275.001754032258
278.1796541965353
158.8196647252091
517.2769500448029
1170.8876232078853
3636.6364508661886
7004.916457586619
5623.128225806452
2842.32696385902
948.8419746863799
274.54756160394277
225.10956429211464
115.40345172491038
143.3156391875747
91.45517555256868
198.03579375746713
586.0557616487456
2812.3046632317814
6147.1750373357245
4573.167973416966
1868.6642921146954
866.9814822281963
462.30618540919914
237.9105760902032
147.21589717741935
118.210014411589
101.21367092293906
158.29655279271208
512.7624507168458
1938.2415583930697
5512.771669653525
4094.2110887096796
2498.6683318399046
854.5696423237752
409.88988500597344
354.24959565412183
147.43758437873353
183.75438776881722
179.60631914575862
197.65326164874557
1007.4793832138594
3726.714176373956
7442.934173387095
5501.736294056154
2848.6181376941463
1275.1288194444448
333.35980137395467
417.2600462962963
192.37026284348866
188.6649520235962
120.24970687724013
214.9501336618877
672.9243988948629
3737.3673872461163
7264.718055555559
6169.70760528674
3612.4298835125455
1271.322576911589
608.215142622461
175.43577098267625
129.06105689964156
99.88589142771806
93.4918901956392
230.2967118428913
514.6016024492235
3201.328875448028
5654.74252165472
4733.870840800477
2346.7576724910396
847.1769735663081
489.0933217592592
293.64707362604554
210.37015195639188
159.49306227598566
82.50825515232975
231.0347110215054
766.188316532258
2995.6759371266426
6577.456011051372
5387.251590501793
2705.522703853047
1149.5051933990442
291.6578737305855
308.0098984468339
142.17229887246114
128.38287093040626
143.431728046595
310.334564665472
732.0624492234168
2578.2361148446835
6133.685140382319
5074.749443697732
3232.2826836917575
1040.2256757765833
492.18246863799294
274.1438060035842
147.13905279271202
136.6820337514935
84.46125287485066
233.4714519862605
437.2660215053763
2338.023842592593
5450.011055107527
4472.817092293907
1402.0315561529274
632.5872274492234
485.5597603046594
249.15314366786131
104.80852158004778
96.18437802419352
85.82760349462367
180.29443361708485
385.8577654569893
2285.0957101254476
4637.605331541218
4530.337163978496
1587.6834042712069
829.4265236708485
203.18301000597373
231.67202807646365
172.6365979689367
107.53452740442057
115.35873782855437
315.6532777031064
912.7873693249701
3325.8948700716846
6161.716872013142
5536.389068100357
3324.4446087216256
1048.5866300776584
497.172311827957
295.1544283900837
149.6358476702509
190.34853763440861
166.2580782930107
277.52652628434885
1043.0796744324964
3398.7993316905613
7489.380697431301
5560.733837365593
3642.388340053763
955.3530689964155
599.4827706839905
124.05969347371565
120.28109027777775
156.04844735663085
127.93025825119472
201.2694104689367
509.17279196535225
2526.470061603942
6373.700537634408
5011.727725507767
2809.421889934289
956.6794317502988
847.6468294504185
414.0035775089604
185.85145534647552
172.03700810185185
101.2251165247909
235.44178054062127
704.6076736111114
2739.5428278076456
6219.966614396655
5076.781671893668
2851.1518742532858
1050.8959341397845
