4.851403823205228
3.586036439665472
2.3887022103020024
2.5906137993103657
1.7258064516401148
9.7267174432497
55.28300477897252
140.9199522102748
136.91756272401435
97.9506421744325
31.64613201911589
6.982414874551972
4.8892174432497
3.458669354865921
2.3887022103020024
2.5906137993103657
1.7258064516401148
3.6262843488649934
54.60722819593787
92.46191756272401
142.64486260454004
81.28024193548387
33.55361409796894
10.461096176821984
5.344944743130227
3.458669354865921
2.3887022103020024
3.2712440262843487
1.7544642323775388
2.607728494623656
40.70340501792115
108.72535842293907
134.21445639187576
55.96662186379928
30.39837216248507
11.042040023894863
4.851403823205228
3.458669354865921
2.3887022103020024
2.5906137993103657
1.7258064516401148
4.791308243727598
32.50336021505376
81.8847072879331
91.2410394265233
55.04069593787336
18.91278375149343
9.44108422939068
4.851403823205228
4.039799880525687
2.3887022103020024
2.5906137993103657
2.3037261051373954
13.114187574671446
54.64083034647551
134.45340501792114
183.21759259259258
78.81608422939068
30.067204301075275
7.70683990442055
4.851403823205228
4.1392995818399045
7.085162783751493
3.3500597371565113
1.7258064516401148
15.073192951015532
62.76881720430107
158.59468339307048
176.77718040621266
78.19257765830345
36.425104540023895
10.508512544802867
6.197916666666667
5.074634109916367
4.193361708482676
2.5906137993103657
1.7258064516401148
7.230451015531661
63.810483870967744
185.07691158900838
232.05645161290323
128.00216547192355
43.36058841099164
6.345579450445371
7.382765830346475
3.88694743130227
2.3887022103020024
2.5906137993103657
1.7258064516401148
6.367622461170848
44.67965949820788
75.50776583034647
118.80973715651135
28.308318399044204
23.81011051373954
10.172864396654719
4.988325119474313
3.458669354865921
2.9531063321385904
2.5906137993103657
1.7258064516401148
6.61739844683393
36.52367084826762
90.33004778972521
108.13918757467144
74.78755973715651
32.72214755077658
10.445415173237752
5.770833333333333
5.018929211469534
2.3887022103020024
2.755790770609319
2.505936379928315
15.26733870967742
40.70340501792115
135.52867383512546
199.41009557945043
110.86506869772998
40.013440860215056
14.942876344086018
5.360887096774194
3.458669354865921
2.3887022103020024
2.5906137993103657
1.912873357228196
10.49433990442055
61.510603345280764
185.59587813620072
199.41009557945043
118.31354540023895
46.91494922341697
8.585573476702509
6.411663679808841
4.848566308243727
2.3887022103020024
2.5906137993103657
1.8213336320191158
5.388306451612903
51.65023894862605
122.78972520908005
141.81600955794505
88.28815710872162
35.520833333333336
12.62955495818399
5.524865591397849
3.458669354865921
2.8368802270011946
2.5906137993103657
2.1739844683393073
5.109781959378733
23.74925328554361
68.56332138590203
111.08870967741936
61.80219534050179
26.73237753882915
10.329674432497011
6.104390681003585
3.458669354865921
2.3887022103020024
2.5906137993103657
1.8627277479091993
8.240008960573476
40.90128434886499
88.75821385902032
148.58124253285544
51.54233870967743
34.21856332138591
10.929286140979688
7.983796296296297
4.483982974910394
2.3887022103020024
2.5906137993103657
1.7544642323775388
7.423103345280764
15.447281959378733
70.68399044205496
76.95639187574672
56.76560633213859
24.11999701314218
7.5921818996415755
8.314142771804063
3.713407258064516
2.3887022103020024
2.5906137993103657
5.310857228195937
5.029883512544803
50.75044802867384
106.61589008363202
135.52867383512546
85.65598864994027
23.818324372759857
7.870034348864992
6.375858721624851
3.458669354865921
3.0573850059737158
2.5906137993103657
1.7258064516401148
4.181615890083632
45.452508960573475
85.30465949820788
108.03464755077658
76.48633512544802
34.859244324970135
10.882989844683394
4.851403823205228
3.458669354865921
2.3887022103020024
2.689325716845878
3.0858721624850656
10.4528972520908
33.99006869772999
122.78972520908005
123.08841099163679
74.78755973715651
45.51075268817204
6.460211320191159
4.851403823205228
3.458669354865921
2.3887022103020024
3.1550179211469533
6.780689964157706
7.423103345280764
51.76597968936679
130.7347670250896
168.35050776583034
79.40598864994026
32.130002986857825
6.364684139784945
11.865292712066905
3.5430518219832736
2.3887022103020024
2.5906137993103657
2.48525238948626
7.423103345280764
70.45250896057348
172.50597371565112
171.7928614097969
89.9719982078853
46.09655017921147
12.713933691756273
