566.5155219534051
223.478159348865
210.9406787634409
192.58231742831543
199.86467125896058
310.4061148446834
983.3341733870968
3448.3545362903224
7778.970766129032
5640.842977150534
3349.548491636797
1343.5741674133803
449.547051597969
137.18514392921142
165.9744691980287
280.4311938844085
223.9934386200717
257.18898708183985
774.0771012544803
4187.806440412187
8391.325649641578
5701.413485663081
3357.8690038829145
1079.1904719235367
347.13248319892466
201.62330122461165
101.47509438470728
119.91904428016728
158.34951500896062
215.4457370071685
581.8142006421742
2640.677587365592
6560.463179510154
4698.516763739544
2285.6579375746715
893.0322823327359
288.3662395459977
287.00672453703703
140.8476043533453
130.7008352747909
78.93803378882916
333.76450679510157
707.5365098566309
2695.779909647551
5737.834946236559
4281.246960872163
2027.2496639784947
745.8195415173237
977.973657407407
225.317261051374
145.31541928016728
133.35767185633213
75.4320636574074
238.92191644265233
284.1953931451614
1898.5639150238949
4091.833045848267
3487.7212253584207
1445.3028449820786
637.9634498207885
448.40273372162477
317.79391987753877
196.19420661589015
136.44896471774194
151.35971755525688
244.9227243876942
624.0319119623654
2490.636282855435
6175.770911738354
4251.673338560335
2631.841580794505
533.3418988948624
465.1576123805258
224.32535543608125
107.86331100657107
63.241871766726405
134.4407069519116
186.7783021953406
526.5779211469534
2313.6146505376346
5840.886402329748
4082.3580757168475
2025.8067652329748
746.2365830346479
354.0260439068101
197.739952583632
116.45225679510153
209.64724589307053
79.32126060334528
128.63404790173237
432.48321833930703
2737.4294205495817
5829.10157183393
4054.7010043309424
2179.0675701911596
737.703938172043
331.6111383661887
154.50803688769417
81.91284483273598
123.77189751344089
89.13008680555555
123.51598342293904
313.40235252389476
1889.4329375746718
4704.517166965353
3712.9411103643974
1355.979009856631
565.3456515083631
298.30273148148143
146.7027396953405
87.01027497759858
54.25477176672642
30.830596748058547
112.33122181152932
292.2904502688171
977.8951833183991
3593.999667712066
2375.1749141278374
574.7834180854239
330.97449410095584
183.81130152329752
145.37774380227
141.23111148446833
101.10018723864992
102.59444817801675
538.1720179958184
415.64093750000006
2179.6692577658296
5023.170486111111
2538.7147812126645
291.99164381720436
574.685454749104
409.8103931451613
254.03650388291527
131.4308400537634
218.2252770683991
155.59881795101555
275.5154999253286
769.4050283751494
3373.2176859318997
7339.496285095581
5398.985461469532
2840.540486857825
1305.8554734169652
658.0402867383515
243.3862063172042
181.99682198327363
178.65647812126636
130.9951340725806
126.0110923312426
636.9579536290323
2808.0766129032254
6819.925418160095
4571.537649342892
2605.4567316308235
991.6792338709676
430.0299615442055
210.49829674432496
144.48435110513736
84.43474813321386
117.88769369772997
146.5919123357228
442.3459333930705
2679.097106481481
5822.806619623655
3213.1712066905616
1794.7698402031067
616.952566830944
604.720129181601
266.116618130227
111.69699372759857
157.5042069892473
111.12157041517321
124.23352337216248
500.16403673835146
2485.813989695341
4700.5370631720425
4212.71215651135
1364.5649641577058
547.407647102748
267.68052643369174
220.71870818399034
208.53659460872157
103.5554342144564
98.58473562574673
133.04486671146955
595.531418879555
1808.6752214008363
5536.454797640383
4236.224537037037
1875.8802494026288
673.2206776060334
270.43247274492245
204.2694425776583
94.05060480137396
124.9857462664277
80.8965798611111
226.6279372013142
708.5265079898447
2924.798786589008
6916.518410244924
4802.464680406211
2749.2647513440857
958.7960670549587
411.07832175925927
201.79667637395457
173.61756944444446
146.92097263291512
121.63099257019115
163.131973192951
654.6681048387095
3017.5276956391876
6052.301441158902
4442.7830383811215
641.7346876866785
639.2323039874552
290.1022225955795
265.1906436678614
130.26655167264045
120.65227314814811
166.97771841397852
221.97590165770606
1140.2431824970135
3036.8490778076457
5571.083482676225
4084.9489396654712
1905.525884856631
703.7248353494624
320.8601986260455
263.46970392771806
154.15420512246124
99.10748301224613
111.33468406511348
154.79970206093188
598.6912548536441
2635.0070601851858
5930.63861260454
4462.565333781362
2150.4113500597373
733.9184513142174
