4.851403823205228
3.458669354865921
2.3887022103020024
3.94392174432497
1.8117794205495819
5.911006571087216
20.138515531660694
141.81600955794505
217.79047192353644
76.33699223416964
31.824223416965353
9.19937275985663
5.181757765830347
3.458669354865921
2.3887022103020024
2.8501269414575865
4.937163978494624
10.598879928315412
53.2444743130227
161.9586320191159
171.30749701314218
149.82489545997612
35.03061529271206
11.440412186379929
5.532034050179211
3.458669354865921
2.3887022103020024
2.5906137993103657
1.8786477001194744
1.4996415770609317
23.869100955794504
72.08408004778973
111.08870967741936
70.40807945041816
23.86424731182796
7.173461768219833
4.882449596774194
3.458669354865921
3.396505376344086
2.5906137993103657
5.553091397849462
5.029883512544803
42.02508960573477
104.16293309438471
118.89187574671446
60.82399940262844
30.39837216248507
6.418817204301074
9.440337514934289
3.458669354865921
2.3887022103020024
2.5906137993103657
3.6362753882915175
1.6946833930704899
5.037335722819594
58.43040621266428
109.61768219832736
62.6198476702509
16.532743428912784
7.105025388291516
5.770833333333333
3.762768817204301
2.3887022103020024
2.5906137993103657
1.7258064516401148
7.072147550776583
39.03076463560335
16.23618578255675
111.8839605734767
83.23663381123059
31.647998805256865
6.345579450445371
5.137981630824372
3.458669354865921
2.3887022103020024
2.5906137993103657
2.4661364994026282
4.7084229390681
43.82467144563919
124.54450418160096
124.46236559139786
55.04069593787336
30.193399044205496
7.539650537634409
4.851403823205228
3.458669354865921
3.168832138590204
5.480324074074074
1.7258064516401148
11.319086021505376
73.60737753882916
185.59587813620072
181.01478494623655
138.7884557945042
50.31063321385902
9.598640979689366
5.814628136200717
3.458669354865921
3.7487679211469533
3.6764112903225805
1.7258064516401148
4.922356630824373
43.57078853046595
115.4868578255675
161.67861409796893
104.65240442054959
31.6819743130227
9.796520310633213
5.181757765830347
3.458669354865921
2.5797491039426523
2.5906137993103657
1.7258064516401148
7.259199522102748
12.418608124253286
62.76881720430107
73.21161887694146
50.81055854241338
16.379890979689367
7.539650537634409
5.0719123357228195
7.238164575866187
3.1290322580645165
2.5906137993103657
1.7258064516401148
3.3401060334528077
52.70683990442055
96.42323775388292
109.61768219832736
55.96662186379928
21.183169056152927
12.148670848267622
7.434550477897252
4.091509856630824
3.5668682795698925
2.5906137993103657
1.7258064516401148
5.7067801672640375
47.64411589008363
123.08841099163679
135.27105734767025
76.1391129032258
26.793608124253293
14.252165471923536
8.45116487455197
3.458669354865921
2.3887022103020024
2.5906137993103657
5.573999402628435
1.0689740143369175
42.85394265232975
107.37380525686977
130.7347670250896
67.4361559139785
44.790919952210274
6.766278375149342
4.886429211469534
3.713407258064516
2.3887022103020024
2.5906137993103657
1.7258064516401148
8.551762246117084
40.70340501792115
71.80406212664278
75.05227001194743
73.91763739545998
22.059065113500598
8.347595579450417
5.057575418160096
3.458669354865921
2.3887022103020024
3.0622759856630823
1.7258064516401148
1.5119623655913978
34.42204301075269
73.60737753882916
82.49701314217444
62.60491338112305
16.219086021505376
7.046109617682198
4.851403823205228
3.458669354865921
2.3887022103020024
2.5906137993103657
1.8531735364396655
1.6799357825567502
54.88724611708483
141.4986559139785
177.24761051373955
85.65598864994027
32.912933094384705
7.050888590203105
5.070325567502986
3.458669354865921
2.675280017921147
2.5906137993103657
1.761229838709677
5.555570489844683
42.02508960573477
95.05301672640383
98.77165471923536
50.94870071684588
25.262843488649942
6.345579450445371
4.851403823205228
3.458669354865921
2.3887022103020024
2.5906137993103657
1.8117794205495819
5.467084826762246
17.999551971326166
111.08870967741936
136.91756272401435
72.3980734767025
25.42637395459976
6.345579450445371
5.181757765830347
4.382093787335723
2.3887022103020024
2.5906137993103657
2.8920250896057347
9.583721624850657
41.18130227001195
82.49701314217444
119.2465651135006
72.76396356033453
30.87402927120669
6.345579450445371
4.851403823205228
3.458669354865921
2.3887022103020024
2.5906137993103657
1.7258064516401148
8.811992234169654
47.54704301075269
121.67712066905615
137.78375149342892
66.57743428912784
27.758736559139784
9.978046594982079
