0.0
2.240142249103943
0.0
0.3733557347670251
0.0
0.0
0.0
16.427848715651137
99.68679062126643
111.262208781362
0.0
0.0
0.0
0.0
0.0
0.0
0.0
0.0
0.0
76.90972222222223
125.44795400238948
154.57075119474314
90.7262171445639
6.7206541218638005
0.0
1.8667764336917563
0.0
0.0
0.0
0.0
0.0
50.775164277180416
142.6219384707288
134.408527479092
92.5939366786141
0.0
0.0
0.0
0.0
0.0
0.7467278972520908
0.0
1.1200899790919951
61.6034572879331
124.7008288530466
157.554846176822
92.5939366786141
0.0
0.0
0.0
0.0
1.1200899790919951
0.0
1.493414351851852
0.0
47.417712066905615
122.45971475507764
121.71255227001194
99.68679062126643
25.761540471923535
0.0
0.0
0.0
0.0
0.0
0.0
7.093738799283154
38.455607825567505
141.12802419354838
111.262208781362
10.453856780167264
6.3471139486260455
0.0
0.0
0.7467278972520908
6.7206541218638005
0.0
0.0
0.0
20.908131720430106
148.96766726403823
125.0745594384707
99.68679062126643
0.0
11.574025537634409
0.7467278972520908
0.0
0.0
0.0
0.3733557347670251
0.0
43.30854241338112
126.56851105137396
141.87481332138591
82.88620071684589
23.52158751493429
0.0
0.0
0.7467278972520908
1.8667764336917563
0.0
0.0
0.0
61.6034572879331
167.63597670250897
160.91685334528077
139.63369922341695
25.761540471923535
0.0
11.574025537634409
4.853823178016726
0.0
0.0
0.0
0.0
43.30854241338112
136.64964157706092
109.7679211469534
84.75392025089606
25.014878285543606
0.0
0.0
0.0
11.574025537634409
0.0
0.0
0.0
52.64288381123058
151.5825119474313
138.89071833930706
59.73573775388293
16.427848715651137
0.0
0.0
1.8667764336917563
0.0
0.0
0.7467278972520908
0.0
25.761540471923535
128.06283602150538
130.67312574671445
141.50141875746715
15.307683691756269
5.973573775388291
9.707194593787337
0.0
0.0
0.0
0.0
0.0
31.735513739545997
142.99570639187573
121.33919504181601
96.32515681003584
17.921139486260454
0.0
0.0
0.0
4.853823178016726
0.0
1.1200899790919951
0.0
64.21792861409797
147.85129181600954
186.30424880525686
159.7959229390681
0.7467278972520908
10.453856780167264
0.0
0.0
0.7467278972520908
0.0
0.0
8.2139075567503
53.76340352449223
154.57075119474314
116.48738052568697
101.18111559139787
0.0
3.733557347670251
0.0
0.0
1.1200899790919951
0.3733557347670251
0.0
0.0
40.32254330943847
159.7959229390681
117.98133213859022
73.92562724014337
0.0
0.0
0.0
0.0
1.1200899790919951
0.7467278972520908
0.0
0.0
70.93738799283155
132.54084528076464
160.16969086021504
145.98394563918757
25.014878285543606
0.0
0.0
1.1200899790919951
0.0
0.0
0.0
0.0
66.45937873357228
70.19026284348865
103.79144265232975
66.45937873357228
25.761540471923535
0.0
0.0
0.3733557347670251
0.0
0.0
0.0
0.0
66.45937873357228
102.30167264038232
157.554846176822
47.043944145758665
0.0
0.0
0.0
0.0
0.0
1.493414351851852
0.0
0.0
82.51280615292713
99.68679062126643
120.2227822580645
93.71449372759857
11.200899790919951
