4.851403823205228
3.458669354865921
3.447431302270012
2.5906137993103657
1.7258064516401148
7.259199522102748
20.08997909199522
88.75821385902032
75.50776583034647
53.20004480286738
22.75164277180406
6.345579450445371
5.155503285543608
5.698663381123059
5.730585424133811
2.5906137993103657
1.7258064516401148
5.109781959378733
59.28539426523297
140.19563918757467
191.82347670250897
113.5943100358423
30.063844086021504
8.606294802867383
5.865554062126643
3.458669354865921
2.3887022103020024
2.5906137993103657
1.7258064516401148
14.31789127837515
60.77882317801673
222.52837514934288
170.75866188769413
129.23051075268816
30.39837216248507
6.345579450445371
6.801672640382318
3.458669354865921
2.6593600657108722
2.5906137993103657
1.7258064516401148
10.46297789725209
63.67607526881721
121.67712066905615
148.58124253285544
104.68227299880526
32.130002986857825
13.271356033452808
4.851403823205228
3.95221027479092
2.4484057646356034
2.9886499402628433
1.7258064516401148
6.574462365591398
39.03076463560335
114.85215053763442
129.15919952210274
82.84087514934289
30.193399044205496
13.107825567502987
4.851403823205228
3.5494175627240145
2.3887022103020024
2.5906137993103657
1.7258064516401148
4.159214456391875
50.38829151732377
138.61260454002388
186.08124253285544
118.3546146953405
27.18637992831541
11.121938470728791
6.941756272401434
3.458669354865921
2.3887022103020024
2.5906137993103657
1.7258064516401148
8.055197132616486
55.28300477897252
98.77165471923536
136.1036439665472
55.08176523297491
23.08430406212664
9.796520310633213
4.851403823205228
3.458669354865921
2.3887022103020024
2.5906137993103657
3.7572804659498207
3.9184737156511344
42.93981481481482
163.90008960573476
168.30197132616487
74.33206391875747
34.56466547192353
7.002314814814815
4.851403823205228
4.147252090800478
3.500410692951015
3.5984169653524494
2.0299059139784945
11.96574074074074
91.2410394265233
224.081541218638
214.94175627240142
141.7715800477897
48.037634408602145
12.952882317801672
5.002255077658304
3.458669354865921
2.3887022103020024
2.5906137993103657
1.7258064516401148
9.886140979689365
19.889112903225808
105.8355734767025
119.60125448028674
76.48633512544802
24.108796296296298
7.375672043010753
7.948028673835125
3.458669354865921
2.3887022103020024
2.996602449223417
1.7258064516401148
17.024357825567503
20.088112305854242
98.77165471923536
67.06242532855435
68.6570340501792
25.262843488649942
11.440412186379929
4.851403823205228
3.458669354865921
2.3887022103020024
2.5906137993103657
3.409460872162485
0.3334229390953121
57.433542413381126
124.54450418160096
124.54450418160096
93.07833034647551
30.193399044205496
9.477971923536439
6.905204599761051
3.458669354865921
2.3887022103020024
2.5906137993103657
2.123842592592592
8.373670848267622
53.87171445639188
145.13515531660693
215.3935185185185
123.74215949820788
32.912933094384705
6.345579450445371
4.851403823205228
3.496482974910394
3.8729465352449224
2.670221027479092
1.7258064516401148
16.84813321385902
61.01777180406213
190.54659498207886
245.17995818399044
131.07862903225808
41.80107526881721
12.698999402628434
8.302344683393072
3.535487604540024
2.423727598566308
2.5906137993103657
1.7258064516401148
8.00442054958184
53.263142174432495
134.21445639187576
119.63485663082437
53.77128136200718
35.520833333333336
12.148670848267622
7.125709378733572
3.458669354865921
2.670508512544803
2.5906137993103657
2.46135752688172
6.686842891278375
60.49880525686977
148.58124253285544
139.45265830346474
105.60073178016727
37.35364396654719
8.849126344086022
4.851403823205228
3.458669354865921
2.3887022103020024
2.897883064516129
1.7417275238948626
8.284438470728793
45.43757467144564
126.17234169653524
224.081541218638
120.7179659498208
51.36872759856631
12.62955495818399
8.502128136200717
3.506432945041816
2.3887022103020024
2.755790770609319
2.358646953405018
12.70573476702509
46.33736559139785
118.3729091995221
183.21759259259258
128.37925627240142
32.48730585424134
9.808318399044206
4.851403823205228
3.458669354865921
2.3887022103020024
2.5906137993103657
1.7258064516401148
0.3334229390953121
34.52247610513739
70.45250896057348
78.13246714456392
70.29233870967742
20.188172043010752
8.928726105137395
5.6792861409796895
4.977523894862605
2.8360961768219832
2.7418645459976103
1.7258064516401148
5.370758661887694
53.2444743130227
168.81720430107526
183.21759259259258
110.86506869772998
36.04988052568698
9.556936977299879
