2319.6868875148675
2064.8208846948883
2299.8209171056465
1454.277846589508
1216.8847536886678
1878.4393062951422
2259.529943245791
3107.786846852046
4305.816693207442
4748.865485391648
4698.338209555785
3246.345824192699
2558.908861450947
2040.9190901725376
1634.5911450355734
1547.2045114215373
1624.1517703723578
1740.6110235739734
2254.9937576871703
2883.9066711546793
3205.4770436486524
3043.4505355415363
2893.077909081429
2528.2811404674712
2734.3083469236935
1970.0073622089637
1340.6831639488296
1410.9118662108997
1265.362954973353
1647.8634508106852
1905.7154315266946
2271.1960190341642
3141.646804802388
3541.4098300038604
3261.364847340717
2337.4443327212657
1802.752503482836
1187.0164760003347
1208.9474208209965
1133.454101967017
1208.4162832260454
1270.4904514950586
1635.4204992671464
1982.6854319477038
3408.743934820182
3703.01450808542
2939.4130802941013
2415.603944286085
1731.8238151265664
1910.9256620018225
1127.6619710892678
1122.8051745977557
1127.0979288577118
2028.7909428726316
2077.6246539508156
2972.5188961123436
3565.95391969938
4093.567749262657
3481.577468475551
3160.9840207076486
2527.255902614881
1791.7598748759692
1306.5976984142792
1658.4705468322436
1461.4137756293103
1750.878308847766
2207.8035161307885
2737.7780992287376
3231.0796345927715
4415.8577295465975
3105.525865067285
2940.7407747478483
2726.6730992215394
3088.3433897234
2168.7165776737847
1907.879907589678
1661.4659940384017
2559.252291601782
2371.642794114694
2630.289299952858
3490.58185250864
3697.5204120646513
3389.527686878786
2539.818544991909
2174.681090551848
1386.4987882825023
1379.6136211224205
1425.4994067271332
1153.5639980589547
1440.491066899169
1743.9512316875491
2291.4798986759292
2866.71344699609
3201.2531440813314
2377.2741404072813
2077.757975927589
1738.269244172921
1348.1019001741988
980.1600196649406
814.0128749990715
987.3054082247339
1256.353245091991
1401.6603651175965
1771.3550277127692
2759.646116473645
2827.943248032253
2642.473957892847
1908.4017114616736
1192.6099897194613
951.2492002744564
737.7870566024444
774.3411115163764
663.7889544866001
1008.2474423116323
1803.59427343548
2160.6067243691764
3025.50746547576
3779.9325817802337
2924.8571975047057
2089.5785643886356
1698.7508587940176
1078.5768962721797
649.2549881466801
567.753919484458
669.4781139078731
815.7099337205893
1145.123968790689
1495.7368547496292
2597.802684901763
2350.5880651063994
2255.5767511023514
1609.6308459511995
1109.6267268510217
809.4108015811362
848.0360319807007
765.3474727322712
656.2841384022788
896.5024355685375
1272.1646146091557
1624.7715884844065
3008.211807222855
2511.331349706021
2145.425686064662
1763.4322121235093
1423.3994244032745
1140.0245863851603
965.3283082505418
1099.2620686624248
1086.4087561538965
1706.7858187706481
1690.1799570058784
2092.6422825002114
2760.75708563135
3314.1992463387305
3290.8805354341025
2392.71942864794
1863.714169835784
1673.531466553724
1273.782620308623
1874.1527709825068
1166.3917800672964
1628.960103843792
1577.991471692592
2098.996558183072
3201.406226671935
3033.643410476974
3305.934219918171
2436.684552734638
1813.658171422464
1457.2643894182513
962.290998446576
929.4362953388359
976.7534081940314
1200.4415731473707
1467.7701572345675
2252.6455643168642
2564.804513242411
2282.822269576597
2169.9863548840394
1528.7933319016365
1472.014127413638
1092.7072164091255
858.7216086186139
731.1474928405949
839.9793324361679
1021.7045426180839
1345.8047209228669
1948.0073085631775
2425.3964399767924
3029.344805917952
1934.0484804285527
1461.1518405647587
1031.3760752844917
759.8492181148463
625.8513986165535
602.7088465728547
639.8105988885054
983.7393764065267
1244.4727514972383
1562.057168593461
2355.2864241825414
2775.3848143421637
2654.462239463649
1639.7157092159582
1001.132138755533
801.7673191139412
348.18649943087973
767.9372310237263
637.9243580735636
925.8274773157802
1237.3017402786768
1938.0635510632994
2504.7814313400277
3470.250009882291
2810.9749445277116
1911.5428497144947
1403.9837891471316
896.1629164296138
547.0781687228126
795.9180158174385
665.8631015821076
883.749493707974
1419.0145295645366
1999.9321676640163
2971.780908682479
3491.6141431444544
3523.573507785051
2825.4853009441495
1540.8388074479956
1127.9203844356243
1022.3784298197899
972.6428608261409
703.8550290856733
1018.9013915495764
1377.480689928826
2361.234111196508
3402.5491000341444
4065.381396138763
3571.933327701806
2823.7700678949313
