5.815785543612612
4.146132019120379
2.863575268821692
3.1056227598611184
2.068884408606638
5.2531735364396654
4.480372610513739
93.33818697729988
229.98842592592592
442.3965800477897
115.96326164874552
9.100216547192353
9.175989396654721
4.146132019120379
2.863575268821692
3.1056227598611184
2.068884408606638
0.3997162485110588
4.487753882915173e-12
222.52202807646353
633.2138590203107
459.58071983273595
164.49783452807645
27.021505376344088
12.909647550776583
4.146132019120379
2.863575268821692
3.1056227598611184
2.068884408606638
0.3997162485110588
4.487753882915173e-12
163.15710872162484
320.3393817204301
263.5599611708483
101.02561230585424
7.606780167268525
6.935853494623656
4.146132019120379
2.863575268821692
3.1056227598611184
2.068884408606638
0.3997162485110588
4.487753882915173e-12
85.87141577060933
420.40023894862605
530.5283004778971
430.32706093189967
18.06081989247312
12.536103643966547
4.146132019120379
2.863575268821692
3.1056227598611184
2.068884408606638
1.5197841995221024
4.487753882915173e-12
88.11118578255675
355.0649641577061
526.013664874552
172.7120669056153
37.47550776583035
15.896244026284347
4.146132019120379
2.863575268821692
3.1056227598611184
2.068884408606638
0.3997162485110588
4.487753882915173e-12
159.04980585424133
315.86021505376345
284.09610215053766
161.51022998805257
14.700642174432497
5.815785543612612
4.146132019120379
2.863575268821692
3.1056227598611184
2.068884408606638
0.773073476702509
44.05596624850657
157.55824372759858
568.6417264038232
397.2225955794504
18.14142771804511
54.278113799283155
5.815785543612612
4.146132019120379
2.863575268821692
3.1056227598611184
2.068884408606638
4.88008885902031
4.487753882915173e-12
111.2585872162485
572.3603643966547
442.3965800477897
76.38664874551971
49.42286439665472
8.055921445639187
4.146132019120379
2.863575268821692
3.1056227598611184
2.068884408606638
0.3997162485110588
4.487753882915173e-12
69.81892174432497
358.7959229390681
194.86036439665472
130.89605734767025
13.207325268817204
5.815785543612612
4.146132019120379
2.863575268821692
3.1056227598611184
2.068884408606638
0.3997162485110588
4.487753882915173e-12
126.19623655913979
316.9799133811231
340.09707287933094
90.57160991636799
13.207325268817204
5.815785543612612
4.146132019120379
2.863575268821692
3.1056227598611184
2.068884408606638
0.3997162485110588
4.487753882915173e-12
137.76993727598565
420.40023894862605
322.9245071684587
143.9616935483871
33.74182347670251
5.815785543612612
4.146132019120379
2.863575268821692
3.1056227598611184
2.068884408606638
0.3997162485110588
4.487753882915173e-12
73.92622461170848
395.3853046594982
243.77165471923536
101.02561230585424
27.021505376344088
5.815785543612612
4.146132019120379
8.090591397849462
3.1056227598611184
2.068884408606638
0.3997162485110588
4.487753882915173e-12
93.33818697729988
398.0006720430108
498.0398745519713
143.9616935483871
22.91427718040621
20.75014934289128
6.3862679211469535
2.863575268821692
3.1056227598611184
2.068884408606638
0.3997162485110588
4.487753882915173e-12
69.81892174432497
348.713784348865
307.9872311827957
127.16061827956989
7.606780167268525
5.815785543612612
4.146132019120379
2.863575268821692
3.1056227598611184
2.068884408606638
2.6398521505376342
4.487753882915173e-12
74.29771505376344
214.30742234169654
185.52643369175627
106.62858422939068
7.606780167268525
5.815785543612612
6.759636350059737
2.863575268821692
3.1056227598611184
2.068884408606638
0.3997162485110588
4.487753882915173e-12
297.19160692951016
399.4922341696535
191.873133213859
74.89060633213859
23.661364994026286
17.763104838709676
4.146132019120379
2.863575268821692
3.1056227598611184
2.068884408606638
0.3997162485110588
4.487753882915173e-12
69.0710872162485
424.1356780167264
414.7711320191159
176.07153524492233
42.32900238948626
5.815785543612612
4.146132019120379
5.103711170848268
3.1056227598611184
2.068884408606638
0.3997162485110588
4.487753882915173e-12
149.7155017921147
385.6791367980884
411.0356929510156
118.57452210274793
7.606780167268525
5.815785543612612
4.146132019120379
2.863575268821692
3.1056227598611184
2.068884408606638
0.3997162485110588
4.487753882915173e-12
149.7155017921147
486.4964157706094
368.09961170848266
93.55921445639187
53.15830346475508
32.323962066905615
10.493354241338112
2.863575268821692
3.1056227598611184
2.068884408606638
0.3997162485110588
2.240135902031063
94.83422939068102
387.1706989247312
206.4340651135006
18.14142771804511
30.754778972520914
