0
0
0
0
0
18.637000622592538
632.4064947422804
2041.3511818330674
1915.9024906824545
703.858427274367
157.44639413904446
35.16857635107747
0
0
0
0
0
13.437734213300025
119.08553861562052
967.782342267817
772.0234153467608
592.6796967756488
126.77363071358162
18.433691456354666
0
0
0
0
0
56.3964224399794
391.46306778697715
1349.5791405468651
602.7825963179732
602.4850006872671
0
0
0
0
0
0
0
0
440.26483511643227
1187.972425866763
1623.9691995585497
508.7483581084197
114.1759877689623
0
0
0
0
0
0
25.041199510497265
617.4296225595018
1795.5218161403704
3246.117378352588
1084.1630131439451
202.0014191133499
0
0
0
0
0
0
53.436250651244805
374.4418276152319
1410.772582510968
1396.9401888826033
1037.5153892969079
253.2997128779347
0
0
0
0
0
0
0
430.5613765331278
1623.1918050691918
1410.9954353125847
853.5312660792619
50.57708781052328
0
0
0
0
0
0
27.17359418890519
391.58268470895166
1362.9615327476367
2137.60158953855
1093.666549405626
144.10815988334065
0
0
0
0
0
0
0
428.13326761460024
498.9320387908809
1180.2363124882218
719.1579732850171
144.94766552425716
0
0
0
0
0
0
0
427.81121074466984
1906.1875314185506
1328.9427412469468
448.95059362287986
62.849592251707676
0
0
0
0
0
0
46.19299868658357
307.4988641710329
1146.0114313898125
1777.0674667409419
910.3056135598536
115.88952764512891
0
0
0
0
0
0
47.10383670691026
400.6649630195672
1458.3255145576327
1173.7097569359757
817.8363748752561
87.15902892085109
0
0
0
0
0
0
0
596.7108787674135
1469.9231852430507
1392.9938833769654
773.141720951017
137.65327954108406
0
0
0
0
0
0
67.61753775825656
502.38190936546215
1468.39196704827
1899.976379025389
612.3003961705149
276.193542712551
0
0
0
0
0
0
0
629.3524044822814
1745.8844106305733
2089.906417358585
1180.047046268358
270.7372716910553
8.311551611454036
0
0
0
0
0
107.17520432431134
359.7675066340538
932.6224244106882
1399.2282762911802
801.3802676596748
135.92567527899828
6.914721114411904
0
0
0
0
0
0
612.5114454764123
1296.8192426719008
2161.557293728593
1110.96486226018
233.90301270930937
0
0
0
0
0
0
0
285.08813794627497
944.8280214918858
1023.8466086593178
726.3673509629705
105.97612896707979
0
0
0
0
0
0
36.432137049888894
317.1527740624286
607.7752763661679
741.4614589925998
71.10488316741498
0
0
0
0
0
0
0
23.228694217409966
559.9458071422437
1161.0788777716275
1196.8470427124755
580.0850513206079
0
0
