0
0
0
0
0.017414197984688684
42.447857850788466
741.645219353989
1531.917938105469
2213.8830014351424
551.0795294249046
143.8403980219597
0
0
0
0
0
0
0
518.133477683721
1281.27509913759
1208.5541799823638
513.2893891292929
201.49757037905357
0
0
0
0
0
0
108.7747079835876
578.5878437726402
1488.6270796149654
1913.4553860431822
727.6559982977809
183.81719099213043
0
0
0
0
0
0
0
376.7298888798733
825.8551170256637
1284.2141219002465
1016.9357087655281
196.623269728341
43.390161545791145
0
0
0
0
0
0
518.9428394053799
0
0
307.63224850834206
6.0580574048672275
0
0
0
0
0
0
62.47242896665702
202.28236674306928
891.5611129769178
1362.683169766713
800.3137017222364
141.76428127697895
0
0
0
0
0
0
35.00481362723267
619.7631387792449
1921.8458522615451
1889.8406414057745
978.4237391975416
197.48046295986614
0
0
0
0
0
7.930755827040485
51.142381524628
518.0227235381035
1177.0483009674697
903.2079216771402
841.7937895489953
124.36659775669789
0
0
0
0
0
0
23.14535012286248
363.21764634817254
1175.6614294718847
1449.1102670879827
618.1394547664983
291.776145213624
0
12.12668743699821
0
0
0
0
21.473599867255224
616.0844335642637
1319.0761962931024
1738.6179204584162
900.0956802417566
288.8872639960326
65.62787047405783
0
0
0
0
0
41.70210860295159
547.266262617867
1211.5009027159774
1572.8246351997236
786.6941290915142
187.9930596045076
0
0
0
0
0
0
0
507.29429396341425
1313.373304282842
1516.9721523959522
1028.1630624499273
104.21230699731464
18.162801718987566
0
0
0
0
0
0
342.4254845021806
826.3986930088812
1010.553620533477
2.8981800310646264
0
0
0
0
0
0
0
35.25702401871053
353.9507564383414
1469.541160596657
1400.8530217971925
1006.1172271143622
0
0
0
0
0
0
0
0
353.9749403245754
1721.7248377512428
1528.491393463722
697.8054094702694
189.03603214505765
0
0
0
0
0
0
1.1907733207271036
497.0778411621302
1414.5276663461723
1464.9622966018137
865.2482485437847
173.64998830169836
0
0
0
0
0
0
87.35876142752399
787.7664484632701
1641.9372235560106
1786.164895281759
699.1428789865838
133.94695685506804
0
0
0
0
0
0
86.07689543743648
660.4670955328938
1911.2198972386
2255.382226938888
1637.2003109390755
314.6929375094931
7.863640483037486
0
0
0
0
0
21.928403477606935
0
784.7451091021298
1162.1577702231853
788.0365587946553
125.21694112228758
0
0
0
0
0
0
75.68094182792372
644.2009594719927
1164.0907505314842
1623.219877240552
575.5256128498792
85.11611193398066
0
