485.4790150836319
336.9151751045401
116.04290005227001
155.25279185334526
180.85280279271205
188.0998999402628
843.546267921147
3275.441778673836
7554.155044056154
6181.009289127837
3604.829532556751
1248.7332810633218
362.1891998954601
203.33821871266423
93.30033359468338
216.59889493727601
105.05278438620068
111.60620131421747
299.6024242084828
2216.986342592593
5995.4596886200725
4592.638579002391
2246.072479838709
784.988061155914
309.286516577061
315.8989355585425
152.67748319892468
213.40731369474304
121.828458781362
333.2286245519713
569.4093182497015
2687.7521804062126
6326.196068548387
4723.314224910394
1330.0242607526877
779.6480447281959
487.7891976553168
278.7022961469535
146.25546594982075
158.63104540023897
98.640035692951
127.01104166666664
461.0683486409797
3314.774346624851
6472.148644713262
5362.097233422939
2526.3082735961766
659.7626612903223
277.8696927270012
220.3376810782557
136.4771224238351
109.58182978643964
153.38862384259258
157.78622162485073
1254.3200418160093
3298.897965203106
6831.205518219834
5658.393839605735
2630.719377240144
844.0847711320193
551.279422416368
260.3338963560334
241.78690785543617
127.7011860439068
87.28533012246115
160.31389411589012
915.8718637992831
2284.154551224611
6343.300574970133
4947.08239620669
2762.5459864097948
813.8828083930705
269.60847968936673
194.64151209677416
117.53176545698923
168.01414232377533
92.39130189665474
189.62602859916376
741.221255227001
2723.976232078854
6634.187701612902
5154.750063470729
2174.653121266427
849.4541987753882
367.0156111857826
204.77675552568698
87.13173555107527
226.3566948924731
123.74409483273597
224.36238425925927
719.877997685185
2759.4615404719234
6857.687417861408
5029.897013142174
1895.828629032258
722.1598779121865
307.2104685633214
276.88077919653523
109.76963821684588
192.22739994026287
142.6273381496416
263.5206634557945
1289.4014710274791
3882.3015120967743
8394.202109468342
5954.382355137396
3204.5587850955785
1270.5298499103942
454.68430443548385
231.01163381123055
122.98945415173237
86.99789803614098
121.20654820041814
239.48151657706106
476.9943742532856
2043.987716547192
5853.969843936678
3133.871184289127
1515.8019713261654
441.9484240591397
392.7344858870969
263.00448252688176
178.18138440860216
66.87787623207885
95.51858605884112
121.45114732676224
487.96554547491024
1821.597477598566
4355.026452359618
4259.198510304659
1402.8370743727603
541.5852307347672
338.85642771804055
194.18670474910388
205.01813545400233
128.62948129480287
169.58623540173238
196.55159796893665
471.58286551672643
3192.818443847074
6847.4196236559155
4514.789239844683
1517.155025388291
780.2546759259258
502.39043197431295
224.69551933990442
131.68892473118277
169.89160256123057
112.60666935483873
429.0741379181601
880.5302643369175
2845.8408527479087
6468.80163903823
4785.472270758664
1687.530540621266
746.5971968339305
342.4668395310632
217.6792159498207
137.57097673984472
141.08378778375146
177.8510088112306
91.4059050552569
500.67641203703715
3162.0256235065713
6948.172528375149
4593.0671594982105
1880.3275462962958
434.8029021057346
284.7553434886498
471.0286006571087
211.23413530465945
160.945470094086
174.75799753584232
300.99712440262846
830.9698402031058
3614.6017099761057
7659.077594832736
6212.456795101554
4241.098454301076
1329.5912933094378
722.4533243727599
488.5062451463562
221.90234991039426
156.22652725507763
116.30375821385903
120.64501347819592
686.7882052718039
2800.361279121864
6570.171609916365
5330.635562275986
2672.9612791218638
992.3033863500599
655.415284498208
219.52913045101548
115.0833624551971
128.25183527479092
109.58280443548388
450.38353307945044
822.1086723416963
4175.672972670252
7893.704618428914
6417.392476851854
2730.978755973717
1420.933893369176
336.77209005376346
386.0994731929511
184.17546072281962
229.82126556899638
426.3123678315412
392.94370893070504
870.5988847819593
4325.02632915173
8128.320026881721
6296.9788717144575
3827.04551597969
1290.537798685783
535.1455521953408
227.90162933094385
230.53410991636792
173.85283363201913
166.89123622311826
263.2603640232976
886.2865430854238
3817.388679808841
7847.483512544804
5473.122606780166
2092.3169130824367
981.6082026583034
496.3012552270011
241.13517697132622
124.18374731182796
95.90402415621266
68.59840845280765
227.26934139784956
234.07347222222216
2338.504588560335
5224.474678912783
3604.029476553166
950.0768716397849
671.4725328554357
