1.1200899790919951
0.0
0.0
0.0
0.0
0.0
0.0
67.206541218638
126.94190561529271
205.71931003584228
120.96957138590203
17.921139486260454
0.3733557347670251
0.0
0.0
1.1200899790919951
0.0
0.0
0.0
48.164463859020316
111.262208781362
104.91196236559139
69.81686827956989
0.0
1.493414351851852
0.0
0.0
0.0
0.0
0.0
9.707194593787337
9.707194593787337
106.03251941457587
124.7008288530466
14.187481332138592
0.0
0.0
0.0
1.493414351851852
0.0
0.0
0.0
1.493414351851852
47.043944145758665
157.554846176822
128.06283602150538
69.06970579450419
0.0
0.0
0.0
0.0
0.0
0.0
0.0
0.0
54.8839605734767
139.63369922341695
151.5825119474313
85.12731481481482
30.615330047789726
0.0
0.0
0.0
0.0
0.0
0.0
0.0
52.64288381123058
141.87481332138591
94.45747461170848
109.0207586618877
1.8667764336917563
0.0
0.0
0.0
0.0
0.0
0.0
0.0
19.041304510155317
91.47337962962963
109.0207586618877
96.32515681003584
9.707194593787337
0.0
0.0
0.0
0.0
0.0
0.0
0.0
33.975433094384705
102.67502986857825
121.71255227001194
59.73573775388293
6.3471139486260455
0.0
0.0
0.0
0.0
1.8667764336917563
0.0
0.0
37.70911738351254
142.24854390681006
135.15568996415772
142.6219384707288
18.667764336917564
0.0
0.0
0.3733557347670251
0.0
0.0
0.0
0.0
19.041304510155317
52.64288381123058
106.03251941457587
17.174473566308244
1.1200899790919951
0.0
0.0
0.0
0.0
0.0
0.0
1.1200899790919951
21.654760304659497
142.99570639187573
125.44795400238948
59.73573775388293
12.320687724014338
1.8667764336917563
0.0
0.0
0.0
0.0
0.0
0.0
29.49514635603345
118.35510005973715
146.7307347670251
94.08788829151733
17.5475993130227
1.1200899790919951
0.0
0.0
0.0
0.0
0.0
0.0
20.908131720430106
112.3786215651135
159.7959229390681
43.30854241338112
0.0
0.3733557347670251
0.0
1.1200899790919951
0.0
0.0
0.0
2.240142249103943
70.56399342891278
112.75201612903226
132.54084528076464
85.12731481481482
11.574025537634409
0.0
0.0
0.0
0.0
0.0
0.0
0.0
37.70911738351254
139.63369922341695
175.475993130227
126.1951164874552
12.694190561529268
0.0
0.0
0.7467278972520908
0.0
0.0
0.0
1.8667764336917563
41.06933243727599
134.78192204301072
205.71931003584228
142.24854390681006
12.694190561529268
1.8667764336917563
0.0
0.0
0.7467278972520908
0.0
0.0
0.0
50.028001792114694
125.44795400238948
151.95627986857826
110.51508363201911
10.080734767025088
0.0
0.0
0.0
0.0
0.0
0.0
0.0
61.97681451612903
158.67540322580646
139.63369922341695
86.99085274790922
23.14804734169654
0.0
0.0
0.0
0.0
0.0
1.1200899790919951
0.0
99.68679062126643
154.57075119474314
121.33919504181601
57.87219982078853
0.0
4.853823178016726
0.0
0.0
0.0
0.0
0.0
0.0
38.82937574671445
121.71255227001194
84.38052568697731
50.028001792114694
5.600451762246117
