0
0
0
2.917661095092967
0
0
75.51689647465781
1353.835500829483
1652.5792379942823
912.7264081584768
108.57800256198358
0
0
0
0
0
0
0
106.09289375301597
0
1571.909541392161
575.7240516143586
57.12764803735702
0
0
0
0
0
0
0
331.53027208805247
1136.8808878586933
1408.3519660909722
591.358955287028
148.32372474362387
0
0
0
0
0
0
17.326936760941507
96.53439903518982
1040.7711116493197
1044.7166607293982
475.5064972959944
115.34295312141151
0
0
0
0
0
0
0
441.6213041604575
1043.6520431415652
1335.7667959153125
125.41413321563002
0
0
0
0
0
0
0
32.104858775498116
518.5300892639773
1201.3154439207647
1644.5854248443713
777.5351772300022
111.83103754938034
0
0
0
0
0
0
0
333.27456351042764
808.1399084144725
1021.6544108203509
503.80045664079114
27.451751789017905
0
0
0
0
0
0
65.63308492964592
399.00390633380243
1410.9819927237418
1342.807682728514
764.1347393697838
131.46497738632752
0
0
0
0
0
0
0
570.3805047711116
1159.152692912745
855.4719008992134
599.3416650412894
9.129602501557073
0
0
0
0
0
0
24.486816713133358
438.68486665864845
1095.8899657076781
1636.5327203389415
900.0956802417566
97.9073132791868
0
0
0
0
0
0
24.736196117885875
639.7856771937331
1250.3860580325845
1715.0259494171667
607.3997742528046
15.306492997578147
25.84016728019374
0
0
0
0
0
65.49097081682665
570.2546434257799
1533.3550097786601
1673.6705544270153
932.1385702157577
100.76498770221309
0
0
0
0
0
0
0
216.79398808641008
1110.0284719814017
924.9674496852089
586.983566829153
75.36034345984157
0
0
0
0
0
0
63.0840849506102
475.173501360683
1411.2922059968962
2091.4735415104547
804.7638071621518
114.14175806500018
0
0
0
0
0
0
6.3238849291922605
500.4302868000831
1576.3667881694028
2169.514018911751
1023.2358903543793
110.39348435533245
0
0
0
0
0
0
0
336.98450185508113
1046.554996095276
1434.1480044871182
544.0706798460548
103.10294529094566
0
0
0
0
0
0
0
353.1778881287418
1168.3339529466916
732.2633122471116
358.5876967882567
90.74213307967975
0
0
0
0
0
0
0
494.17602623779226
683.6093834990543
893.1902466521494
38.23073955317345
13.2928479037584
0
0
0
0
0
0
65.02458029959023
350.2180369059172
1638.5891951236351
2015.2073520630897
1119.84846142309
109.07588676147515
0
0
0
0
0
0
0.920002461137571
360.4405054696032
1341.615018751317
1567.9783151139093
721.0983428379317
125.54789956838924
0
