421.307303614098
369.1439747610513
140.0539434363799
156.8219239097969
377.78313437126644
154.90732519414576
803.2165572729987
3412.901377688173
6404.886779420551
5980.713157108721
2729.583508811231
901.1570441308244
490.5857030316608
304.608197057945
311.5894067353645
124.0111515083632
192.60855913978492
160.68293906810038
530.3491550925927
2937.3008213859025
6309.83661887694
4179.7286364994025
1348.4601441158904
590.6591614396654
523.0235748954599
237.60918272102754
163.24011088709676
201.39276172341695
153.73572438769412
169.63739695340496
685.3165931152927
2703.183650686977
5484.515113500596
3449.215703405019
2025.0826836917552
674.8387798685783
305.71794989546004
220.01961432198328
219.4591696535245
138.54879006123056
113.85109431003585
344.2442383512545
474.1825604838707
2330.760360663082
3856.9421146953405
3919.5696983273597
1547.9993578255676
753.6964116636799
277.6899103942652
142.59693608124257
216.19021916069292
108.05525776583036
58.97624245818398
90.83150937126645
816.339088261649
2589.490654868578
6112.186477001195
4965.772517174433
1475.720663455795
939.2909834229396
518.9643906810036
219.00773372162485
110.50956179062128
274.44906436678616
136.58876904121863
247.21659572879332
256.2994997013143
3153.662126642772
7251.610734020312
5094.342129629629
1602.4998170549588
575.0905017921147
336.57501941457593
364.72391614396656
124.76289019563926
122.640141166368
204.75915389784944
73.63857239396657
668.630592144564
3142.0294429510145
6142.262387992831
5598.036749551972
2126.8823626045396
453.8322498506569
293.0032467144564
228.69678054062123
130.18427251344085
146.11142641129032
98.80443832138589
641.4775414426523
996.0418720131414
2953.2472707586626
6393.241610663084
4840.140890083632
1495.2642510453998
690.8479752837515
381.5027016129032
238.67173760454006
107.19072401433691
308.92704413082436
96.88794993279569
102.02529961917563
285.76330570489836
2075.5920698924733
4186.213616338114
3093.8766390382325
1677.4807758363206
1054.1118690262845
617.606289202509
311.39790471923527
222.27906772700123
222.27036215651134
209.78165206839904
134.55730600358422
847.8497647849464
2532.4075642174416
5843.748547640383
5210.284434737158
2028.182138590203
796.9038306451613
550.5022155017922
205.33465277777773
128.04066005824373
161.43516614396657
82.20100108273597
200.556506869773
563.4284591547191
1790.0372834528073
4266.957493279569
4786.540770609318
1367.683841099164
1163.0639336917563
362.6681298536441
535.1212425328555
122.67104689366788
138.88578147401432
94.84353729838709
139.62309778225813
523.8959755824371
3328.053845579449
6158.186361260455
4909.949473566307
1568.8021878733575
469.5709531810035
573.1546154420548
264.3380395011947
128.37401807048983
107.00437104241337
92.13599402628434
157.5639120370371
449.7185487604541
2289.399495967743
3711.435510005973
2902.9573999402623
1653.2598827658308
569.5252045997611
316.6154375746713
280.5869526583034
107.60952856182796
312.3830368876941
105.78082448476702
208.56128953853045
549.7811499402627
2240.882971176822
5347.334464605735
4790.720459976104
4057.3166591995227
1037.689602001195
462.2007482078853
303.1578405017921
252.32716845878122
147.4963556600956
224.4812856556153
163.55468346774194
609.6575910991638
3415.623484169654
6421.037432795698
5914.588216845877
2241.8134931302266
951.7280689964155
215.84446796594972
277.1416558393071
162.85657780764632
88.99786555406213
141.80465710872159
230.26177867383518
554.8821759259259
2554.1111671146955
6831.913780615291
5420.645463709675
2845.6754554958193
1249.1391353046592
595.1181048387095
202.50391203703703
155.20022513440858
192.9152377165472
121.11123909796895
405.90395161290314
769.199371639785
2208.2034684886503
5331.7708482676235
5079.021098416964
3058.5823364695334
1105.6621751792115
621.1827255077658
463.2717196833931
125.42181787634414
125.28097883064511
68.73472856929509
194.8535588410992
855.4042730734767
3101.3391091696544
5526.186010304659
4286.9071423237765
1861.3802867383513
832.4815143369176
562.9668947879331
302.4799585573476
147.59952807646357
130.90521412037035
166.03674253285544
190.56173760454
526.1838280316608
4462.910580943846
8612.754502688173
7629.5576687574685
2060.485431600956
1205.7498655913982
491.29362791218637
258.8205745967743
173.49032780764634
116.93438265382315
85.05466692801674
95.92889299581837
526.8949544504184
2439.675097072879
4398.1285170250885
4661.672547043011
1371.016017025089
546.4948850059735
