4.851403823205228
3.458669354865921
2.3887022103020024
4.855361409796894
3.7656810035842287
0.3334229390953121
12.418608124253286
135.44653524492233
164.060633213859
103.2709826762246
30.843413978494624
6.345579450445371
8.483870967741936
3.8805630227001187
2.7867383512544803
2.6869362305854243
2.7240516726403823
3.4289277180406215
15.447281959378733
4.761424731182796
156.45534647550775
71.1398596176822
26.023372162485067
8.845243428912784
4.851403823205228
3.458669354865921
2.3887022103020024
2.5906137993103657
1.7258064516401148
4.9171296296296285
37.130376344086024
114.91562126642772
140.9199522102748
72.76396356033453
34.859244324970135
6.345579450445371
4.851403823205228
3.458669354865921
2.3887022103020024
2.5906137993103657
1.7258064516401148
6.940725806451613
14.742756869772998
105.8355734767025
106.2313321385902
61.80219534050179
31.811155913978496
6.345579450445371
5.217592592592593
3.7890232974910396
2.3887022103020024
2.9886499402628433
1.8038194444444444
0.7816009557945041
47.88306451612903
106.2313321385902
134.21445639187576
28.423312425328554
16.13153375149343
7.659050179211469
4.880061603942653
3.458669354865921
2.3887022103020024
3.768779868578256
1.9232265531660693
8.551762246117084
55.35394265232975
121.44937275985663
163.90008960573476
90.97632915173237
31.69952210274791
7.539650537634409
5.477113201911589
3.586036439665472
3.175179211469534
2.78803390083632
1.7258064516401148
0.3334229390953121
37.73521505376344
83.94190561529271
104.40188172043011
64.91226105137396
23.738425925925927
9.945340501792115
5.042450716845878
3.458669354865921
2.977785244922342
2.5906137993103657
2.1540845280764636
11.96574074074074
44.14202508960574
141.7749402628435
135.27105734767025
89.9719982078853
33.81235065710872
10.445415173237752
4.851403823205228
3.458669354865921
2.3887022103020024
2.5906137993103657
3.2502613500597373
3.3401060334528077
60.66308243727599
117.80540621266428
88.75821385902032
74.33953106332139
22.222968936678615
10.888963560334528
9.162933094384707
3.458669354865921
2.5160692951015533
2.5906137993103657
2.131795101553166
8.240008960573476
48.17801672640382
111.8839605734767
163.65740740740742
103.2709826762246
30.843413978494624
9.56160394265233
8.630899044205494
5.818884408602151
2.3887022103020024
2.5906137993103657
1.7258064516401148
8.373670848267622
67.54778972520909
126.8107825567503
171.30749701314218
75.4035991636798
23.06190262843489
15.076538231780168
5.591733870967742
4.8187350657108725
2.6418384109916366
2.5906137993103657
1.7449111409796894
12.386514336917562
61.01777180406213
154.0359916367981
167.49178614097968
106.63866487455198
31.369474313022707
8.849126344086022
4.851403823205228
3.458669354865921
2.3887022103020024
2.8851515830346477
1.946314964157706
4.22231182795699
27.311827956989248
113.66114097968936
95.97147550776583
73.75709378733572
29.06810035842294
8.619885005973716
4.851403823205228
3.458669354865921
2.834490740740741
2.5906137993103657
1.7258064516401148
12.386514336917562
52.172939068100355
142.64486260454004
207.77329749103941
94.75843787335722
32.912933094384705
7.026209677419355
7.598603643966547
4.007952508960574
2.3887022103020024
2.5906137993103657
2.65718339307049
7.072147550776583
54.72296893667861
158.59468339307048
215.3935185185185
115.83071983273597
32.68966547192354
9.19937275985663
4.886827210274791
3.458669354865921
2.3887022103020024
2.5906137993103657
1.7258064516401148
5.380465949820788
39.21370967741935
108.03464755077658
145.15755675029868
70.1280615292712
32.130002986857825
10.218413978494624
8.630899044205494
3.6095206093189964
2.76086096176822
2.5906137993103657
1.7258064516401148
0.39312649342891276
40.90128434886499
119.8439366786141
78.13246714456392
52.54293608124253
31.087589605734767
12.335722819593787
8.677195340501791
6.909610215053765
2.5757691158900835
3.3500597371565113
1.7258064516401148
5.555570489844683
54.53629032258065
73.60737753882916
93.69399641577061
22.04786439665472
23.818324372759857
7.457287933094383
5.388739545997611
3.458669354865921
2.3887022103020024
2.5906137993103657
1.7258064516401148
13.189605734767024
40.90128434886499
165.17697132616487
201.25448028673836
125.75082138590203
33.13284050179212
8.399380227001194
5.1539015830346475
3.5637470131421742
2.3887022103020024
2.5906137993103657
1.7258064516401148
7.18452807646356
42.02508960573477
136.91756272401435
158.61335125448028
87.76172341696535
34.859244324970135
6.839120370370369
