2774.5803350955125
2527.1205934762506
2060.589200409111
1613.5788733218847
1929.363457392372
1903.830681743173
2316.1705794465065
3009.49149888311
3422.677905125004
4007.7416427990565
3109.0866041197046
2884.105606152077
2499.8114525501114
1896.4469202203263
1666.7149540260157
1664.7833756688492
1323.6677911310196
1788.4905001271384
1917.8054923048521
2639.23158901609
3240.1060236367034
3841.093120666985
3481.7221743144055
2736.2802444101235
2190.9350382319362
1197.9788601181626
979.2435074374791
1206.4382214976379
1013.0147474614052
1334.7141754970648
1716.097655989061
2348.5661317880467
2757.217205041338
3218.7457768377903
2679.733052239164
1637.0945492684589
1294.5693269595383
1301.3196308689128
1073.4163836346167
982.3212950673753
952.5816080468336
1645.5860757483438
1319.2459323615303
2641.643683142446
2925.3688116122958
3593.47720969832
2996.8930015157275
2226.6307289336364
1778.5229302699363
1239.1129779367097
1209.08303217051
1211.138761814004
1297.506251737042
1500.317152550049
2112.107740868378
2321.8643262198702
2936.7283484628215
3352.0356778767587
2866.675579287977
2322.4388071473163
2052.177818684176
1668.9321137125874
1372.7290324196554
1388.9487726386944
1339.096682476682
1571.1075830413138
1628.0372295417803
2823.7557649993482
3152.3839319344675
3683.7574084593816
2974.4346501628625
2659.279163338051
2246.2139333015875
1498.0517790603171
1490.728314904966
1152.1360956123772
919.4787064786645
1296.3721926621156
1675.8053426511333
2083.5141991464066
2886.0029285241717
2936.8684183370515
2675.652298587268
1784.5979793557083
1643.6440087119443
870.5721791128494
650.013804067462
765.3137921811358
860.0553163833277
1315.921502980412
1555.223312034025
2492.417264267327
3220.80266443934
3765.7105440215955
3086.4994278923473
2189.1992244341604
1456.5853444566724
978.4436639137448
725.3698762957648
1051.4171910086293
483.03824872652575
600.230996734763
1057.7977307089945
1252.4761335968783
2480.421676509489
2664.4951372198284
2180.329991345653
1447.3408542334773
1624.9874501435952
705.3309356388531
701.8132158766385
689.9464870764126
563.1276544567312
767.2271077835563
1510.337986099758
2186.6420663643967
3096.9823721364514
3229.0154670848947
2636.5023587950286
1699.0668969752555
1520.3519415299797
1056.9407664932073
715.248794150264
651.1479058195838
749.449175362473
919.0112191895262
1391.881854095349
2312.4654128440134
3147.1610630379632
3662.608263732445
3281.73867613222
2207.1304725939713
1293.1856989985718
697.3259822860342
673.5083587429473
568.554333544697
729.2287030677508
690.9345177817993
1244.9561356665029
1709.9147821821362
2523.084298262282
3212.0415236904882
1966.528794263584
1867.388000019268
1181.239661111758
1371.7320348618625
681.7889922409839
729.9536950065109
567.4408798098107
582.1273514020711
788.0796254646602
1363.3363386531387
1818.1159379312314
1277.4091104366985
1714.2444093887018
1692.8791023337214
1209.2439936111732
969.9145758727201
1069.232538170033
946.2849805105841
723.9626850852186
1022.2188803521556
1361.1237596256858
1625.8645054650315
2371.516493995709
3325.5058656741066
3288.84442750479
2260.701465817074
1419.5706004845913
1668.791024722911
1480.2605825266232
891.7652962348934
766.9993400936733
982.9676066449808
1371.1591842656303
2489.477400487712
3236.452220829029
4309.169193113036
3610.734189412115
2348.22856188969
1351.067801248763
941.4264293720875
882.2872186843239
668.8515127778704
749.9120886712336
849.7041931557185
1742.8954691307517
2125.4904216157456
2889.315667874045
3560.8384588450695
3892.1158938096773
2379.801668820434
1414.944765547335
1147.6715784792425
790.7730163734228
832.684237477872
837.2390867917314
1485.7515986287485
1572.2689768556609
2489.2288419805586
3530.9589525576907
4405.893326886965
3485.696259774281
2683.5947414740226
2124.191222536895
2175.2949718170476
1510.5225930688723
1066.4260527083138
1030.825349710361
1565.2433636658398
2186.0293537792727
2890.139913817182
4094.139712403349
4442.090511674405
3813.156844169289
2556.6849494755465
2193.0262659989844
1513.444073090306
826.0574134211403
870.1605673407364
784.4606654261935
1203.03014073605
1104.6222263237955
2117.2432825086994
3203.5321295606154
3705.6660771348934
3261.235828573582
2220.9361895343527
1503.055713063289
982.1911244296501
783.3681871375915
782.1942347807405
828.5945862466649
1130.5034819766977
1240.814684104453
1931.3424631977023
2329.419082112998
2769.0102790539377
2102.8572935022817
1522.680525630894
