0
0
0
0
0
0
394.0963095570952
667.7665790851581
1083.767260694402
684.5745264380466
85.34708111634437
2.768337402451408
0
0
0
0
0
0
288.47088061084156
1043.258746090995
1350.602417736247
448.3229912798305
48.81178782230323
0
0
0
0
0
0
0
672.609647834767
1183.5852636054078
1648.4426918974236
715.8735908903733
20.00080807695722
0
0
0
0
0
0
59.741101934179255
495.9716003494072
1300.908507109296
1528.006311267033
500.1999710116456
10.131483587361352
20.735068953198578
0
0
0
0
0.24328579851689014
106.89327537668602
439.1321315200752
1235.3526853159979
1480.9191256644165
820.2763643984255
123.3588713236247
0
0
0
0
0
0
105.8559788471827
513.6462033619464
1348.4017641119237
1909.59811899013
928.9042781857966
98.3698293653899
0
0
0
0
0
0
59.95571715172492
469.2624667362343
1199.9824263356195
1335.6030368657507
792.7042798188079
101.99894414266186
0
16.798416132531848
0
0
0
0
42.20092393800912
593.610387815284
1791.5222406329412
1933.5995734095177
1013.0049603972632
158.98147977581385
0
0
0
0
0
0
72.07564432835832
505.561956384015
1575.9309933906422
1867.1434212098466
778.7569876219345
96.73171570346862
0
0
0
0
0
5.5111694302545935
87.98446456259575
472.44644073272246
1372.4211037005098
2660.4716390964095
895.4130338857233
210.42430103306964
18.722404524237085
0
0
0
0
14.20609137023365
32.515728674636186
460.52903143507126
560.5245735642452
982.9657642319813
168.34253858972204
124.91536396532007
0
0
0
0
0
0
37.66390988492698
592.3596314783484
1920.6896125265691
1794.003589074566
1119.3432446482548
189.2799966627866
0
0
0
0
0
0
68.61586341117987
607.4307115033754
1531.8538154700518
1361.808474177443
829.744543531662
129.9289291826612
0
0
8.029316017022218
0
0
0
144.9528498848993
769.4652426987955
1860.0209246348888
1911.473541510454
1357.0834756209335
267.9613145166131
4.74203718203087
0
0
0
0
27.86355925913015
91.90938373444915
845.7435335145395
1400.671597010502
1923.2543116238178
916.3612637116074
266.54622479738737
1.3604614083477031
0
0
0
0
0
8.98102122992664
365.192760516969
1053.778711746411
1046.2802476173454
462.65154902168206
7.085472172666087
0
0
0
0
0
0
0
364.92482659947075
304.18296728360923
591.9627596784138
120.15497576077752
0
0
0
0
0
0
0
0
438.8926481015916
1005.3387741800581
1114.2304198899033
661.566723722827
0
0
0
0
0
0
0
50.553216798992864
0
879.4146879551764
1154.7283347393143
394.9511346608439
93.54392738274157
0
0
0
0
1.170863772669403
0
75.68094182792372
418.15219901799026
1182.3930952148771
1332.8315857232283
688.9142030529854
35.23129263887907
0
