394.5960610812425
276.694471699522
185.6715710872162
146.32266707735963
101.41958852299882
166.09272662783752
435.1902990591399
2885.4189329450414
6557.950104540026
5055.47405167264
1983.35013067503
1009.9650910991638
341.28696572580657
273.40866263440864
121.18637918160098
84.40869660991638
96.85248304958182
142.1269044205496
385.8503464755079
2017.6843974014334
5124.006074522104
3566.9150052269997
1433.9860103046597
506.79730921445656
204.65049171146953
241.78001381421745
119.76597147550777
88.55901116338113
69.9888434139785
260.0696393369176
409.05610513739526
2264.7691606929516
5084.9948066009565
3314.720474910395
1319.3471438172037
251.75222968936674
190.31185446535244
231.53219198028668
243.2764979091995
198.17979073327362
76.93269041218637
140.9970695191159
433.66693884408613
2760.0148633512545
6252.0858684289105
3563.9171146953418
1646.5946908602143
569.7408960573476
389.96248394563935
457.10838410991647
93.03519268966548
113.13517387246117
116.46162343189968
173.55676022998807
438.5283157855437
2411.896822729988
5514.0205869175625
3675.7982078853047
1556.6346064814816
620.2040893817203
484.1303808243728
211.5232035271057
183.58424283154116
107.06664135304659
112.12057892771803
252.86076575567506
461.99691457586607
2744.736234318996
6142.377068399045
4871.966748805258
1915.400914725209
791.8236275388291
279.40917040023896
158.98891939217444
156.64781399342888
81.62064699074072
71.73929603494624
158.79213224313023
315.70852598566313
2466.0201052867387
5919.443735065711
3326.7931302270013
1884.3800477897262
741.7927897252092
834.6795710125447
322.375355062724
146.239091995221
139.73466143966542
142.62164303315407
185.3501594235365
630.2636114844681
3228.9611111111117
6509.338948626044
5053.942749402629
2414.5688993428907
859.9175847520906
274.2205047789725
203.8633781362007
152.12391132765833
230.05289433990444
248.7790159423536
317.37019563918767
803.9018380376344
4372.569545250895
7758.735644414574
6213.839038231778
2129.0701202210275
726.6499495967743
481.93223304958184
259.0245881869773
280.1024432497013
209.83767958482676
114.98683897102748
652.5419829002391
931.9190400985661
4669.814975358423
9279.912171445638
6244.370221027479
2976.8716024492237
1256.3445079151738
610.1822087813619
329.42241412783756
188.716857078853
175.6812884557945
96.84078841845879
130.03013676075273
557.2040277777775
2840.9565449522106
6448.251597968938
4803.192275238948
2981.82414874552
1327.2855174731183
317.6349932795699
230.93783751493424
177.385783676822
116.69280779569891
139.08758811230592
195.96529233870965
663.3840091099163
2562.606440412186
6866.6366636798075
5122.607844235365
2731.8839941756264
892.79263739546
488.78620034348864
203.22151807048988
196.75917040023893
102.21691293309438
151.79890307646355
112.6432310334528
609.8779439217442
2800.064489994026
6150.005439814816
4754.345340501792
1722.9701052867383
624.8006145459975
379.04417749402626
512.1195403972521
293.55477561230583
296.77050601105134
332.6595579450418
289.1502385752687
1044.2577770310638
4263.281276135007
9088.851885454002
6658.294739396651
3879.6738948626053
1373.8503882915165
442.78746266427737
281.7753173536439
158.64305966248503
114.69704812574673
119.04112604540029
187.220757541816
608.4902930854242
3099.144619922342
6267.92292040024
5499.6798088411015
3153.4084304062126
945.168929211469
640.5876355286738
468.33063246714437
161.08839979091996
130.93068018219833
131.95542603793314
136.65046968339308
672.5318107825569
2913.2958818697734
6773.083870967744
4566.988246714455
1917.967331242533
723.8548282556751
501.2123293757466
212.96180368876938
102.13876019265236
107.27548107078853
45.310549507168474
152.48735737753873
282.013633885902
931.4198626045402
3731.036178315413
2704.687160244923
865.9355652628435
259.0384595280765
420.10173163082436
213.18659050179215
408.51912933094394
333.7038896729391
116.7215340875149
137.65408945639186
576.4212163978493
1633.0760715352446
3764.522912933094
4328.206660692951
1546.1107078853045
489.33764336917574
288.9012216248505
268.3972453703705
98.52273708183989
102.10208142921147
73.50178505824373
201.55547043010753
575.5934599014333
1873.6812724014337
5023.682287933094
2718.2453143667867
1332.2728083930704
883.3893511051376
383.19006235065734
167.38297397700111
130.8249558318399
149.41426011798092
194.6210196385902
201.07128546893668
392.96285692951034
3005.7642995818405
6245.808482676224
4377.00238948626
1566.1334938769412
586.6385353195936
