1573.8582435483195
1121.9545615168715
651.8940689873668
835.2040263983491
628.2967903523478
830.2073958262055
1217.8039762505696
2122.0743729870524
3047.215476062878
4110.312393993797
3065.2766317481387
2434.903265202258
1478.5463129145062
736.0421636492403
711.3492842231483
687.5728693964473
496.70324998705297
910.9951924807825
1173.0518707397378
1589.2068279647146
2342.0966785052815
3279.042269412503
2313.376721805443
1491.9586344937566
1041.4431587516497
598.636685685666
489.25531299303503
367.1402600281039
482.62629540047385
773.7494405806966
1020.2334870822509
1251.7836982456342
2163.4904614630827
2089.858120027755
1548.2953692941214
987.0586136352449
662.7082121148551
1218.5360100505145
1310.60429806114
1346.0942565369094
754.3323338532862
1042.0579806169226
1445.3537243268834
1927.2109471806784
2553.432741570481
3011.904755994618
2375.858051545595
1797.7681467950463
1218.1544826892905
790.4858882563035
724.8912497631031
597.8798161748164
574.8049311725262
1155.1670256085922
1302.8707336999196
1884.844452414614
2738.6244170112095
3179.4791889281305
2515.8029986428146
1805.4449078044233
1205.4067650700777
753.7303327986102
724.8632730110533
646.6410209959232
488.34279433450723
789.1747376858772
1057.90211230761
1592.7279498858456
1977.4368739894248
2072.366690120073
1124.3912473850864
1098.1448966116475
982.7371374533194
719.3506216529092
551.6182043912268
497.6353660723528
393.92317743147225
860.4661741883998
1126.1102709665463
1630.83099275453
2208.82519181569
3072.4186722199665
2292.0615877151063
1625.4094948126979
1705.7942177919908
822.2706782167918
614.8753221379519
722.7838078621392
690.8107800930051
1084.3025379266483
1357.008519620644
1951.7531364298118
3126.2894251920275
3429.319265646444
2954.8543748756215
1721.0678624269926
1151.9574684859433
1257.8280277130282
934.3083731595639
962.5527308831817
868.9813266835157
1490.5485333237714
1738.8906145202252
2467.4197715897108
3504.2994542872657
3755.424274017914
2998.127829607302
2306.1636215572535
1946.07047359043
1173.0797446292956
852.9592638903775
986.7402303933181
1011.5021018880332
1649.2991933570327
1809.5491980173204
2444.912033508959
3125.543718462618
4393.599733811298
3472.7126709216714
2325.959060207036
1905.3640980413288
1213.7763138349037
927.1642026030723
1005.4209456941351
867.3137232268693
1059.345381002549
1391.1991890714542
2027.02224528129
2828.8587482231487
3523.041731474382
2979.678602954204
2372.32271423077
1189.8091271646417
921.4445941438595
876.3658408218
737.3837308341235
744.1702719148235
1119.485598277618
1344.8683257800042
2163.8744409336296
2889.2474964403004
2993.7970867131876
2773.593610945187
2021.3407396026014
1189.8992265239442
940.0534991689112
718.2935076233017
796.560138405555
679.1647597381265
928.5352714289525
1486.8690699091048
1995.666401377153
2977.2796513422236
3754.173596697153
3009.1020482775907
1972.5641493767318
1216.0322851284968
1263.848607384069
921.6253547769622
914.3491232823876
979.3650906258398
1183.0860995875198
1681.0328770091983
2213.588474999081
3078.3097138284456
3885.0743393897574
3215.3071291176943
2083.814667728664
1347.742180532381
1093.189938253376
599.4289703701126
773.1305516112373
822.8112938720482
1135.2157935774778
1573.4563952871356
2392.64563898831
3218.125253236438
3838.601130090337
3326.2901183248996
2411.075018729595
1705.0930028616667
1887.0525233087662
1143.6377115158662
1028.7646922880263
1092.6907274107798
1393.7517293713697
2089.289611155843
2722.8561959586373
3517.9617550902917
4117.593349824762
3898.348868720072
2774.6885415802903
2180.427628450561
1675.5511317573182
1486.5216943154776
1654.1106427944792
1567.132847992448
1828.0642367709224
2022.116089310858
2738.232280600629
3400.095500496758
4356.028930232247
3926.6838717814503
2855.4460556914655
2257.9449113063106
2007.9656371396275
2039.3130848923493
1706.6596212567008
1912.3712928107198
2237.4808375308353
2627.2441984626676
2807.925924121842
3746.096343227723
4703.604587241907
4316.33217272365
3117.4825151864184
2742.9517438962343
2359.295342504881
1840.8337463064443
2117.108154706327
1540.0567571227286
1976.5689986362893
2159.192688166687
2806.4811932016496
3820.2792696442475
4576.847118054849
3604.3310682689216
3427.1982228378165
3452.014020261617
1925.3183683065931
1491.9391526393829
1593.4105915609075
1454.9353542424833
1655.8926949396612
2103.3871564760184
2988.717063705468
3436.532832859712
3924.2301117899015
4090.8073196372893
2992.8255861147654
