0
0
0
0
0
0
205.70790603260286
952.269640614429
1263.4021173252265
455.4694637140325
60.67903302793337
0
0
0
0
0
18.774823189829682
5.911785885940432
57.73715898599092
392.7655411925482
1237.6596160636068
142.9951089620288
184.93297957857567
0
0
0
0
0
0
0
153.50749729713246
1022.834068862277
1377.8154517540547
542.2105831245431
22.213248339800693
0
0
0
0
0
0
0
416.9244079957632
1339.7540865597136
1931.4699462730061
960.6524799722189
97.08899553479267
0
0
0
0
0
0
0
165.93455087491392
508.3074344199406
587.4681848042013
136.9413509575654
4.212515290171908
0
0
0
0
0
0
67.42430321994259
401.3844052735354
1313.04035431503
2356.6493436018386
611.2056521403964
64.67908115750461
4.976440305813412
0
0
0
0
0
33.47569176343341
473.9010569393406
961.3735553678775
1483.2198976781763
558.2949309538138
285.351990737644
37.50674644167878
21.37174349214954
0
0
2.0191319012082722
0
0
454.39406463726704
1117.2458069411848
1410.7474975433288
481.2345004211577
26.968598951441038
0
0
0
0
0
0
22.050517386900722
271.04773147362056
1129.111623617643
1369.864822046167
555.3493562001902
99.48821211923926
0
0
0
0
0
0
0
361.967050051719
1082.0970296264354
1406.8202054046526
575.6601963707889
75.34850951574587
0
0
0
0
0
0
0
312.65530084964706
1291.3832951890959
1355.7226340049801
736.4951296888858
145.46838069172387
0
0
0
0
0
0
19.16017631264502
459.96641164561265
1785.8060999817665
1867.8723166731327
792.9733969780041
112.4435644644592
0
0
0
0
0
1.4013573062744733
0
115.21707649740172
1010.8125221606138
1324.51195386681
572.8053260884124
104.15436227704586
0
0
0
0
0
0
29.85174474750385
445.32209753750504
659.8992101784971
1127.3195689895465
61.93334867947563
7.982073178500784
0
0
0
0
0
0
0
22.704667027084298
0
1202.0584484219062
108.86693874147613
15.266281547686106
0
0
0
0
0
0
70.85109291451444
448.38459146081595
1200.3456920331491
1764.4672249172258
1021.5273704075839
262.4842550281022
0
0
0
0
0
0
84.981483948432
503.4470786902712
1026.1240515129998
455.581711291317
358.5876967882567
22.030588874183934
0
0
0
0
0
0
62.661572856791295
201.0615922473502
1183.4368924596276
1462.8180094956379
960.9600182270088
0
0
0
0
0
0
0
0
500.4872274674466
2344.74510910213
1909.2377433414645
1107.2196531793627
102.33189781284909
0
0
0
0
0
0
83.36635102744582
460.98598037999733
1753.3208879269441
2081.587932796108
936.7113954066295
102.88201695190178
0
