4.851403823205228
3.5287223715651135
2.3887022103020024
2.8501269414575865
2.3992682198327357
2.3354390681003583
24.8801523297491
97.00940860215053
126.8107825567503
59.506048387096776
26.258587216248507
6.345579450445371
7.091397849462366
3.856705495818399
2.3887022103020024
2.78803390083632
5.825642174432497
5.658990442054957
10.818772401433693
43.57078853046595
124.46236559139786
29.719235364396656
38.256421744324975
6.791367980884108
5.6315337514934285
4.995855734767025
2.3887022103020024
4.592629928315412
1.7258064516401148
3.5864844683393065
20.08997909199522
103.9986559139785
137.9965651135006
68.05966248506572
22.788231780167266
10.171370967741936
8.144265232974911
3.458669354865921
2.3887022103020024
2.5906137993103657
1.7258064516401148
1.0347371565113501
45.411439665471924
134.45340501792114
191.11036439665472
108.24036738351255
30.063844086021504
9.550440561529271
7.043682795698925
3.458669354865921
2.3887022103020024
2.5906137993103657
2.5696311230585422
5.029883512544803
21.494175627240143
54.99178614097969
62.58960573476703
29.52658303464755
21.28509557945042
6.345579450445371
4.851403823205228
3.5446423237753883
2.3887022103020024
2.6172815860215053
1.7258064516401148
11.932511947431303
44.14202508960574
132.1423237753883
232.05645161290323
75.05637694145759
27.18637992831541
12.497386499402628
4.962850955794504
3.531907108721625
2.553879181600956
2.5906137993103657
1.795859468339307
8.784363799283154
51.194743130227
98.61111111111111
148.58124253285544
70.1280615292712
48.424432497013136
15.723192951015532
12.413754480286737
3.458669354865921
2.3887022103020024
5.05241935483871
2.23528972520908
3.796161887694145
49.44369772998805
113.66114097968936
141.7749402628435
62.89239844683393
23.81011051373954
6.472946535244921
4.851403823205228
3.7181824970131423
2.3887022103020024
2.5906137993103657
1.7258064516401148
7.899507168458781
32.011648745519715
114.93055555555556
137.9965651135006
70.1280615292712
30.87178912783752
6.558919504181601
4.851403823205228
3.458669354865921
2.9881272401433687
2.5906137993103657
1.7258064516401148
0.3334229390953121
40.834080047789726
110.56227598566308
141.67040023894862
72.21886200716845
28.683915770609318
6.345579450445371
7.952098267622461
3.458669354865921
2.516468787335723
4.6809662485065715
1.7258064516401148
0.3334229390953121
36.235439068100355
130.7347670250896
136.91756272401435
87.76172341696535
35.520833333333336
6.345579450445371
4.851403823205228
3.458669354865921
2.3887022103020024
2.5906137993103657
1.7258064516401148
7.9517771804062125
50.459229390681
178.19967144563918
186.08124253285544
93.31727897252091
32.48730585424134
6.345579450445371
4.851403823205228
3.458669354865921
2.3887022103020024
2.5906137993103657
4.70306899641577
4.160707885304658
17.588859020310633
104.16293309438471
134.21445639187576
72.3980734767025
31.824223416965353
6.345579450445371
4.851403823205228
3.458669354865921
2.3887022103020024
2.5906137993103657
2.3069369772998805
9.205510752688172
49.316756272401435
70.72132616487455
115.4868578255675
23.655540621266425
22.75164277180406
6.345579450445371
4.851403823205228
3.6238463261648746
2.496964605734767
2.5906137993103657
1.7258064516401148
0.3334229390953121
8.995295698924732
3.8481929510155317
122.78972520908005
28.308318399044204
23.584229390681006
6.817241636798088
5.2367084826762245
3.5541965352449223
2.3887022103020024
3.080981182795699
1.7258064516401148
13.369563918757464
49.87679211469534
122.75238948626045
176.77718040621266
115.83071983273597
47.38575268817204
10.171370967741936
5.137981630824372
3.458669354865921
2.496964605734767
2.809535543608124
2.156063321385902
14.84544504181601
55.28300477897252
106.2313321385902
51.65023894862605
52.54293608124253
24.510902031063324
7.224014336917561
5.532034050179211
3.458669354865921
2.3887022103020024
3.13511798088411
1.7258064516401148
12.834916367980885
26.480361409796895
121.44937275985663
148.21908602150538
110.36850358422939
15.133288530493163
6.945004480286737
6.905204599761051
4.995855734767025
2.3887022103020024
3.3834752090800477
1.7258064516401148
3.6262843488649934
55.28300477897252
232.76956391875746
191.11036439665472
124.54487753882916
32.48730585424134
10.882989844683394
5.137981630824372
4.147252090800478
4.452844982078853
2.5906137993103657
2.7845355436081243
15.076179808841099
51.65023894862605
176.32541816009558
207.77329749103941
108.40091099163679
32.68966547192354
11.440412186379929
