0
0
0
0
0
45.48683634541213
337.89857956904245
1209.969760088742
1240.1247875761226
670.4537827104483
304.07016206019136
0
0
0
0
0
0
40.09159472703958
498.17081340654045
1749.4318345019865
2039.9356017266891
969.3571908019335
259.72460890951953
0
0
0
0
0
0
13.565851950134757
499.87704628160077
1218.7861297941768
1913.4553860431822
1198.3549230289636
101.85288394314597
0
0
0
0
0
0
0
302.1305011857274
834.2724557353412
927.9297730352525
530.4870827201282
30.921656825115214
48.80350533312691
0
0
0
0
0
13.397419641918987
201.3086174818434
1179.620905148734
1019.7352098938072
98.69291905792386
93.96539014082902
0
0
0
0
0
0
0
370.4390647717432
1090.989876417778
1124.4379487392341
505.97267723000226
0
0
0
0
0
0
0
0
285.2783344184325
0
475.9976754559541
0
97.16206391566067
0
0
0
0
0
0
0
405.71836272567816
1344.8596808957848
1344.6251857153718
502.3422513172151
253.68346603626776
0
0
0
0
0
0
58.77217957328064
390.64932197541276
827.6047538446444
1229.3260675658798
652.2784929982787
157.72492060191553
0
0
0
0
0
0
0
86.97821343284207
663.0509573444764
625.2222364679741
6.603072714874955
0
0
0
0
0
0
0
71.1925879936326
455.15567420687523
1000.3532025965034
1582.183954196139
749.052626702028
94.14270118156855
0
0
0
0
0
0
56.833974102370235
496.4729080613831
1882.9947200534507
2355.6515878798227
1028.1630624499273
286.24646918369456
0
0
0
0
0
0
1.5432080945729254
422.47700779967164
1081.079845936002
1172.2034861248744
670.1126737586632
0
0
0
0
0
0
0
1.433435309033122
384.1411686247214
1264.3529885536461
1161.4018569226405
598.7673167200968
0
0
0
0
0
0
0
43.457285466826676
634.4229689984105
1263.196238587563
1466.560763236721
1196.5557828274978
283.69108740192746
0
0
0
0
0
0
0
81.30879994349218
0
876.6901938539047
34.51553498345022
0
0
0
0
0
0
0
27.13765927698634
760.5431061693632
1296.8192426719008
2347.812894087016
827.285053419081
218.96192847991873
0
0
0
0
0
0
206.50528552106852
710.2434545532044
1787.492298672292
1776.0505363773584
1208.7881992305931
259.5102911534598
18.79841497527164
0
0
0
0
0
22.489410048694168
501.22983499432826
1195.7617608345074
1569.7085468062198
907.9170844816322
111.98295814737722
0
0
0
0
0
0
55.264125818365784
761.6654905353141
1466.397351487279
1849.8712362608626
1254.176299827179
274.5724291382817
0
