743.3067891278374
385.15396468040626
139.10246751792116
172.05150873655913
127.17125757915171
235.1589923088411
553.969440710872
3755.132340203107
7661.880174731183
5244.6188246714455
4499.929091995219
1224.023913530466
508.7597072879331
238.36838298984472
331.0302606033452
157.9207275612306
134.6498400164277
354.2526194743132
1265.8260715352453
3772.145978942652
6923.321983273598
6162.561809289128
3251.7455234468334
1472.5321423237756
390.7194881272402
252.39362231182795
127.08747192353643
176.85511880227
142.42719929808842
203.67118167562725
604.9310670549579
3290.996542712067
6731.281231332138
5141.217846475508
2820.1183467741944
896.1969929808841
502.4316509856633
151.40043496117084
103.06818899342888
86.22787074372759
133.08888918757467
86.93360887096776
562.807794205496
2210.450347222222
5719.256235065711
4043.3021206690555
1371.858908303464
598.7077912186379
206.12118092891282
203.92080533154126
128.23609681152928
101.18441461320192
133.5195625
103.45360061977298
425.3973633512547
2314.322196087216
5872.048525238949
4364.23401657706
1467.2266577060932
603.4611148446835
367.40965240442057
174.8481227598566
229.74806227598575
163.27841151433688
93.01773160468937
174.86016054360817
354.0742450716845
2747.6324298088402
6550.636607676224
4464.798219086022
1697.9277031063325
542.0001381421745
468.45439441457603
198.97360065710873
119.88885091845872
143.62431802568693
84.47713287783752
129.90549395161287
502.83307459677417
1708.4830645161294
3812.359877165472
3565.893010752688
1782.289676672641
467.65234020310623
299.8805999850658
378.88906884707285
171.5123297491039
162.3020488724612
331.8969108422939
579.0847659050177
1405.0283452807648
2917.1992196833926
6346.437149044205
5054.613765681004
3616.037070639189
1237.4363649940262
630.9294967144563
176.03394339904426
104.5470841173835
105.87366431451613
97.93980212066904
248.3349365292712
560.6918316905616
2728.777318548387
5732.393298237753
4518.509259259257
3081.277624701315
740.2506761499401
371.3989433990442
149.43662828554363
146.75184550477894
132.57678539426527
127.63272625448029
129.62923528972522
668.9868869474313
2125.2115703405016
5635.877680704897
4073.771953405018
1435.63754853644
640.7460804958184
570.7746016278376
308.65968189964155
161.4215867308841
143.77425303912787
110.04928005525687
189.64888963560335
620.5299107676226
2967.593682795699
6986.851359020312
5300.502482825568
2834.1640232974896
671.439191308244
506.22263030167255
316.9670082885305
184.74447580645156
115.40546027479097
229.4773281810036
237.76916106630816
632.2946333632021
3087.7077956989256
7285.3002912186375
5486.958490143369
3262.145952807647
844.3641603195938
538.1064478793311
217.03658900836328
116.903831765233
104.85031246266429
127.41104091995226
174.4728016726404
512.7110076911587
2965.9836394862614
6361.38110439068
4465.750754181601
1892.5779868578256
952.6688911290321
338.2504386947432
328.60974649044203
188.21440076164873
108.8820933019713
145.0501665173238
121.18394597520916
648.1119698327358
2106.5338933691755
5336.066599462366
4014.330279271206
1949.4132691158898
558.1878703703703
165.20437462664276
195.45874253285547
98.45531302270014
236.6462831541219
256.23238414725205
181.4948999402628
615.2476052867385
3393.4267099761046
7613.044478046595
6679.825810185188
3348.022677718039
722.0584042712067
374.98828068996403
232.32253658900837
118.60496117084824
103.16622132616484
86.08289280913978
102.00046744324968
444.5033926971326
1901.8263504330944
5439.339015830347
3724.7085274790925
1078.1373021206693
542.619123357228
241.6930077658303
221.01693623058546
233.0724779719235
192.93141412783754
134.7577585125448
228.3941087962964
992.4328505824371
3403.89432123656
7354.027822580645
6110.397718787336
2875.1162037037043
901.6062003434882
456.0709042712067
250.7898920997611
148.25095277031068
104.57055062724015
135.85648394563918
156.7604297341697
589.7148002538828
2710.568249701314
6682.15441681601
5375.167622461172
3248.946363500596
751.4682104988054
333.9196490442054
174.50521916069297
131.58884595280767
128.8962290546595
114.23961581541217
189.59551336618878
640.2690539127835
2468.4529495221027
5298.19820041816
4177.644134557946
1729.8834602747907
623.9399581839907
368.6184150985661
210.04817502986853
166.2350194145759
159.27901108870967
116.72309662485064
214.29896654719235
492.1090968488649
2995.6421818996423
6298.8466285842305
4962.3766129032265
1939.148932198327
634.0684729689368
