0.0
4.106933243727599
0.0
0.0
0.0
0.0
1.8667764336917563
48.53823178016727
141.50141875746715
125.44795400238948
91.47337962962963
6.7206541218638005
2.6135043309438473
0.0
0.0
0.0
0.0
0.0
0.3733557347670251
75.04618428912784
128.80958781362008
95.20463709677419
38.82937574671445
9.707194593787337
0.3733557347670251
0.0
0.0
0.0
0.0
0.0
0.3733557347670251
34.72207287933094
86.99085274790922
154.57075119474314
111.262208781362
17.174473566308244
0.0
0.0
1.1200899790919951
0.0
3.3602337216248506
0.0
0.0
29.12205047789725
92.5939366786141
159.7959229390681
70.19026284348865
0.0
2.9868690262843485
0.0
0.0
0.0
0.0
0.0
0.0
32.1086096176822
145.98394563918757
146.35734020310636
72.80510752688173
9.707194593787337
5.226911589008363
0.0
0.3733557347670251
0.0
0.0
0.0
0.0
14.561017771804062
120.96957138590203
142.6219384707288
56.37828554360812
30.615330047789726
0.0
0.0
6.3471139486260455
0.0
0.0
0.7467278972520908
0.0
34.34897700119474
131.7936827956989
141.12802419354838
82.51280615292713
17.5475993130227
0.0
0.0
0.0
0.7467278972520908
0.7467278972520908
0.0
0.0
54.13679808841099
94.83086917562724
106.03251941457587
70.19026284348865
6.3471139486260455
0.0
0.0
1.1200899790919951
0.0
0.0
0.0
0.0
67.206541218638
114.99309289127838
222.89366786140985
78.77740442054959
16.05430854241338
0.7467278972520908
0.0
0.0
0.0
0.0
0.0
0.0
29.12205047789725
148.96766726403823
148.96766726403823
96.32515681003584
14.93414351851852
0.0
0.0
0.0
0.0
0.0
0.7467278972520908
0.0
69.06970579450419
151.20911738351253
159.7959229390681
153.4502314814815
33.975433094384705
0.0
2.6135043309438473
0.0
0.0
0.0
0.0
0.0
8.587029569892474
141.87481332138591
99.68679062126643
153.4502314814815
15.307683691756269
0.0
0.0
0.3733557347670251
0.7467278972520908
0.0
0.0
1.1200899790919951
50.775164277180416
118.35510005973715
222.89366786140985
53.390008960573475
0.0
0.0
0.0
0.7467278972520908
0.0
4.853823178016726
0.0
0.0
84.75392025089606
153.82362604540023
177.71706989247312
148.96766726403823
13.067312574671446
1.493414351851852
0.0
0.0
0.0
1.8667764336917563
0.0
0.0
47.043944145758665
105.28573028673836
122.45971475507764
102.30167264038232
0.0
0.0
2.240142249103943
0.0
0.0
0.7467278972520908
0.0
0.0
47.79110663082438
126.1951164874552
121.71255227001194
130.67312574671445
19.041304510155317
0.0
0.0
0.0
0.0
0.0
0.0
0.0
76.90972222222223
205.71931003584228
175.10259856630825
146.35734020310636
0.0
0.0
0.0
0.0
0.0
0.0
0.0
0.0
29.86869026284349
205.71931003584228
114.99309289127838
99.68679062126643
0.0
0.0
0.0
0.0
0.0
7.467278972520908
0.0
0.0
54.13679808841099
169.13026433691758
125.44795400238948
89.97909199522103
12.694190561529268
1.1200899790919951
0.0
0.0
0.0
0.0
0.0
0.7467278972520908
19.41442652329749
92.96733124253285
141.87481332138591
112.75201612903226
8.960569743130227
