2526.653841666599
1782.8256188645412
1020.5832972579767
1155.8915039969152
1225.970017278871
1288.730812418201
1823.2211618837828
2709.8802384291066
3564.5483987032603
4538.317919680777
3713.0574075844597
2555.026936050524
2102.1464771916876
1131.2936570781524
912.8734180343786
973.1114446652647
1123.7301380545564
1550.736128113996
1718.229581313215
2040.8496109694943
2605.5477575076725
3398.734921742253
2985.66090639326
2009.5590675881413
1471.8770409201088
1149.263444198211
802.1154235067744
622.546711641007
592.4565955796851
825.8070044247833
1272.1282638146283
2007.157734983985
3163.5930600293905
3329.79674009944
3446.0924085713023
1753.3291445492232
1276.8429194027879
976.3927454149109
864.5603240468026
776.4688159753802
919.8174779691757
1073.0865723134573
1401.9672025228206
1366.7748547374285
2110.7680648978403
2543.128867404415
2066.3013049804817
1412.0578458691202
1167.9755288362446
858.5582560878445
735.805310396317
775.7966545858084
752.4069394237202
968.1390697767522
1287.1193560117476
1749.008636255713
2903.406189711328
2431.819317363017
2332.4961438041064
1661.6761876730027
1213.3823811095044
1224.4463050208324
768.741991649046
982.893426163187
880.5509200812219
1162.546100066403
1784.755196238315
2180.8600100710305
3017.7951102498814
3875.8667647915195
3974.6414938008575
2472.486518475446
1828.619249908517
1129.8068193828974
786.911498895408
679.5775405048499
757.3774602122367
1213.3868980832624
1604.2673498195918
2443.2077736685087
3492.122596982954
4095.540536019251
3700.991135206145
2489.796516915447
1723.032572780044
1831.0200248416434
994.276586698884
1416.337519032988
1090.595133064929
1488.858976845406
1900.9880783123995
2453.730820868282
3598.5738113927428
3753.9591625998505
3495.0058832388236
2454.4974845894776
1902.143273444128
1164.285464989013
1019.1295499815476
913.6162128126917
888.8456527737181
1470.283037505373
1898.3932392215395
2408.5626740688012
3183.937760738878
3495.7302029307007
2832.372927426897
2349.085067196439
1903.3556438413266
1125.4080525743375
913.0611904136754
1008.1754230456486
886.7579255514148
1185.972161546997
2063.451206679209
2594.8919207550766
3800.5819091734893
4208.382141218706
3782.1763805990918
2456.7594260971196
1764.212701685297
974.4568656568871
808.3141129973367
660.28003320907
766.2601315303335
990.344838887854
1277.5123446867465
1793.8985931008833
2549.813097834856
2755.919830339374
2199.3357490115504
1508.9617001925385
1255.1526979531723
1066.4009934867513
703.8310961981438
842.5339781086159
685.8808733933186
1216.7797970530057
1470.488718551808
2028.1688779109295
3133.8005841045765
3036.802052364323
2872.6685810766085
2073.5277542382055
1659.0561560340998
1086.7695759311582
766.5364661059778
818.8399771152323
605.5648157417104
1156.697348041856
1610.8607813786386
2278.6919800808564
3141.4920057329027
3723.8587072108926
3352.785329340912
2099.1570779908297
1376.7011583363824
863.0375933458381
666.215509346855
522.302554435315
448.08972100218386
1259.008896779873
963.6052672421733
1523.0081583921515
2384.516949491529
2004.0919245152063
1912.0711300137523
1317.0436477167166
1080.125838686503
923.0149195855151
685.6298066903034
815.2730433973786
818.0960291617737
748.2542262985054
1045.810128859418
1932.8284458879518
2364.057795052446
2554.6221874380058
2195.253940009487
1686.0287037654355
1096.0610994865176
1050.5899822394715
789.1557297356987
837.7509191398773
784.244365403611
1054.5585054317035
1334.254613022628
1991.6626065022465
2338.3843320018823
3281.991460637185
2190.925877381959
1884.3077657439696
1723.1465315270243
1344.082853867534
902.4366342049643
893.4163879408356
1067.6735513974659
1546.0397042141726
1849.5730576501644
2579.3139300928647
3059.1240585911437
3706.151428738818
3355.216421064603
2350.61535079302
2246.8791892334316
1086.8537867812051
615.8830744383467
553.8150088015042
598.3999498447699
887.1651326323876
1046.179089442356
1626.0940020788316
1975.9596944822026
2376.157641304036
2188.9836437511285
1726.1321194277564
1265.523350079032
730.351846387797
637.0334886899569
646.3342381890035
725.1639360355127
859.4262727551663
1071.0008646899844
1796.5724155732153
2023.299259190245
2373.0808396796983
1836.797036757573
1465.1877202989879
1172.4671004587483
784.4259325240357
470.10538247809313
574.2104963548148
640.7096545710378
900.8894067825515
1062.3368969927444
1567.0762594939984
1706.9616224355786
1969.8980105354199
1762.9013309873485
1657.4704412521608
