23.898446833930702
12.47326762246117
3.049260752688172
2.7859057646356034
2.3851627837514933
8.06444145758662
30.00354689366786
96.873133213859
202.82780764635604
154.29659498207886
94.30630227001194
20.816084229390682
17.620743727598562
9.45131421744325
6.658788829151731
2.697263291517324
5.061241786140981
19.46158154121864
46.708109318996414
138.42592592592595
266.92614994026286
283.0955047789725
189.11477001194743
73.46251493428913
22.687089307048986
8.162410394265233
4.810088112305854
3.245840800477898
3.1881235065710865
14.70243428912784
43.091472520908006
102.83340800477897
259.54749103942646
273.23999402628436
175.13926224611708
70.367756869773
29.62794952210275
7.283004778972521
14.115404719235364
6.679323476702508
3.058325866188769
14.519414575866188
44.47804659498208
106.70549581839904
237.86028972520907
222.8539426523297
163.32586618876942
66.9649790919952
23.189329450418164
12.966771206690561
4.331462813620072
3.3044354838709675
14.962216248506568
9.133661887694144
25.185409199522102
81.21378434886499
210.84304062126643
178.69100955794505
141.0409199522103
64.9454898446834
18.389411589008365
16.286252986857825
8.80981182795699
4.02393219832736
10.946647252090798
11.59837962962963
66.19885005973717
125.65561529271207
240.82250597371566
251.69018817204307
176.96348566308245
50.34348864994026
27.013963560334528
16.01463560334528
3.24392174432497
4.181735364396655
3.221076015531661
12.803091397849462
63.63575268817204
96.55951314217444
234.12111708482672
271.2895758661888
164.67144563918757
73.8325119474313
24.066084229390682
4.645571983273595
5.246527777777777
2.839587066905615
1.6610065710872162
6.676075268817204
23.01108870967742
83.0159796893668
199.80174731182797
215.49581839904425
92.1240292712067
36.51429958183991
14.885976702508957
5.5612679211469525
4.124443697729988
2.580032855436081
4.957773297491039
8.225283751493427
23.646729390681003
77.0415173237754
181.02673237753882
142.75462962962962
71.09655017921146
22.876605436081242
12.825007467144566
11.616263440860216
7.105249402628436
5.013664874551972
5.400545101553166
7.490778076463559
29.34472072879331
89.6964605734767
150.00522700119475
206.3504330943847
132.67995818399044
35.08258661887694
17.221288829151728
12.621901135005974
4.828741039426523
4.1051635304659495
2.725698178016726
5.530092592592593
29.28778375149343
102.46602449223417
180.6447879330944
203.91091696535244
119.21557646356031
31.872498506571088
13.774156212664277
7.593077956989247
10.778972520908004
4.047024342891278
2.631604689366786
7.493540919952212
36.74731182795699
81.55727299880526
187.06205197132616
207.6612903225806
128.36469534050178
39.12914426523297
14.489620669056153
12.046893667861411
9.257467144563918
3.7162410394265235
6.49462365591398
33.206055854241335
36.831727897252094
92.09378733572282
198.6294056152927
194.33579749103941
133.39643070489845
49.396654719235364
25.301821983273594
9.134707287933095
5.235812425328555
3.171419504181601
3.12296146953405
8.16991487455197
41.765606332138596
84.81518817204301
151.6267174432497
183.3277329749104
71.09804360812426
29.265531660692957
25.843189964157705
22.368242234169657
8.602673237753883
5.023211618876942
8.587104241338112
24.3031660692951
42.89463859020311
133.1638291517324
302.6247013142174
279.94175627240145
183.7809886499403
76.8563321385902
20.98794056152927
13.642622461170848
5.198140681003584
4.845471176821984
4.432063918757467
5.13508064516129
30.385752688172044
127.3245221027479
248.83699223416966
257.3577508960573
169.43324372759858
57.09192054958184
16.57724761051374
9.79207735961768
16.80809438470729
7.619399641577061
6.3913157108721625
8.066345579450418
36.71165621266428
132.41263440860217
216.8623058542413
239.44369772998806
135.609692353644
37.08919504181601
19.139000896057347
18.829077060931898
4.067633661887694
6.65680256869773
2.4301411290322577
10.816494922341697
54.43100358422938
101.48894862604543
192.57467144563915
209.19466845878136
176.1981033452808
39.938769414575866
29.72685185185185
9.794728195937873
8.02942054958184
2.7965576463560335
2.630439814814815
8.265681003584229
41.0884109916368
87.68294504181601
144.53442353643968
177.70086618876942
122.53061529271207
37.382653823178025
20.516763739545997
3.894489247311828
4.448655913978494
3.200328554360812
2.694918608124253
10.814590800477896
40.52538829151732
109.09423536439665
215.45997610513743
196.36872759856632
105.29271206690562
34.04237604540024
