1177.84388049575
1075.7774296470993
804.8022940471047
804.2390435727818
813.7410548386085
1113.7953322808055
1511.5699484727916
2517.1938211650704
3027.664572538386
3722.2024402900943
3277.6564965928237
2034.9651566299742
1417.6800233386407
1106.2259823469703
1023.3834426759556
968.6527939782877
865.7262626065278
1537.4087386277358
1910.2647179619607
2524.9210491415365
3173.1771257872433
4174.284354239266
3584.6612424147625
2239.3594708139485
1353.4091533753058
1436.8251265458812
1143.5936418460822
1241.4042571905889
1233.0722773299838
1496.7545107718558
2154.6689522853567
2595.277216764152
3311.692548529987
3830.5032439823544
3822.8589856322333
2463.429876329391
1991.432965699085
1515.8947092739315
1207.6175970456075
1342.4674569550702
1106.9148748479095
1559.473370401869
2122.8410973854247
2519.3329117864123
3793.999094617075
4168.590822302863
3595.4119307271962
2506.3177024999454
1881.6521006701753
1052.9785741882029
837.4765021525889
912.0561751951271
1164.5853101301132
1317.6056755488544
1484.524724888689
2488.154682402668
2817.836633259714
3728.9522325362523
3243.174757902074
2082.3954230373984
1358.579827346063
859.1477760483114
575.6222701735384
667.0963570174285
721.5051352843279
1041.4925890150291
1699.449752689928
2424.1480253040063
3626.909170883094
3832.7511360579483
3325.5540535380146
2358.020867340441
1213.8079819873697
1016.2299152610336
987.4279228798765
832.1323568130936
813.6144558066219
1369.1878277427609
1894.2209975197115
2321.919974982726
2710.976095340182
3535.8151775963106
2978.9465563531
1991.7250190062466
1238.0873032161253
860.181214357772
648.7054819348454
679.0375601022829
623.6026718642114
850.8054094170901
1061.4559195609065
2010.9395051574113
2622.393016888562
3019.0747913334226
2544.592800801548
1748.6603430124155
1015.277207882598
831.6790395111166
803.63022575813
600.90479330851
614.6666612115916
1006.8707294109872
1210.6857235405362
2090.702231267131
2876.6740361271704
3050.3053970764586
2383.3374472895016
1886.9374342812673
1409.8455557290195
1310.312756875413
1034.3935380839264
1011.9393604709762
913.991868166409
1120.8915731360057
1455.7829943136169
2242.437597278374
2628.25372070276
3874.765728434952
3693.4236924270476
2634.7862928832596
2473.2619699051293
2357.401567717819
1657.851049227922
1512.896751772391
1201.0168575608002
1399.0768292552366
1953.8434505708565
2717.156859229915
3773.9309032410683
4498.004433087282
4120.268880731981
2838.465291889074
2239.411647325933
1452.811537094875
1269.3702651049537
1263.6927034670387
1202.7279604602243
1367.4413509359213
1833.9735042447596
2294.6603056289705
3128.042795872796
3521.3028737502254
3712.530289559284
2531.1505140948348
1662.4530982384001
1182.12929815338
921.3759112971364
843.8057663924127
972.7902301682334
1614.2871031195143
1537.2919977764877
1996.7690372791842
2970.981813080574
3452.9754560161487
2810.1591719335056
2081.7368270947736
1765.6299031093813
1325.1649230949422
989.9379779848474
970.5965956539528
1005.6547038277514
1280.5332064423585
1988.6971131203086
2023.7500640074443
2748.666859885794
3685.7382432129357
3082.9257073733697
2468.4795012113404
2202.353183369896
2097.0453556667576
1362.9419893366594
1301.7036810915235
1301.119179176708
1735.9714984759253
1864.1449033516506
2854.330092393327
4033.454274293786
4638.608858584958
4201.439983916298
3444.963403586225
2290.9659531304837
1763.5548306564367
1312.3140556018875
1146.9985808035576
1099.722430666455
1348.0912260858254
1697.0281154867864
2396.1405373564876
3354.5405222647264
3904.111831007556
3546.7645273222215
2674.5717927750334
1951.5234991196166
1910.3538290766141
1412.9867592796363
1952.1900857454937
1351.9902890020062
1514.702424494937
1986.0076940002243
2776.5501532111434
3457.585688668803
4182.453810757931
3726.4098574445325
2917.0868375015016
2095.1567467304444
1718.1288801205123
1367.045072272875
1434.974215790751
1346.6575196625722
1563.037501957358
2080.0963527338736
2596.977499689344
3669.689600396181
4013.5245767879073
3376.6571428550715
2804.9310292246505
2123.267529439845
1664.0151565729823
1005.7361320591331
984.0206031830306
961.537957839575
1314.2212421398733
1790.9449357772012
2493.635389736896
3187.0748005582254
4095.856078628325
3305.6505687169533
2322.6178651615937
1570.4706230841955
1121.4958776405233
998.7916582397419
1052.044540933668
953.2742293171555
1604.2597245095533
1934.5554621809174
2095.008450354215
2854.135028200214
2639.902826843663
2159.581998550072
1923.3783041553859
