0
0
0
0
17.025878206347883
52.1952443501911
490.8428746705957
1473.0174751425056
2188.865453645418
913.2632958526227
276.48458858348886
0
0
0
0
0
0
64.04369299466205
461.2618378987746
1419.1749647289876
1784.205688345566
807.4351477911807
258.15064684261387
0
0
0
0
0
0
78.36494842564252
603.128241024731
1731.1285730438783
2181.6905264254997
939.1456936382824
274.2748896181758
4.7047025017302815
0
0
0
0
0
70.55143646225572
625.8831146863248
1217.5299975513506
1663.5756810400314
613.9813330188139
215.55464666979864
0
0
0
0
0
0
0
389.9789057136236
946.1834051487339
1581.0964703478098
479.7069946254269
205.97472407153393
0
0
0
0
0
0
75.50046809449451
235.12391393542296
1936.5267641119237
1744.1306757404286
1086.160102558557
262.2399383857005
31.92267686495319
0
0
0
6.849398486437703
0
49.558913089598285
393.07743089394035
1131.061802082334
1637.830486089168
787.7535629729297
63.47131570777539
0
0
0
0
0
0
27.17359418890519
325.75121816175937
1679.6405202028338
2270.619436014058
1011.2722095012052
253.68346603626776
0
0
0
0
2.6558467524940887
0
22.050517386900722
752.8857317723064
1416.6310381935093
2173.7398967176123
779.3946817676933
159.61791642031454
0
0
0
0
0
0
33.09998128899955
383.0904819513606
755.8279884077978
1197.9484909482608
553.8322393815416
133.92986405576983
0
0
0
0
0
0
0
589.8581084960032
1196.7495586299558
2135.212254674037
819.414783213378
102.09845835002736
0
0
0
0
0
0
0
489.24583219519434
902.4089225624117
1726.065267688664
774.7516974559014
226.04015197939353
0
0
0
0
0
0
31.067102957177497
313.0389104281066
638.8968262227401
1602.6937041654958
530.2134802102762
57.18886048493117
0
0
0
0
0
0
0
297.620111277051
1264.3529885536461
1377.7011400767626
653.8640162421997
69.9602317806513
0
0
0
0
0
0
0
0
657.9610235337996
1435.5090159248928
887.7135635921333
34.510643853540344
0
0
0
0
0
0
0
0
1008.6211549961124
703.4505731848483
343.70105619014066
57.43467318819776
0
0
0
0
0
0.2707672592921959
31.463152108527566
470.94782540472755
848.4052641772769
1563.5092053176018
1160.1460898587463
209.39304407131655
0
0
0
0
0
0
0
96.94980909322837
585.3133858885407
1050.2104826139177
347.68231512067655
0
0
0
0
0
0
0
28.681278328264042
348.17017250926267
483.44246573295413
1995.940625659266
659.7536286871282
121.17740259182165
0
0
0
0
0
0
0
534.5743167001888
1291.7468138528702
1669.1902326766333
739.4895465416354
65.803126569584
0
