17.33673088410992
10.938022700119475
4.283676821983273
1.820123954599761
1.6191084229390682
10.900761648745519
35.067390979689364
99.86260454002388
208.23178016726408
239.91076762246118
216.65658602150532
46.45534647550776
17.89325716845878
17.064478793309437
7.379293608124254
4.412809886499403
2.6539986559139788
6.515083632019116
39.14135304659498
72.14307048984469
200.750821385902
229.02815113500597
156.3048835125448
89.46460573476702
28.29308542413381
11.042376045400237
5.316158900836321
3.4574858124253294
2.7413007765830346
3.357228195937873
20.790135902031064
50.20123954599761
127.51866786140982
208.97326762246118
133.77314814814818
31.82631421744325
25.932422341696537
21.741487455197134
14.725582437275985
3.3749775985663084
3.2627837514934295
4.315483124253285
24.31503882915173
107.74081541218638
218.33333333333337
268.3818697729988
188.71789127837516
44.36566606929511
16.364545997610513
7.47043010752688
3.875728046594982
2.843115292712067
5.0190038829151735
6.315598864994026
24.57343936678614
76.25
161.80555555555557
204.82713560334528
116.44414575866189
58.0514486260454
19.31903375149343
12.890419653524493
6.250448028673835
2.2603606630824373
3.559001642771804
11.273521505376344
31.106220131421743
86.50686977299881
189.41457586618876
223.0969982078853
90.13963560334528
52.771804062126655
16.441718936678615
18.83154121863799
6.443585722819594
6.680779569892473
3.0535394265232974
13.942689665471926
47.46975806451613
102.47461170848267
211.50798984468338
239.45340501792114
124.23909796893668
41.714381720430104
11.164650537634408
11.530801971326165
5.86215651135006
3.2865031362007175
5.209640083632018
13.275052270011948
19.022924133811234
108.92771804062127
222.04711768219832
237.40890083632019
70.54323476702508
29.193548387096776
19.205981182795696
6.796296296296297
8.45377837514934
4.86122311827957
1.9657631421744326
10.81705495818399
33.368503584229394
83.96580047789726
103.04360812425328
110.8086917562724
76.48446833930704
21.905615292712067
9.071460573476703
5.2454450418160095
9.68399044205496
3.6616338112305846
2.841554659498208
7.520459976105138
22.441606929510154
82.21811529271207
150.61230585424136
188.17540322580646
98.55734767025089
29.91629330943847
14.02874850657109
7.698290023894864
4.945975209080048
3.4515382317801673
3.704831242532856
7.61200716845878
20.603270609318997
58.632019115890095
125.09632616487455
129.84132317801672
28.706317204301076
37.230398745519715
11.560745221027478
8.802755376344086
5.929696833930705
2.1141091696535246
2.6733982974910395
8.723902329749105
24.132653823178018
77.25806451612904
196.2705346475508
186.56025985663084
174.11439665471923
41.87275985663083
29.950194145758662
7.579487753882916
5.200492831541219
4.442222968936679
3.2667562724014343
5.885341995221028
20.339605734767023
74.99029271206689
210.75567502986857
213.37813620071685
166.2619474313023
24.18137694145759
16.94011350059737
3.5263590203106334
5.084864097968937
3.6394713261648746
3.351769713261649
10.938022700119475
41.746191756272395
83.99678912783752
183.732825567503
216.59274193548387
52.089307048984466
45.97894265232974
36.078554360812426
9.510790023894863
5.5962888291517325
4.932870370370371
6.628360215053765
2.6383400537634407
36.10905764635603
74.90964755077657
186.36574074074073
226.50985663082443
104.78382616487453
55.94870071684587
16.850097072879333
11.52296146953405
7.2253584229390695
4.580563022700119
3.6793981481481475
8.780727299880525
37.71258960573477
54.06324671445639
193.69175627240142
200.74036738351253
83.55137395459977
63.08990442054958
19.270795997610513
8.15165770609319
9.297304360812426
3.261480734767025
3.1322804659498207
7.819668458781363
32.9376866786141
87.25246415770609
242.90098566308242
191.13575268817203
145.46594982078852
58.13694743130227
25.09557945041816
10.132952508960573
6.962029569892473
3.1195153823178012
2.013974761051374
6.229017323775389
26.68843339307049
104.03823178016727
171.02598566308242
263.2340203106332
217.06205197132616
37.8782482078853
16.424843189964157
8.23002538829152
4.781238799283154
6.218488649940263
2.313220579450418
8.04047192353644
34.275574970131416
99.98655913978496
219.90404719235363
256.41017025089604
80.26695041816009
43.645908004778974
17.216061827956988
9.851702508960573
6.006869772998805
3.031447879330944
8.630413679808841
11.43201164874552
22.773297491039425
79.22528375149344
191.14359318996415
206.1671146953405
55.53464755077658
25.97057945041816
