1497.7803724312346
1012.0543337689622
638.2182774700434
560.4449164819812
659.1102465202092
1048.1447610442465
1592.7190300140094
1989.7007544087962
2484.4238878012293
3190.592673265005
3064.2672343467057
2007.99203088326
1553.5483477114
1513.9158419646521
723.7539959913676
904.5939566126956
779.2021063938629
1098.0950849539008
1538.072588332331
2377.8649932872945
3181.0240941265506
3693.3783282536033
4077.501706871155
2136.871455580974
1895.9623493131796
977.7702841026316
683.8751942654366
695.4964726923811
603.0631386651095
854.6802910884628
1192.9934631873878
1919.8117000377488
2897.0022670186377
3632.8270193706467
3218.1068201603107
1919.9690041669055
1584.2168852032664
931.0418829597141
798.1160662809723
1085.8309874210197
885.6952706812433
1533.7065730601723
1878.895503000718
2481.847353243999
3362.444696468927
4083.473886818991
3657.8651490665034
2427.7230937783197
1781.6947007299116
806.1853767569006
769.4301461191362
835.2792038689623
950.1889440160143
1902.6549923051275
1647.4767895541615
2378.012224218676
3451.234150434148
3841.1084452005325
3444.2481972688606
2792.395385701675
2753.347826898035
2047.0855672669502
1749.5102152153559
1003.5112838394122
1253.9201957681994
1448.175216329844
1696.21590935062
2691.744851767566
3816.021461803046
5009.184865149941
4350.615246787717
3020.5077998374545
2787.134659518732
2053.903817590782
1046.8006827365066
1164.7622029899162
1236.2431983394767
1460.2896792212553
1940.4946870358406
2799.712832658951
3800.849325626921
4887.251632196071
4213.267904919407
3054.4583672738668
2618.905231830224
2055.254545450962
1386.3150361463154
1632.830212432032
1515.8107001945584
1908.9575058179269
2329.7611256540963
3123.9730027679243
3621.112379194417
4335.329495634495
4624.80087278482
2889.589367803336
2235.6538021179626
1380.4368874800527
1596.212902356099
1665.6677473108998
1488.7353514744345
2014.934084399041
2087.840412907323
3001.002593423642
4096.79895025501
5012.200371688167
5042.301354846252
2805.0354629551025
2947.5283924972396
2523.934258518184
1668.6874635618233
1429.342705751741
1405.3774087876752
1760.4547713140225
2042.3500940746685
2838.8143147216256
3449.44249758448
3647.6493156512024
3654.8245660829616
2237.5125249621133
1598.8155242659413
1188.045930023674
1063.4965316054618
979.5953184539917
988.9936194335602
1309.8097287474711
1696.9276948958257
2313.7795444151
2970.65788576795
3598.466051964225
2954.673226610116
2296.923595353828
1712.2225754920016
1204.8244179192484
703.4586387608679
877.4567080966682
825.5663863861496
1367.4678608224206
1961.2082936712825
1904.7387517161872
2778.404638764075
3167.3136637741204
2733.2061408137643
2069.0678154687903
1760.9808200125951
1425.6116682250645
955.7959307117134
1094.7613070136792
956.1867878145897
1404.5331305986058
1503.634448493334
2166.8785056184906
2614.4007198906093
3087.9692956218846
2873.7990315511875
2164.236113982467
1747.818362637457
1300.5440486923142
768.2596887076671
967.7911894412885
961.3189511395793
1324.0037332494078
1816.5229270390676
2455.253368218915
3395.0087879025205
3718.2959269046914
2860.9080475764763
2159.747164741805
1669.7559835491086
1018.6922269331849
773.2358364095388
761.1873056434952
801.0422265184044
1198.4373624245504
1756.4616446897644
2449.273390631081
3510.9810104048966
4160.018692814349
3676.620390128962
2350.7434961788163
1322.3126862547372
831.5109499814068
666.264850852783
573.040618213952
542.0352648211735
1179.511529625252
1079.1683708631297
1873.318923706547
2793.9304341524207
3298.229251855823
2165.183546139426
1713.222517088056
1361.8182385162722
1051.6493413227313
772.5484976308903
476.1473550107279
603.2229868813369
900.5761842022254
1141.2208959118138
1743.248514172912
2396.976246464501
3013.7191930757353
2809.594109236647
1711.7196668025767
1306.761712381579
838.221719128876
661.8143655076417
604.6027141479794
616.1202985604211
784.0266596634505
1168.6497726860837
1432.6202677598349
2641.5875917342923
3217.9389659754825
2653.7931568933027
1681.8909306583419
1374.9516505569286
793.0716417880361
571.2580145262774
506.3149468210228
447.8580967284636
698.7075040873048
1028.8899925274995
2274.632033255414
2850.265597302551
3121.3013071229484
2355.627047211574
1442.358269880827
1368.064184538796
883.1646720700338
559.0004448287502
808.2230952944799
640.8854961182302
778.9616398321341
1262.5418346420875
1647.54897081419
1718.428651258757
1975.167387775562
1152.3439273135125
1458.1539985998309
