2388.750839874485
2460.343062114243
2147.639898587128
1487.9387187519933
1958.3938785393248
2111.826033445681
2207.7082922601267
2941.0695081423696
3663.6504260330094
3802.673691783525
4494.030115171078
3356.776790441206
3117.3520140793803
3118.240285662383
2216.73574255648
2974.6974699042134
1863.2555677887253
1967.0418150912956
2261.288344007361
2836.823192212027
4411.850146993931
5161.501872160412
3805.923152510343
2884.9279071938768
2666.8932670252457
2190.091061432381
1822.458579868781
1686.3544737377806
1935.9759668461131
2270.4305151027997
2466.87100201654
3133.1279746793266
4206.379764778495
4596.514444699202
5695.96434704203
3383.300433378373
2830.6550012426924
2763.767540068436
1978.9808885629309
1685.1079960829072
1996.3186088682214
2208.8000915786906
2448.2951147092012
3163.428345627511
4128.965455130813
5071.970862625443
4062.4826819219384
3475.621801962313
2896.601499565037
2128.714405281393
1615.2671532875954
1619.6215089764896
1578.93592616954
2133.02228994551
2337.7420374633607
3235.8372018172427
3797.3222590064292
4507.8171892268165
4117.606060172088
2847.8588340290353
2710.5286998072347
1713.364274704226
1036.104558853347
1230.6556872145609
1230.3324179904218
1544.884752993524
2330.439291220394
2653.8920889240776
3599.3620942701905
4412.507781816611
3780.239574744705
2568.986160052508
1690.4347666349197
1295.2970971606753
865.5029788834604
918.4940615621972
841.5796913950329
1488.5522916017815
1890.3099909486252
2273.615509630277
2841.9589059733953
3520.1563887671573
3682.770331741389
1949.9290213957322
1498.1977796199483
1010.3585926433153
766.9466632371154
726.0597890449349
839.5227820344626
1089.1937700055014
1681.4356402897001
2055.7000524991063
2599.688618740416
3282.3109696488336
2911.198610240018
1733.4861718654643
1345.6216373927539
1106.6476849710914
456.5775114510812
742.2591787625124
648.9771376154148
1136.180600976101
1812.0504860853387
2490.034474397358
3040.922363486787
3479.2277014372708
3197.991580354017
1997.62412036251
1381.677638315638
1258.6241592051617
640.1174404136752
944.5587115761138
978.4798236622273
1412.7754683719675
1653.2432728381082
2199.8092146618874
2935.9626924769545
3616.9968738949283
3466.4560998344537
2525.3395858940135
1978.0858759684509
1385.8190035003754
761.0299433438125
1058.5255155866082
941.8741380267498
1155.0158443388684
1564.013764937643
1731.1324715357705
2493.1250751347366
2568.639140375216
2472.572382822782
1775.791837587998
1397.411031286506
1077.6323554939202
740.5676478707842
750.1105312746853
602.6286858933184
1119.331955057785
1220.4244189699684
1891.583170025625
2775.434081715089
2928.9679349808102
2808.9216799416026
1685.478657762697
1331.2876748513038
589.5509790076211
746.799989104783
680.2136852992226
546.0773773456531
1241.3228446069695
1541.4183903989492
1762.3237079781084
2226.720731838041
2727.375732300499
2110.2364568797407
1637.2593405356336
1098.6723090233597
614.8097595644764
486.5315637076673
697.0119593038933
663.166987280559
887.9354772010201
1153.143394482317
2117.776486498483
2943.731193069784
3808.634972603615
3179.985892558554
2051.5954323642677
1226.6666391644003
687.0310560849177
516.4987993725015
667.3846100043077
604.8767807298741
923.9162826754467
1291.5032366849853
1648.2417000695527
2571.8780795506545
3050.9611584654867
2866.342089651064
2010.8645012564757
1163.2166998449406
957.9690032968194
712.3440847237508
923.1214836560068
858.3232296509237
861.7101034006407
1413.1628787783036
1839.1105231689128
2516.880445353137
2820.660815475894
2725.5149380151724
1507.1214866221062
1109.7617943705136
1155.108494548538
670.3998342497673
726.5507488279322
758.6449970366534
1075.4726473892028
1517.8768994960428
2549.3964532410123
3579.114455843234
4067.664085548852
3852.828838926014
2880.68038962217
2158.314538695797
1242.526296488493
659.1460971384661
879.8136759161999
971.205260851341
1316.2782837673933
1887.4245748067526
2562.3271412664053
3435.662360252811
3862.623553789102
3513.3287378371524
2320.401653477936
1869.1046710169048
1086.444592056853
783.9444541917492
811.8092605904376
704.6209054948911
1049.535166124342
1391.8189874498416
2105.5029748623433
2939.7396228401863
3222.850888962853
2950.4239782151585
2139.447128901139
1905.6661110620942
1209.2463140951227
642.8427368687744
748.5230840937633
704.8428150399744
837.3157191332084
939.262521992745
1863.972492319566
3045.313631097467
3557.3290887910935
3135.2113294939195
1783.4506234504865
