4.851403823205228
3.458669354865921
2.3887022103020024
4.072879330943847
1.7258064516401148
19.418697729988054
47.046744324970135
141.7749402628435
168.35050776583034
64.51650238948626
22.75164277180406
6.632157258064515
4.851403823205228
3.458669354865921
2.3887022103020024
3.264075567502987
1.7258064516401148
3.6753061529271207
12.501493428912784
65.41218637992831
85.12918160095579
65.67764336917563
26.858945639187574
6.839120370370369
4.851403823205228
3.458669354865921
2.3887022103020024
2.5906137993103657
2.123842592592592
11.96574074074074
67.06242532855435
118.75
161.9586320191159
83.23663381123059
33.92734468339307
9.434289127837514
4.851403823205228
3.458669354865921
2.3887022103020024
2.6256391875746714
4.732489545997611
11.804450418160096
54.64083034647551
211.52927120669057
211.3500597371565
99.95930406212665
51.36872759856631
13.532332735961768
8.630899044205494
3.6560894563918755
2.3887022103020024
3.4407855436081243
1.7258064516401148
7.617249103942652
60.49880525686977
172.50597371565112
232.05645161290323
150.39986559139786
50.875522700119475
15.982676224611708
4.851403823205228
3.458669354865921
2.3887022103020024
2.5906137993103657
2.505936379928315
15.780704898446833
47.046744324970135
161.9586320191159
190.54659498207886
123.74215949820788
34.21856332138591
9.235289725209078
4.851403823205228
4.46326164874552
2.3887022103020024
2.5906137993103657
1.7258064516401148
5.370758661887694
61.12231182795699
128.61783154121864
174.82078853046596
73.82803166069296
33.48230286738351
9.82433542413381
5.323066009557945
3.458669354865921
2.3887022103020024
2.755790770609319
1.7258064516401148
3.414516129032257
47.046744324970135
164.57959976105138
167.49178614097968
118.3546146953405
36.467293906810035
10.604465352449223
7.354950716845878
3.458669354865921
2.3887022103020024
2.5906137993103657
1.7258064516401148
9.308930704898447
37.73521505376344
121.23282556750299
140.7706093189964
72.3980734767025
21.374327956989248
9.092779271206691
6.853419952210275
4.4712514934289125
2.3887022103020024
2.78803390083632
1.7258064516401148
7.259199522102748
73.21161887694146
148.86126045400238
168.35050776583034
87.91479988052569
32.68966547192354
12.335722819593787
4.851403823205228
3.458669354865921
2.3887022103020024
3.2163231780167263
1.7258064516401148
8.453195937873357
42.9136798088411
71.80406212664278
76.17980884109916
55.43272102747909
26.604316009557945
7.745034348864994
8.314142771804063
3.541457586618877
2.3887022103020024
3.615927419354838
1.7258064516401148
13.369563918757464
43.458781362007166
111.08870967741936
128.57676224611708
64.35222520908005
27.050104540023895
6.452251344086021
4.851403823205228
3.625836320191159
2.3887022103020024
3.2592965949820787
1.7258064516401148
11.458721624850655
53.2444743130227
170.88933691756273
178.19967144563918
106.05249402628435
31.39374253285544
8.912074372759857
4.851403823205228
3.458669354865921
5.355921445639187
2.6503173536439664
1.8054136798088412
5.7067801672640375
37.26291816009558
103.9986559139785
154.0359916367981
72.55114994026285
30.87178912783752
13.532332735961768
4.851403823205228
4.472819593787336
2.3887022103020024
2.5906137993103657
1.7258064516401148
8.240008960573476
64.12783751493428
108.68428912783752
168.81720430107526
120.7179659498208
31.824223416965353
10.958781362007167
10.65449522102748
4.04775238948626
2.3887022103020024
2.743455047789725
1.7258064516401148
0.3334229390953121
20.088112305854242
54.778972520908006
67.54778972520909
45.371490442054956
19.59117383512545
6.345579450445371
7.351067801672641
3.629816308243728
2.3887022103020024
2.5906137993103657
2.689030764635603
12.035185185185183
55.28300477897252
108.13918757467144
114.63186977299881
61.80219534050179
22.320041816009557
8.682833034647551
5.035282258064516
3.458669354865921
2.3887022103020024
2.5906137993103657
1.7258064516401148
4.791308243727598
49.316756272401435
81.94444444444444
138.61260454002388
62.60491338112305
29.140531660692957
9.43186230585424
4.946931003584229
3.458669354865921
2.5797491039426523
3.0188918757467142
1.7258064516401148
0.3334229390953121
32.9043458781362
73.65218040621266
85.30465949820788
72.75649641577061
26.70773596176822
6.345579450445371
4.851403823205228
4.0031735364396654
2.977785244922342
3.937126642771804
2.216173835125448
9.333572281959379
43.57078853046595
124.58183990442055
170.75866188769413
73.91763739545998
24.686006571087216
8.034722222222221
