496.934260379331
544.7175003733571
179.77452956989248
154.56715468189964
191.61936715949818
330.73087701612906
708.2194231630825
3612.588844086021
7148.704192801672
5890.353755973718
3866.8353121266414
1268.1497087813618
687.4298670848269
238.0775085872163
121.73902983124256
148.59414814814818
112.11906167861406
221.56217667264025
277.029556451613
2533.904883512545
6714.725836320191
4648.976680107527
2563.1355921445643
1193.4744511648744
617.3833755227001
283.7409628882915
254.58488761947427
234.73138403524496
108.57110838560334
126.44812888291521
602.994376493429
2711.5172080346474
6498.439672939069
4938.47203927718
2066.5161551672645
780.9954506421743
503.2226527031064
288.6178225806451
208.127900985663
192.92488836618878
97.60050089605731
119.57245407706091
866.7333277329745
2720.701164874552
6556.420654121864
5072.118731332136
2687.059027777778
910.0166106630828
288.43611671146965
273.595479390681
121.48104390681006
108.54716532258063
203.08339045698924
377.55860439068107
761.2805305406213
3031.338974761051
6788.373424432499
5184.22102001195
1426.9654607228197
771.4186133512543
476.9365580197133
229.4787780017921
230.79458408004783
97.79436760752688
411.5575175477897
178.73385155316603
573.9655712365593
2408.2085872162484
6044.146438172043
3005.6302531362016
1438.9244138291517
721.2285278524495
204.9877109468339
240.29653636499393
164.24267025089608
136.98631160394265
95.93891110364396
182.45614284647547
719.813954226404
2841.6373095878134
5927.106563620073
4491.068436379928
2117.9794466845883
1030.4508325866188
727.9174551971325
214.09964232377538
111.65985405465949
114.04513112305854
75.84964467592593
119.77351553166069
452.00211096176815
2273.979286140979
5729.066252240143
3244.3399380226992
2082.670613052569
1026.8548760453998
246.1758833632019
369.2943671594982
212.2673924731184
130.40542824074075
84.7408555107527
217.54231742831536
436.323808990442
1957.2465617532855
5943.5222110215045
3500.099193548387
1794.4796706989243
508.5800246415772
440.8770773596176
263.7817924880526
114.01500451762247
215.72897998805257
199.77179584826766
360.85997535842296
941.0962701612901
3198.585592144563
7075.680745967742
6494.4922491039415
4570.285879629631
1180.501082735962
539.2137742682198
259.3558796296295
173.86200940860218
143.8877987977897
293.0704486633811
142.04407594086024
745.7005126194742
2747.56832437276
6970.654618428915
4796.675679510155
2139.18234767025
660.5820549581841
393.60251120071695
223.53661364994016
240.3897270758661
178.5177435035842
173.83782355137396
534.1290150836322
1075.708512544803
4158.349936529272
8121.102240143372
7499.820698924733
3118.296725657108
1193.37423088411
444.0162921893669
212.99000672043016
101.23356477747909
157.17841681600956
79.13553132467143
174.08522214755075
423.32060819892484
2500.4402143070497
5162.618761200718
3939.7585648148147
1562.3988425925925
698.8745366636799
371.91389000896055
174.65661626344084
104.9422884931302
84.91953419952213
60.402679584826764
368.7930361409796
504.5402908452805
2330.023215352449
5037.26537858423
3879.8365330047795
1671.859584080048
611.4328830645159
476.7337593339307
359.5556503882916
214.40289202508964
201.50810678016728
140.92428345280769
288.0977628434886
835.2507840501792
4551.013605137396
7750.822050477897
5874.6320228494615
2949.404196535246
1323.3175664575865
349.1037518667861
295.1386111111111
132.7626942204301
146.5791313844086
120.44603005525686
254.63556787634408
723.5676672640382
2982.180025388292
6411.424264486261
5025.928132467146
2464.5224425029865
708.8403894115893
306.2877012395461
169.20883960573477
172.8135267323776
80.56445203479691
101.90927243876939
222.0440927419355
457.8785144115889
2677.1527068399055
6430.789217443248
4737.134968637992
2236.6200791517326
904.3686383661886
387.95709864097984
307.3968331839905
286.3140378584229
256.99727990591396
132.3105109393668
224.45653001792115
725.9708124253284
3801.6218824671455
7267.881175328557
5222.560730286739
2616.8382952508973
975.961032706093
395.63396580047794
165.50724761051373
103.03278770908008
79.44399204749104
64.78387970430109
88.68581455346474
225.26379069593793
1130.2781951911588
3470.7018369175626
2729.3210573476713
1494.6418832138588
660.7155540621266
196.17110999103943
163.0333971774194
177.29928367682194
153.8503341547193
138.68781485215055
208.48421520310634
446.1305469683394
2657.3762656810036
5895.987507467147
4652.015240442056
2044.0643929211467
594.5660819892478
