4.851403823205228
3.458669354865921
2.3887022103020024
2.913803016726404
4.97886798088411
3.8121789127837515
60.67054958183991
116.1215651135006
179.86857825567503
118.31354540023895
34.56466547192353
13.435259856630825
6.475358422939068
6.435931899641577
3.8729465352449224
2.5906137993103657
1.8627277479091993
7.617249103942652
29.657631421744323
121.6995221027479
224.19354838709677
85.65598864994027
36.6274641577061
17.0127688172043
4.851403823205228
3.458669354865921
4.479054659498208
2.689325716845878
1.8085946833930702
4.9171296296296285
64.71027479091995
145.58318399044205
121.44937275985663
127.43466248506569
27.634781959378735
7.026209677419355
5.747759856630824
3.458669354865921
2.3887022103020024
2.5906137993103657
2.1739844683393073
9.320131421744325
39.87455197132616
116.1215651135006
108.13918757467144
108.40091099163679
35.022401433691755
11.382915173237754
6.160916965352449
3.458669354865921
2.794690860215054
2.5906137993103657
2.3069369772998805
6.379569892473119
57.80689964157706
81.94444444444444
106.2313321385902
108.81533751493428
29.64531063321386
11.042040023894863
4.851403823205228
3.487327135603345
2.3887022103020024
2.686140979689367
1.7258064516401148
9.886140979689365
55.28300477897252
140.9199522102748
224.19354838709677
124.54487753882916
26.023372162485067
10.461096176821984
5.539986559139785
3.458669354865921
2.3887022103020024
3.1319444444444446
1.850787783751493
5.911006571087216
47.64411589008363
93.19369772998806
148.21908602150538
45.371490442054956
33.81235065710872
10.218413978494624
5.249439964157706
3.5940001493428912
2.3887022103020024
3.127949522102748
1.7258064516401148
15.611200716845879
61.510603345280764
148.86126045400238
317.07362604540026
113.28442353643966
36.6274641577061
6.345579450445371
6.045474910394265
3.458669354865921
5.3499477299880525
2.5906137993103657
1.7258064516401148
5.955062724014337
54.0621266427718
191.82347670250897
186.08124253285544
151.40419653524492
49.58109318996416
8.435931899641577
4.851403823205228
3.458669354865921
3.168832138590204
2.72753509557945
1.7258064516401148
9.722983870967742
33.32026583034648
54.4578853046595
80.42861409796893
27.408900836320193
32.72214755077658
6.345579450445371
4.851403823205228
4.238799283154123
2.55586917562724
2.6192715800477897
6.309513142174432
8.055197132616486
40.90128434886499
66.8570788530466
126.8107825567503
65.67764336917563
39.002389486260455
11.81600955794504
4.911107377538829
3.458669354865921
2.407806899641577
2.5906137993103657
1.8929734169653525
10.46297789725209
33.99006869772999
70.45250896057348
89.22117682198328
53.77128136200718
26.76560633213859
6.605092592592593
8.518481182795698
6.674693847072878
2.3887022103020024
2.6813620071684587
2.1732004181600955
8.453195937873357
67.5739247311828
108.68428912783752
163.3811230585424
86.99260752688173
20.05861708482676
9.851366487455197
4.851403823205228
4.127352150537634
4.653449820788531
2.5906137993103657
1.7258064516401148
9.997401433691756
20.08997909199522
81.34707287933094
110.03584229390681
61.39523596176822
27.18637992831541
10.958781362007167
6.388590203106332
3.609920101553166
2.3887022103020024
2.705245669056153
1.7258064516401148
11.90787037037037
14.51202210274791
98.45430107526882
185.59587813620072
86.58564814814815
32.130002986857825
9.879666965352449
4.937776284348865
3.458669354865921
2.3887022103020024
2.6208635752688174
1.8169541517323775
8.13957586618877
44.14202508960574
141.67040023894862
134.45340501792114
39.911140979689364
15.133288530493163
6.345579450445371
4.851403823205228
3.458669354865921
2.59487380525687
2.5906137993103657
3.3417712066905616
16.287724014336916
41.18130227001195
145.58318399044205
140.7706093189964
51.191382915173236
38.88254181600956
11.758885902031063
6.388590203106332
3.95221027479092
2.3887022103020024
2.5906137993103657
1.7258064516401148
0.419395908004779
68.56332138590203
103.9986559139785
158.61335125448028
34.509408602150536
29.159572879330945
12.398820191158903
5.747759856630824
3.458669354865921
2.3887022103020024
2.7967853942652328
1.7258064516401148
8.847834528076463
88.54540023894863
134.21445639187576
108.68428912783752
64.98319892473118
36.44638590203106
6.380604838709678
8.33015979689367
3.458669354865921
2.5256235065710873
2.5906137993103657
1.7258064516401148
7.4473715651134995
41.076762246117084
56.04838709677419
111.8839605734767
89.52023596176822
36.44638590203106
12.706093189964157
