2.240142249103943
0.0
0.0
0.0
0.0
0.0
9.707194593787337
35.842293906810035
132.91423984468338
141.87481332138591
224.76138739545996
2.6135043309438473
0.0
0.0
0.0
0.0
0.0
0.0
0.0
45.54999253285544
95.20463709677419
97.07194593787335
54.8839605734767
6.7206541218638005
4.106933243727599
0.0
0.0
0.0
0.0
0.0
1.8667764336917563
62.35058243727599
78.77740442054959
177.71706989247312
92.5939366786141
7.467278972520908
1.1200899790919951
0.0
0.0
0.0
4.106933243727599
0.0
0.0
33.975433094384705
138.1439292114695
96.32515681003584
8.2139075567503
0.0
0.3733557347670251
0.0
0.0
0.0
0.0
0.0
0.0
91.47337962962963
133.6613649940263
125.0745594384707
32.85528673835125
13.814392921146954
0.0
0.0
1.1200899790919951
0.3733557347670251
0.0
0.0
0.0
51.895721326164875
177.34367532855435
121.71255227001194
72.05794504181601
15.307683691756269
0.0
1.1200899790919951
0.0
0.0
0.7467278972520908
0.3733557347670251
0.0
44.802830047789726
104.91196236559139
87.73797789725211
102.30167264038232
1.1200899790919951
0.0
0.0
0.0
0.0
0.0
0.0
0.0
56.37828554360812
222.89366786140985
141.87481332138591
90.35285991636798
1.493414351851852
3.3602337216248506
2.240142249103943
0.0
0.0
0.0
0.3733557347670251
2.240142249103943
34.72207287933094
118.72849462365589
66.45937873357228
49.65464456391876
6.3471139486260455
0.0
0.0
0.0
0.0
0.7467278972520908
0.0
0.0
66.45937873357228
95.20463709677419
127.68906810035843
75.04618428912784
6.7206541218638005
0.0
0.0
1.493414351851852
0.0
0.0
0.0
0.0
45.54999253285544
86.24406362007169
156.4384707287933
116.48738052568697
38.08262395459976
0.3733557347670251
0.0
0.0
0.0
0.0
0.0
8.2139075567503
27.25524566905615
117.98133213859022
116.48738052568697
92.96733124253285
11.574025537634409
0.0
0.0
0.0
0.0
0.0
0.0
0.0
54.13679808841099
123.20687724014337
101.92790471923539
14.561017771804062
1.1200899790919951
0.0
0.0
0.0
1.1200899790919951
0.0
0.0
0.0
12.694190561529268
136.64964157706092
52.64288381123058
53.76340352449223
0.0
2.240142249103943
0.0
0.0
0.0
0.0
0.0
0.0
26.881705495818398
98.5662709080048
142.6219384707288
93.71449372759857
14.93414351851852
1.1200899790919951
0.0
0.0
0.0
0.0
0.3733557347670251
0.7467278972520908
10.080734767025088
98.5662709080048
111.262208781362
94.45747461170848
19.041304510155317
0.0
0.0
0.0
0.0
0.0
0.0
0.0
48.164463859020316
134.78192204301072
47.043944145758665
38.08262395459976
7.093738799283154
0.0
0.0
0.0
0.0
0.0
0.0
0.0
32.1086096176822
110.88847819593788
128.06283602150538
90.35285991636798
14.187481332138592
7.093738799283154
0.7467278972520908
0.0
0.0
0.0
0.0
0.0
51.895721326164875
151.5825119474313
138.89071833930706
61.97681451612903
0.7467278972520908
0.0
0.0
0.0
0.0
0.0
0.0
0.0
48.53823178016727
141.87481332138591
142.6219384707288
97.81910842293907
30.615330047789726
