6.422827060931899
3.7707287933094387
2.3887022103020024
2.78803390083632
1.7258064516401148
16.88210872162485
41.91308243727599
121.21042413381123
154.11439665471923
95.699298088411
30.41106630824373
7.431376941457587
4.8991674133811225
3.67759109916368
2.407806899641577
2.5906137993103657
1.7258064516401148
9.970519713261648
54.88724611708483
165.46818996415772
232.05645161290323
72.55114994026285
27.551896654719236
11.567727001194742
6.160916965352449
3.8439740143369177
2.3887022103020024
2.5906137993103657
2.358646953405018
6.7854091995221015
37.130376344086024
96.90486857825567
114.93055555555556
56.676000597371576
30.58057048984469
7.2992458183990445
5.115688470728793
3.458669354865921
2.3887022103020024
2.5906137993103657
1.7258064516401148
7.230451015531661
46.33736559139785
123.08841099163679
104.40188172043011
64.27008661887695
15.133288530493163
6.345579450445371
4.851403823205228
3.458669354865921
2.3887022103020024
2.5906137993103657
1.830884109916368
0.6040807945041816
59.28539426523297
201.25448028673836
164.060633213859
94.93391577060932
23.06190262843489
11.718936678614096
6.029569892473118
3.518372909199522
2.3887022103020024
2.5906137993103657
2.553688769414576
9.064381720430108
64.19877538829152
124.46236559139786
207.77329749103941
87.33236260454002
35.34460872162485
6.345579450445371
5.552718040621266
3.458669354865921
2.3887022103020024
2.5906137993103657
5.188545400238948
5.885991636798088
23.869100955794504
37.53360215053763
97.00940860215053
49.503808243727605
42.445116487455195
12.673984468339308
4.851403823205228
3.458669354865921
2.3887022103020024
2.897883064516129
1.7258064516401148
3.8121789127837515
34.14389187574672
117.36111111111111
187.50373357228196
93.57116188769415
40.013440860215056
7.511798088410992
5.436491935483871
3.458669354865921
2.3887022103020024
2.5906137993103657
1.7258064516401148
2.836969832735962
11.08086917562724
59.28539426523297
63.1347072879331
50.70601851851852
27.634781959378735
6.751568100358422
5.937201314217443
5.030092592592593
5.600059737156512
2.5906137993103657
1.7258064516401148
0.42895011947431294
11.57444743130227
37.53360215053763
83.68802270011948
86.58564814814815
29.140531660692957
6.405283004778973
4.851403823205228
3.487327135603345
2.3887022103020024
3.6207063918757467
1.7258064516401148
7.520176224611707
16.996714456391874
63.12724014336918
100.73924731182795
44.8066009557945
36.44638590203106
14.465352449223417
5.042450716845878
3.458669354865921
2.3887022103020024
2.5906137993103657
1.7258064516401148
4.4332586618876935
47.88306451612903
136.96983273596177
171.30749701314218
132.71766726403823
33.92734468339307
6.345579450445371
4.958075716845878
3.458669354865921
4.004666965352449
2.777680704898447
1.7258064516401148
7.095669056152926
37.53360215053763
114.11290322580645
73.21161887694146
58.87507467144564
23.25306152927121
6.345579450445371
7.11211917562724
4.515830346475508
2.3887022103020024
3.1717443249701316
1.8627277479091993
2.0170773596176823
27.073999402628434
88.54540023894863
142.64486260454004
48.66002090800478
24.383587216248507
6.345579450445371
4.851403823205228
3.458669354865921
2.3887022103020024
3.127949522102748
1.7258064516401148
15.26733870967742
15.474910394265233
62.92189366786141
93.23103345280765
39.73640979689367
23.81011051373954
6.461801821983274
5.217592592592593
5.460685483870968
2.3887022103020024
2.5906137993103657
1.7258064516401148
7.895773596176822
43.458781362007166
187.50373357228196
157.1609916367981
87.91479988052569
28.683915770609318
14.796520310633214
4.978770908004779
3.458669354865921
2.3887022103020024
2.5906137993103657
1.7544642323775388
0.5244698327359617
65.42712066905615
134.45340501792114
145.15755675029868
53.0880376344086
18.100507765830347
6.791367980884108
4.851403823205228
3.458669354865921
2.3887022103020024
2.5906137993103657
2.220952807646356
11.319086021505376
53.580495818399044
108.03464755077658
163.3811230585424
55.04069593787336
31.811155913978496
9.808318399044206
5.344944743130227
4.10663082437276
2.3887022103020024
2.5906137993103657
1.8054136798088412
11.000612305854242
35.17734468339307
126.17234169653524
131.47774790919954
94.93391577060932
35.520833333333336
6.536626344086022
4.851403823205228
3.458669354865921
2.3887022103020024
4.202620967741935
1.7258064516401148
1.3921520310633213
65.15830346475508
140.19563918757467
214.94175627240142
93.15673536439665
28.619698327359618
14.000522700119472
