391.42999701314204
244.95101627837514
110.23194134557944
165.65259472072879
121.23189870818402
347.1291031959378
697.5757541816005
2358.7849425029867
5944.3988127240145
4521.535024641576
1801.260151583035
332.538408004779
353.4406432945041
295.86969384707277
110.35447013142172
137.30321953405019
132.84103427419353
221.61458333333337
600.3499167413381
2844.867902479092
6336.6884968638
5052.209318996417
2354.6548536439677
760.5561984767023
494.2212903225807
374.07919914874543
232.36871154420544
90.91146061081243
58.62471076015531
144.91298237753873
483.96448887395434
1790.6012022102748
5070.966367980883
3720.8088448327358
1600.222352897252
625.1222812126645
158.4799070340502
261.75247237156515
139.4629219683393
163.80942208034654
196.0372876717443
305.41768667861413
377.06927830047783
3179.540001493429
7980.62716173835
4841.9306302270015
2002.5251381421745
1020.1444183094383
400.0264874551971
347.7237037037036
244.0758934438472
143.41002688172046
93.99034902180406
102.19246303763441
731.3016857078856
3465.4888179510153
7819.45778823178
6238.496064814813
3503.32336469534
1043.9198887395457
419.99697319295103
257.7615210573475
159.08013552867382
74.56264654271206
158.05331272401435
125.14396132019115
449.1059640083631
1928.511536738351
5564.5180854241335
4597.803106332138
2013.5083781362011
770.834227897252
404.16138403524485
321.60031884707286
366.4237578405018
161.49904659498202
135.8903779495221
227.3340897550777
716.5089807347674
2670.395568249701
6915.590845280764
5642.3711282855475
3917.2991039426543
1290.2343563321383
289.8198360961768
301.3225825119475
178.27843824671453
183.93735573476707
167.87512981630823
260.34406772700123
959.6476441158899
3816.806698028674
8917.203042861409
7702.533885902032
3670.286962365592
1096.3549544504183
571.9422569444445
213.76655465949815
108.65772479838711
288.30730200866185
113.51169041218637
201.63477113201913
638.8670997610516
3383.482915173238
7475.876960125448
5356.4052792712055
3669.444515382317
858.5512231182796
310.2412791218637
288.68190150836324
89.44301538231781
145.64186600209078
111.26482414874552
215.22770497311834
1399.3089941756266
3226.7083183990444
7579.782168458782
6089.837836021504
2207.551795848268
928.0697909199519
471.6879722968937
226.4227859916368
147.54868260902032
116.31234024044204
91.65758038381124
91.21841767473117
816.0101848118279
2147.8380227001203
5381.753431152925
4020.3669130824387
1922.1806115591392
1182.3662485065706
651.5138687275986
173.4970631720431
123.18827848715652
63.351677643369186
110.70100907258062
101.52428016726404
311.3188112305853
1345.3427113201915
4073.009203255676
3156.9956839904407
1228.290042562724
388.2529528823177
181.82948850059728
186.92361671146952
142.1023166816009
110.13932403673833
124.77574044205495
169.18248581242528
367.50450791517335
2016.82517921147
4750.425877389486
4237.8050851254475
1456.9383997909194
496.19075119474314
445.64511051373955
229.3485778823178
142.21319780465953
79.81542939814817
144.792976030466
101.26150873655918
541.7503487156511
2808.8808206391877
6255.382455943848
4093.490274044206
1752.7278113799287
676.6358848566309
337.6073148148149
293.46858124253276
244.96668608124253
223.1941525164277
173.76511387395456
232.23892122162476
740.0031772700121
4029.038776881722
8341.540173237756
5774.050425627241
2195.966487455197
702.7836342592595
498.7031750298685
260.6789172640382
175.96073626045396
138.4774311529271
94.54495900537634
251.55819444444435
633.9374540770608
3021.9889523596175
6641.829872311828
5481.879749103943
2262.363870221027
839.3946994474314
287.20262694145765
403.32884184587823
140.31452956989244
163.39563022700125
110.81144941009556
238.0190669802868
504.2027146804063
3325.50991263441
6792.282202060935
5555.163683542415
2836.215191905615
655.7357859169653
394.9054297341697
315.3007758363202
135.73381421744324
225.2772922640383
109.06443716397845
309.13228121266434
638.54363687276
3809.8688769414584
7467.178991188769
6081.960771356032
3409.941528524493
894.1137656810035
269.66370221027483
188.1112098267623
162.02411178315418
148.26941488201913
124.87245426373957
254.78682795698933
679.6791730137395
3647.0660506272407
7539.8804360812455
5533.827979390682
2570.5984393667864
858.4394257765832
440.94612007168456
314.41568548387085
130.88507728494622
107.04993757467143
140.58327277479094
234.21770086618878
856.3799025537635
3201.250466696536
6324.702956989246
5279.322502240146
2574.5725619773007
1090.5108385603348
