1041.2284946236557
875.5021132019114
800.6090688470731
786.464964157706
820.92243130227
1257.0372983870966
1625.2346736857826
1552.5655876642772
2409.129685633214
2427.4533751493427
1858.8904233870965
1490.5410468936677
1563.966763739546
1253.5065001493435
919.1688694743132
851.0897625448027
1062.2173872461171
1391.1535767622458
1621.007567951016
2387.622468637993
3079.866830943846
3570.8976627837515
3396.050253882915
2308.1197356630832
1817.7460162783761
1523.6439217443249
1128.7285804958185
1329.4852934587816
1353.4106780167265
1500.9548435633214
1822.1840427120683
2532.453580495818
3109.7634595280756
3471.940636200716
3304.2854689366773
2466.7534348864983
1958.9296594982081
2140.3773297491025
1341.3396244026287
1525.495784796894
1568.4830598192946
1792.4245818399054
1941.1277434289113
2912.2124253285547
3292.068738799284
4023.3405764635595
4122.450567502988
3209.844123357228
2897.746886200718
1770.2416741338116
1792.6850507765835
1084.724417562724
1127.4542226702508
1400.1377826314213
1703.4103158602147
2423.83360588411
3188.8273558841097
4067.817839008364
3421.68048088411
2125.7245370370365
1423.9756944444443
1146.4336581541218
841.9507765830343
845.1929136798086
772.0051037933093
887.0249126792116
1376.388302718041
1855.0650537634413
2867.732004181601
2976.3773894862593
2999.683990442055
1716.5863201911586
1315.4594160692948
1034.1055032855434
1140.8946983273597
745.7773334826763
861.9199518369176
1331.2185707885299
1700.6919466845877
2300.6560633213862
3013.7471475507764
3822.301299283154
3469.3493876941457
2103.9103569295116
1386.8494997013145
1074.8813769414576
961.9893481182792
890.6103121266433
934.6799544504186
1373.3677120669054
1776.8700604838714
2301.716397849462
3334.210872162486
4119.770683990441
3756.34520609319
2247.1726030465948
1590.8465128434889
1210.6264262246118
1195.3803539426517
1232.7824970131426
1094.974379853644
1592.9369586320188
1977.1794242831545
2791.152490292712
3628.6849985065724
4652.72879330944
5260.661439665473
2709.525500298686
1961.355032855436
1917.3950716845877
1622.764658004779
1593.7648297491044
1691.5103789575874
1991.635790397252
2517.3167189366786
3099.416155167264
4606.609767025089
5046.258064516131
4898.805406212665
3162.1511350059727
2523.5863201911593
2164.75595504779
1605.5049768518522
1739.3374701314222
1390.6884688620066
1926.7854988052568
2304.858109318997
2837.651941457587
3678.2790135902037
4281.874402628435
3592.5910991636797
2594.6913530465954
2479.3098118279568
1265.2878472222217
1005.5342768070492
1099.9680630227003
1092.2082541816005
1539.0112171445646
1453.6494440710874
1916.2450343488642
2914.8729465352435
2922.3607489545993
2325.7387320788525
1953.4881683094382
1518.9570713859025
927.6806712962965
714.1064852150536
786.3398110812426
836.8940580197134
1012.7797659050186
1670.3454973118287
2285.4060110513738
3175.662219982081
3470.613873954599
2855.4240964755086
2100.7758736559144
1380.2877277479095
1419.811850358423
956.8444892473115
903.8541868279575
1005.2772379032261
1233.6201097670248
1631.8123954599757
2086.71308990442
2793.0736484468325
3195.83579749104
2447.753658900837
1961.9176485961764
1855.9805294205498
2277.417712066906
1502.600746714456
1426.1304696833931
1467.8710170250895
1797.2962750597376
2500.9203218339308
3125.503479689367
4636.272849462365
4805.412298387095
4517.299469832737
3234.473413231781
2503.3930182198333
1696.7633213859017
1309.2146953405015
1438.3024820788528
1423.3827770310627
1646.7029121863793
2014.3403337813627
2608.699884259259
3904.0768630525686
4208.729652031063
3685.0636200716854
2959.8148484169647
2269.6175851254475
1774.3904681899637
1476.5203815710872
1612.5003636499414
1476.7491039426523
1685.897349163679
2053.3752874850666
2489.0352523894862
3349.024402628435
3882.6697281959378
3842.0527927120675
2595.2141577060934
2011.8841472520905
1947.3722931600962
1316.6501306750292
1191.2878882915177
1135.4631447132615
1654.9946721923534
2022.0953517025089
2920.8086394862607
3774.7027217741943
4250.2425328554355
3968.2448476702493
2614.44461618877
1977.516334378734
1438.1640419653525
997.3675589904423
1055.9838074970132
986.0850421893663
1668.4820564516128
1672.1970392771811
2493.78943025687
3375.0529793906812
3959.578143667861
3564.486335125449
2364.2279345878137
1506.2620407706095
1202.0650014934286
945.5890008960575
982.9781511350056
1038.8126157407403
1390.14140755675
2071.945116487455
2822.6322132616483
3817.9443697729994
4716.702434289128
4064.1374327956996
2683.028823178015
