14.402927120669059
4.519489247311827
2.863575268821692
3.8523222819593785
2.068884408606638
0.3997162485110588
4.487753882915173e-12
183.3169056152927
448.03726105137395
366.6084229390681
286.2104241338112
7.606780167268525
9.175989396654721
4.146132019120379
2.863575268821692
3.1056227598611184
2.068884408606638
5.2531735364396654
27.255264336917563
222.52202807646353
353.19705794504176
749.6520310633214
135.00336021505376
21.04786439665472
13.65628733572282
4.146132019120379
2.863575268821692
3.1056227598611184
2.068884408606638
0.3997162485110588
29.86872759856631
248.28068996415772
526.0655615292712
335.2464157706093
226.1021505376344
23.661364994026286
5.815785543612612
4.146132019120379
2.863575268821692
3.1056227598611184
2.068884408606638
0.3997162485110588
4.487753882915173e-12
145.23633512544802
407.33049581839913
236.3048835125448
90.57160991636799
48.67618727598566
5.815785543612612
4.146132019120379
2.863575268821692
3.1056227598611184
2.068884408606638
0.3997162485110588
4.487753882915173e-12
140.75754181600956
562.6680107526881
469.6688321385901
294.42502986857824
51.6627464157706
5.815785543612612
4.146132019120379
2.863575268821692
3.1056227598611184
2.068884408606638
0.3997162485110588
4.487753882915173e-12
140.75754181600956
402.85170250896056
586.5173237753883
132.01575567502988
41.95545848267623
18.88332586618877
4.146132019120379
2.863575268821692
3.1056227598611184
2.068884408606638
0.773073476702509
14.934363799283155
41.06940710872163
323.3266129032258
331.8828405017921
52.49010603345282
21.04786439665472
5.815785543612612
7.133004778972523
2.863575268821692
3.1056227598611184
2.068884408606638
0.3997162485110588
6.720318100358422
113.87432795698928
398.0006720430108
234.06548685782556
95.0548835125448
41.95545848267623
11.042801672640383
4.146132019120379
2.863575268821692
3.478979988052568
2.068884408606638
0.773073476702509
4.487753882915173e-12
73.92622461170848
521.594982078853
327.4036738351254
199.96714456391877
37.10200119474313
32.697468637992834
4.146132019120379
2.863575268821692
3.1056227598611184
2.068884408606638
0.3997162485110588
15.68100358422939
97.4454898446834
510.39650537634407
431.9436977299881
135.00336021505376
22.541143966547192
5.815785543612612
4.146132019120379
2.863575268821692
3.478979988052568
2.068884408606638
0.3997162485110588
4.487753882915173e-12
237.82706093189964
572.3603643966547
554.4235364396653
199.5952807646356
42.32900238948626
5.815785543612612
4.146132019120379
2.863575268821692
3.1056227598611184
2.068884408606638
4.88008885902031
11.947319295101552
104.91188769414576
265.0817652329749
296.78950119474314
75.63881421744325
27.021505376344088
5.815785543612612
4.146132019120379
2.863575268821692
9.452844982078853
2.068884408606638
0.3997162485110588
4.487753882915173e-12
150.0918458781362
395.3853046594982
263.5599611708483
57.717107228195935
7.606780167268525
5.815785543612612
4.146132019120379
2.863575268821692
3.1056227598611184
2.068884408606638
0.3997162485110588
4.487753882915173e-12
113.50283751493428
633.2138590203107
409.16778673835125
167.10909498207886
34.862044504181604
11.042801672640383
4.146132019120379
2.863575268821692
3.1056227598611184
2.068884408606638
0.3997162485110588
4.487753882915173e-12
113.50283751493428
395.3853046594982
199.71587514934288
52.11697281959379
7.606780167268525
12.163007765830345
4.146132019120379
2.863575268821692
3.1056227598611184
4.682388739545997
0.3997162485110588
4.487753882915173e-12
76.53748506571087
329.3014486260454
358.76568100358423
141.3500597371565
34.862044504181604
5.815785543612612
4.146132019120379
2.863575268821692
3.1056227598611184
2.068884408606638
3.759920101553166
4.487753882915173e-12
151.95489844683394
368.50209080047796
261.69168160095586
18.14142771804511
7.606780167268525
5.815785543612612
4.146132019120379
2.863575268821692
3.1056227598611184
5.4290882616487455
0.3997162485110588
4.487753882915173e-12
151.95489844683394
342.7430555555555
320.6851105137396
85.72095280764636
24.40800477897252
5.815785543612612
4.146132019120379
2.863575268821692
3.1056227598611184
2.068884408606638
0.3997162485110588
4.487753882915173e-12
72.43018219832736
504.4224163679809
331.8828405017921
101.02561230585424
34.11495669056153
5.815785543612612
4.146132019120379
2.863575268821692
3.1056227598611184
2.068884408606638
0.3997162485110588
4.487753882915173e-12
98.565188172043
373.7287186379928
241.53188470728793
18.14142771804511
22.91427718040621
