5.0384707287933095
3.458669354865921
4.580981182795699
2.5906137993103657
1.7855100059737157
7.520176224611707
0.07323775388291517
41.31944444444444
78.65890083632019
57.17629928315412
25.227374551971327
7.105025388291516
5.881496415770609
3.458669354865921
2.6928016726403823
2.6172815860215053
1.7258064516401148
8.240008960573476
81.94444444444444
137.78375149342892
168.35050776583034
78.19257765830345
32.48730585424134
6.345579450445371
7.134931302270012
3.458669354865921
2.3887022103020024
2.5906137993103657
1.7258064516401148
0.41303016726403824
60.77882317801673
186.08124253285544
261.6636798088411
128.00216547192355
30.843413978494624
6.345579450445371
4.851403823205228
3.458669354865921
2.3887022103020024
2.5906137993103657
3.779607228195938
11.303031660692952
47.046744324970135
104.16293309438471
101.23581242532856
76.1391129032258
28.683915770609318
14.465352449223417
4.851403823205228
3.5323028673835126
2.3887022103020024
2.5906137993103657
1.7258064516401148
8.938560334528075
54.53629032258065
140.19563918757467
190.54659498207886
87.91479988052569
30.843413978494624
12.706093189964157
4.851403823205228
3.4897151284348866
2.595669056152927
3.756832437275986
2.23528972520908
0.3334229390953121
61.01777180406213
136.96983273596177
168.35050776583034
73.75709378733572
37.04002389486261
7.9695340501792105
6.5437948028673825
3.458669354865921
2.3887022103020024
2.872420101553166
1.7258064516401148
2.482840501792115
32.50336021505376
130.7347670250896
148.21908602150538
92.12626941457587
32.130002986857825
10.508512544802867
5.297192353643966
3.6560894563918755
2.3887022103020024
2.5906137993103657
1.7994399641577061
5.746729390681003
51.194743130227
115.4868578255675
178.19967144563918
94.93391577060932
46.91494922341697
8.037970430107526
5.050410692951016
3.458669354865921
2.834490740740741
3.291928016726404
1.7258064516401148
7.899507168458781
16.690934886499402
126.17234169653524
154.0359916367981
74.33953106332139
31.6819743130227
9.556936977299879
8.72423835125448
3.458669354865921
2.3887022103020024
2.5906137993103657
2.275089605734767
10.593652927120669
47.136350059737154
183.21759259259258
137.9965651135006
85.65598864994027
36.425104540023895
11.923163082437275
5.77482825567503
3.458669354865921
2.4683094384707287
2.7896206690561525
1.7258064516401148
6.693936678614098
65.72207287933094
146.8563321385902
217.79047192353644
118.31354540023895
27.050104540023895
13.911663679808838
5.346550179211469
3.458669354865921
3.3081317204301075
2.5906137993103657
1.7258064516401148
0.4070564516129032
8.530465949820789
65.72207287933094
64.71027479091995
59.54338410991637
24.526583034647555
8.347595579450417
4.851403823205228
3.458669354865921
7.3140307646356035
2.673402031063321
1.7258064516401148
7.259199522102748
33.99006869772999
109.72968936678615
131.47774790919954
91.57370071684588
24.13343787335723
6.345579450445371
4.851403823205228
3.729327210274791
2.3887022103020024
2.5906137993103657
1.7258064516401148
9.997401433691756
57.80689964157706
118.3729091995221
222.52837514934288
70.40807945041816
34.21856332138591
7.241935483870968
4.851403823205228
3.487327135603345
3.0144115890083634
2.902673237753883
2.156063321385902
8.930719832735962
33.29114396654719
84.42353643966547
94.76926523297492
29.719235364396656
18.26568100358423
6.345579450445371
5.4006869772998805
4.995855734767025
2.3887022103020024
2.5906137993103657
1.87665770609319
9.945131421744325
42.02508960573477
114.93055555555556
120.15382317801672
64.23648446833931
48.424432497013136
13.532332735961768
7.211618876941458
3.458669354865921
2.3887022103020024
3.6764112903225805
2.1540845280764636
6.323566308243728
39.03076463560335
100.73924731182795
108.03464755077658
70.64702807646356
24.744997013142175
8.845243428912784
4.851403823205228
8.042376045400239
5.988463261648746
2.5906137993103657
2.5071311230585422
7.988366188769414
34.6598715651135
91.2410394265233
103.65516726403823
50.19825268817204
30.58057048984469
6.345579450445371
6.422827060931899
3.458669354865921
2.3887022103020024
3.3500597371565113
1.7258064516401148
0.3334229390953121
43.458781362007166
113.66114097968936
232.76956391875746
95.699298088411
22.69937275985663
9.556936977299879
5.86398596176822
3.458669354865921
5.242495519713262
2.5906137993103657
2.6042413381123053
8.13957586618877
4.776359020310633
15.738500597371566
95.83706690561529
44.8066009557945
23.08430406212664
6.971288829151731
