355.83046706989256
380.31841323178014
182.90905988649945
134.24789217443254
132.5239726329152
236.19729838709682
842.6048924731181
3698.2480772102754
6975.929136798087
7531.997890531659
3259.362261051376
1410.4140195639188
361.67871229092
233.7456436678613
125.54008325866191
98.51609053912783
140.22533124253286
106.75335648148148
547.7530977449222
4166.734662485066
6656.690979689368
5468.8134669952215
2283.5137134109914
1309.7666778673836
374.68145123954605
210.79965688470725
192.53249477299886
142.123309401135
147.7041193623059
180.51522700119477
790.0780417413378
2794.836981033453
5748.127247610513
3928.37203927718
1508.5929211469534
638.6938198178018
314.7640946087215
206.05001941457587
221.22881869773
118.09688788082433
85.83664124103943
164.7251695041816
483.26487193847083
2343.275070937874
4976.182004181603
3863.5621266427747
1322.1903225806452
282.15566121565104
337.7751176075269
282.2353039127838
85.60065147102748
177.7469353345281
97.77592260304661
118.99863717144562
561.8719433243726
1678.039152852449
4022.845277031063
3126.6558841099163
1302.106455346476
334.1176273148147
277.79633699223416
379.08118764934284
103.40884882765828
202.5439251792115
85.2413565561529
238.10929472819598
982.9930406212662
2428.437533602151
6154.555689964157
5356.9702807646345
1723.4168906810037
774.1038157108724
612.883102225209
268.75512582138583
136.03217368578254
102.47428098864995
291.07263522998807
158.60374701314214
318.7024021804063
2427.3266427718036
6807.753195937873
3373.994272700119
2035.0285207586624
751.6238795549582
574.8426459826761
160.95668048088416
165.73095318100354
137.9772128882915
119.29168985215054
260.69016091696545
412.7275406959377
2149.608785095579
4890.245900537634
3124.15459602748
1432.6479129330942
682.5555891577063
441.2423991935483
243.14463000298676
118.9505686603943
276.10377844982077
148.75106033452806
168.50176373954605
452.90998618578266
2628.04442204301
5329.077049731182
4446.153098864994
1628.5891390382321
674.2972211021506
491.4077176672638
395.3204846176821
153.50182978643966
139.867176859319
91.93140875149346
211.4203685035843
603.9537085573475
2456.090341248507
6168.47766577061
3294.514000896059
1781.6905951314218
718.3515662335725
711.1381108124251
248.25156660692952
207.98490068697734
107.29549271953407
126.15643275836318
241.22089680406222
576.209085274791
1597.9433680555562
4806.9910095579435
4980.793787335724
2376.9658751493434
768.2103408751492
350.4979461618876
222.37558654420545
192.50563284050185
125.40967390979688
87.34269597520907
140.54301075268813
431.7877184139786
2996.1751120071685
6268.045034348864
4409.8760678016715
2184.3137096774194
875.9094870071684
410.8459158452808
237.2759591547192
124.37645795997611
115.82713373655913
82.63750056003585
414.15700194145757
846.0358501344086
4449.807847968936
8916.511659946236
5505.894242831542
2012.3459341397854
1010.684994772999
606.0719414575866
370.8489157706093
162.94511163381114
116.75566733870967
170.418025462963
217.18601403823183
419.4301836917564
3828.661786887692
6960.040875149341
5468.349510902031
2424.473484169654
907.1019825268817
391.69919877538837
215.6115244175627
104.02988896356034
117.96675078405018
65.0987287559737
152.9273528972521
733.4755566756268
2864.471202956989
6021.495971475508
4401.610905764637
2157.998241487455
712.9783400537633
524.8778782108723
243.5092025089606
145.46832026583039
318.6225429360812
172.46360364396656
155.77303464755082
404.52476403823187
2611.6761014038243
5692.829218936678
3895.3025873655906
1936.6620855734764
764.6205661316457
533.6375780316605
309.3543876941458
269.2483590949821
198.6750467069893
225.52330682497018
145.31462738948625
694.4298185483871
2158.4099686379927
6786.961656212664
5431.968652927121
2998.846214157708
1353.5198290023898
446.17769526583027
198.79762432795698
198.27209826762243
162.0390213933692
152.3568947879331
213.78225769115886
612.9600492831543
2854.0072916666672
7715.799537037038
3991.452490292712
1641.7394489247308
646.0363033900836
520.0251583034644
168.20994548984467
122.34471027479094
111.80215882616483
140.5891136499403
98.75118141427718
552.3987686678614
2251.6832698626054
6207.77496639785
4196.683079450417
1852.443906810035
603.4086234318997
325.4633493876942
227.20005040322584
132.0753261275389
84.10165516726404
81.69090453255679
247.29020422640374
605.5070702658306
2755.212556003584
5790.386630077656
3603.524260752688
1803.038086170848
801.7663776881718
