5.815785543612612
4.146132019120379
2.863575268821692
3.1056227598611184
8.042525388291518
0.3997162485110588
4.487753882915173e-12
134.0344982078853
515.2199074074074
354.28651433691755
157.40292712066903
40.089045698924735
5.815785543612612
4.146132019120379
2.863575268821692
3.1056227598611184
2.068884408606638
0.3997162485110588
4.487753882915173e-12
81.39262246117084
285.24604241338113
281.4799880525687
18.14142771804511
7.606780167268525
28.963784348864994
4.146132019120379
2.863575268821692
3.1056227598611184
2.068884408606638
0.3997162485110588
4.487753882915173e-12
99.31302270011948
322.57840501792117
322.9245071684587
18.14142771804511
7.606780167268525
5.815785543612612
4.146132019120379
2.863575268821692
3.1056227598611184
2.068884408606638
0.3997162485110588
15.307497013142175
159.04980585424133
471.18391577060925
541.3257915173238
445.26135005973714
49.42286439665472
5.815785543612612
4.146132019120379
2.863575268821692
3.1056227598611184
2.068884408606638
0.3997162485110588
4.487753882915173e-12
143.36880227001194
531.6427718040621
554.4235364396653
254.4765531660693
75.55779569892474
20.75014934289128
4.146132019120379
2.863575268821692
3.1056227598611184
2.068884408606638
0.3997162485110588
4.487753882915173e-12
139.26149940262843
407.33049581839913
447.6247013142174
198.47110215053766
50.169504181600956
5.815785543612612
4.146132019120379
2.863575268821692
3.1056227598611184
2.068884408606638
0.3997162485110588
4.487753882915173e-12
4.487753882915173e-12
163.52859916367981
253.85379330943846
106.25261350059738
7.606780167268525
5.815785543612612
4.146132019120379
2.863575268821692
3.1056227598611184
6.175825119474312
0.3997162485110588
27.255264336917563
139.26149940262843
542.8800776583034
526.013664874552
206.3138440860215
20.674320489844682
14.029868578255678
6.759636350059737
2.863575268821692
3.1056227598611184
3.1889523596176823
0.3997162485110588
10.827546296296296
141.1290322580645
460.73924731182785
422.9812574671446
189.88463261648747
40.089045698924735
5.815785543612612
4.146132019120379
6.2237791218637994
3.1056227598611184
2.068884408606638
0.3997162485110588
4.487753882915173e-12
136.65023894862605
444.67331242532856
398.71415770609315
240.28711170848268
22.167637395459977
12.536103643966547
4.146132019120379
2.863575268821692
3.1056227598611184
15.136424731182792
0.3997162485110588
4.487753882915173e-12
112.75462962962963
424.8790322580645
362.12477598566306
172.7120669056153
21.42096027479092
11.042801672640383
4.146132019120379
2.863575268821692
3.1056227598611184
2.068884408606638
0.3997162485110588
34.348678315412194
198.62641875746715
518.9848416965352
582.7949522102748
360.5081391875746
81.53300477897253
5.815785543612612
4.146132019120379
2.863575268821692
3.1056227598611184
2.068884408606638
0.3997162485110588
8.214083034647553
222.52202807646353
489.86036439665475
568.5887096774194
371.71034946236557
42.32900238948626
18.136648745519715
4.146132019120379
5.103711170848268
3.1056227598611184
3.1889523596176823
0.3997162485110588
4.487753882915173e-12
159.798013739546
404.3473715651135
419.62178912783753
241.40681003584234
65.10416666666667
8.429289874551971
4.146132019120379
2.863575268821692
3.1056227598611184
2.068884408606638
3.759920101553166
4.487753882915173e-12
4.487753882915173e-12
354.68862007168457
284.09610215053766
123.05331541218638
35.235140382317795
12.163007765830345
4.146132019120379
2.863575268821692
3.1056227598611184
2.068884408606638
0.3997162485110588
4.487753882915173e-12
73.92622461170848
276.28360215053766
340.8449074074074
109.98805256869773
41.95545848267623
20.75014934289128
4.146132019120379
2.863575268821692
3.1056227598611184
2.068884408606638
1.8931526284348865
29.495221027479094
75.0459229390681
387.1706989247312
358.76568100358423
167.85692951015528
7.606780167268525
5.815785543612612
4.146132019120379
2.863575268821692
3.1056227598611184
2.068884408606638
0.3997162485110588
4.487753882915173e-12
115.74223416965353
377.8360215053764
247.87858422939067
18.14142771804511
18.06081989247312
14.029868578255678
6.0129405615292715
2.863575268821692
3.1056227598611184
2.068884408606638
0.3997162485110588
4.487753882915173e-12
159.04980585424133
353.568921744325
490.2053464755078
172.7120669056153
65.85200119474312
5.815785543612612
4.146132019120379
2.863575268821692
3.1056227598611184
2.068884408606638
0.3997162485110588
4.480372610513739
250.14822281959383
572.3603643966547
652.2393966547191
256.34445937873363
40.462141577060926
