4.978770908004779
3.458669354865921
3.0454375746714457
2.5906137993103657
1.7258064516401148
14.971639784946236
40.70340501792115
117.80540621266428
148.21908602150538
74.33206391875747
31.6819743130227
6.840725806451613
4.851403823205228
3.458669354865921
2.4714904420549577
2.5906137993103657
1.7258064516401148
11.152195340501793
41.31944444444444
71.80406212664278
120.15382317801672
70.40807945041816
36.467293906810035
6.4964307048984455
4.851403823205228
3.458669354865921
2.3887022103020024
2.5906137993103657
1.9319780465949816
1.5800253882915174
40.834080047789726
105.8355734767025
141.7749402628435
64.40822879330943
30.87402927120669
14.859991039426523
4.851403823205228
3.458669354865921
2.3887022103020024
2.5906137993103657
1.7258064516401148
3.6753061529271207
60.49880525686977
168.35050776583034
154.11439665471923
98.17465651135007
56.034572879330945
11.678987455197133
4.851403823205228
3.458669354865921
2.3887022103020024
2.72753509557945
2.123842592592592
12.834916367980885
52.97565710872163
85.30465949820788
154.11439665471923
88.28815710872162
40.013440860215056
11.718936678614096
10.12134109916368
3.458669354865921
2.4265158303464753
2.5906137993103657
1.7258064516401148
6.136514336917562
49.316756272401435
136.32392473118279
168.35050776583034
124.55981182795699
32.130002986857825
6.510756421744324
5.002255077658304
3.458669354865921
2.3887022103020024
2.5906137993103657
1.7608318399044205
0.7617010155316607
21.494175627240143
59.05017921146953
86.51060334528077
56.76560633213859
30.98902329749104
6.345579450445371
6.467368578255675
3.9681526284348867
2.3887022103020024
2.5906137993103657
1.7544642323775388
11.319086021505376
46.99820788530466
157.69862604540023
190.54659498207886
129.47319295101553
41.613649940262846
6.926709976105138
4.88165359916368
3.6720094086021504
2.6076239545997613
2.5906137993103657
2.0283042114695338
0.8269638590203107
66.50985663082437
176.32541816009558
187.50373357228196
123.2903972520908
30.87178912783752
8.409722222222221
4.851403823205228
4.091509856630824
2.419747983870968
2.5906137993103657
3.1157034050179213
5.603360215053764
63.810483870967744
154.11439665471923
181.01478494623655
93.07833034647551
31.69952210274791
8.409722222222221
6.523073476702509
3.458669354865921
3.4744997013142176
2.5906137993103657
1.7258064516401148
9.118145161290322
44.14202508960574
119.57138590203107
119.9260752688172
64.47916666666667
17.08355734767025
6.345579450445371
4.851403823205228
3.9681526284348867
2.3887022103020024
2.5906137993103657
2.617383512544803
11.932511947431303
63.1347072879331
160.84229390681003
122.75238948626045
85.1370221027479
39.84206989247313
12.586618876941458
5.876717443249701
3.8646580047789727
3.2802792712066906
2.5906137993103657
1.8627277479091993
12.752031063321386
54.64083034647551
215.41218637992833
261.6636798088411
129.01396356033453
51.36872759856631
17.31518817204301
10.428987455197133
3.512402927120669
2.3887022103020024
3.3309438470728794
2.147700119474313
7.895773596176822
68.56332138590203
191.82347670250897
317.07362604540026
141.7715800477897
47.636648745519715
18.262395459976105
6.897289426523297
3.753207138590203
2.3887022103020024
2.706836170848267
1.7258064516401148
9.320131421744325
47.64411589008363
117.36111111111111
124.46236559139786
65.67764336917563
26.118951612903224
7.905839307048983
4.851403823205228
3.458669354865921
2.4364658004778974
2.5906137993103657
1.9104950716845879
2.836969832735962
60.77882317801673
138.35125448028674
176.32541816009558
70.1280615292712
25.393518518518523
12.952882317801672
5.77482825567503
3.458669354865921
2.4364658004778974
2.5906137993103657
2.3252314814814814
12.958870967741936
49.75731780167265
114.11290322580645
121.6995221027479
72.75649641577061
49.555331541218635
8.399380227001194
5.814628136200717
3.458669354865921
2.3887022103020024
2.5906137993103657
1.8213336320191158
3.294668458781362
41.076762246117084
107.37380525686977
140.9199522102748
64.62104241338112
36.467293906810035
11.270908004778972
5.048823924731183
4.472819593787336
2.3887022103020024
2.5906137993103657
2.4143891875746712
2.1380824372759855
64.71027479091995
156.45534647550775
136.1036439665472
64.27008661887695
38.52523894862605
15.130301672640382
4.867324895459976
3.549817054958184
2.3887022103020024
3.020870669056153
1.7258064516401148
4.206257467144563
32.50336021505376
106.61589008363202
111.8839605734767
62.873730585424134
33.13284050179212
7.524118876941458
