5.815785543612612
7.133004778972523
10.704077060931901
3.1056227598611184
2.068884408606638
0.3997162485110588
3.7335722819593786
98.565188172043
360.66345579450416
541.3257915173238
347.442876344086
27.021505376344088
5.815785543612612
4.146132019120379
8.090591397849462
3.1056227598611184
2.068884408606638
0.3997162485110588
4.487753882915173e-12
11.574223416965353
316.9799133811231
290.81466547192355
76.0103046594982
7.606780167268525
14.029868578255678
4.146132019120379
2.863575268821692
3.1056227598611184
2.068884408606638
3.0132205794504183
49.28270609318996
190.03994922341695
407.33049581839913
515.9658751493429
244.77075866188764
56.88948626045399
18.136648745519715
4.146132019120379
2.863575268821692
3.1056227598611184
2.068884408606638
0.3997162485110588
4.487753882915173e-12
18.294541517323776
246.41763739545996
160.88709677419354
18.14142771804511
22.167637395459977
25.230510752688172
4.146132019120379
2.863575268821692
3.1056227598611184
2.068884408606638
0.3997162485110588
4.487753882915173e-12
160.9173387096774
387.1706989247312
396.8458781362007
104.01284348864993
40.089045698924735
5.815785543612612
4.146132019120379
2.863575268821692
3.1056227598611184
7.295900537634409
0.3997162485110588
4.487753882915173e-12
192.65158303464753
571.2514934289128
586.5173237753883
330.2662037037037
40.462141577060926
5.815785543612612
4.146132019120379
2.863575268821692
3.1056227598611184
2.068884408606638
0.3997162485110588
4.487753882915173e-12
81.39262246117084
252.76433691756273
266.91905615292706
91.31981780167264
23.287783751493425
5.815785543612612
4.146132019120379
2.863575268821692
3.1056227598611184
2.068884408606638
0.3997162485110588
4.487753882915173e-12
78.77688172043011
256.49529569892474
261.69168160095586
92.06765232974911
38.59528076463561
5.815785543612612
4.146132019120379
2.863575268821692
3.1056227598611184
2.068884408606638
4.506656959378733
4.487753882915173e-12
188.1724163679809
283.75
424.84879032258067
112.22744922341698
30.754778972520914
15.523148148148149
4.146132019120379
2.863575268821692
3.1056227598611184
2.068884408606638
0.3997162485110588
4.487753882915173e-12
159.798013739546
474.14725209080046
526.7633661887693
403.82056451612897
40.089045698924735
5.815785543612612
4.146132019120379
2.863575268821692
3.1056227598611184
2.068884408606638
0.3997162485110588
4.487753882915173e-12
149.34363799283153
510.39650537634407
347.9398148148148
132.76396356033453
32.248543906810035
9.175989396654721
4.146132019120379
2.863575268821692
3.1056227598611184
2.068884408606638
0.3997162485110588
4.487753882915173e-12
165.3968787335723
510.39650537634407
470.775462962963
362.37641875746715
77.0493578255675
12.909647550776583
4.146132019120379
2.863575268821692
3.1056227598611184
2.068884408606638
0.3997162485110588
4.487753882915173e-12
214.30742234169654
455.86805555555554
390.12768817204307
123.80114994026285
12.087152777777776
5.815785543612612
4.146132019120379
2.863575268821692
3.1056227598611184
4.309020310633214
0.3997162485110588
4.487753882915173e-12
48.16285842293906
342.366711469534
438.66338112305857
157.40292712066903
34.11495669056153
5.815785543612612
7.506335872162485
2.863575268821692
3.1056227598611184
2.068884408606638
0.3997162485110588
4.487753882915173e-12
134.4108422939068
406.95900537634407
286.70736260454004
176.4433990442055
30.381645758661886
5.815785543612612
4.146132019120379
2.863575268821692
3.1056227598611184
2.068884408606638
3.386589008363202
9.707362604540023
129.1838410991637
342.7430555555555
288.20340501792117
198.47110215053766
37.10200119474313
5.815785543612612
4.146132019120379
2.863575268821692
3.1056227598611184
2.068884408606638
0.3997162485110588
4.487753882915173e-12
157.93010752688173
374.84879032258067
276.62522401433694
111.4796146953405
19.554099462365592
5.815785543612612
4.146132019120379
2.863575268821692
10.946124551971327
2.068884408606638
0.3997162485110588
4.487753882915173e-12
159.798013739546
424.8790322580645
496.18316905615285
211.1689814814815
47.18245967741935
19.629965651135006
4.146132019120379
2.863575268821692
3.1056227598611184
2.068884408606638
0.3997162485110588
4.487753882915173e-12
79.15322580645163
355.80869175627237
408.0480884109916
157.40292712066903
60.62473864994026
10.296158154121864
4.146132019120379
2.863575268821692
3.1056227598611184
2.068884408606638
0.3997162485110588
4.487753882915173e-12
170.6235065710872
370.369623655914
483.834005376344
233.94041218637992
21.42096027479092
