0.7467278972520908
0.0
0.0
0.0
0.0
0.0
0.0
30.615330047789726
131.0468936678614
178.83800029868578
148.22087813620075
25.761540471923535
0.0
0.0
0.0
0.0
0.0
0.0
0.0
0.0
154.57075119474314
124.7008288530466
67.94914874551971
0.7467278972520908
5.973573775388291
0.0
0.0
0.0
0.0
0.0
4.853823178016726
50.028001792114694
123.20687724014337
131.7936827956989
169.13026433691758
17.5475993130227
1.1200899790919951
0.0
0.0
0.0
0.0
0.0
0.0
38.455607825567505
121.33919504181601
61.97681451612903
50.028001792114694
12.694190561529268
6.3471139486260455
1.1200899790919951
0.0
0.0
0.0
0.0
0.0
44.42947281959379
148.22087813620075
143.36910095579452
102.30167264038232
13.814392921146954
0.0
0.0
0.0
0.0
0.0
0.0
0.0
66.45937873357228
222.89366786140985
224.76138739545996
145.98394563918757
23.14804734169654
0.7467278972520908
0.7467278972520908
0.0
0.0
0.0
0.0
0.0
43.682310334528076
87.73797789725211
126.1951164874552
44.42947281959379
14.561017771804062
0.7467278972520908
0.0
0.0
0.0
0.0
0.0
0.0
29.12205047789725
70.93738799283155
68.32291666666666
40.69593787335723
8.587029569892474
0.7467278972520908
0.0
0.0
0.0
0.0
0.0
0.0
48.164463859020316
97.07194593787335
107.52684438470726
61.6034572879331
7.467278972520908
6.3471139486260455
0.0
0.0
0.0
0.0
0.0
0.0
76.90972222222223
210.5752688172043
178.83800029868578
162.78416218637992
18.667764336917564
0.0
0.0
0.0
0.0
0.0
0.0
0.0
64.21792861409797
138.1439292114695
142.24854390681006
46.29678166069295
12.320687724014338
0.7467278972520908
0.0
0.0
0.0
0.0
0.0
0.0
49.28539426523297
143.36910095579452
146.7307347670251
119.84901433691756
34.72207287933094
0.0
0.0
0.0
0.0
0.0
0.0
0.0
49.65464456391876
134.78192204301072
123.20687724014337
53.390008960573475
0.0
0.0
0.0
0.0
0.0
0.0
2.6135043309438473
0.0
45.54999253285544
153.82362604540023
222.89366786140985
98.93966547192353
1.1200899790919951
0.0
0.0
0.0
0.0
0.0
0.0
0.0
47.417712066905615
130.67312574671445
122.83310931899643
155.6913082437276
18.667764336917564
1.1200899790919951
0.0
0.0
0.0
0.0
0.7467278972520908
0.7467278972520908
33.975433094384705
84.75392025089606
106.40628733572282
62.35058243727599
4.480283004778973
0.0
5.973573775388291
0.0
0.0
0.0
0.0
1.493414351851852
49.28539426523297
114.99309289127838
120.96957138590203
50.775164277180416
32.85528673835125
1.493414351851852
0.0
0.0
0.0
0.0
0.0
0.0
48.164463859020316
120.96957138590203
142.24854390681006
130.67312574671445
16.05430854241338
7.093738799283154
0.0
0.0
6.7206541218638005
0.0
0.0
0.0
38.455607825567505
139.63369922341695
210.5752688172043
47.79110663082438
14.93414351851852
0.0
0.0
0.0
0.0
0.0
0.0
0.0
43.30854241338112
101.18111559139787
128.06283602150538
84.00675776583033
1.8667764336917563
