1.1200899790919951
0.0
0.0
0.0
0.0
0.3733557347670251
0.0
32.1086096176822
106.03251941457587
90.35285991636798
14.93414351851852
10.453856780167264
0.7467278972520908
0.0
0.7467278972520908
0.0
0.0
0.0
0.3733557347670251
20.908131720430106
40.32254330943847
111.262208781362
126.94190561529271
20.908131720430106
0.7467278972520908
0.0
0.0
0.0
0.0
0.0
0.0
67.94914874551971
178.83800029868578
159.7959229390681
146.35734020310636
27.62833408004779
0.0
3.3602337216248506
0.7467278972520908
0.0
0.0
0.0
0.0
35.842293906810035
126.94190561529271
142.24854390681006
120.96957138590203
17.174473566308244
6.7206541218638005
0.0
0.0
0.0
0.0
0.0
0.0
49.65464456391876
141.50141875746715
199.37361857825567
43.30854241338112
0.0
0.7467278972520908
0.0
0.0
0.0
0.0
0.0
0.0
29.12205047789725
126.56851105137396
173.98622311827958
96.32515681003584
8.960569743130227
0.0
0.0
0.0
0.0
0.0
6.3471139486260455
0.0
48.53823178016727
140.75425627240142
199.37361857825567
136.64964157706092
0.3733557347670251
0.0
0.0
0.0
0.0
0.0
0.0
0.0
29.12205047789725
131.0468936678614
154.57075119474314
123.20687724014337
0.0
9.707194593787337
0.0
0.0
0.0
0.0
0.0
0.0
20.534595280764634
126.56851105137396
121.33919504181601
68.69631123058544
8.960569743130227
0.0
0.0
0.0
0.0
0.0
1.493414351851852
0.3733557347670251
44.802830047789726
132.54084528076464
121.71255227001194
38.08262395459976
12.694190561529268
7.093738799283154
0.0
0.0
0.0
0.0
0.0
0.0
17.174473566308244
167.63597670250897
130.67312574671445
87.73797789725211
0.0
7.467278972520908
0.0
0.0
0.7467278972520908
0.0
0.0
0.0
47.417712066905615
111.262208781362
103.79144265232975
97.81910842293907
0.0
0.7467278972520908
0.0
0.0
0.0
0.0
0.0
0.0
43.682310334528076
141.87481332138591
179.21139486260455
85.12731481481482
33.22883064516129
0.0
0.0
0.0
0.0
0.0
0.0
6.7206541218638005
48.164463859020316
94.08788829151733
71.3111559139785
14.561017771804062
0.0
0.0
0.7467278972520908
0.0
1.1200899790919951
0.0
0.0
0.0
38.82937574671445
94.08788829151733
112.3786215651135
57.87219982078853
9.707194593787337
0.0
0.0
0.0
0.0
0.0
0.0
0.0
37.70911738351254
129.55675029868578
124.7008288530466
118.72849462365589
0.0
0.3733557347670251
0.0
0.0
0.0
0.0
0.7467278972520908
0.0
26.881705495818398
106.03251941457587
118.72849462365589
97.07194593787335
8.960569743130227
0.0
0.0
0.0
0.0
0.0
0.0
7.093738799283154
16.427848715651137
146.35734020310636
148.96766726403823
110.51508363201911
0.0
0.0
0.0
0.0
0.0
0.0
0.0
0.3733557347670251
43.682310334528076
101.92790471923539
65.71221624850656
17.5475993130227
8.2139075567503
0.0
0.0
0.0
0.0
0.0
0.0
0.0
12.694190561529268
136.27624701314218
141.12802419354838
30.615330047789726
7.467278972520908
