648.3281910842292
547.38441270908
110.69631623357229
501.22284908900855
119.94797453703701
673.6256261200716
757.6441043160096
3706.7794168160103
7231.08789202509
5351.406869773
1665.0317054958173
623.1461715949822
490.81131795101527
329.0835666816009
134.29898219086022
239.79147924133812
111.88678546893665
72.2188739919355
608.3227781511349
1619.3065860215054
5542.747151284349
4271.853576762245
2020.4747535842293
650.9499701314217
246.6353528225807
239.9467738201911
109.15814400388292
92.16923984468336
170.07198858273597
199.85207661290315
1270.476317951015
2533.8005861708484
5828.997166218637
4262.795310633214
2277.8468503584218
1057.0663119772998
399.70994212962967
298.86384445937875
129.2788055928913
154.18592368578257
102.34944254032257
260.8681869772998
741.90853718638
2421.669877538829
4642.060976702511
5396.403113799283
3417.651478494623
648.0804670698922
295.9678505824373
173.16048013739544
142.8025414053166
150.1846144339904
81.55349212216251
268.2278606630823
597.4661055107526
2557.6351105137387
3244.4099163679803
3537.4503733572287
1779.1900089605729
431.60352038530476
352.63946199223415
212.96369586320182
165.14704263739543
139.60371643518513
80.55981686827957
222.12485737753877
494.024528823178
4256.885345728791
7086.386346326165
5637.391588261648
2448.695385304659
811.2926523297491
354.1220161290324
340.8551695041817
186.80076127538825
125.04218395310633
246.0781951911589
234.42202135603344
847.3760076911591
2834.8338933691757
5975.1289799880515
3556.612933094384
1706.6818473715648
780.3345829599763
479.5215755675031
139.90653528225803
459.52418720131413
167.9667846475508
183.18960573476707
207.35112417861413
1024.5629170400234
2568.6775276284357
5984.160252389484
5093.411600209082
1704.4034162186388
741.223783975508
460.3197565710875
393.0151758512545
80.89351378808246
114.94606634557945
66.33587746415772
184.40449858124256
518.336022625448
2633.0871677120685
5326.425298685784
3023.3216696535246
2104.0570975209075
561.9620732526881
426.35250821385887
279.56627986857825
95.0904801747312
84.22999850657109
127.6377897252091
124.21298424432494
408.4595990143371
1624.5010420400242
4257.031694295101
2325.8022214755065
1206.9477673237752
653.6391356780167
359.0210009707288
298.4776232078852
122.3585047043011
163.8032297640382
122.51621960872157
145.55291890681005
399.4031306003582
3947.092760603345
6228.618593189964
3952.3741599462364
2968.976941457586
1132.8135528673831
277.25789575866185
171.3835663082438
94.51869926075267
98.69273207885301
142.2581101030466
175.37980996117085
375.52596475507767
2139.7583930704905
3167.302322281959
4626.594022550777
1540.1989150238944
597.257755749701
190.38774193548392
248.84388366188762
134.75151508363203
108.14973114546
92.46631515083634
157.94882579151738
592.4254196535246
2869.97175925926
6357.690180704897
3974.4081354540026
2086.2413455794494
730.6741162634411
267.98530353942664
201.59234244324975
131.14006096923538
169.6839892846475
153.74623185483867
190.0241838410992
641.1572136350057
2526.733889635603
5373.96676747312
4802.9312724014335
2963.061118578256
992.0638254181601
231.49813022700124
355.52050141875736
92.96172711320193
133.8788358721625
118.97217573924733
85.56880992383512
351.4726344086021
2302.2598902329755
5799.8221326164885
3213.488717144564
2212.993275836321
1036.183964307049
279.00684703554356
201.498967667264
107.79111551672639
121.48260106780167
240.65398782855445
237.4709147252089
505.2816621863801
3356.9054323476694
6100.607127389483
6209.538388590205
2390.9586058841096
801.337982750896
226.69736335125444
207.4180843040622
125.79473735327055
208.36479689366786
138.02546669653523
126.72328927718031
1126.5329562425331
3164.103072729989
5645.613814217444
4657.748682048985
959.1083982974905
1040.4669578853045
359.865826239546
201.92858796296295
149.47893593189963
237.99121987007166
89.2565763888889
224.88441009557954
496.8706350806452
2163.8313545400247
6401.146684587813
4536.590221774194
1788.1550403225806
1133.7572954002392
430.6204476553168
243.58442390979684
200.51632616487456
138.83815091099166
91.88328020459979
116.28928315412186
539.5818525985663
1860.5167488052573
6278.0093451314215
4211.9927718040635
2031.3005749701317
1043.4803352747906
571.2539743876941
253.82372125149357
232.68290509259265
117.54702322281959
97.06595878136203
189.7665908751493
549.3332500746715
2838.521755525687
6376.652944631122
5110.57166218638
2964.549563172042
774.999373506571
