8.740292712066905
3.458669354865921
3.5827732974910393
5.723006272401433
5.176747311827958
0.5053614097968936
32.9043458781362
136.32392473118279
174.82078853046596
76.33699223416964
30.067204301075275
6.345579450445371
6.204711768219833
3.458669354865921
2.5399529569892474
2.7896206690561525
1.7258064516401148
8.847834528076463
42.86514336917563
108.03464755077658
119.60125448028674
80.08176523297492
25.378584229390682
6.345579450445371
4.851403823205228
3.458669354865921
2.3887022103020024
2.660666816009558
1.7258064516401148
10.585065710872161
16.512843488649942
100.71311230585424
143.2534348864994
54.41345579450418
29.873058542413382
6.909983572281959
4.851403823205228
3.458669354865921
3.062163978494624
2.5906137993103657
1.7258064516401148
11.55766129032258
32.25246415770609
96.42323775388292
107.54554958183991
73.75709378733572
30.608198924731184
10.508512544802867
5.058370669056153
4.132131123058542
2.3887022103020024
2.5906137993103657
2.0123842592592593
13.114187574671446
37.53360215053763
93.71266427718041
76.17980884109916
25.865442054958184
21.50164277180406
6.345579450445371
4.851403823205228
8.832026583034647
2.3887022103020024
3.020870669056153
1.7576482228195938
11.000612305854242
37.26291816009558
140.7706093189964
224.19354838709677
114.03113799283155
38.52523894862605
6.766278375149342
7.116151433691757
3.458669354865921
4.390718339307049
2.920967741935484
5.614695340501792
5.603360215053764
40.90128434886499
134.45340501792114
135.27105734767025
80.08176523297492
22.24723715651135
7.276956391875746
4.851403823205228
6.937425328554363
3.6416890681003586
2.5906137993103657
1.7258064516401148
6.481123058542414
4.776359020310633
68.56332138590203
86.51060334528077
52.49439964157706
15.133288530493163
6.345579450445371
4.851403823205228
7.043720131421744
2.3887022103020024
2.5906137993103657
1.7258064516401148
0.5308430406212663
13.036140979689367
79.33467741935483
54.88724611708483
73.82803166069296
32.48730585424134
6.345579450445371
4.851403823205228
3.458669354865921
2.3887022103020024
5.597296893667862
3.6760752688172045
6.379569892473119
45.43757467144564
95.97147550776583
154.0359916367981
64.51650238948626
27.989471326164875
6.345579450445371
5.114101702508961
7.347558243727598
2.3887022103020024
2.5906137993103657
1.7258064516401148
6.7854091995221015
48.17801672640382
173.4281660692951
163.90008960573476
104.68227299880526
38.88254181600956
8.807385005973716
4.851403823205228
3.458669354865921
3.0144115890083634
2.5906137993103657
3.035319593787335
0.5961208183990442
30.377464157706093
59.05017921146953
64.63560334528077
73.91763739545998
35.34460872162485
7.8298237753882916
4.851403823205228
3.458669354865921
2.3887022103020024
2.5906137993103657
1.7258064516401148
1.3587365591397849
27.311827956989248
110.89083034647551
103.9986559139785
64.98319892473118
31.39374253285544
6.345579450445371
6.197916666666667
5.08262395459976
2.774006869772999
6.479502688172043
1.7258064516401148
9.320131421744325
26.269787933094385
62.76881720430107
117.36111111111111
73.82803166069296
28.169429510155318
12.379778972520908
6.160916965352449
3.458669354865921
2.3887022103020024
2.5906137993103657
1.7258064516401148
2.1380824372759855
48.17801672640382
100.73924731182795
154.11439665471923
42.92040023894862
33.411364994026286
12.391726403823176
4.851403823205228
3.458669354865921
2.423727598566308
2.5906137993103657
3.0623879928315407
2.795228494623656
41.39411589008363
53.2444743130227
85.12918160095579
52.49439964157706
31.087589605734767
6.52945788530466
8.062761350059738
4.995855734767025
2.8695116487455197
2.5906137993103657
1.7258064516401148
10.427508960573476
56.04838709677419
80.42861409796893
201.25448028673836
129.23051075268816
15.133288530493163
11.479241338112306
5.805070191158901
3.458669354865921
2.711503136200717
2.5906137993103657
1.7258064516401148
8.043623058542414
24.457885304659495
90.33004778972521
128.61783154121864
93.07833034647551
22.69563918757467
7.788045101553164
4.851403823205228
3.535487604540024
2.3887022103020024
2.5906137993103657
1.8026247013142174
8.784363799283154
63.810483870967744
45.803464755077655
80.34274193548387
50.94870071684588
31.811155913978496
6.345579450445371
5.106141726403823
3.95221027479092
2.3887022103020024
2.5906137993103657
2.3825418160095575
13.189605734767024
42.93981481481482
81.8847072879331
135.44653524492233
59.386574074074076
37.35364396654719
15.030615292712064
