6.250858721624851
3.458669354865921
2.7867383512544803
3.9160319593787336
6.168757467144564
16.18915770609319
45.803464755077655
95.05301672640383
116.819743130227
94.75843787335722
43.537186379928315
6.345579450445371
5.016580794504182
4.772140083632019
2.3887022103020024
2.91341472520908
1.7258064516401148
8.284438470728793
42.93981481481482
136.96983273596177
168.81720430107526
72.21886200716845
37.35364396654719
13.271356033452808
12.80241935483871
4.995855734767025
2.5877090800477895
2.7816606929510157
1.7258064516401148
8.284438470728793
77.70310633213859
135.52867383512546
140.9199522102748
101.43033154121864
36.425104540023895
15.217667264038232
7.937686678614098
4.3979988052568695
3.1242532855436083
2.5906137993103657
1.7258064516401148
0.3334229390953121
49.316756272401435
121.6995221027479
148.21908602150538
103.34192054958184
33.48230286738351
6.993540919952209
4.851403823205228
3.586036439665472
2.3887022103020024
2.6065348715651133
1.7258064516401148
6.661827956989248
44.67965949820788
54.53629032258065
124.46236559139786
88.96393369175627
42.445116487455195
6.551751045400238
4.905137395459976
3.7814702807646356
3.253210872162485
2.902673237753883
3.1157034050179213
12.059080047789724
72.08408004778973
171.7928614097969
222.52837514934288
128.37925627240142
35.022401433691755
11.671146953405017
4.851403823205228
3.458669354865921
2.3887022103020024
2.5906137993103657
1.8054136798088412
14.26823476702509
57.433542413381126
158.59468339307048
261.6636798088411
135.80159796893668
49.45191158900836
8.7057945041816
5.115688470728793
3.458669354865921
2.5256235065710873
2.5906137993103657
1.7258064516401148
1.8176672640382319
60.66308243727599
124.54450418160096
165.46818996415772
105.60073178016727
38.88254181600956
10.78853046594982
5.715912485065711
3.458669354865921
2.418951986260454
2.5906137993103657
1.7258064516401148
0.3334229390953121
5.803091397849462
32.9043458781362
103.96505376344086
9.629256272428647
23.25306152927121
6.345579450445371
4.851403823205228
3.458669354865921
2.3887022103020024
2.5906137993103657
1.7258064516401148
9.945131421744325
67.06242532855435
170.75866188769413
215.41218637992833
124.55981182795699
55.96736857825569
11.758885902031063
7.716061827956989
3.458669354865921
2.4937798685782555
2.5906137993103657
1.7258064516401148
0.3334229390953121
50.38829151732377
137.17891278375149
185.07691158900838
102.8602897252091
34.6777927120669
9.235289725209078
4.886429211469534
3.458669354865921
2.3887022103020024
2.5906137993103657
1.7258064516401148
9.333572281959379
19.897326762246117
81.34707287933094
122.75238948626045
61.80219534050179
29.117756869773
11.678987455197133
4.851403823205228
3.458669354865921
2.3887022103020024
4.072879330943847
1.7258064516401148
12.958870967741936
19.72595579450418
69.18682795698925
119.57138590203107
64.23648446833931
20.403225806451612
6.345579450445371
4.851403823205228
3.458669354865921
2.3887022103020024
2.5906137993103657
2.978793309438471
0.3334229390953121
42.04002389486261
105.8355734767025
158.61335125448028
65.67764336917563
25.2942054958184
6.345579450445371
4.851403823205228
3.549817054958184
2.5256235065710873
2.8931115591397845
1.7417275238948626
7.988366188769414
53.2444743130227
161.67861409796893
165.46818996415772
81.43331839904421
29.64531063321386
10.19377240143369
4.851403823205228
3.458669354865921
3.069332437275986
2.660666816009558
2.111111111111111
9.328718637992832
32.25246415770609
79.33467741935483
59.05017921146953
55.43272102747909
23.08430406212664
10.01265681003584
4.851403823205228
3.5637470131421742
2.3887022103020024
2.5906137993103657
1.9447281959378733
11.804450418160096
49.91412783751493
117.80540621266428
171.30749701314218
83.2814366786141
41.613649940262846
7.745034348864994
4.851403823205228
3.5446423237753883
2.3887022103020024
4.1150686977299875
1.9096848864994027
4.206257467144563
64.19877538829152
170.75866188769413
186.08124253285544
104.68227299880526
33.13284050179212
9.68746266427718
5.770833333333333
3.458669354865921
2.3887022103020024
4.072879330943847
1.7258064516401148
6.686842891278375
54.84991039426523
134.45340501792114
164.57959976105138
87.76172341696535
46.91494922341697
10.329674432497011
5.2732974910394255
3.458669354865921
2.3887022103020024
3.7023222819593786
1.7258064516401148
0.3334229390953121
19.544504181600956
60.49880525686977
64.12783751493428
55.43272102747909
15.241550925925926
6.345579450445371
