723.1938608870967
293.9973252688171
207.2057653823178
188.22239885752685
147.83498140681002
297.39513851553164
699.5463149641577
3329.2932422341696
6202.76032332736
3822.8777927120664
2312.1835984169647
582.8403475955791
253.9626448626045
236.39878994922339
109.99156014784946
146.2750383064516
124.27139516129034
163.10639000896063
549.1309479540025
2808.201609169654
8568.083183990444
6193.701194743129
3240.353102598567
1119.552900985663
435.1955148596177
231.8024365292712
125.32470642921149
178.0693104091995
102.9284827508961
192.8141827210274
897.5072875597369
3357.323760454003
7142.125190412186
4472.284699820789
1342.606705495818
957.857358124253
502.92544317503007
171.19383135453998
172.75655092592595
172.50664086768222
135.86629704301075
438.04355622759846
1638.61258213859
4770.919123357228
8326.512503733573
5896.875821385905
4470.5984020310625
1334.1273148148148
594.0247453703705
290.32255861708484
100.10569638590206
116.56117069892474
125.97501299283152
100.53982735961768
403.9544866338115
2808.766681600955
6052.270557048983
5924.401642771805
2485.051403823178
796.1378363948627
712.944932795699
534.089716621864
111.270323140681
98.39077624701312
209.09906742831538
215.8118977747909
669.65091323178
2602.03507691159
7647.579801373956
5879.185905764636
2934.8380563022697
1316.440203106332
213.98885864695342
238.3570153823178
159.22261387395463
177.4252511200717
96.68436189516129
203.36330831839908
866.4281025985663
2680.5839269713265
7732.350627240144
5437.477016129032
3280.890662335723
611.0075813918756
315.12296445639197
414.8336574074075
204.20419466845874
127.9135144489247
110.08458385603346
136.45909423536438
883.434358945639
3515.6431675627246
6307.08825044803
4728.881425477897
3248.613646206691
1497.904480286739
695.2711536738352
401.79983609617693
180.07147214755076
172.2202374551971
82.93033374402627
139.3336854091995
562.1094754330944
1606.4303468488647
5307.105566756272
5537.277665770612
2041.0284124850652
1163.1782706093195
338.5569074820788
211.75135192652328
177.7366087962963
90.65134117383512
112.26792607526883
154.52013179510155
435.5621636051374
2913.355884109916
6734.537679211469
5113.872864396655
2033.8940972222226
1228.3850171744325
622.7064299581841
284.13695452508955
79.66160651881722
139.32620519713265
123.44722558243727
265.615512246117
500.05703293010754
1624.5209918981477
6094.239658004778
4211.4655092592575
2825.3020497311823
751.6522856929507
304.9568402777779
355.94155167264034
165.05528363948622
134.63054424283155
135.2164880899044
124.93751792114693
589.0934262992831
2351.1530241935484
5925.893850806452
5602.365613799284
4229.216416517323
735.9040094832733
295.40833370669054
216.56605921445635
165.72499029271202
125.20321109617686
102.90820792264034
209.84444817801673
757.6760846027479
4195.746837664278
6660.144410842296
5712.587869623658
1685.0364519862608
936.4899940262849
464.0165990890082
229.9692947281959
134.89534871565115
107.65725974462366
117.4728643219833
371.88780017921147
738.8828068996414
2643.9278636499403
5986.862287186382
4183.233225059738
2642.4719758064516
635.7110185185185
232.6507709826762
224.81006197729982
280.3454943249701
109.12902594832735
155.8962396692055
270.427688172043
562.3078920250897
4112.054592293905
8402.697472371568
6655.13210498805
1964.5057571684583
1087.2032108721626
273.9256007317802
199.8241237305855
156.80612858422944
200.29862850955794
120.83086170848263
279.54405055256876
545.4129144265233
3985.666550925926
6927.295560782557
5117.701071535246
2365.254566158901
762.7616547192353
308.33028151135017
134.55434375
117.43839516129032
129.12410577210275
130.87919806600956
163.98582437275994
616.3787783751495
1906.0851978793323
4314.578095131422
4166.889755077659
1747.791763739546
967.5573028673839
327.90245221027476
317.48658564814815
150.85726590501793
158.91059449671445
86.94613358721624
218.00913642473122
684.0156604689366
2982.904006123058
6323.211383661888
2880.307862903225
1829.2598640979681
636.8308034647548
461.71665957287934
226.2273973267623
105.3819981705496
154.4908391577061
138.46685521206692
187.33036701015533
859.4478307945044
2916.7650612305856
7233.458090651136
5053.416446385902
2036.4351739844687
734.7919914874547
409.82098566308264
322.8006477747909
167.45939516129033
151.89617458183992
57.566692951015526
168.63223267622462
445.98369810334526
2908.7631608422944
5249.904696833929
3911.4767697132625
1800.7947580645157
587.7230757168455
