0.0
0.0
0.0
0.0
0.0
0.0
0.0
43.30854241338112
111.63560334528077
102.30167264038232
46.29678166069295
26.508169056152923
0.0
0.0
0.0
0.0
0.0
0.0
1.1200899790919951
67.206541218638
154.57075119474314
134.78192204301072
90.35285991636798
26.881705495818398
5.973573775388291
0.0
0.0
0.0
0.0
0.0
0.0
35.46875000000001
139.26030465949822
133.6613649940263
67.206541218638
9.707194593787337
0.0
0.0
0.7467278972520908
0.0
0.0
0.0
0.7467278972520908
64.21792861409797
134.408527479092
107.52684438470726
94.08788829151733
10.827396953405017
0.0
0.0
0.0
0.7467278972520908
0.0
0.0
0.7467278972520908
29.86869026284349
92.5939366786141
136.64964157706092
145.98394563918757
1.8667764336917563
0.0
0.0
0.0
0.0
0.0
0.0
0.0
47.043944145758665
132.1674507168459
121.71255227001194
126.56851105137396
5.973573775388291
0.0
0.0
0.0
0.0
0.0
0.0
0.0
29.86869026284349
142.24854390681006
154.57075119474314
148.96766726403823
8.960569743130227
0.0
0.0
0.0
0.0
0.0
0.0
0.7467278972520908
27.62833408004779
148.22087813620075
167.63597670250897
82.88620071684589
34.34897700119474
8.960569743130227
0.0
0.0
0.0
0.0
0.3733557347670251
0.0
17.5475993130227
128.06283602150538
167.63597670250897
39.57579151732378
12.320687724014338
0.7467278972520908
0.0
0.0
0.0
0.0
1.1200899790919951
0.0
26.881705495818398
123.20687724014337
157.554846176822
101.92790471923539
25.761540471923535
0.0
0.7467278972520908
0.0
0.0
0.0
0.0
0.0
17.5475993130227
142.99570639187573
156.4384707287933
169.13026433691758
0.0
0.0
0.0
0.0
0.0
0.0
0.0
0.0
52.64288381123058
114.99309289127838
84.00675776583033
172.49189814814815
6.3471139486260455
0.0
0.0
0.0
0.0
0.0
0.0
0.0
41.06933243727599
152.70306899641574
172.49189814814815
135.15568996415772
13.814392921146954
0.0
0.0
4.480283004778973
0.0
4.853823178016726
2.240142249103943
0.0
31.735513739545997
78.77740442054959
116.11402329749106
43.30854241338112
0.7467278972520908
1.1200899790919951
1.1200899790919951
0.0
0.0
0.0
0.0
0.0
71.3111559139785
159.7959229390681
205.34595280764637
106.40628733572282
5.226911589008363
0.0
0.0
0.0
0.0
0.0
0.0
0.0
33.22883064516129
134.408527479092
184.06317204301075
92.5939366786141
10.080734767025088
1.1200899790919951
0.0
0.0
0.0
0.0
0.0
0.0
47.417712066905615
116.11402329749106
126.56851105137396
36.21580047789726
9.707194593787337
0.0
0.0
0.0
0.0
0.0
0.7467278972520908
0.0
53.01627837514934
121.71255227001194
66.45937873357228
59.73573775388293
6.7206541218638005
0.0
0.0
0.3733557347670251
0.7467278972520908
0.0
0.0
0.0
64.21792861409797
90.35285991636798
94.08788829151733
37.70911738351254
7.467278972520908
0.0
0.0
0.0
0.7467278972520908
0.0
0.0
0.0
63.0973715651135
107.15344982078852
136.64964157706092
51.895721326164875
6.7206541218638005
