5.815785543612612
4.146132019120379
2.863575268821692
3.1056227598611184
2.068884408606638
0.3997162485110588
4.487753882915173e-12
159.04980585424133
348.713784348865
492.06541218637994
155.91136499402626
22.91427718040621
7.309221923536438
4.146132019120379
3.236932497013142
3.1056227598611184
2.068884408606638
0.3997162485110588
4.487753882915173e-12
8.214083034647553
322.57840501792117
288.20340501792117
18.14142771804511
24.40800477897252
5.815785543612612
4.146132019120379
2.863575268821692
3.1056227598611184
2.068884408606638
0.3997162485110588
4.487753882915173e-12
134.0344982078853
633.2138590203107
368.09961170848266
120.06608422939068
22.91427718040621
5.815785543612612
4.146132019120379
2.863575268821692
3.1056227598611184
2.068884408606638
5.2531735364396654
4.487753882915173e-12
208.70855734767025
531.6427718040621
492.06541218637994
355.28113799283153
47.556003584229394
11.41633064516129
4.146132019120379
2.863575268821692
3.1056227598611184
2.068884408606638
0.3997162485110588
1.4934363799283155
113.50283751493428
256.49529569892474
276.62522401433694
111.4796146953405
7.606780167268525
9.175989396654721
4.146132019120379
2.863575268821692
3.1056227598611184
2.068884408606638
0.3997162485110588
4.487753882915173e-12
115.74223416965353
529.7823327359617
390.12768817204307
152.1759259259259
7.606780167268525
9.175989396654721
4.146132019120379
2.863575268821692
3.1056227598611184
2.068884408606638
0.3997162485110588
4.487753882915173e-12
105.6597222222222
248.28068996415772
127.2856929510155
18.14142771804511
7.606780167268525
5.815785543612612
4.146132019120379
2.863575268821692
3.1056227598611184
2.068884408606638
0.3997162485110588
4.487753882915173e-12
79.89658004778973
370.369623655914
354.28651433691755
175.32370071684588
41.95545848267623
5.815785543612612
4.146132019120379
2.863575268821692
3.1056227598611184
2.068884408606638
0.3997162485110588
4.487753882915173e-12
98.565188172043
294.9522102747909
409.54413082437276
87.58400537634408
7.606780167268525
13.65628733572282
4.146132019120379
6.597147550776584
3.1056227598611184
2.068884408606638
3.0132205794504183
24.641763739545997
188.54428016726405
415.1732377538829
398.71415770609315
175.69967144563918
44.19586320191159
5.815785543612612
4.146132019120379
2.863575268821692
4.972431302270011
2.068884408606638
0.3997162485110588
19.414725209080046
165.3968787335723
514.47020609319
554.4235364396653
426.21975806451616
86.38366188769415
5.815785543612612
4.146132019120379
2.863575268821692
3.1056227598611184
2.068884408606638
0.3997162485110588
4.487753882915173e-12
67.20318100358423
412.18563321385903
437.91778673835125
374.6975806451613
15.447281959378731
5.815785543612612
4.146132019120379
2.863575268821692
3.1056227598611184
5.055757168458781
0.3997162485110588
4.487753882915173e-12
114.2461917562724
363.27508960573476
525.3039127837515
291.4377986857826
65.10416666666667
5.815785543612612
4.146132019120379
2.863575268821692
3.1056227598611184
2.068884408606638
7.120034348864994
4.487753882915173e-12
173.23924731182797
459.23200418160087
414.7711320191159
216.3959826762246
37.10200119474313
13.65628733572282
4.146132019120379
2.863575268821692
3.1056227598611184
2.068884408606638
0.3997162485110588
4.487753882915173e-12
148.96766726403823
389.0382317801673
574.2114695340501
181.67002688172045
60.62473864994026
5.815785543612612
4.146132019120379
2.863575268821692
3.1056227598611184
2.068884408606638
0.3997162485110588
26.88168309438471
240.44242831541217
458.83475209080046
582.7949522102748
374.6975806451613
45.68914277180406
5.815785543612612
4.146132019120379
2.863575268821692
3.1056227598611184
2.068884408606638
0.3997162485110588
4.487753882915173e-12
159.798013739546
378.584229390681
467.41151433691755
104.01284348864993
84.14426523297492
5.815785543612612
4.146132019120379
4.730383811230586
3.1056227598611184
18.123469235364396
0.3997162485110588
4.487753882915173e-12
82.88418458781362
627.2401433691756
442.3965800477897
160.76202210274792
44.19586320191159
28.590651135005974
4.146132019120379
2.863575268821692
12.812985364396654
2.068884408606638
0.3997162485110588
14.560857228195937
123.2086320191159
526.0655615292712
381.913082437276
226.84998506571088
22.541143966547192
9.175989396654721
4.146132019120379
5.850448028673835
3.1056227598611184
2.068884408606638
0.3997162485110588
16.427680704898446
94.08602150537635
572.3603643966547
580.1851851851851
301.89142771804063
18.06081989247312
