1698.3610175925253
1078.3572646232035
820.872302260963
842.6188486803085
719.9411985811412
1257.4307526810446
1813.2496863760173
2715.8846552451173
3824.42392140338
4549.603276610284
4158.065509436311
2742.5341829143235
1998.5976308655231
1343.6850437268986
824.5852011885003
929.1916641993147
993.228332499001
1294.6210183469716
1908.2795887803609
2829.321706250259
3535.040081283061
4548.795293606052
4201.024481662075
2691.123583717174
1859.9061403824744
1471.7944242609349
1157.464445310837
1320.4253220054036
1203.016207288168
1719.9667830239473
1745.9080875900167
2526.1960713041767
3283.1413127175633
3702.770231736238
3875.035396922558
2588.5790698777773
1872.4220263322975
1511.7425848713021
1284.7381242260144
1173.713663645631
1150.5191453825569
1758.1259480601714
2082.418020175152
2983.9619701794836
4200.8379909731075
4905.711752709075
4615.821279592192
3181.6689943159545
1927.437565873282
1738.9497248751816
1319.9007255695547
1372.98255138987
1351.1593741235417
1938.425933912056
1812.7839098498594
2944.043675831579
3643.5058686241114
4281.330219394082
3806.570329885348
2683.4533307434917
2041.267461754665
1556.5370270937115
1410.3614846299304
1545.4230893949668
1388.166959881103
2299.736592897944
2264.6957204318637
2924.076979157052
3257.0493590551373
3434.1866946003606
3281.3123794042012
2303.28184404295
1781.0597367663422
959.406263080627
765.6889231038908
774.2081046849579
816.2302170820096
1098.4224487851739
1124.1251604528065
2087.1997091523795
2711.3269428610893
2818.7231823752827
2743.277167912239
1986.636824561802
1394.8161786641533
1037.5025143876403
836.5236270961359
721.4066199887824
779.3273776885848
1169.3232092229448
1402.6409792980623
1869.7188995719866
2433.5318460402955
2797.9208561482374
2905.075663704772
1599.8261136217354
1395.022962810914
915.6845054609367
720.162409151201
701.4978175020584
730.6501524750322
925.55304049223
1140.0122953744667
1923.9097096124103
2890.954162321913
3116.120622584225
2649.7773927793464
1852.4972535763682
1228.0970827600834
1222.1627531418405
883.1790480898997
992.0730111579537
896.4152268880335
1242.6338506150973
1959.910219522697
2553.367017827957
3264.1881927756403
3932.0123682198996
3445.7211311964634
2525.200416987203
1357.0222521631938
1196.4086249161458
1099.014340745246
1051.1558105388192
1122.0859562764508
1456.52541311127
1761.1421251526965
2722.739031422269
3241.6645800630536
3816.44092502277
3381.2571199792915
2738.2485654852508
2121.7179271945106
1988.1303057627374
1543.022964477713
1464.3131895781498
1457.1715835187665
1768.515818931738
2334.617250511185
2899.3510463697107
3900.5911941702884
3689.6797778720884
3706.172538663226
2655.9310920518255
2263.868544026932
1632.2650893346822
1484.18836649427
1442.0858813864384
1359.4293718199665
1672.861348937913
1811.234433559046
2579.570661383126
3236.0526016110402
3899.77141629094
3872.2986208582356
2748.320563653914
2090.875307081902
1573.7581727962568
1068.6957400816223
1487.979764710106
1169.8296702256011
1584.1474757822625
2177.123834297131
2524.6995525080424
3196.969462185674
3770.4549024124562
3562.6185837174576
2554.5684386366693
2027.226133638713
1463.4030132235075
1344.8597350057155
1080.1611631703774
1088.5807483971375
1498.3946279562115
1801.3907852214252
2573.608183791177
2733.1787441265205
3042.4097098394404
2721.4981343045883
1985.7899455515758
1547.0487488294086
1441.5614465465203
939.9258798253037
1037.9426903465683
1119.2637015744601
1864.9451019072117
1933.4199501642051
2685.9607882525447
3305.461165185873
3769.6695893707574
3503.40035468184
2389.7448438503025
1597.8986671303696
1491.1214291363517
975.5578987658965
999.8613577735716
1214.5437089542163
1591.2115194770167
2054.9198691794363
2934.7541742684916
3928.2098112793146
4390.086651259727
4375.524814135095
2943.1627671610004
2256.796117250158
1921.9533611539662
1175.1467505136156
1275.9099464508465
1170.0636165861083
1504.7759607387195
1775.1493507924165
2568.364626332117
3255.331360402155
3249.730109942029
3072.1881688407343
2431.878796548426
2154.4136614589606
2017.9826782277007
1641.9812672144494
1793.7440414670803
1409.7837762386189
1712.9520702462064
1839.5459445884312
2331.0829890499185
2796.1826783957395
3416.5305111253383
3299.7902789917443
2572.8525000182235
2565.4935341505043
2251.601948055696
1756.7400584040192
1961.3965309276941
1422.919680258015
1827.2610275262796
1955.5290620913106
2477.3612094641294
3405.084550302962
3503.7911183609854
3362.2214474748057
2660.2170698363902
