1344.3138625746037
1045.203747598114
752.7656303672958
771.7186620016946
659.6590480435067
911.7570515908418
1479.2928240701629
2126.7303205676976
2408.356045059294
3150.546078282926
2956.512679388522
1761.0920346168325
1619.6292915584734
729.4566079816774
720.8478766663976
584.9589021025404
734.9811535862166
974.2005942131599
1392.7188696943379
2097.2449178691354
2806.4925641086284
3429.8965107506165
2658.6563514350746
1850.807798173566
1398.0412247612078
802.7346210201936
498.8321648448869
522.9217657404695
630.7743972523252
827.8753567993344
1347.5506727154648
1731.982451232491
2699.886182789248
3041.774973373037
2030.6674907098927
1767.0381499255673
1199.3156120551178
696.9604686825334
558.1922572905302
587.6773468146872
433.7295284470735
798.9812613068866
962.4683980126656
1590.9473383097104
1914.3103886732279
2499.3909268428847
2291.42839578096
1657.156001484413
1384.7176621994458
915.5171121212973
948.8391253604748
933.5632652488907
727.035892567389
971.5503066719127
1007.5774317285934
2130.380809941496
2394.295093534506
2817.2877686772354
2657.448242071728
1644.3916147936718
1221.038881258848
1262.2471413410233
834.0730997732996
864.6701361392924
1013.9095782353437
1398.9831393435832
1554.5306181319825
2104.6206544856063
3151.186974795877
3743.747551828557
4186.985729165254
2572.6882060501184
1818.8312421426851
1447.5031119456216
1575.5373165477372
1244.2249494056862
1044.2864838830856
1393.683493065342
1995.7436453691737
2489.601579672092
3352.2794928909593
4058.745023773132
3189.9843774403143
2126.3952699023043
1862.7529020811187
1549.0908171056803
891.1811801128624
828.1456358191281
815.4689991790262
1232.0456442587868
1837.5052602120413
2144.40223290532
2950.947131285217
3241.2932426476405
2486.3055770858955
1858.2504341115791
1324.203622906493
1129.3598041467194
767.694827759325
716.9753451304932
793.8048481888914
1304.435995988048
1785.502016849974
2439.365757999507
3233.2348784210776
4220.518509382314
3393.2459486335874
2193.924755069798
1768.7374725450288
1044.7082243186624
885.1954646072242
789.5132478664365
756.314949110256
1277.450880931705
1489.741816744919
2158.5512546857817
2842.543565386153
3241.21603458788
2909.7115508499874
2206.486315284694
1719.7379779696457
1668.8966954059904
1121.159920195665
838.9493507120567
918.3028338899521
1325.8361773735164
1941.7890897584307
2179.1490672645627
3661.196296759586
4109.090081235431
3128.6332400509777
2421.84825186518
2383.796474088178
1825.991513946727
760.0290838026839
772.890086232869
664.2041208544892
1023.9300621366381
1402.695349376181
1844.4451547926503
2174.853051995855
3029.6701452556017
2425.9550207420807
1880.2866401402352
1510.9054130532145
1199.0670371020067
690.7312503055002
615.005609582377
612.1439827817345
951.4213474444846
1732.4885106199772
2454.735188712876
2953.4538635584718
3194.7159727425533
3381.54537265035
1798.4123796634706
1430.6841407139211
981.0761238117882
715.6987642751707
669.2625081390183
816.0231439412519
1153.2103566066348
1107.1586349243712
2027.9142889178386
2404.3941971020417
2546.2031849692085
2376.9145439922477
1699.227974180278
1246.064596900362
1054.536690045491
637.8036616036843
736.1284010736028
585.2723639138648
708.5233566748492
1071.47927461808
1536.4039760552153
1725.9025269819563
1869.3988638119613
1811.4638974467623
1450.532971238554
1306.158459850914
906.3645752800928
609.5064465815766
676.4952665114429
771.2687284561797
981.2750862262078
1097.3628705644437
1695.6340409407164
2105.9500503411896
2573.4206721067185
2495.7903263066896
1885.0624924464798
1495.1055219690797
1174.1908250443562
766.3469967348327
614.8557704826517
558.2116973054708
687.895911278092
1340.3268845617542
1836.5463038981216
2922.1009589794344
3427.4831939717906
2839.4881504552845
2044.1199729555037
1744.0143370828932
1750.2696021933923
1327.5146529927072
837.8862901635113
1074.1409064233244
1431.0289084388387
1592.5846069154743
2659.4343619951983
2991.314899081963
3166.699942677991
4015.3703298323726
2330.6919312557143
2276.3335389977897
1804.6628716267458
1253.726898934879
1357.7477761220978
1390.928054464425
1465.5273663184873
1765.946858566926
2546.659788631758
3224.745514417247
4169.539621041705
3998.8288467934153
3177.757463429216
3186.1689747120336
2652.2713215622666
1374.8473104948193
1894.5396462204062
2214.390757841647
2273.8059774964113
2593.6906510996732
3417.006389422316
5235.871811354338
5281.585697214031
5271.782790067396
4251.8711730323275
