0
0
0
0
0
45.48683634541213
611.026566426868
1942.8098885236288
2362.953715294163
1184.2810676566846
192.5674365524256
15.24365848966766
0
0
0
0
29.170992544668408
36.13359741521164
620.6790272655608
1220.4066702248062
1629.3923669596638
1023.8311304674053
198.8771626729603
0
0
0
0
0
0
0
560.2970731633212
1401.009845445312
1926.8107474529788
566.7547139489158
111.86677283203485
0
0
0
0
0
0
55.33388120538595
288.7448605047239
1221.0261146361775
937.507879367391
564.2053473557316
144.1092314965609
0
0
0
0
0
0
0
219.98641019391036
887.0387665585307
877.2759058316805
456.2444796911378
109.8206768791803
35.82901839080495
0
0
0
0
0
0
443.54203669527953
821.8639056889845
1876.3095885241805
894.1540541714598
151.7536405959753
0
0
0
0
0
0
49.558913089598285
387.64508322368937
1249.3439854754045
1296.757457415333
360.4548025189274
136.14567353334286
0
0
0
0
0
0
0
508.69439319162785
896.2911325086881
1868.5349826090396
350.02519635903116
0
0
0
0
0
0
0
72.74533518857334
531.5871953326409
1654.0787681815618
1476.6636571716147
397.7037468811937
64.80097346929897
0
0
0
0
0
0
39.97733343953718
297.4666020230452
799.6492996383831
1174.0028517606866
351.9893481031665
0
0
0
0
0
0
0
0
503.8489239081895
1075.1456159776262
1582.3833269559957
802.2086153519682
291.008703272369
0
0
0
0
0
0
0
227.6900152895791
420.8404488467607
732.0539176289269
141.090743154826
0
0
0
0
0
0
0
0
568.9275006312131
1271.9325938452012
1367.7463475346715
552.0037281194756
171.3552658015381
0
0
0
0
0
0
69.06437168896144
267.05925404885517
973.522642078139
1121.331292406512
363.11991528640516
84.41154599809457
0
0
0
0
0
0
64.99286641067376
677.2832587236196
2169.955497846822
2129.1257273944275
1074.292117952946
356.11186099810436
0
0
0
0
0
0
0
212.65116852174785
842.9506054142724
1109.7924190629847
1057.2046404195314
174.9008470233232
0
0
0
0
0
0
40.470133888694804
33.128754317511365
1855.2410616683164
2191.3026640989633
888.5914303605384
271.8628021358327
11.3129080098184
0
0
0
0
0
0
591.0726809570277
1430.9029169518617
2159.8942490416352
1109.0327482150615
238.9271071630177
0
0
0
0
0
0
0
282.54218565143697
1632.3369549802655
1164.6943592315483
441.5349160228512
85.15485181523863
0
0
0
0
0
0
0
120.78795170616235
1284.8012493367412
1427.1905313624156
897.5835578916954
181.524564741627
0
