0.0
2.6135043309438473
0.0
0.0
0.0
2.6135043309438473
0.0
50.028001792114694
205.34595280764637
153.4502314814815
103.79144265232975
24.64175627240143
0.0
0.0
0.0
0.0
0.0
0.0
0.0
87.36458333333333
153.82362604540023
153.4502314814815
130.67312574671445
6.7206541218638005
0.0
0.0
0.0
0.0
0.0
0.0
0.0
35.09561678614098
120.96957138590203
99.68679062126643
0.0
14.93414351851852
0.0
1.1200899790919951
0.0
0.0
0.0
0.0
0.0
30.615330047789726
120.96957138590203
151.5825119474313
100.43395310633214
1.493414351851852
0.0
0.0
0.0
0.0
0.0
0.0
0.0
41.06933243727599
125.44795400238948
72.05794504181601
91.84677419354838
27.25524566905615
2.240142249103943
0.0
0.0
2.9868690262843485
0.0
0.0
0.0
56.37828554360812
121.71255227001194
146.7307347670251
132.1674507168459
0.0
2.240142249103943
0.0
0.0
0.0
0.7467278972520908
0.7467278972520908
0.0
20.908131720430106
123.20687724014337
129.55675029868578
38.08262395459976
17.5475993130227
0.0
0.3733557347670251
0.0
0.0
0.0
0.0
0.7467278972520908
52.64288381123058
126.56851105137396
114.99309289127838
53.390008960573475
17.5475993130227
0.0
0.0
0.0
0.0
0.0
0.0
6.3471139486260455
0.0
145.98394563918757
155.31791367980884
18.29467965949821
0.0
0.0
0.0
0.0
0.7467278972520908
0.0
0.0
0.0
39.57579151732378
102.30167264038232
134.03513291517325
29.12205047789725
15.681186529271207
0.0
0.0
0.0
0.0
0.0
4.480283004778973
0.0
33.975433094384705
140.75425627240142
138.89071833930706
145.98394563918757
6.3471139486260455
1.493414351851852
0.0
4.106933243727599
0.3733557347670251
0.0
0.0
0.0
20.534595280764634
114.61969832735961
102.30167264038232
38.82937574671445
6.7206541218638005
0.0
0.0
0.0
0.0
0.0
0.0
0.0
85.87029569892474
155.31791367980884
173.23906063321385
142.6219384707288
12.320687724014338
0.0
0.0
0.0
0.0
0.0
0.0
0.0
38.08262395459976
125.44795400238948
114.99309289127838
68.69631123058544
29.86869026284349
0.0
0.0
0.0
0.0
0.7467278972520908
4.853823178016726
0.0
69.06970579450419
130.67312574671445
156.4384707287933
178.83800029868578
26.881705495818398
0.0
0.0
0.0
0.3733557347670251
0.0
0.0
0.0
18.29467965949821
107.52684438470726
153.4502314814815
141.12802419354838
25.014878285543606
0.7467278972520908
0.0
0.0
1.1200899790919951
0.0
1.493414351851852
1.1200899790919951
72.05794504181601
130.67312574671445
133.6613649940263
50.028001792114694
23.52158751493429
0.0
0.0
0.7467278972520908
0.3733557347670251
0.0
0.0
0.0
15.681186529271207
153.82362604540023
159.7959229390681
186.30424880525686
27.62833408004779
0.0
0.3733557347670251
0.0
0.3733557347670251
0.0
0.3733557347670251
0.0
69.44347371565114
104.91196236559139
131.7936827956989
142.6219384707288
5.226911589008363
0.0
0.0
0.0
0.7467278972520908
0.0
0.0
10.453856780167264
34.72207287933094
120.96957138590203
142.24854390681006
97.07194593787335
12.320687724014338
