5.429323476702509
3.458669354865921
2.3887022103020024
2.5906137993103657
1.7258064516401148
9.355600358422938
63.67607526881721
191.82347670250897
232.05645161290323
129.2641129032258
38.88254181600956
12.952882317801672
5.341771206690561
3.458669354865921
2.3887022103020024
2.5906137993103657
6.820639187574671
8.551762246117084
64.70280764635604
122.78972520908005
161.9586320191159
114.03113799283155
39.591173835125446
9.235289725209078
6.212664277180406
3.474590427120669
2.3887022103020024
2.5906137993103657
2.216173835125448
0.3334229390953121
59.02777777777778
140.19563918757467
190.54659498207886
70.40807945041816
31.369474313022707
10.01265681003584
5.035282258064516
3.458669354865921
2.4173599910394263
2.5906137993103657
1.7258064516401148
10.57871863799283
33.14068100358423
123.08841099163679
95.97147550776583
70.29233870967742
34.56466547192353
9.796520310633213
5.552718040621266
4.218115292712067
2.4046232825567504
2.72753509557945
1.7258064516401148
3.796161887694145
26.667786738351253
91.2410394265233
90.33004778972521
60.08848566308244
31.39374253285544
15.34087514934289
5.532034050179211
3.458669354865921
2.3887022103020024
2.5906137993103657
1.7258064516401148
1.9454301075268816
48.17801672640382
85.12918160095579
186.08124253285544
102.13971027479091
35.520833333333336
9.21023745519713
5.104540023894862
3.8925104540023896
2.3887022103020024
2.5906137993103657
1.7258064516401148
10.323715651135005
42.93981481481482
126.17234169653524
130.7347670250896
51.191382915173236
34.14239844683393
11.615516726403822
4.851403823205228
3.630607825567503
2.6529868578255673
2.755790770609319
1.8324783452807647
4.206257467144563
54.64083034647551
92.51045400238948
185.59587813620072
50.332661290322584
20.710872162485067
6.345579450445371
4.851403823205228
4.043757467144564
2.3887022103020024
2.5906137993103657
2.46135752688172
12.752031063321386
56.9481780167264
165.17697132616487
148.21908602150538
55.04069593787336
27.551896654719236
7.8298237753882916
9.11028972520908
3.458669354865921
2.3887022103020024
2.621659572879331
1.7855100059737157
9.722983870967742
34.6598715651135
83.52747909199522
119.3847072879331
50.81055854241338
19.1173835125448
6.652848715651135
5.805070191158901
3.458669354865921
2.3887022103020024
2.5906137993103657
1.7258064516401148
5.603360215053764
54.53629032258065
110.03584229390681
158.61335125448028
94.0527927120669
49.45191158900836
11.671146953405017
5.7827807646356035
3.458669354865921
2.513683542413381
2.5906137993103657
1.7258064516401148
2.836969832735962
28.22729988052569
47.54704301075269
77.36335125448029
30.92107228195938
19.676672640382318
8.02923387096774
4.851403823205228
3.458669354865921
3.4744997013142176
2.633202658303465
4.086021505376343
4.448939665471923
61.01777180406213
129.15919952210274
138.35125448028674
70.40807945041816
38.256421744324975
9.598640979689366
6.250858721624851
3.458669354865921
2.3887022103020024
2.5906137993103657
1.8169541517323775
12.958870967741936
32.25246415770609
100.73924731182795
114.91562126642772
52.483198924731184
30.067204301075275
12.379778972520908
4.851403823205228
3.6457362604540022
2.4730846774193544
2.5906137993103657
2.9724089008363204
12.687813620071685
71.65098566308244
215.41218637992833
211.52927120669057
120.7179659498208
56.21005077658303
6.345579450445371
5.415807945041816
3.458669354865921
2.3887022103020024
2.5906137993103657
1.8555630227001194
0.5308430406212663
27.311827956989248
88.54540023894863
114.11290322580645
119.2469384707288
39.002389486260455
6.605092592592593
4.851403823205228
3.7818585722819593
2.3887022103020024
3.0387918160095575
3.41819743130227
10.585065710872161
10.265456989247312
185.59587813620072
217.79047192353644
103.2709826762246
48.424432497013136
14.465352449223417
4.851403823205228
3.458669354865921
2.4730846774193544
3.1550179211469533
2.351515830346475
5.042204301075269
63.810483870967744
145.13515531660693
214.94175627240142
124.54487753882916
45.41517323775388
11.718936678614096
5.520086618876942
3.458669354865921
2.3887022103020024
2.5906137993103657
1.7608318399044205
5.746729390681003
34.42204301075269
164.57959976105138
119.8439366786141
60.82399940262844
30.843413978494624
8.7057945041816
4.851403823205228
3.458669354865921
2.3887022103020024
2.7816606929510157
1.7258064516401148
5.370758661887694
19.085274790919954
131.47774790919954
145.13515531660693
104.65240442054959
40.217293906810035
7.5985663082437265
