0
0
0
0
0
41.96469626178009
164.2997892464619
1136.3646226932822
1652.5792379942823
800.872316163256
90.55190489173266
9.255419242355828
0
0
0
0
0
0
152.50015181753213
911.2108816943404
660.1655897792579
161.97505967887474
117.73207605408341
0
0
0
0
0
0
0
497.08209407132597
595.9101590653836
1645.9027426740063
735.7686775092503
22.791578686276203
0
0
0
0
0
0
62.069208266317844
537.4818303374599
1259.9112699527846
2275.9181242897334
889.5070199961141
147.18562038544977
0
0
0
5.040856106979618
0
0
53.0018476586454
798.2775168247348
2274.8535067019
2184.0444990216442
942.558323777159
257.3072360189652
30.805347542537348
0
0
0
0
0
102.26390895470958
415.0940826928901
2182.786471399857
2102.9534803999272
850.3973337413521
112.99800290182955
33.39474974428414
0
0
0
0
0
45.866036745512254
436.7983090301409
834.9757059055123
584.8193600437677
568.8508598665976
216.1582556719331
0
0
0
0
0
0
95.71925577791356
465.0198113517236
1310.347658793037
2012.8741403151325
40.54386422044084
122.06828533136932
0
0
0
0
0
0
0
490.07696534458825
1367.897839268778
1120.3445860843988
476.88908140927026
269.493028427483
11.451138621578508
0
0
0
0
0
71.13963182663394
683.9215751413249
1568.918639542804
1904.0853637081175
1204.6088224161892
323.4125402803815
7.944365396399569
0
0
0
0
0
68.14778512624906
593.6607518651787
1341.4646870648426
2133.3428550324593
1472.513274850176
174.04887651012294
0
0
0
0
0
0
0
324.91003470415484
916.841046218326
1396.057427186872
300.22436770679724
10.146073425032696
0
0
0
0
0
0
92.3679915473806
565.3085490183097
1531.8538154700518
1288.151440127264
701.1226050609331
154.33529118982963
0
0
0
0
0
0
12.24518859457671
359.24346850524705
1148.0671462597395
1133.9601006502392
412.1491864930957
0.746148746003783
0
0
0
0
0
0
0
290.82828560534
1709.2087833904304
2261.4618235712487
610.6253766148333
117.93205215700513
0
0
0
0
0
0
7.013241958719959
558.4641165504217
1291.4986191538185
1646.333264343749
778.4800287110488
150.0894670950078
0
0
0
0
0
0
0
488.7084287500084
1728.1349535440631
1893.3221533462752
1314.9396233115538
124.21084574395695
0
0
0
3.4983805272082975
0
0
0
240.78512121987117
477.4426421609421
929.0541952781948
346.3651108196013
5.62603189420048
0
0
0
0
0
0
0
453.1406772882352
1041.5820266648539
1782.805545014105
635.6664871100675
85.45406029791482
0
0
0
0
0
0
29.14319541215309
0
484.62502472503274
1162.9641275392378
402.5828111772387
0
0
