0.0
0.0
0.0
0.0
0.0
0.0
0.7467278972520908
77.65688470728793
116.11402329749106
140.75425627240142
146.35734020310636
23.14804734169654
0.7467278972520908
0.0
0.3733557347670251
0.0
0.0
0.0
8.960569743130227
31.735513739545997
125.0745594384707
205.71931003584228
61.97681451612903
22.401422491039426
10.080734767025088
0.0
0.0
0.0
0.0
0.0
0.0
0.0
171.3713410991637
160.91685334528077
73.92562724014337
0.0
0.0
0.0
0.3733557347670251
0.0
0.0
0.3733557347670251
0.0
70.93738799283155
186.30424880525686
147.85129181600954
132.1674507168459
17.5475993130227
0.0
0.0
0.0
0.0
0.0
0.0
0.0
42.93514784946237
200.86790621266428
148.96766726403823
85.12731481481482
21.654760304659497
0.7467278972520908
0.0
0.0
0.0
0.0
0.0
0.0
38.455607825567505
120.2227822580645
131.0468936678614
107.52684438470726
33.22883064516129
0.0
0.0
0.0
0.0
0.0
0.0
0.0
41.06933243727599
97.07194593787335
100.06018518518518
94.08788829151733
22.774962664277183
7.093738799283154
0.0
0.0
0.0
0.3733557347670251
0.0
0.0
42.18798536439665
142.24854390681006
124.7008288530466
141.87481332138591
0.0
0.0
0.0
0.0
0.0
0.7467278972520908
0.0
0.0
48.53823178016727
123.95366636798086
138.1439292114695
175.475993130227
32.1086096176822
10.453856780167264
0.0
0.0
0.0
0.0
1.1200899790919951
0.0
16.05430854241338
126.94190561529271
243.42928614097968
167.63597670250897
7.840404719235366
0.0
0.3733557347670251
0.0
0.0
0.0
0.0
0.0
50.775164277180416
152.70306899641574
169.13026433691758
156.4384707287933
9.707194593787337
0.0
0.0
0.0
0.0
0.0
0.0
0.0
59.73573775388293
120.96957138590203
132.54084528076464
94.45747461170848
16.427848715651137
0.0
0.0
0.0
0.0
0.0
0.0
10.080734767025088
45.54999253285544
133.6613649940263
148.22087813620075
148.96766726403823
0.0
1.8667764336917563
0.0
0.0
0.0
0.0
0.0
0.0
22.401422491039426
129.55675029868578
77.28349014336916
84.38052568697731
0.0
0.0
0.0
0.3733557347670251
0.0
0.0
0.3733557347670251
1.1200899790919951
67.206541218638
121.33919504181601
200.86790621266428
47.417712066905615
26.508169056152923
0.0
0.0
0.7467278972520908
0.0
0.0
0.0
4.106933243727599
61.97681451612903
142.24854390681006
79.52456690561529
95.20463709677419
17.5475993130227
0.0
0.0
0.0
0.7467278972520908
0.0
0.0
0.0
75.04618428912784
147.10450268817203
200.86790621266428
48.53823178016727
0.0
0.0
0.0
0.0
0.0
1.1200899790919951
0.0
7.467278972520908
43.30854241338112
178.83800029868578
112.3786215651135
65.71221624850656
2.6135043309438473
0.0
0.0
1.1200899790919951
0.7467278972520908
0.0
0.0
0.0
82.51280615292713
107.52684438470726
138.1439292114695
65.71221624850656
11.200899790919951
0.0
1.493414351851852
0.0
0.0
0.0
0.0
0.0
14.93414351851852
99.68679062126643
95.20463709677419
76.90972222222223
0.0
