28.135790023894863
8.415322580645162
2.088328853046595
3.3394974611708483
6.590800477897252
15.485065710872162
30.334117383512545
81.08870967741936
178.51627837514937
174.73304958183994
94.05577956989247
59.787186379928315
27.195713859020312
7.168421445639187
3.187458930704898
5.225395758661888
3.110315860215054
7.602299880525687
34.565710872162484
130.50141875746712
228.99417562724014
229.12111708482675
129.71848864994027
56.41427718040622
29.56996714456392
7.773260155316607
5.545624253285544
4.715169504181601
3.990908751493429
13.735663082437275
52.950268817204304
103.5364396654719
202.94653524492233
223.07497013142174
123.67308841099164
58.43563321385902
18.871938470728793
9.197281959378733
5.160580943847072
3.1369735663082436
4.5149641577060935
12.75100806451613
38.09121117084827
136.03681302270013
201.16524790919948
266.52927120669057
219.79428016726405
73.86499402628435
17.09490740740741
6.745631720430109
8.17652329749104
1.968391577060932
5.123502837514934
13.031362007168461
21.330234468339306
108.47894265232975
223.4389934289128
239.0132168458782
141.9604988052569
21.38496863799283
16.064702807646352
9.801261947431302
5.887059438470729
3.4967592592592593
6.417264038231782
3.6568399044205497
41.11715949820788
99.34475806451611
231.46356033452807
243.93705197132616
198.21348566308242
69.96303763440861
16.689068100358423
11.538829151732376
4.235271057347671
5.456989247311829
3.4238724611708484
7.798424432497013
30.414239844683394
39.17099761051374
162.34169653524492
138.94601254480287
76.60282258064517
30.20773596176822
15.350694444444445
16.846139486260455
14.377352150537634
8.61096176821983
4.111406063321385
5.387768817204302
10.367346176821984
107.62096774193549
192.4171146953405
225.53427419354836
145.50440561529274
62.175925925925924
25.80473416965353
4.998058542413381
4.653632765830348
2.575787783751493
3.7341285842293908
7.903188470728795
49.41009557945042
111.17682198327357
223.95870669056154
197.4316756272401
178.9609468339307
45.28188470728794
19.101702508960575
12.384408602150538
4.584416069295101
2.7340016427718044
3.0419317502986862
8.152852449223417
20.70232228195938
50.34722222222222
202.91890681003585
174.22603046594983
157.65232974910396
76.16524790919952
22.14433990442055
8.658228793309439
4.924955197132616
3.33050701911589
3.9138104838709684
10.301933990442055
11.223267622461169
81.19287634408602
207.1404569892473
207.682945041816
80.51635304659499
39.0722072879331
27.336096176821982
10.181376941457586
3.388702210274791
7.1312350657108725
2.747830794504181
7.384147252090802
42.84505675029869
82.69041218637993
172.98387096774195
178.70183691756273
152.18339307048984
44.228531959378735
7.834416069295103
7.05604091995221
3.775365890083631
7.686118578255675
1.0203819444444442
9.350171744324971
33.238425925925924
82.04189068100358
195.12619474313027
187.71766726403823
92.701986260454
34.37470131421745
16.538903823178018
8.488127240143369
5.544877538829152
3.5403860513739547
4.159886499402629
5.57082586618877
28.62877090800478
95.69183094384707
165.82287933094383
185.9748357228196
94.00425627240143
26.18839605734767
13.59557945041816
12.879816308243727
3.8060371863799283
4.5378136200716845
1.9186006571087215
5.862828554360813
29.09931302270012
82.60043309438471
178.0577956989247
195.49992532855438
68.67383512544802
25.994138291517324
16.214381720430108
14.093675328554363
3.713343787335723
3.0252389486260456
3.637705346475507
16.318511051373953
26.719048685782557
114.4578853046595
183.11902628434888
119.33131720430107
57.46079749103943
37.41453853046595
21.787149044205496
27.441980286738346
4.70545101553166
3.8961506869773
1.0935095579450418
5.464493727598565
28.273596176821982
91.72229689366786
127.15800477897253
142.4805854241338
111.31608422939068
52.78972520908006
16.750485364396653
8.796221624850658
8.32993578255675
3.276553166069295
3.3951724910394274
11.713859020310633
42.99559438470729
41.11928763440859
107.93906810035843
111.07489545997613
89.32571684587812
37.94485513739546
8.694593787335723
9.293720131421745
3.3131123058542413
7.5509632616487465
4.077184139784946
7.561641278375149
43.43862007168459
87.54032258064517
225.2471624850657
203.1634557945042
104.63000298685783
66.00806451612904
27.223790322580644
8.469832735961768
2.655626493428913
3.050489097968937
2.958008512544803
3.208811230585424
11.436902628434886
54.22528375149343
128.48977001194743
71.53225806451611
33.70314366786141
32.014486260454
