12.536103643966547
4.146132019120379
2.863575268821692
3.1056227598611184
2.068884408606638
0.3997162485110588
4.487753882915173e-12
163.52859916367981
395.3853046594982
414.7711320191159
154.41532258064515
21.42096027479092
20.00350955794504
4.146132019120379
2.863575268821692
3.1056227598611184
2.068884408606638
0.3997162485110588
4.487753882915173e-12
170.6235065710872
583.9120370370371
354.28651433691755
255.96848864994027
9.473588709677419
32.323962066905615
7.506335872162485
2.863575268821692
3.1056227598611184
2.068884408606638
0.3997162485110588
4.487753882915173e-12
105.6597222222222
132.54293608124254
104.50978195937873
23.368443847072882
8.353479689366784
18.88332586618877
4.146132019120379
2.863575268821692
3.1056227598611184
2.068884408606638
0.3997162485110588
4.487753882915173e-12
82.88418458781362
370.369623655914
277.7494026284349
132.76396356033453
7.606780167268525
5.815785543612612
4.146132019120379
2.863575268821692
3.1056227598611184
2.068884408606638
0.3997162485110588
4.487753882915173e-12
138.14180107526883
472.29054659498206
469.6688321385901
152.1759259259259
7.606780167268525
5.815785543612612
5.639568399044205
2.863575268821692
3.1056227598611184
2.068884408606638
0.3997162485110588
6.720318100358422
88.11118578255675
342.7430555555555
414.7711320191159
57.717107228195935
19.554099462365592
10.669242831541217
4.146132019120379
2.863575268821692
3.1056227598611184
2.068884408606638
0.3997162485110588
4.487753882915173e-12
46.67133363201911
323.3266129032258
257.96109617682197
181.29853643966547
32.248543906810035
7.309221923536438
4.146132019120379
2.863575268821692
3.1056227598611184
2.068884408606638
0.3997162485110588
4.487753882915173e-12
79.89658004778973
279.27120669056154
306.4956690561529
31.208968040621265
7.606780167268525
5.815785543612612
4.146132019120379
2.863575268821692
3.1056227598611184
2.068884408606638
0.3997162485110588
4.487753882915173e-12
227.74865591397855
486.4964157706094
482.7273745519713
362.37641875746715
49.42286439665472
5.815785543612612
4.146132019120379
2.863575268821692
3.1056227598611184
2.068884408606638
0.3997162485110588
14.934363799283155
112.37828554360813
269.93652927120667
275.8814964157706
104.38508064516131
30.381645758661886
12.536103643966547
4.146132019120379
6.970515979689365
3.1056227598611184
2.068884408606638
0.3997162485110588
4.487753882915173e-12
138.14180107526883
378.584229390681
249.37051971326164
29.34210722819594
21.42096027479092
5.815785543612612
4.146132019120379
2.863575268821692
3.1056227598611184
2.068884408606638
0.3997162485110588
4.487753882915173e-12
33.975545101553166
327.43391577060925
348.6831690561529
155.16353046594983
51.6627464157706
13.65628733572282
4.146132019120379
2.863575268821692
3.1056227598611184
2.068884408606638
0.3997162485110588
4.487753882915173e-12
78.77688172043011
282.25843787335725
300.148596176822
63.69295101553166
21.04786439665472
8.802658303464753
4.146132019120379
2.863575268821692
3.1056227598611184
2.068884408606638
0.3997162485110588
4.487753882915173e-12
125.82026583034646
407.33049581839913
83.97364097968938
29.34210722819594
27.021505376344088
5.815785543612612
4.146132019120379
2.863575268821692
3.1056227598611184
2.068884408606638
0.3997162485110588
4.487753882915173e-12
93.33818697729988
344.2349910394265
125.04629629629629
20.75493204898447
21.04786439665472
5.815785543612612
6.3862679211469535
2.863575268821692
5.345758661887693
2.068884408606638
0.3997162485110588
4.487753882915173e-12
112.75462962962963
232.22819593787335
223.61111111111111
37.55615292712067
9.473588709677419
12.909647550776583
4.146132019120379
2.863575268821692
3.1056227598611184
2.068884408606638
0.3997162485110588
4.487753882915173e-12
53.01795848267623
192.65158303464753
144.08639486260455
104.01284348864993
7.980137395459976
5.815785543612612
4.146132019120379
2.863575268821692
3.1056227598611184
2.068884408606638
0.3997162485110588
36.58908303464755
78.77688172043011
347.22222222222223
331.8828405017921
150.68436379928315
22.91427718040621
8.802658303464753
4.146132019120379
2.863575268821692
3.1056227598611184
2.068884408606638
0.3997162485110588
4.487753882915173e-12
66.45982676224612
320.3393817204301
381.913082437276
313.0936379928315
21.794504181600953
5.815785543612612
4.146132019120379
2.863575268821692
3.1056227598611184
2.068884408606638
0.3997162485110588
4.487753882915173e-12
163.15710872162484
458.12537335722817
411.0356929510156
75.63881421744325
67.71505376344086
