22.030017921146953
6.4752837514934285
7.5738127240143385
3.4804659498207884
1.2942502986857825
9.258437873357229
33.76892921146953
109.16704002389486
264.5967741935484
243.9967891278375
145.2736708482676
23.638590203106336
13.763515531660692
9.165173237753883
6.885005973715651
5.495067951015532
6.399865591397849
8.895758661887694
69.319743130227
105.9442204301075
304.61058841099157
275.6518817204301
181.42323775388292
40.125224014336915
41.874775985663085
13.365367383512542
3.4866338112305852
2.651863052568698
2.9048424432497013
5.123917264038231
24.84931302270012
96.64314516129032
146.1211917562724
144.25776583034647
100.12096774193549
30.17917413381123
41.287522401433684
10.457885304659497
3.4238873954599756
3.8250634707287934
6.017809139784945
8.17629928315412
15.760379330943847
98.53979988052568
179.30928912783753
177.67510454002388
145.57123655913975
39.14030764635604
34.09475806451613
26.338037634408597
4.211973566308244
2.307306600955794
3.3342443249701312
4.407459677419355
35.157818100358426
110.57272998805257
215.0548835125448
214.7099014336918
175.14635603345278
32.070303166069294
23.06455346475508
13.552158004778972
7.838821684587813
2.7680667562724013
2.026769713261649
10.63694743130227
27.08826164874552
101.69914874551971
209.2081093189964
174.22528375149344
70.73738052568697
30.540098566308245
23.155017921146953
6.741636798088411
7.387171445639187
3.7348230286738358
5.331578554360813
5.681227598566308
27.72412634408602
58.60028375149343
159.46796594982078
156.31944444444446
83.21385902031064
32.44168160095579
11.805518219832736
13.356892174432497
4.745557048984468
2.4795885603345282
6.09834229390681
5.69941009557945
23.162335722819595
45.088000298685785
205.20795997610514
175.31324671445637
11.874589307048984
49.36491935483871
23.8586096176822
7.702882317801673
3.889986559139785
4.029469086021505
3.397349163679809
4.745557048984468
27.705719832735966
100.65598864994027
206.99746117084825
212.44922341696534
116.05212066905615
70.13067502986858
26.36499402628435
12.425664575866188
5.189964157706093
5.695863201911589
2.9984057646356033
8.171445639187574
70.96102150537635
83.30047789725208
174.36006571087216
124.12634408602153
101.79995519713262
40.376157407407405
9.209042712066905
4.915135902031064
1.9302867383512545
1.6945191158900836
4.118242234169654
6.4830122461170845
42.481332138590204
130.6877240143369
194.7072879330944
196.14583333333334
80.9195788530466
31.4140531660693
7.452322281959379
12.636424731182796
10.209976105137395
2.8764187574671443
4.619250298685783
9.016763739545997
15.727747909199522
75.50925925925925
103.36917562724017
163.43862007168457
58.965800477897254
39.16345579450419
15.94765531660693
15.1288082437276
13.531884707287933
3.2193623058542413
10.40162037037037
31.980510752688172
27.91804808841099
82.41412783751493
246.8623058542413
258.32399940262843
123.26500896057345
40.83490143369175
14.808206391875746
14.245631720430108
5.3933318399044206
3.234856630824373
3.038179510155316
5.724089008363202
31.082959976105137
104.77561230585424
200.5413679808841
153.27284946236557
89.18122759856631
44.01075268817204
19.927942054958184
10.867383512544805
3.826482228195938
10.010229988052568
5.142361111111111
5.729689366786141
21.53408751493429
23.18843339307049
142.94616188769413
104.41569593787335
11.701986260454003
34.9906660692951
10.220206093189963
7.890158303464757
5.707287933094385
3.8204338410991636
5.765423387096774
4.399406362007168
26.932758363201913
101.59087514934289
193.68242234169654
181.40755675029868
75.09371266427718
28.748021206690563
18.235028375149344
8.220094086021506
5.514075567502987
3.5829749103942654
1.501015531660693
19.685670549581836
27.197804659498207
75.78218339307048
208.64583333333334
183.4554211469534
117.68182497013142
33.494623655913976
20.820228494623656
14.315076164874553
5.73077210274791
3.7138366188769423
1.2244216696535244
12.52751642771804
44.56317204301075
72.57429808841098
182.2323028673835
197.81959378733575
132.14605734767025
64.7349163679809
27.17237903225807
14.648521505376344
5.43287037037037
4.4379778972520905
1.5822692652329748
13.438844086021506
22.384595280764636
97.33572281959378
218.89112903225808
189.87791218637992
121.94929808841097
42.679398148148145
18.981294802867385
4.937201314217443
7.70695191158901
4.701538231780167
3.4152329749103933
14.399604241338112
30.33729091995221
84.57735961768219
213.2515681003584
220.1213410991637
166.05286738351253
58.9165173237754
