373.33713635005967
634.6018925477896
189.68820863201915
112.985878770908
148.57035913231783
137.55458221326168
826.8473163082439
3656.9750298685776
6771.268048088411
4562.920945340504
2854.191898148148
1062.1789874551969
478.8254211469535
348.9597132616487
143.5904487753883
118.95638926224609
170.76272345430104
132.0996594982078
520.4637066905615
3589.693227299881
7677.756436678617
4567.717682198327
3150.6836320191164
1027.2409087514936
527.4345571983273
217.72065150836315
228.39150313620073
165.37677934587813
110.70340415919954
193.91812387992823
693.0795172491039
3184.180462216249
6798.431813769416
3976.621486708482
1659.1682160991636
712.6796680854242
194.54437387992834
242.35312201314218
193.24556526284346
128.95188440860215
79.70050593637994
167.62482399940265
662.8225929659499
2058.121404569892
7453.020508512541
3200.4276209677428
1670.7889374253286
504.9495523446834
547.0704043458779
205.61706279868568
161.37641166367985
125.73196012544805
108.52249611708484
156.76247983870968
818.1753774641579
3327.7331093189964
5446.225384557946
4113.54489247312
1652.7404905913963
761.2368130226997
469.1766338112306
243.8691073028673
159.6662895758662
100.35508176523302
108.98462298387096
260.66526695041824
811.6202348416962
2614.3876008064517
5515.256944444443
5499.784834229391
3542.3509707287935
1010.3946236559142
415.06832325268834
242.48495557048975
147.62366188769414
217.4057026583035
107.71193794802866
605.9766954151734
900.605100059737
2579.8041031959374
7432.579446684585
5571.144444444444
3768.443253434888
1202.805940113501
436.58250074671435
213.9335095579451
172.0320669056153
220.50501045400233
135.31025854988056
173.97086357526877
706.5023540173239
2010.003203405018
6795.285218787334
4115.017906212664
1706.8385752688162
807.9712107974907
445.02485215053764
278.76429659498206
148.21948140681002
135.40005182198328
129.9530045549582
168.4234621415771
869.018656660693
2343.703483422939
5933.498962066905
4223.384434737157
2339.810741487454
845.7631847371562
330.12572505973714
286.41872535842293
196.7586999701314
144.28740897550773
130.55650929659498
145.1901777180406
529.9615471923536
2281.2944817801667
5621.113481929508
5306.681731630825
2015.19686006571
1279.19880525687
499.9262559737156
306.2280223267623
114.18521087216244
161.12410913231784
127.93825201612903
255.24743055555555
869.9053278076461
3616.5750298685775
6507.763717144562
5908.322539575867
3657.453311678614
743.1474783452805
252.82099499701314
208.4530518219833
119.98312182646356
104.32235726553164
151.73946983273595
88.79616267174436
663.8040800477896
2675.4117831541225
5583.861465800479
4450.051052867383
2769.203655167264
532.7528905316608
295.7824126344086
168.66834192054955
132.58548200418153
126.34494631123053
110.42704021057348
206.01661999701318
473.6426650238948
3044.4061939964163
5827.1134296595
4692.928968787336
1897.4507579151732
989.5312201314216
680.6990617532858
152.058348864994
177.7953494623656
152.645909348865
79.74732791965351
231.72030577956994
504.94315972222205
3508.331492682198
7866.592614994031
4101.0206354540005
1340.7126082735958
347.9367137096774
314.6251090203107
309.0792540322582
119.69544283900835
129.051093077957
126.50380301672638
154.53864583333328
408.5752240143368
1429.7242794205497
4013.9054510155324
2964.973476702508
1318.2766390382326
686.1113340053762
446.59088709677417
241.47782818100353
90.99296975806453
119.89741095430112
145.82046919802872
149.4111761872759
530.7202568697729
2627.9793533452803
6353.469332437274
2604.7064553464747
2449.168768667862
1118.3896766726405
523.0744492980886
424.13080309139787
136.04728905316608
131.536332698626
152.45204002389485
350.37505563022694
828.0070340501794
3332.3169840203122
6667.771538978496
3954.4542786738343
1203.0427270011946
652.2901762246117
281.3426090203107
575.0786547939069
96.50719130824373
127.7359386200717
170.2469623655914
188.3021205197132
711.7352292413384
2447.6627800179212
5922.609684886499
4985.102232676227
2823.516506123059
756.5757758363203
491.20215912485077
219.66032668757475
176.9047535842294
148.97358945639192
167.2951255973716
82.85464004629627
448.48560483870966
2079.875489097969
5042.706040919952
4498.798133213859
1760.9190412186376
1326.65623506571
268.7951418757466
206.66933953106332
183.85552270011956
173.62868324372752
125.56282437275986
185.9274350358423
623.0081279868575
2645.1851665173235
7007.941535991636
5726.125896057349
2525.1233497610506
869.8800414426523
