701.9248514038231
207.10508848566303
156.5054726702509
153.43638844086018
94.20120127688172
170.167958109319
612.104728569295
3215.969112156512
7977.660838560338
5619.2703853046605
2778.970822132616
1178.9361148446828
270.0090367383513
358.62825455495823
294.43884109916365
112.57261835424136
120.87244608721628
364.47790957287935
328.79637768817196
2829.640770609319
7074.230801971329
4475.619403375145
1939.25307646356
587.1836667413379
443.8405032855438
340.0833546146954
129.79867148297495
437.65374178614087
164.8740748207886
273.47115404719233
772.6750776583035
2653.2668682795697
6619.135633213858
4549.32732601553
2675.14214456392
1055.1315001493426
393.3904174133811
233.73483758960577
154.8371505002987
112.26947819593786
101.68186327658304
126.82071385902029
814.1939064366788
4124.944310035843
7348.183094384707
6279.596158154122
3151.1036178315403
1131.5184849163684
247.54333594683393
240.159558318399
174.9650070937873
94.0833831391876
91.48828479689365
106.6392038157109
486.864813321386
3215.9430219534056
8166.10311379928
6350.710902031064
3215.6188806750292
1069.8882840501788
403.2969425776583
223.45540919952205
206.25988388590207
196.31811379928317
95.41224973864993
111.1104633363202
812.0256488948628
3414.87545549582
7219.394280167264
5304.170751194743
1762.716752538829
975.0955197132613
305.37237044504184
217.27326911589012
166.4400724313023
187.43192588859017
184.85855473416967
208.5250910991637
473.5216965352449
4102.090819145758
8339.633553614096
4752.371117084825
1986.5053203405018
538.6808639486259
438.1727867383512
202.23272364097969
202.3815031362007
118.99278132467144
158.14476948924732
198.40740815412187
720.5758501344088
3360.1717069892475
6373.983501344085
3512.3100433094387
1896.2372125149343
815.470002986858
238.82170400238948
169.9627333482676
131.55145474910393
132.66980036589013
110.39082216995222
381.94906474014346
677.3939628136196
1873.1266353046599
5356.276474761051
4500.432806899644
3424.4093525985663
805.5137096774193
469.28643929211444
319.05245967741934
138.47741334378733
111.00894022550774
124.59768350507768
166.1174800627239
489.202589979092
2148.08633885902
6044.809494474313
5234.92529495221
3280.9434886499403
733.5593219832739
531.9890576463561
377.84297192353637
230.11853494623657
139.00364926821987
280.7599563172043
296.3020654121865
607.9662111708485
2396.563829151733
6897.676489695337
4109.018570788531
1323.2172155017918
932.2801709976106
514.2226138739546
184.81876642771803
159.07037783751497
133.80671034946235
120.56187783751493
599.963245967742
484.6608702956988
2311.349047939068
6556.418007019116
4571.306029719236
3065.7948514038235
718.6096102150534
282.9681660692951
202.86239994026283
203.51135902031058
144.99978968787332
169.28395732526886
233.19948663381118
784.8917570191159
3376.937503733572
7734.085252389487
6438.4277889784935
3588.3610177718047
1324.9255339008364
401.51029233870975
226.0326205943847
132.41804498954596
112.52831119324969
112.28905380077659
339.1192665397251
538.5306780167264
2970.845773596176
6476.391539725206
4283.454286140979
3295.719388440859
815.0576982526879
355.70892883811246
265.86712290919945
119.28029868578258
148.68930928912786
108.83531888440857
89.15472995071686
686.9610510005974
3614.4147513440867
6476.097300627237
5472.597222222223
2694.574858124254
768.5519720728793
333.5929360812426
228.38148708183985
180.95407896505378
187.3163600283751
91.60956925776583
258.21844310035846
892.9919351105137
3374.868126493428
6871.062989097971
4539.544171893668
3494.088276583035
1413.381556152927
279.8529140531661
331.549772625448
231.6486574074074
194.51321863799276
60.02909464605736
107.29372494773
572.8885868428914
3317.736895161289
6475.102830047788
4389.975630973715
3694.630996117085
735.7939292114695
220.170991636798
252.43571236559146
130.88801485961767
154.4031265307646
150.74151870519717
237.98923984468334
874.0293309438474
2917.917413381122
5954.826724910394
5528.801067801672
1925.1053390083644
1061.8988687275985
492.5345758661888
384.82450119474316
188.73885678016728
236.94300216547197
325.2176123805256
110.14211469534048
515.8156764112904
2460.174548237754
6370.479207735962
5665.8332735961785
2577.8594310035846
555.243216845878
580.7311760752688
374.8069903673835
160.64547043010757
149.25860293458783
100.71058467741933
160.73123570041815
696.731080869176
2900.119545250896
7461.547763590202
4893.6482676224605
1362.317334976105
776.6510864695337
