0
0
0
0
0
0
201.29799713176652
576.2440283085751
1074.4538646370545
448.87933527914606
132.4990375082201
0
0
0
0
0
0
26.36914849048047
284.2798337171737
1184.8167658042569
1695.6487140325432
497.91603190109697
149.43951333006908
0
0
0
0
0
0
0.7509624638742949
638.4706096029865
1163.3526620522414
1738.3598065927642
563.847381212954
116.61628746763819
23.666993421682477
0
0
0
0
0
78.75293735831309
495.9716003494072
1482.4213505979458
1654.2775926290394
1157.4543019554926
330.7354262396911
8.626309992625096
0
0
0
0
0
0
331.0108650923572
774.0694565226885
926.6441854015729
403.93825209257136
222.79323512290782
0
0
0
0
0
6.383070197282915
0
235.12391393542296
911.558126119092
1068.14949294473
375.39023995401664
298.3774085171222
0
0
0
0
0
0
59.78755705614547
430.0595844184324
803.8104579963126
1333.117971154879
899.8757254579955
345.3248850028769
17.296957015155492
0
0
0
0
0
0
63.763613621735445
828.9916253402292
679.7386863127433
428.096806275399
34.45426203387828
0
0
0
0
0
0
0
280.37703254888936
1393.086011311789
1400.4013363830845
901.6127970604051
52.32583906069685
0
0
0
0
0
0
30.83676444312143
302.8776683312889
905.8604704866508
1357.7054353927053
494.0469197877544
74.67639183354758
0
0
0
0
0
11.403436800341169
0
301.6020601089063
1257.3271422619748
2349.6888078401057
899.085108780881
49.73682453879678
0
0
0
0
0
0
2.7347357511157284
280.8987966515863
925.3252158718501
1365.5209128499546
1042.2180953053637
216.47126757079135
0
0
0
0
0
0
115.94800200138297
446.67578318796325
1110.0284719814017
1271.6736922180644
486.79614150059865
85.76517470237445
0
0
0
0
0
0
7.811982202700982
359.24346850524705
1362.7423254712094
1793.6655217971927
546.5402408539081
45.655870968226
0
0
0
0
0
0
1.125109540900766
598.6736410414212
1833.614025325914
1633.2278032606155
473.5013473436268
99.86428782008753
0
0
0
0
0
0
50.887159222758186
205.92719152055312
1388.5666448407958
1143.7246173903443
335.8542073251468
66.42963286561712
0
0
0
0
0
0
13.919655991442738
664.3513498969619
1526.3626267818172
2125.896824791915
938.8546472064168
131.85089204025323
0
0
0
0
0
0
0
459.2738458315797
1186.0642072744427
2338.7103332710262
921.982643675037
147.11550322036533
0
0
0
0
0
0
45.481345532565115
876.1592704781992
1641.6350433912576
1547.1812917285615
1053.0668007301392
230.86956955717406
0
0
0
0
0
0
0
671.568791013211
1825.3235760989871
2161.3676520314716
993.0562281425915
83.91393899491253
0
