9.175989396654721
4.146132019120379
2.863575268821692
3.1056227598611184
2.068884408606638
1.1464157706093192
29.495221027479094
93.33818697729988
348.713784348865
561.8608124253286
66.67600059737157
47.18245967741935
5.815785543612612
4.146132019120379
2.863575268821692
3.1056227598611184
4.309020310633214
0.3997162485110588
4.487753882915173e-12
132.54293608124254
417.7844982078854
583.9038231780168
347.8147401433692
9.100216547192353
5.815785543612612
4.146132019120379
2.863575268821692
3.1056227598611184
2.068884408606638
0.3997162485110588
4.487753882915173e-12
269.56503882915166
368.50209080047796
568.5887096774194
421.3691009557945
20.674320489844682
5.815785543612612
4.146132019120379
2.863575268821692
3.1056227598611184
2.068884408606638
0.3997162485110588
4.487753882915173e-12
32.482265531660694
315.86021505376345
364.3645459976105
76.38664874551971
39.34195788530466
5.815785543612612
5.266199970131421
2.863575268821692
3.1056227598611184
2.068884408606638
0.3997162485110588
4.487753882915173e-12
124.70019414575866
238.57452210274786
300.148596176822
244.77075866188764
10.220284498207887
5.815785543612612
4.146132019120379
3.236932497013142
3.1056227598611184
2.068884408606638
2.6398521505376342
9.707362604540023
88.11118578255675
373.7287186379928
168.72573178016725
76.38664874551971
25.901321684587813
11.042801672640383
4.146132019120379
2.863575268821692
3.1056227598611184
2.068884408606638
0.3997162485110588
4.487753882915173e-12
171.74320489844683
373.7287186379928
364.7405167264038
18.14142771804511
51.6627464157706
5.815785543612612
4.146132019120379
2.863575268821692
3.1056227598611184
2.068884408606638
0.3997162485110588
4.487753882915173e-12
148.96766726403823
436.0812425328554
334.87007168458774
67.42413381123059
13.954002389486257
5.815785543612612
4.146132019120379
2.863575268821692
3.1056227598611184
2.068884408606638
0.3997162485110588
4.487753882915173e-12
8.214083034647553
158.3019713261649
68.66860812425328
27.84879032258065
53.15830346475508
14.029868578255678
4.146132019120379
2.863575268821692
3.1056227598611184
3.1889523596176823
0.3997162485110588
4.487753882915173e-12
86.24365292712066
320.3393817204301
400.58169056152934
18.14142771804511
44.19586320191159
5.815785543612612
4.146132019120379
2.863575268821692
3.1056227598611184
2.068884408606638
0.3997162485110588
4.487753882915173e-12
79.89658004778973
415.1732377538829
419.62178912783753
181.29853643966547
7.606780167268525
12.536103643966547
4.146132019120379
2.863575268821692
3.1056227598611184
2.068884408606638
0.3997162485110588
4.487753882915173e-12
163.52859916367981
467.8199671445639
271.39784946236557
143.9616935483871
7.606780167268525
9.922726254480285
4.146132019120379
2.863575268821692
3.1056227598611184
2.068884408606638
0.3997162485110588
4.487753882915173e-12
49.28270609318996
370.369623655914
171.341472520908
54.730510752688176
28.88791816009558
5.815785543612612
8.253072729988052
2.863575268821692
3.1056227598611184
2.068884408606638
0.3997162485110588
13.44108422939068
183.3169056152927
166.5162037037037
148.5655615292712
129.77635902031062
7.606780167268525
8.055921445639187
4.146132019120379
2.863575268821692
3.1056227598611184
2.068884408606638
0.3997162485110588
4.487753882915173e-12
118.72983870967742
322.57840501792117
150.80495818399044
111.4796146953405
32.248543906810035
5.815785543612612
4.146132019120379
2.863575268821692
3.1056227598611184
2.068884408606638
0.3997162485110588
16.801224611708484
166.5162037037037
484.6397102747909
322.9245071684587
206.68570788530465
21.794504181600953
8.802658303464753
4.146132019120379
2.863575268821692
3.1056227598611184
2.068884408606638
0.3997162485110588
13.067540322580642
230.73663381123058
515.2199074074074
479.36342592592604
164.49783452807645
27.021505376344088
5.815785543612612
4.146132019120379
2.863575268821692
3.1056227598611184
3.562320788530465
0.3997162485110588
4.487753882915173e-12
111.63493130227002
269.56503882915166
281.4799880525687
127.16061827956989
7.606780167268525
5.815785543612612
4.146132019120379
2.863575268821692
3.1056227598611184
2.068884408606638
2.6398521505376342
4.487753882915173e-12
252.76433691756273
268.0689964157706
323.66823476702507
167.10909498207886
7.606780167268525
5.815785543612612
4.146132019120379
2.863575268821692
3.1056227598611184
2.068884408606638
0.3997162485110588
4.487753882915173e-12
92.59445937873357
583.9120370370371
583.9038231780168
293.30533154121866
32.248543906810035
