20.470094086021508
10.689740143369175
3.6300776583034646
4.664280913978494
6.904868578255675
7.944743130227002
55.23409498207885
78.93033154121862
249.49970131421745
289.9887992831541
182.89090501792114
47.66315710872163
22.292824074074076
8.044578853046593
6.443585722819594
3.183344534050179
2.4236484468339308
8.952023596176824
49.56055854241338
115.6317204301075
233.70482377538823
194.52695639187573
121.96161887694146
44.6777927120669
21.38974761051374
13.738313918757465
3.107448476702509
4.94295101553166
4.044194295101553
3.3776359020310633
37.09617682198327
72.75425627240142
193.00963261648747
209.6804062126643
98.2806899641577
45.15270310633214
15.233198924731182
10.478121266427719
2.848872461170848
3.6343264635603347
7.373021206690561
8.142771804062127
32.31537485065711
97.4910394265233
153.1373207885305
161.68234767025086
68.4371266427718
52.521654719235364
28.146057347670258
9.189852150537634
4.929360812425329
3.4561865292712066
2.601157407407407
8.050365890083633
27.663903823178018
88.1085722819594
207.67883811230587
203.49723715651135
138.33109318996418
42.85692951015532
22.94866338112306
19.173685782556753
14.297939068100359
2.7184625149342887
5.508027180406212
5.796034946236558
21.550253882915175
85.43720131421743
150.6152927120669
223.1698028673835
218.52337216248506
25.940188172043012
21.89142771804062
15.831877240143369
7.510864695340501
2.7383251194743132
1.403125
11.70781063321386
61.730510752688176
144.94324970131422
278.0436081242533
269.45340501792117
200.18779868578255
74.56503882915173
21.50022401433692
6.671370967741935
4.58919504181601
2.77888664874552
3.6096102150537632
14.39874551971326
30.175216547192353
144.54413082437276
233.75336021505376
272.40367383512546
160.31735364396653
53.37066905615293
11.494847670250897
10.928240740740739
4.679737903225807
3.04984692353644
3.1180704898446834
14.40524193548387
32.30843040621267
123.26986260454002
299.26411290322574
298.6801821983274
197.76321684587816
46.161140979689364
31.172976403823178
7.832997311827955
5.0552867383512545
2.432956242532856
4.510297192353644
4.810334528076464
18.140232974910393
82.69526583034647
220.10528673835125
259.45527180406214
71.7450716845878
48.32511947431302
17.574932795698924
9.725619772998805
4.297640382317802
4.432041517323775
6.854091995221029
6.707325268817204
29.878584229390682
96.58639486260454
184.685633213859
173.38410991636798
75.36999701314217
34.292712066905615
12.997349163679809
6.459229390681004
7.962328255675032
3.8971400836320185
5.0928912783751485
13.292786738351255
28.438545400238954
85.88933691756273
160.71908602150538
217.17517921146953
135.1930256869773
42.42178166069294
31.50485364396655
11.447393966547192
7.04790173237754
5.843637992831542
2.985375597371565
7.264150238948626
39.7722894265233
78.73506571087216
201.55540621266428
275.8814964157706
177.04301075268816
60.15008960573478
28.23286290322581
10.685073178016726
7.722334229390681
2.6961656212664282
3.081238799283154
6.632541816009557
29.290882616487455
84.17152031063321
178.59169653524495
188.73357228195937
159.08863500597369
22.453255675029865
33.68832138590203
8.735476403823178
5.271057347670251
3.6538455794504183
3.151373954599761
11.535916965352447
30.62892025089606
89.39926821983273
214.32310334528077
272.722894265233
141.6297043010753
52.76545698924731
20.68862007168459
13.008363201911589
5.838672341696536
3.2175925925925926
3.2241412783751495
3.864124103942652
34.793085424133814
109.38097371565111
220.74036738351253
187.69078554360811
80.50216547192353
37.151321684587806
27.57441009557945
7.960498805256869
7.864583333333333
3.1753098864994027
6.995631720430108
34.5625
67.18451314217444
88.07945041816009
229.10468936678615
206.73984468339307
114.38433393070487
35.06604689366786
12.934363799283155
6.331951911589008
3.6757056451612904
3.536574074074074
3.7252053464755077
13.196423237753883
43.27658303464755
122.4174880525687
214.69086021505376
268.673835125448
156.44787933094383
60.78255675029869
17.77680704898447
8.763515531660692
8.774940262843488
5.6757355137395455
3.8928987455197133
10.451388888888891
38.80801971326165
73.658527479092
174.79129330943846
174.7901732377539
89.31526284348864
54.21146953405018
38.48066009557945
8.328479689366786
3.1078479689366785
5.352897252090801
4.707396206690562
9.223640979689367
46.2503733572282
154.48775388291517
201.61252986857826
200.1661439665472
203.85379330943846
48.55958781362008
