1.1200899790919951
0.0
0.0
0.0
0.0
0.0
0.0
40.32254330943847
84.75392025089606
63.0973715651135
20.161469534050177
1.8667764336917563
0.0
0.0
0.0
0.0
0.0
0.0
0.0
21.654760304659497
90.7262171445639
96.32515681003584
90.35285991636798
11.574025537634409
0.0
1.1200899790919951
0.0
0.0
0.0
0.0
0.0
29.49514635603345
96.32515681003584
109.7679211469534
93.71449372759857
10.827396953405017
0.0
0.0
0.0
0.0
0.0
0.0
0.0
33.975433094384705
130.67312574671445
138.1439292114695
109.7679211469534
15.307683691756269
1.1200899790919951
0.0
0.0
0.0
0.0
0.0
0.0
24.64175627240143
151.95627986857826
158.67540322580646
51.148558841099174
15.307683691756269
0.3733557347670251
0.0
0.0
0.0
0.0
0.0
0.0
48.911626344086024
138.89071833930706
156.4384707287933
86.24406362007169
11.947565710872162
0.3733557347670251
0.0
0.0
0.0
4.480283004778973
0.0
0.0
44.802830047789726
85.12731481481482
151.20911738351253
20.908131720430106
21.654760304659497
0.0
0.0
0.0
0.0
0.0
0.0
0.0
69.44347371565114
163.53132467144565
121.71255227001194
46.67054958183991
12.320687724014338
0.0
0.3733557347670251
0.0
0.0
0.0
0.0
0.0
26.508169056152923
94.45747461170848
91.47337962962963
65.71221624850656
20.908131720430106
0.7467278972520908
0.0
0.0
0.0
0.0
0.0
1.1200899790919951
11.574025537634409
110.88847819593788
126.1951164874552
35.09561678614098
2.6135043309438473
0.0
0.0
0.0
0.0
0.7467278972520908
0.0
0.0
61.97681451612903
135.90247909199522
243.42928614097968
138.1439292114695
25.761540471923535
4.853823178016726
0.7467278972520908
0.0
0.0
0.0
0.3733557347670251
0.0
7.840404719235366
125.0745594384707
118.35510005973715
72.05794504181601
15.307683691756269
0.0
0.0
0.0
0.0
0.3733557347670251
0.0
0.3733557347670251
38.08262395459976
97.07194593787335
138.1439292114695
68.32291666666666
0.0
0.0
4.480283004778973
0.0
0.0
0.0
1.493414351851852
10.827396953405017
53.76340352449223
151.20911738351253
205.34595280764637
142.24854390681006
0.0
1.493414351851852
0.0
0.0
0.0
0.0
0.0
0.0
29.12205047789725
140.75425627240142
139.63369922341695
84.38052568697731
7.093738799283154
0.0
0.7467278972520908
0.0
0.0
6.3471139486260455
0.0
0.0
51.52232676224612
130.67312574671445
148.96766726403823
92.5939366786141
12.320687724014338
2.6135043309438473
1.1200899790919951
0.0
0.0
0.7467278972520908
0.0
0.0
31.735513739545997
130.67312574671445
141.87481332138591
126.1951164874552
29.12205047789725
0.0
0.7467278972520908
0.0
0.0
0.0
0.0
0.0
51.52232676224612
134.03513291517325
158.67540322580646
205.34595280764637
40.69593787335723
0.0
0.0
0.0
0.0
0.0
0.0
0.7467278972520908
47.417712066905615
109.7679211469534
170.25082138590204
179.21139486260455
1.1200899790919951
6.3471139486260455
0.0
0.0
0.0
0.0
0.0
0.0
23.52158751493429
94.83086917562724
190.0396505376344
106.40628733572282
8.587029569892474
