327.5926273148149
251.7642558990442
143.83444272700115
138.44072991338115
99.59644295101553
303.97354988052564
653.3294373506568
2514.345695191159
7064.617181899642
4614.002505227001
2667.4802382019107
787.255086618877
561.6634513142171
322.7295990143369
203.6600787783751
126.67229394414579
92.62181455346472
302.21715389784947
343.983929958184
2334.790979689367
5787.764680406212
4509.236204450417
2054.8521804062125
1079.0943212365594
401.8746400836319
237.4318484916368
192.1316405316607
195.0435159050179
138.1268253434886
288.116097670251
808.2362783751497
2195.119507915173
4891.053558094384
4675.083691756273
2061.533512544803
389.2534935035842
425.78760528673837
292.90751568100353
274.50049656511345
293.8195271430705
90.52007269265235
194.02169056152928
463.43181078255685
2812.249402628434
7237.952385752689
5392.974902927122
1873.3410692951015
1020.3273036140978
326.6161693548387
212.002432795699
214.79905689964158
116.65768559587816
150.20233090651135
86.29539527329747
513.7198629778972
3311.4009520609325
7679.606309737155
5359.338881421743
2359.8333183990444
1028.79212962963
348.80589045698923
216.97761424731192
155.03547931600954
118.56683157855436
141.13040546594982
87.26228330346474
576.5605686230583
2583.7675589904416
6357.357601553167
5332.8910020908
2605.4802643369185
837.1234184587812
359.837423088411
197.8083183990442
144.68706302270013
148.52195441308243
175.21811297789725
218.37934886499397
636.8262608273596
2358.89919728196
6818.227094534051
5165.86650238949
1761.0848006272402
903.852154644564
390.91405727299866
252.2733254928315
127.57317502986858
259.1540834080047
83.31859998506569
107.7821046893668
322.7595881869773
2148.4136126045396
3438.618104091995
3558.146094683392
1654.811058841099
358.2336536738351
602.5425533900838
676.1327990591395
223.44893033154116
118.63925332287938
92.61564370519716
223.58834304062123
519.4588892622463
2109.260763888889
6813.63774641577
4697.850489097969
3153.869059886499
913.749749850657
1041.924480286738
179.70252665770607
267.95343301971315
95.47700283751493
113.50367320041815
546.1136152180408
1055.057452210275
3699.8306451612902
6946.083363201911
5067.886271654719
2661.9842107228196
497.6198297491039
353.42722707586626
207.15259893966544
117.94166031959374
145.64045441308244
184.12595094086024
485.43246005077657
726.9543537186381
4167.36398596177
6657.731037186379
4762.408822431302
2111.9683803763446
733.2194769265233
491.0405529420551
274.47488649940254
109.37454749103946
103.88090292712064
144.8359084528077
252.14054136798097
609.6843966547192
3148.3936529271205
6358.76202583632
4196.452057198328
2743.750776583035
561.4951191009557
421.6275694444444
268.8238194444444
95.96068007019115
88.1037340949821
129.66691379181597
244.79874589307053
752.9064288381124
2743.3164389187564
7891.2091024492265
5410.335868428913
3747.4943399044205
1264.1410804958186
564.0292372311827
337.32155764635604
144.87113873954598
176.73389411589014
111.38698151881717
196.09006944444442
443.302387246117
2350.301594235365
5485.269746863802
3524.050399492234
1347.8991748805252
678.5527382019117
549.4495456242536
271.84878248207883
87.94392880077659
137.43081096923538
154.67557347670254
201.6525993130227
467.19771654719233
1753.6561118578256
6046.389426523297
2764.7749103942647
3240.5505114994025
594.8031130525688
466.88664389187574
296.38999514635606
235.96179584826766
102.69237007168456
140.80206373207884
162.24751381421746
976.8467107228199
1611.116384035245
5163.141479988052
5044.504659498208
1613.8408191457586
1201.7592741935484
245.51917674731177
224.90140755675029
146.30864620669058
190.9128001792115
100.91226415023895
116.47870706391873
895.0950414426518
4200.548077210274
7644.879719235366
6404.257037783751
2470.7890344982084
1494.1334266726403
328.46453442353646
157.15129965651144
121.95852113201914
132.08219429510157
102.79863948626041
191.5026153673836
1350.9485737753887
2960.84078927718
8800.00685483871
5742.47877837515
3527.4454413082435
1004.7701762246113
324.92479950716853
189.65642883811233
160.45019302568699
142.66413847819592
145.90438769414578
129.83301747311833
690.616747311828
2560.5860028375146
6953.2975059737155
4805.191502389487
3655.0069108422945
945.0363702210273
601.3533090651134
344.4869735663082
121.3159048312426
136.59616371714455
292.4008885902031
286.8714097968936
516.408213485663
3674.539654271206
7261.025765382316
5468.29206989247
2868.129233870967
822.8855451015535
