12.536103643966547
4.146132019120379
2.863575268821692
3.1056227598611184
2.068884408606638
0.3997162485110588
4.487753882915173e-12
170.6235065710872
239.32272998805257
334.1218637992832
129.77635902031062
7.606780167268525
5.815785543612612
4.146132019120379
2.863575268821692
3.1056227598611184
2.068884408606638
0.3997162485110588
4.487753882915173e-12
229.98842592592592
388.29039725209077
250.86618876941463
349.3107825567503
53.15830346475508
18.88332586618877
4.146132019120379
2.863575268821692
3.1056227598611184
2.068884408606638
0.3997162485110588
4.487753882915173e-12
4.487753882915173e-12
173.23924731182797
88.08094384707287
18.14142771804511
7.606780167268525
5.815785543612612
4.146132019120379
2.863575268821692
3.1056227598611184
2.068884408606638
0.3997162485110588
4.487753882915173e-12
160.9173387096774
562.6680107526881
435.3031660692952
120.06608422939068
21.04786439665472
6.562485065710872
4.146132019120379
2.863575268821692
3.1056227598611184
2.068884408606638
0.3997162485110588
4.487753882915173e-12
202.35775089605735
572.3603643966547
513.7085573476703
358.26911589008364
60.62473864994026
5.815785543612612
4.146132019120379
2.863575268821692
3.1056227598611184
2.068884408606638
0.3997162485110588
3.360203853046596
188.1724163679809
480.52195340501794
424.84879032258067
167.10909498207886
53.15830346475508
10.296158154121864
4.146132019120379
2.863575268821692
3.1056227598611184
2.068884408606638
0.3997162485110588
20.90804211469534
198.62641875746715
471.18391577060925
505.47715053763443
213.03203405017922
38.59528076463561
19.256869772998808
4.146132019120379
8.090591397849462
3.1056227598611184
2.068884408606638
2.6398521505376342
4.487753882915173e-12
282.25843787335725
460.73924731182785
543.1862305854241
264.5590651135006
40.089045698924735
21.496789127837516
4.146132019120379
2.863575268821692
3.1056227598611184
2.068884408606638
0.3997162485110588
0.37335722819593786
141.1290322580645
486.4964157706094
422.9812574671446
346.69504181600956
20.674320489844682
10.296158154121864
4.146132019120379
2.863575268821692
3.1056227598611184
2.068884408606638
1.1464157706093192
4.487753882915173e-12
105.6597222222222
415.1732377538829
469.6688321385901
49.129928315412194
17.687238649940262
6.935853494623656
4.146132019120379
2.863575268821692
3.1056227598611184
2.068884408606638
0.3997162485110588
19.414725209080046
123.58049581839907
361.4116636798089
435.3031660692952
156.28322879330943
41.95545848267623
32.697468637992834
4.146132019120379
9.210797491039427
3.1056227598611184
2.068884408606638
0.3997162485110588
4.487753882915173e-12
82.88418458781362
280.39090501792117
390.12768817204307
157.40292712066903
7.606780167268525
5.815785543612612
4.146132019120379
2.863575268821692
5.345758661887693
7.295900537634409
0.3997162485110588
4.487753882915173e-12
53.76168608124253
323.3266129032258
438.66338112305857
75.63881421744325
21.04786439665472
6.189142771804061
4.146132019120379
2.863575268821692
3.1056227598611184
2.068884408606638
0.3997162485110588
4.487753882915173e-12
94.08602150537635
291.96460573476696
250.86618876941463
73.39904420549581
7.606780167268525
5.815785543612612
4.146132019120379
2.863575268821692
3.1056227598611184
2.068884408606638
1.8931526284348865
2.240135902031063
111.63493130227002
459.23200418160087
463.694743130227
130.51971326164875
18.434326463560335
16.64333183990442
7.133004778972523
2.863575268821692
3.1056227598611184
2.068884408606638
0.3997162485110588
4.487753882915173e-12
118.72983870967742
342.7430555555555
418.5024641577061
116.70661589008363
16.940598864994026
12.163007765830345
4.146132019120379
2.863575268821692
3.1056227598611184
2.068884408606638
0.3997162485110588
4.487753882915173e-12
81.01627837514935
329.6733124253286
171.341472520908
111.4796146953405
7.606780167268525
5.815785543612612
4.146132019120379
2.863575268821692
3.1056227598611184
2.068884408606638
0.3997162485110588
8.214083034647553
212.0676523297491
360.66345579450416
537.9618428912785
177.191233572282
15.820863201911589
12.536103643966547
4.146132019120379
2.863575268821692
3.1056227598611184
2.068884408606638
3.0132205794504183
11.947319295101552
159.798013739546
387.1706989247312
644.7573178016727
356.7775537634409
40.089045698924735
5.815785543612612
4.146132019120379
2.863575268821692
3.1056227598611184
2.068884408606638
0.3997162485110588
33.975545101553166
171.74320489844683
374.84879032258067
385.2721774193548
181.29853643966547
75.18630525686977
