4.851403823205228
3.9960050776583036
2.8790695937873356
2.5906137993103657
4.229353345280765
0.41024118876941457
44.14202508960574
98.45430107526882
78.65890083632019
62.89239844683393
28.169429510155318
8.39146505376344
6.335648148148148
3.6791778673835127
2.3887022103020024
6.069369772998805
1.7258064516401148
5.109781959378733
32.9043458781362
154.0359916367981
222.52837514934288
88.28815710872162
35.520833333333336
11.718936678614096
5.695228494623656
3.458669354865921
5.521094683393071
6.069369772998805
2.0283042114695338
4.7084229390681
19.431376941457586
68.56332138590203
73.21161887694146
30.54584826762246
15.133288530493163
6.345579450445371
5.610849761051374
3.458669354865921
2.3887022103020024
7.179547491039426
2.7558990442054956
10.57871863799283
68.56332138590203
199.41009557945043
224.081541218638
177.315188172043
42.445116487455195
13.963933691756269
8.95123954599761
3.458669354865921
2.4364658004778974
3.1757019115890084
1.7258064516401148
11.96574074074074
45.411439665471924
140.9199522102748
186.08124253285544
109.3753733572282
49.123357228195935
6.609864097968937
4.851403823205228
3.458669354865921
4.193361708482676
4.927867383512544
1.7258064516401148
16.287724014336916
45.803464755077655
171.7928614097969
174.82078853046596
110.36850358422939
55.00784050179212
13.963933691756269
4.851403823205228
3.458669354865921
3.181563620071685
2.5906137993103657
1.7855100059737157
5.029883512544803
34.52247610513739
107.54554958183991
134.21445639187576
76.48633512544802
31.69952210274791
10.508512544802867
5.524865591397849
3.458669354865921
2.3887022103020024
4.202620967741935
1.8555630227001194
6.323566308243728
47.88306451612903
176.77718040621266
191.11036439665472
146.80816905615293
42.445116487455195
6.345579450445371
4.851403823205228
3.458669354865921
2.3887022103020024
3.990068697729988
1.8555630227001194
15.598506571087217
51.65023894862605
119.9260752688172
261.6636798088411
113.28442353643966
35.520833333333336
9.978046594982079
4.851403823205228
3.9681526284348867
3.089232377538829
2.91341472520908
6.100806451612902
7.34731182795699
69.18682795698925
101.23581242532856
69.77673237753883
76.48633512544802
34.14239844683393
6.345579450445371
6.197916666666667
3.458669354865921
2.6959714755077657
3.011312724014337
2.275089605734767
5.094847670250896
23.74925328554361
111.08870967741936
141.81600955794505
61.39523596176822
33.411364994026286
6.388168309438471
4.851403823205228
3.9681526284348867
2.3887022103020024
3.3770908004778972
1.7258064516401148
10.585065710872161
39.87455197132616
108.68428912783752
148.1070788530466
87.91479988052569
32.72214755077658
9.556936977299879
5.64426523297491
3.7213672341696533
2.3887022103020024
2.5906137993103657
1.7258064516401148
2.679413082437276
29.657631421744323
88.32138590203107
97.00940860215053
81.43331839904421
23.039874551971327
9.442204301075268
4.851403823205228
5.818884408602151
7.3140307646356035
2.6208635752688174
1.7258064516401148
6.7854091995221015
42.93981481481482
137.9965651135006
181.01478494623655
75.35132915173237
27.758736559139784
11.678987455197133
5.1539015830346475
3.856705495818399
2.3887022103020024
3.990068697729988
2.7240516726403823
12.958870967741936
47.64411589008363
157.69862604540023
158.61335125448028
92.56683094384707
30.843413978494624
10.01265681003584
6.109169653524492
3.458669354865921
2.423727598566308
2.5906137993103657
1.7258064516401148
5.911006571087216
42.85394265232975
148.58124253285544
174.82078853046596
108.40091099163679
38.88254181600956
9.446273894862605
7.00082138590203
3.458669354865921
2.3887022103020024
2.5906137993103657
1.7258064516401148
10.4528972520908
32.9043458781362
71.65098566308244
157.1609916367981
84.68152628434886
34.14239844683393
12.148670848267622
6.109169653524492
6.55417413381123
3.6385155316606927
2.5906137993103657
2.263142174432497
6.383303464755078
47.54704301075269
127.47535842293907
124.46236559139786
47.16285842293907
23.06190262843489
6.345579450445371
4.851403823205228
3.458669354865921
2.3887022103020024
3.100097072879331
1.7258064516401148
8.284438470728793
84.36379928315412
148.21908602150538
161.67861409796893
102.09117383512547
25.38493130227001
10.01265681003584
5.104540023894862
4.084378733572282
2.3887022103020024
4.6809662485065715
2.689030764635603
12.820355436081243
52.70683990442055
179.86857825567503
199.41009557945043
108.40091099163679
34.29136798088411
13.911663679808838
