0.0
3.3602337216248506
0.0
0.0
0.0
0.0
0.0
40.32254330943847
107.52684438470726
132.1674507168459
5.600451762246117
18.667764336917564
7.093738799283154
0.0
0.0
0.0
0.0
0.0
0.0
44.802830047789726
167.63597670250897
126.56851105137396
32.1086096176822
14.93414351851852
0.0
0.7467278972520908
0.0
0.0
1.493414351851852
0.0
4.853823178016726
29.86869026284349
107.52684438470726
104.91196236559139
85.12731481481482
18.667764336917564
0.0
0.0
0.0
0.0
0.0
0.0
0.0
12.694190561529268
111.262208781362
94.08788829151733
34.72207287933094
7.467278972520908
0.0
0.0
0.0
0.0
0.0
0.0
0.0
49.28539426523297
126.1951164874552
142.99570639187573
106.03251941457587
6.3471139486260455
4.106933243727599
0.0
0.0
0.0
0.0
0.7467278972520908
0.0
38.08262395459976
91.84677419354838
86.24406362007169
61.97681451612903
2.240142249103943
0.0
0.0
0.0
0.0
0.0
0.0
0.0
33.975433094384705
96.32515681003584
111.262208781362
53.01627837514934
10.827396953405017
0.0
0.0
0.0
0.0
0.0
0.0
0.7467278972520908
72.80510752688173
94.08788829151733
126.56851105137396
94.83086917562724
0.0
0.7467278972520908
0.0
0.0
0.0
0.3733557347670251
0.0
0.0
29.12205047789725
125.44795400238948
100.06018518518518
85.12731481481482
0.0
0.0
0.0
0.7467278972520908
0.0
0.0
0.0
0.0
35.46875000000001
153.82362604540023
128.06283602150538
76.90972222222223
8.587029569892474
0.0
0.0
0.0
0.0
0.0
0.0
2.9868690262843485
44.802830047789726
107.15344982078852
157.554846176822
85.12731481481482
0.0
1.493414351851852
0.0
0.0
0.0
0.0
0.0
0.0
17.174473566308244
91.09961170848267
243.42928614097968
72.05794504181601
10.080734767025088
0.7467278972520908
0.0
0.0
0.0
0.0
0.3733557347670251
0.0
59.73573775388293
138.51732377538832
92.96733124253285
51.895721326164875
1.1200899790919951
5.600451762246117
0.0
0.0
0.0
0.0
0.0
0.0
37.70911738351254
90.35285991636798
91.47337962962963
51.148558841099174
0.3733557347670251
0.0
0.0
0.0
0.0
0.0
0.0
0.0
67.206541218638
160.16969086021504
94.83086917562724
68.69631123058544
10.827396953405017
1.8667764336917563
1.8667764336917563
0.0
0.0
0.0
0.0
0.0
52.64288381123058
152.70306899641574
151.20911738351253
121.71255227001194
7.467278972520908
1.493414351851852
0.0
0.0
0.0
0.0
0.0
1.1200899790919951
47.417712066905615
121.71255227001194
100.06018518518518
10.080734767025088
0.0
0.7467278972520908
0.0
1.493414351851852
0.0
0.0
3.733557347670251
0.0
41.06933243727599
148.22087813620075
156.06507616487454
89.97909199522103
0.7467278972520908
0.0
0.0
0.0
0.0
0.0
0.0
0.7467278972520908
19.41442652329749
92.96733124253285
152.70306899641574
99.68679062126643
8.2139075567503
6.7206541218638005
0.0
0.0
0.0
0.0
0.0
0.0
53.76340352449223
148.96766726403823
210.5752688172043
109.0207586618877
12.694190561529268
