7.043682795698925
4.772140083632019
2.4046232825567504
2.7896206690561525
1.7258064516401148
12.250238948626045
54.88724611708483
152.49402628434888
190.54659498207886
102.82295400238948
29.876045400238954
14.876045400238946
10.897550776583035
4.245146356033453
2.3887022103020024
2.5906137993103657
1.7258064516401148
5.029883512544803
63.67607526881721
148.58124253285544
176.32541816009558
113.28442353643966
40.013440860215056
6.345579450445371
5.849649044205496
3.458669354865921
2.4173599910394263
2.803953853046595
2.0283042114695338
7.9517771804062125
87.77628434886499
190.54659498207886
124.54450418160096
93.15673536439665
31.369474313022707
8.537858422939069
7.313209378733571
4.218115292712067
2.3887022103020024
3.0125074671445637
1.7258064516401148
16.18915770609319
41.39411589008363
119.60125448028674
128.61783154121864
68.32101254480287
33.13284050179212
6.971288829151731
4.851403823205228
3.458669354865921
2.3887022103020024
10.033490143369175
1.7258064516401148
1.0339531063321385
60.67054958183991
109.72968936678615
118.80973715651135
101.43033154121864
38.88254181600956
10.508512544802867
4.851403823205228
3.487327135603345
2.3887022103020024
2.5906137993103657
1.7258064516401148
14.84544504181601
75.50776583034647
133.24746117084825
172.50597371565112
80.08176523297492
26.21415770609319
7.370893070489843
4.851403823205228
3.512402927120669
2.3887022103020024
7.033564814814815
1.7258064516401148
9.355600358422938
65.15830346475508
140.7706093189964
215.41218637992833
88.96393369175627
33.13284050179212
9.638440860215052
7.188657407407407
5.490143369175627
2.4046232825567504
2.5906137993103657
1.7258064516401148
7.899507168458781
43.43264635603345
141.7749402628435
224.081541218638
92.12626941457587
54.24992532855436
12.148670848267622
8.062761350059738
3.5323028673835126
2.6593600657108722
2.5906137993103657
2.2193473715651133
1.252852449223417
64.63560334528077
136.91756272401435
163.65740740740742
93.07833034647551
31.69952210274791
7.67099761051374
6.388590203106332
3.458669354865921
3.175179211469534
2.5906137993103657
3.039277180406213
15.073192951015532
25.46408303464755
119.3847072879331
119.60125448028674
89.52023596176822
30.843413978494624
7.9695340501792105
5.701575567502987
3.458669354865921
2.4046232825567504
4.6547565710872165
2.0203442353643966
4.496356033452807
62.76881720430107
129.15919952210274
173.4281660692951
98.17465651135007
40.217293906810035
14.0165770609319
6.370258363201912
3.5323028673835126
2.4746751792114696
2.5906137993103657
1.7258064516401148
0.424171146953405
3.3418832138590204
83.52747909199522
104.16293309438471
76.33699223416964
30.39837216248507
15.367756869772998
4.851403823205228
6.323327359617682
2.6020422640382317
2.5906137993103657
2.679472819593787
10.57871863799283
60.77882317801673
89.22117682198328
148.21908602150538
62.89239844683393
27.551896654719236
6.345579450445371
5.729838709677419
3.9538157108721625
2.3887022103020024
3.5140382317801664
2.358646953405018
7.899507168458781
41.5621266427718
143.2534348864994
133.24746117084825
89.52023596176822
38.256421744324975
6.345579450445371
4.851403823205228
3.6791778673835127
2.794690860215054
5.455271804062127
1.7258064516401148
5.370758661887694
49.245818399044204
168.81720430107526
261.6636798088411
129.23051075268816
31.69952210274791
13.911663679808838
11.702508960573477
3.458669354865921
3.181563620071685
4.416778673835125
2.46135752688172
2.5981705495818397
2.7211768219832733e-11
45.411439665471924
181.01478494623655
94.89284647550777
39.84206989247313
14.055779569892474
6.76187275985663
3.6720094086021504
2.3887022103020024
2.6383773894862603
1.7683953106332138
6.701777180406212
39.21370967741935
86.51060334528077
116.819743130227
65.16241039426524
29.140531660692957
7.3597296893667865
4.851403823205228
3.7213672341696533
2.4484057646356034
2.5906137993103657
1.7258064516401148
9.064381720430108
59.05017921146953
113.66114097968936
154.11439665471923
92.09266726403823
35.03061529271206
6.930667562724015
4.851403823205228
3.458669354865921
2.670508512544803
2.5906137993103657
1.7258064516401148
3.6753061529271207
2.7211768219832733e-11
66.50985663082437
56.9481780167264
84.68152628434886
34.6777927120669
8.845243428912784
4.851403823205228
5.07067652329749
2.3887022103020024
2.688526732377539
1.810188918757467
4.9171296296296285
54.64083034647551
187.50373357228196
199.41009557945043
78.81608422939068
32.68966547192354
11.107004181600956
