1321.0713297191676
786.843946970874
493.5155892980006
594.7019131964374
669.7430683541401
1095.3037664205908
1327.0667002649056
1701.7947956274352
2571.08599577614
2806.2396266700225
2235.9909499978403
1655.9216530457454
1520.6984746528585
1020.5513482370536
547.6780215290024
566.2621876461488
635.9640071555119
762.418059490938
1346.8009672152455
1774.9211984844283
2202.8216897059992
2773.624594681321
2636.7310975521573
1820.3797814471623
1163.1343437874916
671.7995851778999
583.0997462367627
660.2156557867659
762.1179097971285
838.6616497354164
1528.0312992088936
1316.4533741715602
2614.073234760574
2466.4398105892833
2043.8146681292474
1539.320370654361
1206.275950316767
1092.0181971771565
649.4092114422626
432.22509099031487
579.5642144536446
832.1760316921913
1179.4104152617688
1540.6280730767353
2549.8955327891185
2735.8273441069223
2184.1683524715218
1607.8950247819046
1348.1603257299123
723.1802318942964
547.2247511071891
958.3004926981134
668.5114451360868
744.205225653395
1369.395688897052
1817.21335922465
2884.128785290778
2846.6177044597925
2219.6355180573905
1709.6410062213897
1370.9075379195397
933.5757248236996
820.8831871015551
828.6866049266282
880.7492127186168
1145.4882841315157
1467.7321040937509
2274.799511265774
3012.3969658353035
3274.2773083996444
3045.3855947566526
2547.8589796462943
1941.9621337197473
1417.3578767305678
1560.3677190268306
1143.6818356064034
1322.9648179631324
1523.3723856878025
1902.9126865878125
2564.1517812849947
3726.912930764315
4452.652879209211
4776.609638790373
3692.537869962041
2864.292455545872
2554.5553743040073
1504.1212338763037
1642.2301788298812
1317.3142959980225
1730.2436232761117
1937.3764071654468
2776.7528788133236
3888.7598552995537
4791.961552086112
4068.674454027352
2532.9066467758585
2209.2114895432915
1394.8304171992884
1242.7501144976757
1099.6295827350327
1166.3156382127859
1435.5260911941416
1940.6079121606074
2658.650065795206
3254.25011886313
3970.1133047825515
3201.967312134185
2674.6974477221274
1795.8505773837385
1120.14990965319
927.0649575881077
788.3584520928405
1038.720975095919
1042.1947485392318
1631.771461308837
1503.0019341959369
2365.052727572533
2735.1225832736623
2048.1971019252555
1967.8367483790798
1491.1826837641497
962.4559695995395
596.7910432542068
587.7513287586517
731.3667302459854
902.9239573914377
1574.7448021240225
2185.3048281665947
2491.4837146209975
3122.8288058471408
2847.3462776853858
2202.7001037170303
1461.9108819436142
1063.9699450996548
999.4390897763999
741.9139176247447
747.3181747672733
976.1590271904015
1429.172578318833
2478.5537606767602
3471.0796611655064
3942.6962802615744
3606.419775819739
2598.55814551658
1749.279759678066
2179.445259174885
1616.5492722589042
988.6160340895455
1015.3142165033596
1431.4411630060135
1564.4386935650186
2248.185939160905
2732.9556892753158
3313.510514259877
3191.992318588223
2880.291187907198
2287.507848897911
2129.9392473183607
1483.324761138969
1110.3850223265931
1342.4087528868909
1877.4583057553812
2221.6791397033435
2044.139845220109
3497.21009465282
4603.0595917792425
4403.586400324382
3009.0263986127734
2632.314141404543
2282.4439966464465
1502.0834021204107
1769.333740081965
1544.4491922815466
1875.8207523215042
2516.918742210673
3243.9399639584403
3653.069350458658
4200.6752041644095
3715.250841144493
3272.2126008681826
3146.084512718299
2377.895761809364
2010.1694618145514
2374.8739101046335
1654.488165806837
1918.3056600762677
1998.7202077806928
2988.4203461975862
3981.4815878262566
4084.0647133253556
4262.8766091621255
3115.741259620912
2919.9049880682423
1947.8984489989557
1537.5833355938535
1656.4581525017682
1743.5208221561286
1598.0985031239697
1929.5173452845731
2444.680331675899
3292.3593035134877
4048.1939541271104
3165.6859551147827
2532.390776420258
2386.1924060793085
2160.661179254324
1360.4311777836272
1426.415285085853
1427.1692244116762
1653.8930911150635
1943.689031198629
2740.3840073058327
3227.7105233352495
3237.230707313594
3284.9310750533987
2405.7850129462745
1345.939116954778
1247.3676767342724
784.8058341200654
1019.9671309608078
1080.6060346764923
1646.444981685871
1699.3384990985858
2743.147034748844
3512.1764806657516
3854.36888478125
3145.8804074266277
2761.5854204184625
1403.2857011158576
998.8242934858037
662.7990727409368
767.956958795078
824.1536808553869
1179.1644400113453
1696.6398222466273
2083.0878671702235
2661.9752275729743
3329.5301789942014
2984.4826145894986
2057.620893014407
