5.815785543612612
4.146132019120379
2.863575268821692
3.1056227598611184
3.1889523596176823
0.3997162485110588
4.487753882915173e-12
165.3968787335723
424.8790322580645
435.6791367980884
212.2886798088411
7.606780167268525
5.815785543612612
4.146132019120379
2.863575268821692
3.1056227598611184
2.068884408606638
0.3997162485110588
4.487753882915173e-12
154.57063918757467
347.22222222222223
436.4224910394265
129.77635902031062
64.73192951015531
5.815785543612612
8.626504629629629
2.863575268821692
3.1056227598611184
2.068884408606638
0.3997162485110588
4.487753882915173e-12
109.01919056152927
339.3839605734767
364.3645459976105
133.88366188769413
22.91427718040621
20.75014934289128
4.146132019120379
4.3570116487455195
3.1056227598611184
2.068884408606638
0.3997162485110588
4.487753882915173e-12
142.6205943847073
404.3473715651135
580.1851851851851
157.40292712066903
49.42286439665472
5.815785543612612
4.146132019120379
2.863575268821692
3.1056227598611184
2.068884408606638
0.3997162485110588
4.487753882915173e-12
134.4108422939068
320.3393817204301
327.4036738351254
347.8147401433692
54.278113799283155
11.042801672640383
4.146132019120379
2.863575268821692
3.1056227598611184
2.068884408606638
0.3997162485110588
4.487753882915173e-12
38.08236260454002
308.3934438470729
193.3691756272401
18.14142771804511
24.034460872162484
5.815785543612612
4.146132019120379
9.583893369175627
3.1056227598611184
8.789202508960573
0.3997162485110588
14.934363799283155
210.57160991636798
423.7597072879331
472.28270609319
155.53539426523298
24.034460872162484
5.815785543612612
4.146132019120379
2.863575268821692
3.1056227598611184
2.068884408606638
0.3997162485110588
23.14799880525687
170.6235065710872
426.37432795698925
483.47744922341695
152.1759259259259
20.674320489844682
5.815785543612612
4.146132019120379
2.863575268821692
3.1056227598611184
2.068884408606638
0.3997162485110588
4.487753882915173e-12
85.87141577060933
187.80055256869773
307.9872311827957
18.14142771804511
30.754778972520914
5.815785543612612
6.3862679211469535
2.863575268821692
3.1056227598611184
10.282967443249701
0.3997162485110588
4.487753882915173e-12
154.57063918757467
388.29039725209077
490.2053464755078
167.10909498207886
35.235140382317795
5.815785543612612
4.146132019120379
2.863575268821692
3.1056227598611184
2.068884408606638
0.3997162485110588
9.707362604540023
113.12649342891278
404.3473715651135
238.17278972520907
99.15770609318996
9.8469160692951
5.815785543612612
4.146132019120379
2.863575268821692
3.1056227598611184
2.068884408606638
0.3997162485110588
4.487753882915173e-12
73.92622461170848
347.22222222222223
281.4799880525687
98.03800776583036
33.74182347670251
5.815785543612612
4.146132019120379
5.850448028673835
3.1056227598611184
6.175825119474312
0.3997162485110588
4.487753882915173e-12
124.70019414575866
265.0817652329749
381.913082437276
257.4641577060932
7.606780167268525
5.815785543612612
4.146132019120379
2.863575268821692
3.1056227598611184
2.068884408606638
0.3997162485110588
4.487753882915173e-12
76.53748506571087
309.1416517323775
233.68914277180406
95.0548835125448
36.728419952210274
5.815785543612612
4.146132019120379
2.863575268821692
3.1056227598611184
2.068884408606638
0.3997162485110588
4.487753882915173e-12
157.93010752688173
407.33049581839913
322.9245071684587
127.16061827956989
28.51482228195938
16.64333183990442
4.146132019120379
2.863575268821692
3.1056227598611184
2.068884408606638
0.3997162485110588
4.487753882915173e-12
88.11118578255675
424.1356780167264
364.3645459976105
117.45445041816009
47.556003584229394
5.815785543612612
4.146132019120379
2.863575268821692
3.1056227598611184
2.068884408606638
0.3997162485110588
9.333818697729987
171.74320489844683
337.1397102747909
372.95512246117084
120.06608422939068
7.606780167268525
5.815785543612612
4.146132019120379
2.863575268821692
3.1056227598611184
4.682388739545997
0.3997162485110588
4.487753882915173e-12
79.15322580645163
212.0676523297491
355.77844982078847
198.47110215053766
26.647961469534046
11.789426523297493
4.146132019120379
2.863575268821692
3.1056227598611184
12.149342891278375
0.3997162485110588
4.487753882915173e-12
229.98842592592592
407.33049581839913
580.1851851851851
150.68436379928315
49.42286439665472
22.243466248506568
4.146132019120379
6.970515979689365
3.1056227598611184
3.9356929510155325
0.3997162485110588
4.487753882915173e-12
166.5162037037037
493.9336917562724
396.8458781362007
189.88463261648747
23.287783751493425
