0
0
0
0
16.859614765487677
31.901561554492147
231.10967574586454
1459.712143601287
1409.2417977314392
383.00455929348294
317.8593645691519
9.255419242355828
0
0
0
0
0
76.19396927901094
402.54693347822507
1286.9183936417714
1492.5584362547656
925.8636872177041
32.31029439339049
0
0
0
0
0
0
0
333.2540624106331
1325.6264075719548
988.5957683609842
548.4639433395968
58.007117814113705
0
0
0
0
0
0
13.500174514824437
691.0668064425973
1490.2790268225576
2185.1579689731266
1131.1370976544174
199.24367743443426
7.24574696992498
0
0
0
0
0
48.24550058576608
558.3040251879366
2184.0933513852933
2274.6325366560536
1200.5145663100147
295.04928351000456
16.93408111481928
0
0
0
0
0
40.499796051483784
594.1099130393656
1348.4017641119237
1377.6898901968207
402.0789346971468
104.40888253145923
3.9118868410583403
0
0
0
0
0
24.192910998797807
576.5100772499738
1638.060383324867
1773.05151356826
923.4050713361316
185.66691755962722
0
0
0
0
0
0
14.507450222357981
386.16116439831853
1247.9843075385565
1170.8091014859813
454.9957011380037
36.73315988334065
0
0
0
0
0
0
68.92719749442763
612.5851792036085
1370.1040071301882
2203.4852670879827
925.9314201189475
15.200988403588113
0
0
0
0
0
0
7.085084335594551
507.6394664197
1716.7176986825887
1870.796833242168
936.4965165619478
98.22877385266345
0
0
0
0
0
0
29.318334708088962
219.42225126780716
1177.6179875427397
611.9382851399861
436.7773877534018
110.04238009435232
0
0
0
0
22.304380235365425
0
18.576693636420416
452.62135489531386
1534.1749022517786
1901.160847139082
877.7131669899516
72.70771470340782
0
0
0
0
0
0
59.90454322002098
263.49582500397275
1438.8714379312225
1611.4287698763676
844.3327305089618
35.60731926629322
0
0
0
0
0
0
0
480.74809813487667
1270.421163583515
1612.8194943181006
442.57257358987005
58.62928793357844
0
0
0
0
0
0
25.7420450247717
336.5021954022336
327.2669524465832
357.09653085918205
322.3984500915359
27.65662652976495
0
0
0
0
0
7.643603741803798
60.579960895398585
264.27012013465117
1357.3812356412734
1438.5581000665686
786.3377049356607
147.9766012049242
0
0
0
0
0
1.5180454850986536
18.198889862410468
173.99931136649582
788.9223639383283
1171.282129451413
1123.4391006114345
311.9697316459881
8.035316910654728
0
0
0
0
0
39.24569024030383
57.94088585547448
1183.4368924596276
1362.4528661264624
564.2593760525762
201.16736253936176
0
0
0
0
0
0
0
197.37447358453142
1468.121751873934
1334.5618174155388
103.0253580778093
253.06143783674392
0
0
0
0
0
0
20.559712735928485
531.8204337850154
484.62502472503274
1431.8380821389987
286.4059891939652
75.45127471773215
0
