24.744026284348866
9.158490143369175
8.355622759856631
4.722849462365591
4.98587962962963
6.99081541218638
39.711096176821975
139.0822879330944
196.77456690561527
221.8761200716846
179.3735065710872
57.43988948626044
10.757579151732378
11.951015531660692
6.425776583034647
5.232261798088412
2.917783004778973
5.225731780167263
36.07896505376344
66.45049283154121
191.5266577060932
222.5821385902031
94.22528375149344
31.917674731182796
26.47263291517324
10.630861708482676
4.0893779868578255
5.846146953405018
10.84931302270012
4.7709826762246115
18.919504181600956
58.93929211469534
150.11350059737154
111.35416666666667
56.94593787335723
14.57246863799283
13.138142174432497
5.104465352449224
3.5021804062126645
1.896501642771804
3.4910020908004777
6.515344982078853
28.660618279569892
80.89941756272401
231.97804659498203
233.05891577060933
137.8576762246117
60.11126045400239
31.090539127837516
15.233198924731182
3.2681638291517316
4.372722520908004
3.3714456391875745
13.130973715651132
19.21049880525687
97.3801523297491
189.18757467144565
238.0174731182796
196.9134557945042
66.16263440860214
32.4270086618877
11.246714456391876
8.315113500597372
3.2108833632019116
2.706686827956989
8.3123133213859
36.073962066905615
100.28225806451613
206.31645758661892
229.14837216248506
121.13388590203107
48.81720430107527
27.88881421744325
7.837589605734767
5.615214307048984
2.670818399044205
3.8394713261648747
6.375560035842294
59.621789127837516
92.66577060931901
241.34744623655914
250.2863649940263
171.77718040621264
68.44347371565114
33.72110215053763
11.03957586618877
5.169242831541219
3.2952620967741937
6.450604838709677
6.650612305854243
37.249477299880525
117.75388291517324
200.92256571087216
240.79338410991636
122.21475507765831
48.75634707287933
18.7227449223417
14.614359318996419
4.911917562724014
4.3420736260454005
3.007194593787336
5.031959378733572
27.473977001194747
89.2913679808841
145.44802867383515
194.52994324970132
80.95392771804062
20.217331242532854
30.251194743130227
7.419466845878137
7.7816980286738335
3.32747535842294
5.255600358422939
15.501829450418162
22.243839605734767
60.959901433691755
220.14411589008364
110.03733572281959
94.74014336917563
36.39859617682199
13.539239844683394
7.590688470728793
4.989097968936679
6.812089307048985
2.750944593787336
3.114340651135006
24.381272401433694
55.90389784946235
104.72707586618877
201.1939964157706
168.29039725209077
33.206055854241335
25.950791517323776
4.698756720430108
5.435558542413381
2.4516875746714453
1.6852374551971325
10.918496117084826
33.32370071684588
130.62126642771804
220.96587514934285
213.22020609318997
151.617756869773
41.15677270011947
8.903487156511348
12.636424731182796
6.873282556750299
5.103909050179211
4.32353270609319
6.7347296893667865
32.15042562724014
44.484318996415766
199.72110215053763
199.54525089605735
20.51179808841099
40.69567652329749
13.831653225806452
17.498394563918758
19.48073476702509
3.707586618876941
3.8298163082437275
14.515456989247312
62.202060931899645
100.68249701314215
192.5448028673835
169.392174432497
77.91143966547192
46.5905017921147
15.894078554360812
7.723752986857826
4.6600955794504175
3.446023745519714
1.88567054958184
30.57075119474313
24.568548387096776
88.26538231780167
193.16308243727602
160.82325268817203
76.26082735961768
31.878360215053764
22.73465501792115
8.772513440860216
8.38959826762246
2.827367084826762
6.784199522102748
12.716472520908003
29.683393070489846
74.79054659498208
208.69287634408607
182.46826463560333
177.18824671445637
37.81081989247313
27.905391278375156
5.121266427718041
6.049992532855436
4.571624850657108
2.996038679808841
5.692278972520908
38.55238201911588
92.48842592592592
238.29487753882916
271.8272102747909
188.18436379928312
75.24081541218638
33.746415770609325
8.526471027479094
7.432048984468341
3.5173984468339308
1.5928128733572282
9.145795997610515
42.82213261648746
107.87485065710872
187.44586320191158
248.9702807646356
153.16830943847074
46.104390681003586
16.127240143369175
7.01743578255675
3.911364994026284
3.5592368578255673
3.8943287037037035
6.68201164874552
32.14986559139784
106.84886499402629
235.37111708482675
206.46430704898447
129.78494623655914
31.864732676224612
22.786514336917563
9.634296594982077
5.787970430107527
3.5104390681003586
2.0110887096774195
16.762470131421743
32.46049880525687
102.80839307048983
221.91494922341695
229.6090949820788
135.24193548387098
34.87369324970131
