1370.2496451313539
989.2665276160352
590.6074109079167
750.0242959622676
532.9522477149524
888.2043133889296
1394.0285916926239
1933.3731969117846
2665.9470322158054
3257.109100983045
2569.1004556728703
1752.4373713850523
1100.7912912597876
854.7770016122034
732.009341346804
631.8223840320505
627.3777784368739
801.4946331916549
1151.2245521913512
1902.1453322956588
2349.4331816414833
3101.340805852168
2531.790984051562
1761.423158089934
883.7374501196306
715.1024824299909
639.7269266429753
805.8516698249972
945.7203926226961
945.9823710615811
1053.534737828966
1674.7897130305803
2202.9411073710867
2440.10348293098
1813.5266155605495
1598.4568364548375
1033.4183338293112
647.0914797339071
502.1383221053452
507.91154297657494
561.4619448150544
738.9526498224179
1420.26392817993
1943.4009337398172
2340.95765943189
2645.965112924129
2415.8098175252844
1722.9077562633856
1369.9802742066151
794.207860329183
690.3535518837721
620.8994323635857
698.8736240488703
1101.642454969405
1521.4945949603734
2363.633068752728
3636.762111156966
4174.133870827772
3609.0960168626516
2338.6390386287967
1418.4830456853701
957.4241388021942
1080.8379145881138
877.1092826446688
700.8985582233962
1051.5178316972267
1262.27470788706
1949.5556343243163
2742.734816791098
3966.3109478859037
2775.206943322959
1993.1561719999393
1508.3909979670584
1235.712229329134
1276.221971565659
1154.3081744654237
945.1104123478402
1367.005076846704
1947.992842651134
2341.470479014985
2961.2444682493824
4551.226281240277
3609.756144166718
2652.2113466645496
1870.9021740345245
1533.6875614306507
1520.2982686731968
1116.3522330413512
907.866540920365
1289.2020286673892
1665.8408934259012
2480.2863726902656
3180.206200132291
3891.6654424684307
3743.680726428787
2484.9113137412105
1513.2172989817618
1492.5103716497065
968.3498232790384
762.6021447123334
699.6167388698949
903.6894797843449
1375.206164848779
1817.258331924239
2512.0974008225107
3264.387162309433
2969.7876265009704
2111.086799573979
1599.5878085665352
851.2125813975155
628.6583715666025
622.8295934458871
516.5491150302079
1027.3304508241774
995.6530547974879
1950.1944819856628
2132.148915595233
2936.9784151135677
2609.6704255513014
2103.4771306968805
1361.6090203830267
1094.8795284406383
835.4164502135859
800.4529573428808
775.6207419694027
908.6818423227402
1346.5265934920035
1875.5308362311105
2010.2196651885
3428.646794198395
3592.77168091119
1839.5376933227653
1667.3371438910451
1158.5304140363326
1322.86353347413
1217.1433157728923
1087.0847159560426
1280.9299150338902
1893.1913469866945
2570.253861483213
3398.5064906159255
3692.1236249449694
3629.165631554504
2385.693226161741
2153.9469229098468
2419.683080262101
1278.4701429279612
1477.181753175567
1295.939703734542
1221.9868309420951
1335.4774069760101
2115.9459600689092
2784.973244532187
2781.50140434351
2482.760120260864
1794.3725797829454
1751.1366048716275
877.899324229948
1095.7733087793522
994.0349431748607
807.272057471718
1181.5552042768863
1933.3419719912768
1979.6236788521285
2834.0101170542525
3161.3434552798412
2709.727081327969
2091.7673260321285
1407.265616165595
1248.328405248597
861.0055944740551
932.9952208167329
817.5797601205542
1784.4309182787918
1618.3885674794897
2541.3375819393245
3216.2535387800444
3557.6163630652463
3371.440760499332
2202.7522551393918
1619.9187869118457
1552.148435047118
1096.6417325732132
1114.7376041383843
1358.7550322196207
1433.2644399448461
2061.69670867675
2626.1695210781113
3415.1858889015234
4117.301720493816
3709.9335834751496
2746.624249465595
2022.6302718197362
1337.2263798531974
920.7052143274253
1512.744159072854
1244.8291106865934
1584.9160632344838
1802.3981397887558
2757.8811829303777
4237.479823226747
5077.772023123526
4439.475157623744
2684.6327492398523
2089.733505242988
1194.3295148278005
837.749528291393
809.3003582638689
873.6543013232646
1124.4425878295203
1562.7270650994644
2286.9831709856403
2939.817072021031
3545.2940660352183
3185.570150620901
2198.7219939797274
1702.9960613992223
1020.2641410413213
825.8415644068035
611.0409586191114
690.094898550447
1055.4002101804947
1281.7241248453013
2193.8787253103724
2785.3232324578676
3831.251501268708
2916.0099250490903
1714.9703143850086
1305.665390482643
1077.6322721297702
882.8535418269586
894.195974625424
750.3505162795205
1154.7967391451562
1705.3629106576193
2266.561399876316
3102.6817799923288
3893.657643151906
3765.9786532693097
2353.1317763776074
