0
0
0
0
0
45.25837905747903
436.7926954591261
1240.3289297422668
1210.0217409811405
673.2491082779512
150.53342370893694
0
0
0
0
0
0
8.54331963743386
582.1758163933985
726.4449766764191
1489.6503568043472
911.4315635617897
9.472816794824155
0
0
0
0
0
0
94.87663450688504
458.83537961493414
1688.2040658754195
3248.6633460192866
1566.3350604244235
155.23669517373136
15.65366456863589
0
0
0
0
0
24.39466376213626
559.4367287842938
1405.7509503589972
1807.7423477066982
1088.9357834369744
82.67139547505548
0
0
0
0
0
0
69.78522579484611
285.13896395735117
1216.6377808954485
1759.9734118053957
763.7276786158689
279.5116117656796
0
0
0
0
0
0
0
424.30741901308124
1542.5837384249464
1181.793086134694
920.7285016027621
224.08999812285705
0
0
0
0
0
0
67.43914009079302
285.2783344184325
505.66753684935924
1311.477439494186
476.87580012944113
261.0321729359713
0
0
0
0
0
0
0
147.7108209096685
1369.284710764363
896.0566373282752
352.0730607556857
97.98827487736692
0
0
0
24.9367695371809
0
0
0
490.07696534458825
1170.5094730800088
1444.4627163113996
789.7587050651842
211.70599139044594
0
0
0
4.473930853850426
8.97564222697049
0
59.14739765698044
324.99833738744184
1179.0608886467462
1536.8455936961702
521.8190972071092
12.786868237370754
0
0
0
0
0
0
47.773531840705466
576.7051067038884
1406.7376111986537
1915.9929446381936
972.413588470248
123.42809544680159
0
0
0
0
11.041958640383346
0
22.636580135823053
469.86971212350966
1682.8741256687442
1354.78091882367
712.9259806100231
95.56572694952493
0
0
0
0
0
0
0
310.02703766825
974.7730956373161
1636.3313236398085
371.07033504898584
122.22175325673524
0
0
0
0
0
0
0
152.77147029736176
643.8567967973742
1336.6964357756874
552.8608053700373
55.80151762294521
0
0
0
0
0
0
15.895532181283059
0
655.542042052318
791.8710230933516
123.58856359213326
86.58852617134201
0
0
0
0
0
0
56.47971447962796
285.8551335755112
1159.9928694525042
1405.8396860880741
489.57620553303207
0
0
0
0
0
0
6.230082522135689
63.10835073457294
612.5114454764123
1563.789448765091
2191.3026640989633
924.9922666807297
128.25038427442288
0
0
0
0
0
0
0
427.73636076586865
615.241701300727
1327.5704736533442
661.566723722827
178.07966092645847
0
0
0
0
17.312222371827826
0
0
438.13657035872495
1110.5123582060723
1390.9118771526955
267.3492081375464
85.15485181523863
0
0
0
0
0
0
30.307099235331123
294.8069182533546
1047.0813419293338
1111.600253584638
314.494400185602
118.06066838559353
0
