1201.0770495519037
873.4299460748166
667.3510530076778
705.5004944389703
805.1536675924912
972.9608967969345
1435.5256123019426
1983.8622799464317
3172.386917968494
3765.9403808516236
3421.703390260683
2330.670839126989
1487.3352615405527
1173.4026736552144
780.4612988587518
697.6806464275106
830.6116494046157
1032.0612770835305
1485.654353565306
2230.8668526062925
2989.2696661098216
3826.5718766407
3455.665685365778
2451.626197217771
2147.729885902187
1345.4203998433718
749.0835798687818
853.8188890603622
908.5228493132576
1250.8005345173754
1612.9135087369705
2290.0264252468296
3230.537586612426
3724.3433350815167
3607.090317770823
2120.505033139427
1638.6397458663484
1490.3905874101322
918.8582560211158
1315.9894850315331
1038.6679222642776
1408.9548362023468
2011.9313303603353
2447.2930969715985
2916.269095363789
3036.811737774786
3360.6254425252864
2276.0289853553804
2405.276529433617
1622.125217706722
1031.7608472840116
1309.7549729848517
1349.057767567389
1767.7881725619966
2235.6868179293106
2627.734487510194
2743.322897447289
3736.159931162301
3451.669680243773
2469.0791147936707
2551.1621787498852
2236.7518381749537
1441.5412972046017
1460.532904956496
1658.7915786833714
2327.781257623154
2304.579102301637
2866.192219599108
4318.6826550527485
4151.5730446601
3772.740732152113
2714.3144754646946
2342.048778731695
2407.3048629910213
1987.1404900841767
1501.4458275418872
1801.0698321507084
1959.2769854488536
2695.436730793309
3277.6998659624155
3586.383338470409
5074.5177612283305
4328.277798885953
2911.746908940535
2181.2168208385865
1685.785851454547
1473.3250607878922
1579.9808508728916
1650.2384294358963
1927.9228844021568
2232.204136406785
2948.757564446538
3660.8192863031372
3869.847304774283
3635.915754803937
3520.6370081856535
2921.677024937556
1992.8068471574713
1673.100275041285
1589.7824687864068
1832.015865960696
2165.092675348861
2410.2468197173575
3491.061878817905
4445.335669938402
5294.667217566303
4792.579244631199
3710.6850149264296
2928.9494797134885
2829.4725425683628
1918.9107685200074
2221.444214114942
1727.2818476317605
2195.525845089411
2194.9872815746676
3355.1348941720435
3876.0024102188895
4373.270656750368
4599.4252231916835
3168.933298558289
2697.121303835834
1972.7559808002559
2340.202084174159
1852.3694485316505
1762.6073963152796
2051.688615396217
2549.806883963927
3354.5067397556036
4580.8320531813315
5072.328544497081
5505.898734375947
3698.47844153065
2652.3723925469594
1953.0044918439792
1455.2010073391234
1655.9345530787473
1549.9578529333423
1981.1642564317401
2108.9654919986415
2822.941943920487
3608.79556618343
4224.486005470657
4256.025510586763
2868.2276870339037
2322.7235694152223
1805.6840248558901
1581.952008967388
1582.4372441403223
1594.6431102458919
1879.7146065245317
2230.36711351723
2956.705839101167
3701.6960118559628
4578.549940783172
3571.0600082536957
2655.103501228585
1694.1345327390106
1701.049574379291
1027.7814442333545
1319.8641210422443
1054.6123206885638
1463.0981814274242
1841.3350286669042
2646.4075946227376
3233.50083539356
3726.624070572554
3628.299587301685
2160.495320357099
1765.1756034714494
1035.3354340717751
827.7184192948433
883.2152290305921
783.7320166916417
1146.5230217734158
1716.621146631222
2492.0257353144743
3340.9601024001163
3666.044417127374
3020.194016174362
2386.820109082043
1464.1346881961952
1018.1625031474765
747.2741250463314
816.9463492474047
720.676888178402
1431.2534173193978
1535.8815765082913
2247.6058823385656
2654.748120084321
3236.889982142562
2470.569560177658
2041.2936117714492
1951.367936096918
1415.635926597522
1060.3043406715115
1431.7110236188526
1096.6288965662231
1384.9773195815565
2051.4823841137263
2644.562731616162
3740.3844341885147
3994.808836146226
3268.1601187945907
2795.2411721789204
2029.8212703266213
1329.5616646187202
1037.76306995806
1140.4003657310143
1123.4462730227874
1369.3199093647652
1820.8099728055583
2606.397997001173
3346.8486431082483
3956.152414302843
3219.819217227832
2107.765706644005
1692.6535061423529
1594.775267086722
1015.7955817305788
1145.2866762117033
1170.347769667531
1295.8250668113194
1918.363476697153
2051.951123010492
3301.394073258347
3479.7569522842377
2558.741593209186
2230.7388553049623
1800.513165273563
1722.0911094953626
1363.4700516835892
1572.4996073912544
1221.440643594335
1070.6100952532804
1533.7004830889214
2256.418740079423
2781.0523295741705
2650.231231861584
2331.3192297328683
2180.3247273931393
