0
0
0
0
0
23.58555199654714
565.1581375140844
1328.0652648677149
1664.2373174447007
763.2308137737697
116.9832071617446
0
0
0
0
0
0
55.993289768855604
643.1752936932787
1415.8483518257622
1816.4910079393533
1079.497573119735
187.73812444118022
38.92502956866052
0
0
0
0
0
0
446.9405916818397
434.09340279298215
2144.1606578472442
813.771216338402
191.60859630873736
0
0
0
0
0
0
69.82458461040387
764.275065104485
1615.4507711475276
2185.1579689731266
1156.5414435325538
237.84537994339482
0
0
0
0
0
0
0
396.57276772079206
1200.1290443363087
1488.7768018890283
1015.561609320767
327.8507694717729
0
0
0
0
0
0
0
461.6771173404409
1811.6234636340264
2142.17279043577
935.0228564414716
298.6469724358797
0
0
0
0
0
0
11.561377247304371
146.8344126741075
1067.0418648063485
1620.0347871644365
601.4919888988557
214.19447132306806
0
0
0
0
0
0
0
298.51331493595285
1200.993940155044
1179.4452275313813
619.6268241965458
144.19246394546724
0
0
0
0
0
0
0
490.2151075190208
1608.7830692568307
2269.227874614865
1471.7774475980393
274.63128260908394
0
0
0
0
0
0
49.12943917430422
403.24169162878
2097.6846939036163
1768.8762836603278
895.7666031808247
141.65421441419267
0
0
0
0
0
0
40.53820477977356
473.67792629767564
1605.9255592273275
1341.215838903427
596.2770890676194
47.242350225774075
0
0
0
0
0
0
22.173393158523155
423.8041505942385
1111.52966629001
1403.8956888356172
594.6161687820661
21.040786686681443
0
0
0
0
0
0
91.30788103364105
565.2260370708785
1629.483370428236
1611.4287698763676
909.7919598996431
277.580885574537
0
0
0
0
0
0
0
140.5006742997512
1187.3809156743155
1704.7635654053165
796.7534278312081
289.0625689968998
0
0
0
0
0
0
0
455.16632323974864
818.6812296269894
955.4709334876171
600.8941938191346
0
0
0
0
0
0
0
0
462.17566075591765
920.5402111490392
1219.1748862075485
338.61294388428655
0
0
0
0
0
0
0
87.39243824950726
557.941553003294
1675.0618501987828
2166.2851163092387
822.9761376484716
45.8818806901935
0
0
0
0
0
0
0
459.2738458315797
1024.466611694992
769.7975495195329
595.665439373962
78.54538673291016
0
0
0
0
0
0
130.10137988143015
479.3794765713892
1343.8744400459768
1856.6742726126718
593.3072427850973
176.54792230508323
0
0
0
0
0
0
15.20375395456648
456.2547975842986
1753.3208879269441
3223.440531362415
836.9600513206077
100.76952441904633
0
