5.815785543612612
4.146132019120379
2.863575268821692
3.1056227598611184
2.068884408606638
0.3997162485110588
4.487753882915173e-12
159.798013739546
312.12477598566306
364.3645459976105
226.84998506571088
18.434326463560335
5.815785543612612
4.146132019120379
2.863575268821692
3.1056227598611184
2.068884408606638
0.3997162485110588
4.487753882915173e-12
69.44257765830346
500.3050328554361
537.6090203106331
313.0936379928315
49.42286439665472
8.802658303464753
4.146132019120379
2.863575268821692
3.1056227598611184
2.068884408606638
0.3997162485110588
4.487753882915173e-12
148.96766726403823
366.2623207885305
442.3965800477897
246.26232078853047
40.462141577060926
17.016465053763437
4.146132019120379
2.863575268821692
3.1056227598611184
2.068884408606638
0.3997162485110588
33.975545101553166
173.9829749103943
412.18563321385903
537.6090203106331
181.29853643966547
45.68914277180406
5.815785543612612
4.146132019120379
2.863575268821692
3.1056227598611184
2.068884408606638
0.3997162485110588
4.487753882915173e-12
79.15322580645163
514.1136499402628
331.8828405017921
118.57452210274793
16.940598864994026
5.815785543612612
4.146132019120379
2.863575268821692
3.1056227598611184
2.068884408606638
0.3997162485110588
14.560857228195937
149.7155017921147
384.55906511350054
354.28651433691755
277.99581839904425
51.6627464157706
14.029868578255678
4.146132019120379
2.863575268821692
3.1056227598611184
5.4290882616487455
0.3997162485110588
4.487753882915173e-12
76.91345579450419
285.24604241338113
327.4036738351254
228.7130376344086
18.06081989247312
18.136648745519715
4.146132019120379
2.863575268821692
3.1056227598611184
2.068884408606638
0.3997162485110588
4.487753882915173e-12
23.14799880525687
242.31033452807645
365.112380525687
230.2090800477897
32.248543906810035
9.175989396654721
4.146132019120379
2.863575268821692
3.1056227598611184
2.068884408606638
0.3997162485110588
4.487753882915173e-12
183.3169056152927
347.9700567502987
389.3794802867383
268.28965053763443
14.700642174432497
5.815785543612612
4.146132019120379
2.863575268821692
3.1056227598611184
2.068884408606638
0.3997162485110588
4.487753882915173e-12
276.65994623655916
536.9071087216248
426.7166965352449
172.7120669056153
32.248543906810035
5.815785543612612
4.146132019120379
2.863575268821692
3.1056227598611184
2.068884408606638
0.3997162485110588
4.487753882915173e-12
114.2461917562724
387.1706989247312
386.3922491039427
212.2886798088411
34.862044504181604
5.815785543612612
7.133004778972523
2.863575268821692
3.1056227598611184
2.068884408606638
0.3997162485110588
4.487753882915173e-12
137.39396654719235
413.30533154121866
390.12768817204307
18.14142771804511
20.674320489844682
7.309221923536438
4.146132019120379
2.863575268821692
3.1056227598611184
7.669429510155316
0.3997162485110588
4.487753882915173e-12
139.26149940262843
385.6791367980884
414.39516129032256
300.3998655913978
24.034460872162484
5.815785543612612
6.759636350059737
2.863575268821692
3.1056227598611184
2.068884408606638
0.3997162485110588
4.487753882915173e-12
143.74029271206692
458.83475209080046
479.36342592592604
245.89008363201916
35.235140382317795
8.802658303464753
4.146132019120379
2.863575268821692
3.1056227598611184
2.068884408606638
0.3997162485110588
4.487753882915173e-12
4.487753882915173e-12
384.55906511350054
331.8828405017921
19.261495669056156
15.820863201911589
11.41633064516129
4.146132019120379
2.863575268821692
3.1056227598611184
2.068884408606638
0.3997162485110588
4.487753882915173e-12
75.0459229390681
350.5813172043011
175.07205794504182
18.14142771804511
22.541143966547192
22.617010155316606
4.146132019120379
2.863575268821692
3.1056227598611184
2.068884408606638
0.3997162485110588
4.487753882915173e-12
190.03994922341695
484.6397102747909
97.78711170848267
98.03800776583036
15.820863201911589
5.815785543612612
4.146132019120379
2.863575268821692
3.1056227598611184
2.068884408606638
0.3997162485110588
4.487753882915173e-12
92.21848864994027
265.0817652329749
234.06548685782556
223.48640979689367
20.674320489844682
16.64333183990442
4.146132019120379
2.863575268821692
3.1056227598611184
2.068884408606638
0.3997162485110588
4.487753882915173e-12
143.36880227001194
406.95900537634407
467.41151433691755
431.44675925925924
14.32709826762246
11.789426523297493
4.146132019120379
2.863575268821692
3.1056227598611184
2.068884408606638
4.88008885902031
20.90804211469534
235.2154271206691
557.0452508960573
309.11140979689367
88.33183990442056
20.674320489844682
