13.559513142174433
11.735924432497013
5.392846475507766
2.002120669056153
2.353012992831541
7.347483572281959
30.820676523297486
80.45064217443249
240.09259259259258
200.37895758661887
109.468339307049
30.379293608124254
26.415845280764636
12.755077658303465
5.6419877538829155
4.519451911589008
3.191002090800478
6.1409796893667865
34.953629032258064
79.39852150537635
192.38463261648747
239.64605734767025
125.52307347670249
61.938844086021504
17.430368876941458
9.660394265232977
5.0559662485065715
4.531798835125448
2.4252874850657107
6.232937574671445
30.152292413381122
94.60349462365592
223.72834528076464
256.6633064516129
180.7063918757467
70.58430406212665
37.01560633213858
10.559289127837514
4.128651433691756
3.577774044205496
2.2199036738351254
19.057571684587817
39.3660394265233
94.173013739546
225.224761051374
275.07019115890085
140.49245818399044
58.495370370370374
16.617458183990443
9.190486857825567
6.781922043010753
3.772625448028674
3.747248357228196
4.692727001194743
37.23357228195938
89.50754181600956
270.7732228195938
241.58452807646356
205.96176821983275
51.67002688172043
14.717704599761051
10.109655017921146
7.935073178016728
3.820299432497013
2.018854540023895
11.977449223416963
57.81772700119474
62.97864396654719
189.66173835125448
228.48080943847071
146.05697431302272
56.17868876941458
17.13788082437276
5.891577060931899
8.970430107526884
3.403759707287933
1.6231854838709674
5.505114994026284
29.050963261648747
72.12888291517324
175.6903375149343
158.422192353644
116.10588410991635
52.068399044205485
28.330458482676224
6.6843264635603346
7.770497311827957
2.438959826762246
4.927344683393071
8.701463560334526
26.575940860215052
77.14381720430107
167.17555256869775
264.2924880525687
165.7194593787336
42.217480585424134
12.934998506571088
10.470542114695341
1.9256795101553166
3.813873954599761
1.6711096176821982
9.675365890083633
52.26889187574672
99.09684886499403
220.4129330943847
203.2254330943847
100.4946983273596
45.52045997610514
27.817465651135006
9.117010155316606
9.256720430107528
4.040905017921147
4.932511947431302
26.793346774193548
46.4422789725209
87.9689366786141
185.46856332138591
208.8134707287933
108.54540023894863
37.24611708482676
15.373319892473118
6.0465576463560335
8.447729988052568
5.017062425328555
8.909236857825567
9.524118876941458
34.48640979689367
97.55899044205495
246.28546893667863
247.6101403823178
143.5002240143369
46.3687275985663
6.882019115890082
8.657407407407407
6.659796893667862
2.563519265232975
5.3166816009557945
7.5035842293906825
22.089979091995225
75.01157407407408
175.90277777777774
216.46953405017916
78.0969982078853
38.44231630824373
15.935483870967738
9.49641577060932
8.005152329749105
2.911943697729988
1.3990143369175627
9.390419653524493
28.49163679808841
90.86842891278376
280.640307646356
256.04577359617684
200.44765531660693
57.281586021505376
12.613276583034647
11.130861708482676
3.541808542413381
4.570116487455197
2.548607377538829
5.721886200716846
30.162634408602152
95.37261051373955
208.05256869772998
218.346027479092
105.32706093189964
39.18372909199522
27.73868727598566
8.15621266427718
5.848603643966547
3.3304211469534057
0.831242532855436
9.039053166069296
28.358236260454003
55.38829151732377
154.8334826762246
225.0369623655914
67.9133064516129
19.25668309438471
20.341285842293907
11.772102747909198
2.6728793309438466
2.850815038829152
4.675772849462365
27.5790770609319
35.054398148148145
70.67689665471923
158.17876344086022
130.274417562724
82.37492532855435
24.80607825567503
21.20194892473118
6.322954002389485
6.796296296296297
3.732347670250896
6.210050776583035
6.449596774193548
7.970915471923538
114.65389784946237
146.85931899641577
159.0707138590203
85.2318548387097
36.08628285543609
19.956877240143367
6.230249402628435
4.191188769414575
3.665535394265233
5.231544952210275
7.209005376344086
34.2867756869773
70.15270310633214
156.2406660692951
144.48066009557948
94.74014336917563
30.35472670250896
15.075828853046595
8.678464755077659
6.994362305854243
1.9953517025089602
2.248278823178017
21.15774342891278
35.37253584229391
65.02725507765831
197.6377688172043
232.89837216248506
148.06376941457583
29.384147252090802
13.862679211469532
10.085498805256869
3.4221288829151733
2.3491412783751495
2.626075268817204
10.285394265232975
40.728195937873366
110.57609020310636
289.0147102747909
209.73006272401435
132.36372461170845
62.40964755077658
