4.851403823205228
4.515830346475508
2.3887022103020024
2.5906137993103657
1.7258064516401148
5.029883512544803
64.70280764635604
148.86126045400238
186.08124253285544
103.2709826762246
21.67936081242533
11.440412186379929
7.858086917562724
3.458669354865921
3.3081317204301075
3.1717443249701316
1.7258064516401148
12.059080047789724
59.02777777777778
179.00985663082437
207.77329749103941
145.07579151732375
39.84206989247313
10.01265681003584
5.508139187574671
3.506432945041816
3.23252688172043
2.5906137993103657
2.1739844683393073
5.467084826762246
61.12231182795699
102.87858422939068
145.58318399044205
117.17480585424134
30.193399044205496
9.434289127837514
7.7327135603345285
4.624887992831542
2.3887022103020024
2.777680704898447
1.7258064516401148
13.884050179211467
75.50776583034647
181.01478494623655
261.6636798088411
110.86506869772998
43.36058841099164
14.296594982078853
5.323066009557945
3.458669354865921
3.3081317204301075
2.5906137993103657
1.7258064516401148
3.7843637992831543
60.412933094384705
116.819743130227
142.45071684587813
78.19257765830345
42.207287933094385
9.434289127837514
5.6315337514934285
3.458669354865921
2.3887022103020024
2.5906137993103657
1.7258064516401148
5.388306451612903
55.5331541218638
109.72968936678615
167.49178614097968
83.2814366786141
22.75164277180406
10.888963560334528
4.851403823205228
3.458669354865921
2.3887022103020024
5.801971326164875
4.821311230585424
9.711036439665472
73.21161887694146
211.52927120669057
232.76956391875746
132.38164575866188
39.84206989247313
12.395459976105139
4.851403823205228
3.565341248506571
2.3887022103020024
2.6869362305854243
1.7258064516401148
5.911006571087216
53.2444743130227
88.54540023894863
111.08870967741936
60.01754778972521
26.793608124253293
11.270908004778972
6.104390681003585
3.5541965352449223
2.3887022103020024
3.2592965949820787
2.2193473715651133
1.5119623655913978
43.43264635603345
124.46236559139786
176.77718040621266
85.1370221027479
52.26366487455197
11.678987455197133
7.043682795698925
3.458669354865921
2.3887022103020024
2.7418645459976103
4.732489545997611
6.686842891278375
37.130376344086024
93.71266427718041
83.52747909199522
61.80219534050179
23.64770011947431
6.345579450445371
4.924641577060932
3.458669354865921
2.3887022103020024
2.7179808841099162
1.7258064516401148
7.520176224611707
41.18130227001195
109.72968936678615
92.46191756272401
76.1391129032258
23.039874551971327
6.345579450445371
8.72423835125448
3.458669354865921
2.3887022103020024
2.5906137993103657
3.1157034050179213
14.26823476702509
25.46408303464755
164.57959976105138
186.08124253285544
93.99305555555556
26.793608124253293
10.218413978494624
6.656063321385902
3.6560894563918755
2.5399529569892474
4.2145683990442055
2.3069369772998805
4.22231182795699
64.70280764635604
124.54450418160096
122.78972520908005
126.44899940262843
30.87402927120669
10.508512544802867
5.790733273596177
3.458669354865921
2.3887022103020024
2.5906137993103657
1.7258064516401148
7.895773596176822
34.6598715651135
138.61260454002388
207.77329749103941
93.15673536439665
28.683915770609318
8.99634109916368
5.048823924731183
3.458669354865921
2.3887022103020024
2.5906137993103657
1.7258064516401148
0.3334229390953121
37.53360215053763
93.23103345280765
114.11290322580645
64.40822879330943
41.40307646356033
13.532332735961768
4.878071609916368
3.611510603345281
2.3887022103020024
2.5906137993103657
1.7258064516401148
1.6934886499402626
42.85394265232975
109.61768219832736
119.57138590203107
64.27008661887695
35.022401433691755
12.391726403823176
5.729838709677419
4.624887992831542
2.462335722819594
2.5906137993103657
2.730398745519713
14.340666069295102
73.21161887694146
140.7706093189964
170.88933691756273
98.38747013142175
47.14493727598566
7.682160991636796
4.851403823205228
6.547379032258065
2.3887022103020024
2.5906137993103657
1.7258064516401148
9.320131421744325
37.29540023894862
136.32392473118279
161.67861409796893
72.21886200716845
32.130002986857825
6.345579450445371
4.851403823205228
3.5733012246117086
2.3887022103020024
3.3770908004778972
1.7258064516401148
5.7067801672640375
27.311827956989248
105.8355734767025
55.35394265232975
45.86469534050179
29.876045400238954
8.928726105137395
6.293869474313023
3.458669354865921
2.3887022103020024
3.264075567502987
1.7258064516401148
11.90787037037037
42.9136798088411
65.77434289127838
117.44698327359617
36.703255675029865
28.619698327359618
6.345579450445371
