0
0
0
0
0
36.060947755209
460.9914708474177
1210.2258831472848
1409.2417977314392
425.9208526029214
55.89345208408629
0
0
0
0
0
0
63.299741381758835
500.96576561681525
1484.908985039621
2147.2657241878605
860.4044578270228
156.3524837601766
0
0
0
12.340989897096286
0
0
34.12517841369507
303.51055882640367
863.6349201167576
602.7825963179732
323.9220526585931
0
0
0
0
0
0
0
11.338697513629675
391.11160930998074
1090.179340442629
976.9448566672716
421.95811019922024
0
0
0
0
0
0
0
13.397419641918987
541.4241715439701
1622.9045819707167
2141.6146901805455
943.7904026302058
286.1758516103631
16.93408111481928
0
0
0
0
0
0
388.064512800417
1589.3698794046356
1129.8561088348133
762.3260971822125
18.730193762044614
0
0
0
0
0
0
0
386.886047978767
1296.9873546510319
1587.8069645837916
1179.1249040720934
234.29266427408362
0
0
0
0
0
0
9.757898251031826
0
1016.2971062243389
1331.753695273317
0
100.74477129313756
0
0
0
0
0
0
32.12698094723524
42.071402321888144
732.3960471540829
1173.9952730616985
620.1955330221733
60.98283577515326
0
0
0
0
0
0
0
433.1196038151598
1841.1229406180723
1788.4767914261581
1122.4691121413982
270.7310139960327
0
0
0
0
0
0
0
493.8713253418813
1211.5009027159774
1175.1864930252907
898.5482210867351
39.573742101520764
0
0
0
0
0
0
0
489.0445926491967
1144.5396722637258
1092.7214803529412
578.2179459624722
141.5316394345907
0
0
0
0
0
0
21.44505247928025
304.8706009896358
356.8041589587019
414.77181049763414
0
0
0
0
0
0
0
0
0
500.6245168923437
1354.212979593073
1377.7011400767626
744.2220658240395
43.16139665520329
0
0
0
0
0
0
24.876789648427646
651.5301971943484
1171.551973354588
2343.602280560496
795.0784082755265
236.81866356680197
34.759692292457586
0
0
0
0
23.0887612985541
0
137.20508130549933
713.7667643151088
1382.2946592063538
681.4661398221599
116.48866064339492
0
0
0
0
0
0
39.08953353027189
373.60724894116726
929.7654045595946
1182.3208092602538
339.40422904632123
0
0
0
0
0
0
0
39.154591076624015
398.830670801711
1000.7707484930808
1893.5173075840494
797.8600331612977
237.10105429563413
0
0
0
0
0
0
21.362020562433713
415.3681265116519
1154.1671521128826
1178.9614589925998
938.5607523430424
215.92848532778342
0
0
0
0
0
0
0
592.0948513477394
1890.3881668994654
1802.0393216849968
1248.5330053229975
229.30719616337132
0
