28.594795400238947
25.296818996415777
5.530652628434887
3.196042413381123
4.105514486260454
5.660244922341697
26.77199074074074
51.84673685782557
205.09968637992833
162.95624253285544
117.32601553166069
32.687089307048986
19.564814814814813
7.7252837514934285
10.240330047789724
4.743167562724015
4.4909311529271205
5.749962664277181
30.52945788530466
98.492756869773
151.46990740740742
198.64545997610514
99.82228195937874
26.77564964157706
13.26583034647551
9.624663978494624
2.0957325268817204
2.339986559139785
2.3641465053763437
3.3037335722819585
20.757952508960575
31.65990890083632
138.6857825567503
186.19922341696534
66.3149641577061
26.710050776583035
15.647364097968937
4.059109916367981
4.620258363201911
2.5263664874551974
4.650474163679809
10.878173536439666
23.016390382317798
57.969683393070504
200.920325567503
148.72834528076464
21.218339307048986
38.24869324970131
14.190524193548388
11.412522401433693
5.269377240143369
2.510756421744325
1.5744772998805254
17.731966845878137
36.92831541218638
76.84214456391875
177.37828554360811
167.8979988052569
194.4115890083632
39.87402927120669
31.83538679808841
7.047715053763441
5.608385603345281
6.337701612903224
2.378748506571087
9.187275985663083
31.648334826762245
70.88896356033453
174.95930406212668
152.0038082437276
75.6884707287933
31.309289127837516
30.12145310633214
4.26423237753883
3.3315262843488656
3.6081541218637994
4.113104838709678
10.549469832735962
46.92465651135006
86.2679211469534
270.9808094384707
221.2634408602151
200.05787037037035
41.2553390083632
22.1324298088411
9.152815113500598
6.636424731182797
5.529435483870968
3.888720878136201
13.705719832735962
21.017398446833926
75.93451314217442
161.22871863799284
137.37567204301075
102.92562724014337
69.5400238948626
14.889523596176822
15.283415471923536
6.087925627240144
3.754525089605734
2.5441009557945042
3.132791965352449
21.0828853046595
115.12134109916366
199.32646356033453
193.87768817204304
105.77956989247312
38.66431451612903
24.091061827956988
8.222968936678614
3.2037037037037037
4.871397102747909
3.7930891577060932
8.49540770609319
39.575194145758665
113.34752090800478
241.76971326164875
251.9030017921147
133.32623954599762
47.67697132616488
23.162970430107528
6.665023894862604
8.10297192353644
3.1165397252090803
3.6803539426523297
3.9647326762246116
52.370818399044204
112.85244922341697
232.42532855436082
200.68361708482675
123.73357228195935
48.86163381123059
14.714008363201911
9.36208183990442
8.447207287933095
3.2775238948626044
5.8730958781362
6.916293309438471
30.539725209080046
105.50925925925925
186.90748207885304
226.5371117084827
107.37977897252091
63.298984468339306
15.966957885304657
10.88321385902031
6.499738649940263
4.743492383512545
2.6628322879330946
4.865292712066905
43.13284050179212
80.0728046594982
153.81720430107526
148.8694743130227
58.048835125448015
32.163306451612904
15.28673835125448
9.190337514934289
7.082362604540024
2.477538829151732
15.140568996415771
8.021654719235364
31.95262096774193
100.06272401433691
153.01112604540023
164.32310334528077
47.099014336917556
24.249738649940266
20.985028375149344
8.550515232974911
6.097782258064516
3.588522998805257
1.472229689366786
7.3166442652329735
33.30604091995221
76.82123655913979
162.54853643966547
214.41905615292717
128.98745519713262
59.980585424133814
13.996229091995223
12.663493130226998
5.598416965352449
5.9854017323775395
3.588881421744325
8.130376344086024
33.89195041816009
101.53673835125448
197.80689964157708
211.18876941457586
136.90860215053763
42.11122311827957
17.0459229390681
9.160132915173238
8.254890979689367
2.040740740740741
3.508624551971326
3.9498879928315414
43.65890083632019
89.82414874551971
168.28853046594983
203.09251792114696
80.2938321385902
34.05921445639188
18.900761648745515
13.210312126642771
4.070359169653525
5.0266950418160095
5.887059438470729
14.130077658303465
29.31731630824373
132.20019414575867
244.8043608124254
220.22252090800473
188.18399044205495
42.03266875746714
11.584080047789724
7.201127538829151
5.395310633213859
2.2288791816009557
3.190475657108722
3.766636798088411
37.1619623655914
124.50530167264036
217.96221624850662
302.16360513739545
155.04890979689364
39.62626941457586
13.667936081242534
11.708706690561527
4.849525836320191
2.2831130525686976
1.289209229390681
12.727747909199522
23.89893219832736
76.8021953405018
143.19519115890083
203.72125149342892
130.51187275985663
37.81081989247313
