5.279681899641577
5.549021804062127
2.3887022103020024
2.5906137993103657
1.7258064516401148
8.453195937873357
49.316756272401435
121.6995221027479
140.7706093189964
56.676000597371576
25.80047789725209
8.87694145758662
6.915546594982079
3.458669354865921
2.3887022103020024
2.5906137993103657
1.8627277479091993
11.152195340501793
53.2444743130227
148.1070788530466
211.52927120669057
98.38747013142175
35.520833333333336
6.978419952210275
5.106141726403823
3.665636200716846
6.831653225806452
2.5906137993103657
1.7258064516401148
8.453195937873357
34.44780465949821
88.75821385902032
63.810483870967744
47.16285842293907
17.98708183990442
6.793757467144562
4.851403823205228
3.458669354865921
2.3887022103020024
2.5906137993103657
1.7258064516401148
6.367622461170848
42.93981481481482
110.56227598566308
99.74611708482678
56.676000597371576
15.133288530493163
6.345579450445371
5.849649044205496
3.458669354865921
2.4364658004778974
3.0188918757467142
2.1732004181600955
6.661827956989248
57.433542413381126
161.67861409796893
211.3500597371565
106.75813918757467
48.27396953405018
13.532332735961768
7.354950716845878
4.0
2.3887022103020024
4.2622834528076465
1.8627277479091993
1.002105734767025
42.86514336917563
158.59468339307048
114.63186977299881
89.52023596176822
22.788231780167266
11.006944444444443
6.104390681003585
4.8119772998805255
2.3887022103020024
2.5906137993103657
1.912873357228196
2.387223715651135
42.86514336917563
130.7347670250896
158.59468339307048
129.55533154121864
43.537186379928315
7.265008960573475
4.851403823205228
3.458669354865921
2.3887022103020024
2.5906137993103657
1.7258064516401148
6.61739844683393
2.7211768219832733e-11
103.9986559139785
134.21445639187576
13.455047789725208
30.87178912783752
10.218413978494624
4.851403823205228
3.458669354865921
2.3887022103020024
3.2274492234169654
2.5680256869773
8.863888888888889
10.094086021505376
76.95639187574672
119.2465651135006
76.33699223416964
27.18637992831541
6.345579450445371
6.001680107526882
3.458669354865921
2.7262246117084827
2.761760752688172
1.810188918757467
3.5864844683393065
47.64411589008363
183.21759259259258
178.19967144563918
124.55981182795699
47.38575268817204
6.345579450445371
4.851403823205228
3.458669354865921
2.3887022103020024
3.4407855436081243
1.7258064516401148
1.670004480286738
53.580495818399044
123.08841099163679
119.63485663082437
103.2709826762246
25.38493130227001
6.345579450445371
4.851403823205228
3.5836506869773
2.3887022103020024
2.5906137993103657
3.990554062126643
2.159587813620072
53.2444743130227
116.819743130227
111.8839605734767
72.76396356033453
35.27180406212665
6.418817204301074
8.062761350059738
5.074634109916367
2.3887022103020024
2.91341472520908
1.7258064516401148
8.284438470728793
35.74223416965352
41.5621266427718
47.136350059737154
16.81600955794504
15.427826314217443
10.604465352449223
4.911107377538829
3.458669354865921
2.3887022103020024
2.633202658303465
2.171594982078853
0.3334229390953121
54.60722819593787
137.17891278375149
139.45265830346474
88.96393369175627
26.118951612903224
11.923163082437275
4.851403823205228
3.458669354865921
2.977785244922342
2.6224555704898447
1.7258064516401148
8.847834528076463
69.18682795698925
119.8439366786141
232.05645161290323
93.99305555555556
44.790919952210274
16.439665471923536
4.851403823205228
3.458669354865921
2.3887022103020024
2.5906137993103657
6.947954002389486
1.0737529868578255
20.08997909199522
76.17980884109916
140.19563918757467
83.2814366786141
33.411364994026286
6.536626344086022
4.851403823205228
3.458669354865921
2.3887022103020024
2.5906137993103657
1.7258064516401148
10.4528972520908
42.85394265232975
97.00940860215053
121.21042413381123
50.70601851851852
16.486596475507767
6.475336021505375
4.851403823205228
3.458669354865921
3.9258885902031064
2.5906137993103657
1.7258064516401148
10.585065710872161
45.411439665471924
103.96505376344086
189.44519115890083
94.75843787335722
45.24044205495819
6.345579450445371
4.851403823205228
3.458669354865921
2.3887022103020024
3.469048685782557
1.7258064516401148
9.010244922341695
47.136350059737154
118.80973715651135
121.21042413381123
108.40091099163679
43.36058841099164
6.978419952210275
4.851403823205228
3.729327210274791
2.3887022103020024
2.5906137993103657
2.4064366786140976
5.555570489844683
64.19877538829152
189.44519115890083
181.01478494623655
138.24708781362008
44.790919952210274
6.345579450445371
