0
0
0
0
0
15.50162129164869
255.61964438385735
733.0570510086944
1074.0472786155492
361.0052313364937
37.139494497467425
0
0
0
0
0
0
77.68261921927375
306.8110463814509
1187.094244896252
1189.4226088951477
608.3651806466166
115.87316775061866
0
0
0
11.629856384551488
0
0
0
782.9785247762245
1545.608113067773
1404.419021049156
793.6722766729301
197.7613740865151
8.304612895995504
0
0
0
0
0
102.28803293776349
456.98638529564386
1206.2747705501558
1160.9670340866267
562.5002248945607
110.72866847386075
0
0
0
0
0
0
69.78522579484611
296.4855888080083
1134.4980706206575
1349.4876740515133
463.92369116067186
2.523708539873226
0
0
0
0
0
0
28.847652980993928
415.0940826928901
1354.4225227738114
1695.9649798025553
628.2904789026426
330.89159609179364
3.945115634367774
0
0
0
0
0
21.282367390673564
253.58627946024848
787.2666258577226
1171.5442704380328
422.9898980983777
136.93987902916132
0
0
0
0
0
0
37.99255326895297
354.4198262860126
944.5258995337776
1445.8542777105927
465.59717963262733
70.63115868859755
0
0
0
0
0
0
22.0129203140214
481.6816547113744
1317.7025734384317
1317.4633883544107
438.50422477844586
81.3996517847112
0
0
0
0
0
0
0
383.6844933014204
852.0526001162805
1251.5849903508895
532.1954412931307
34.194910352066074
0
0
0
0
0
0
41.41798375229447
484.73004696673195
1338.7977963838389
1582.183954196139
689.2183973113468
49.73682453879678
0.7394728357492824
0
0
0
0
0
45.02483431742397
655.5917850028408
1735.9472290140245
2248.6627139252228
1331.8869274439537
254.62120783363483
54.85922495674147
0
0
0
0
0
0
139.25183605534676
772.4549206074473
281.9458696374192
124.82731682915303
0
0
0
0
0
0
0
16.753290446428572
346.6855981348766
1034.8921163911616
1368.911937567802
478.2210950952463
0
0
0
0
0
0
0
26.65684490529739
389.8889188191991
1054.9652051347555
1169.0999657456814
374.88164901626715
118.67566774840296
0
0
0
0
8.72171325720496
0
19.48863771738182
442.53296362330104
1307.1859698109272
1646.333264343749
650.4804767397227
79.55661165892656
0
0
0
0
11.329745267271406
0
67.68197677997323
447.33671429361647
1394.5514708678388
1436.9276640989633
626.5805283294752
152.92690757191397
0
0
0
0
0
0
62.291090479252475
786.3011755806835
1382.9085919817305
1905.0144700691144
940.3738473787411
133.71257609969626
0
18.447339112154708
0
0
0
0
13.77842587904064
397.62133738381453
1361.0481258285336
2120.6680748826834
1173.0051967874867
235.8214064747368
0
0
0
0
0
0
66.19669750295357
498.96275756040365
1375.8720378672072
2161.195534349274
673.8216104603928
137.98734102597587
0
