0.0
0.0
0.0
0.0
0.0
1.1200899790919951
0.0
44.802830047789726
109.7679211469534
90.35285991636798
23.14804734169654
0.0
5.973573775388291
0.0
0.0
0.0
0.0
0.0
0.0
37.70911738351254
75.04618428912784
92.96733124253285
98.93966547192353
11.200899790919951
0.0
0.0
0.0
0.0
0.0
0.0
0.0
54.8839605734767
125.44795400238948
134.78192204301072
19.41442652329749
8.2139075567503
1.493414351851852
0.0
0.0
0.3733557347670251
0.0
0.0
0.0
66.45937873357228
114.61969832735961
148.22087813620075
99.68679062126643
7.467278972520908
1.493414351851852
0.0
0.0
0.0
0.0
0.0
0.0
40.69593787335723
102.30167264038232
78.77740442054959
41.06933243727599
0.0
1.493414351851852
0.0
0.0
0.0
0.0
0.0
0.7467278972520908
61.97681451612903
146.7307347670251
125.44795400238948
177.71706989247312
24.64175627240143
11.947565710872162
0.0
5.973573775388291
0.0
1.1200899790919951
0.0
1.1200899790919951
40.32254330943847
125.0745594384707
120.96957138590203
61.6034572879331
6.3471139486260455
0.0
0.0
0.0
0.0
0.7467278972520908
0.0
0.0
32.1086096176822
99.68679062126643
131.7936827956989
93.71449372759857
5.600451762246117
0.0
0.0
0.0
0.7467278972520908
0.0
0.0
0.0
35.842293906810035
130.67312574671445
128.06283602150538
90.35285991636798
11.574025537634409
0.0
0.0
0.0
0.0
0.0
0.0
0.0
17.174473566308244
121.71255227001194
153.82362604540023
87.36458333333333
1.1200899790919951
0.0
0.0
0.0
0.0
0.0
0.0
0.0
20.534595280764634
125.44795400238948
98.93966547192353
73.92562724014337
7.093738799283154
0.7467278972520908
0.0
0.0
0.0
0.0
0.0
0.0
59.73573775388293
205.71931003584228
178.83800029868578
143.36910095579452
31.735513739545997
0.0
0.0
0.0
0.0
0.0
0.0
0.0
50.775164277180416
131.0468936678614
111.262208781362
92.96733124253285
19.41442652329749
0.0
0.0
0.0
0.0
0.3733557347670251
0.0
0.0
38.455607825567505
155.6913082437276
85.12731481481482
51.895721326164875
31.735513739545997
0.0
0.0
0.0
0.0
0.0
0.0
0.0
17.921139486260454
121.71255227001194
103.79144265232975
87.36458333333333
0.0
5.226911589008363
0.0
0.0
0.0
0.0
0.0
0.0
53.01627837514934
139.63369922341695
105.28573028673836
67.206541218638
7.467278972520908
0.0
0.0
0.0
0.0
0.0
0.0
0.0
92.96733124253285
142.6219384707288
224.76138739545996
147.85129181600954
16.427848715651137
0.0
0.0
0.0
0.0
0.0
0.0
0.0
53.76340352449223
160.16969086021504
175.475993130227
138.51732377538832
8.960569743130227
14.93414351851852
0.0
0.0
0.0
0.0
0.0
0.3733557347670251
51.148558841099174
177.34367532855435
157.554846176822
154.57075119474314
9.707194593787337
0.0
0.0
0.0
0.0
0.0
0.0
0.0
37.70911738351254
110.51508363201911
114.24630376344086
53.01627837514934
6.3471139486260455
