204.6106884707288
343.6267794205496
202.04918309438466
103.37359972371563
74.89555021654719
246.57258344534063
723.7779592293907
2210.302774044205
6230.123357228194
4555.001463560336
953.956156660693
492.99744362305836
581.961536364994
226.34456653225806
113.40000854988051
247.40020557048982
254.36665471923527
141.88073252688162
562.0848536439664
2437.9238687275983
5219.835898297491
5560.938952359617
1143.047957735962
707.8076631571089
330.26947468637997
190.17702956989245
168.17432385005972
188.44377131869774
136.054316942951
348.0870142622461
772.4542017622462
3173.6516950418163
7898.036678614101
5866.86783154122
2369.8588635005976
1118.8478233273597
336.96171333632026
266.8418746266427
124.75183318399041
295.5099179360812
129.52541924283156
368.1128483422939
606.361760379331
2066.3550029868584
6399.468693996416
2966.609584080048
908.219978345281
593.5136603942648
303.52122087813626
286.6505902777778
173.56720463709684
149.21699705047791
144.10784823028672
105.53657735961767
522.8717566457585
3428.246975806452
6558.290229241339
4392.258531212664
1509.36279495221
1032.4634449671446
364.1622136350061
215.92781249999996
91.48620758661886
114.02733352001194
119.87817980884108
182.51598006272403
240.46380488351247
2568.197401433691
7237.083337066907
3896.6232377538836
2035.1721139486267
783.8882851702508
516.9108400537635
214.4282586618876
143.49632840501792
145.4158647326762
95.16905507019115
236.69594832735967
305.29558318399046
1832.9974835722824
5812.071901135007
3827.723835125448
2156.4345616786136
599.3580846774194
215.8300421893668
231.50627277479083
166.7105551821984
82.55814229764039
75.62864859617683
199.51291666666665
712.8696766726398
3782.5095915471925
8015.046094683393
5783.903423685782
3217.1668533452807
877.4635566009555
589.1133695489847
249.3342921146954
228.96488948626046
119.32772464904424
125.48989385454004
196.30272924133814
537.4976441158901
1996.1460610812428
6561.04429136798
4656.353390083634
2780.7546632317803
999.9827098267621
272.21050701911577
177.96101217144562
160.17671221624852
145.8170334901434
130.6545886723417
140.7927105734767
653.6502658303466
2834.6027143070496
5888.609457138589
4010.626993727597
3427.0989994026277
659.2293301971323
460.0597576911589
272.86587141577064
106.8314857750896
153.95706347072877
136.22740707138593
179.8530458482676
734.5225302419354
2764.5125896057357
5659.016211170847
5979.85271430705
4192.227564964156
569.5708960573476
353.5606197729989
287.0907041517324
147.76175253882914
211.6643157108722
80.0345153449821
324.0088859020311
506.73300776583034
3997.949749850658
8203.06546445639
6106.1493578255695
3064.216073028674
778.652199074074
268.61151433691754
196.4144967144564
205.81401844384706
105.78320904271206
325.1881846998208
145.06218077956987
680.0717555256872
3069.6945303166076
7097.206474014337
6555.9623693249705
1786.9873991935488
1280.2386238052568
423.08078255675036
283.02221774193544
167.24990300179206
182.41345852001194
144.44489699074074
91.69308923237755
859.2076396356033
4170.5935857228205
7995.571587514934
6743.661712216242
3572.4199410095584
971.1934438470726
468.48567502986856
264.23583183990456
216.84238276583034
121.47896774193548
81.06289560931899
149.93666965352455
400.8570209826762
3500.6203143667867
7791.662813620071
4876.10633213859
2148.8239321983265
550.0911839157707
322.8163616338112
326.9201426224611
142.66356955645156
129.03826187275988
84.56650634707286
80.68521654719238
965.1099985065707
3138.6490479390686
7428.263873954601
3994.3491786140985
1052.6054401881718
639.5323913530468
350.51944481780157
278.2447539575867
128.16468365442051
101.18790419653523
73.41925660842294
214.7331698028674
529.317154644564
2210.96457959976
5110.91811155914
3972.382246863801
1092.6592704599757
702.1493503584227
506.19735513739556
228.83479390681003
152.24690561529272
135.85330704898445
205.19250672043006
248.64600022401453
293.7384274193548
2213.8740255376338
4463.748409498208
3241.9069593787335
1863.8796968339307
663.8167712066903
463.38896990740767
274.5366748805257
151.5456910842294
107.02426015531663
148.66019302568697
224.2333363201912
453.86442652329777
2825.287604540024
7868.1416218638
5337.46691681601
2471.7744885005973
725.0927019862603
473.708671594982
216.9611559139786
150.02629405615298
148.33927206541216
80.76724884259261
116.83075134408604
683.9865807945046
3663.173614844684
6263.9929286141
3680.115565262845
2196.6673461768214
799.0848704450417
