0.0
0.0
0.0
0.0
0.0
0.0
0.0
45.54999253285544
138.51732377538832
89.97909199522103
31.735513739545997
6.7206541218638005
0.0
0.0
6.7206541218638005
0.7467278972520908
0.0
0.0
0.0
34.72207287933094
142.6219384707288
163.53132467144565
75.04618428912784
11.574025537634409
0.0
0.0
0.0
0.0
0.0
0.0
0.0
68.69631123058544
138.89071833930706
151.20911738351253
141.87481332138591
25.761540471923535
0.0
0.0
0.0
0.0
0.0
0.7467278972520908
0.0
40.32254330943847
138.1439292114695
68.32291666666666
0.0
25.761540471923535
0.0
0.0
0.0
5.973573775388291
0.0
0.0
8.2139075567503
70.93738799283155
141.87481332138591
114.24630376344086
94.08788829151733
14.187481332138592
6.3471139486260455
0.0
0.0
0.0
0.0
0.0
0.0
17.921139486260454
132.54084528076464
120.2227822580645
0.0
0.0
0.7467278972520908
0.0
0.0
0.0
0.0
0.3733557347670251
0.0
47.417712066905615
145.98394563918757
175.475993130227
125.44795400238948
26.508169056152923
0.0
0.0
0.0
0.0
0.0
0.0
0.0
78.77740442054959
130.67312574671445
186.30424880525686
97.81910842293907
10.080734767025088
6.7206541218638005
0.0
0.0
0.0
0.0
0.7467278972520908
0.0
43.682310334528076
243.42928614097968
136.64964157706092
146.7307347670251
16.05430854241338
0.7467278972520908
0.0
0.0
0.0
0.0
0.0
0.7467278972520908
82.88620071684589
138.89071833930706
154.57075119474314
134.408527479092
0.0
1.493414351851852
0.0
0.0
0.0
0.3733557347670251
1.1200899790919951
0.0
71.3111559139785
126.1951164874552
199.37361857825567
173.98622311827958
17.174473566308244
0.0
0.0
1.493414351851852
0.7467278972520908
0.0
0.0
8.587029569892474
19.041304510155317
118.72849462365589
210.5752688172043
132.54084528076464
12.694190561529268
0.0
0.0
0.0
0.0
0.0
0.0
0.0
29.12205047789725
134.03513291517325
142.99570639187573
95.20463709677419
35.09561678614098
0.0
0.0
0.0
0.0
0.0
0.0
0.0
38.08262395459976
126.56851105137396
163.53132467144565
141.50141875746715
11.200899790919951
0.0
0.0
1.493414351851852
0.0
0.0
0.0
0.0
60.109132317801674
132.1674507168459
134.78192204301072
114.24630376344086
17.174473566308244
6.3471139486260455
0.0
0.0
0.0
0.0
0.0
1.493414351851852
44.42947281959379
135.90247909199522
116.48738052568697
0.0
0.0
0.0
0.0
0.0
0.0
0.0
0.0
0.0
29.12205047789725
90.35285991636798
113.12574671445641
85.87029569892474
10.080734767025088
0.0
0.0
0.0
0.3733557347670251
0.0
0.0
0.0
20.161469534050177
125.0745594384707
101.92790471923539
40.69593787335723
11.200899790919951
0.7467278972520908
0.0
0.0
0.0
0.0
0.0
0.0
29.12205047789725
111.262208781362
184.06317204301075
96.32515681003584
11.574025537634409
0.0
0.0
0.0
0.0
0.0
0.0
0.0
76.90972222222223
134.78192204301072
125.44795400238948
97.07194593787335
23.14804734169654
