4.851403823205228
3.458669354865921
2.3887022103020024
2.853311678614098
1.7258064516401148
11.223506571087217
44.784199522102746
54.99178614097969
114.85215053763442
30.54584826762246
19.229017323775388
6.345579450445371
4.851403823205228
5.408938172043012
2.4153699970131424
2.6383773894862603
1.850787783751493
9.886140979689365
81.8847072879331
156.45534647550775
189.2659796893668
106.05249402628435
42.207287933094385
7.138440860215054
4.946931003584229
3.458669354865921
3.069332437275986
2.811122311827957
1.7608318399044205
8.938560334528075
30.281884707287933
129.15919952210274
161.9586320191159
106.75813918757467
21.486708482676224
6.345579450445371
4.9425515232974915
3.458669354865921
2.3887022103020024
2.975918458781362
1.7258064516401148
8.551762246117084
63.67607526881721
158.61335125448028
317.07362604540026
118.31354540023895
34.21856332138591
6.345579450445371
4.93578629032258
3.458669354865921
2.3887022103020024
2.5906137993103657
3.409460872162485
10.4528972520908
47.136350059737154
88.54540023894863
114.85215053763442
70.64702807646356
29.77150537634409
6.345579450445371
4.851403823205228
3.5669317502986857
2.3887022103020024
3.080981182795699
1.7258064516401148
11.414292114695339
93.23103345280765
179.86857825567503
191.11036439665472
74.33206391875747
19.794653524492233
7.655092592592593
6.422827060931899
3.458669354865921
3.401284348864994
2.5906137993103657
1.7258064516401148
11.303031660692952
48.17801672640382
171.30749701314218
138.61260454002388
73.30533154121864
26.76560633213859
10.508512544802867
5.432534348864994
3.458669354865921
2.3887022103020024
2.5906137993103657
1.8420288231780164
0.3334229390953121
54.0621266427718
117.36111111111111
122.75238948626045
38.0331541218638
24.128584229390682
16.439665471923536
4.851403823205228
3.6791778673835127
2.3887022103020024
5.55783303464755
2.0283042114695338
14.26823476702509
61.01777180406213
145.58318399044205
185.59587813620072
132.4189814814815
25.38493130227001
6.345579450445371
4.9660356929510145
6.80055256869773
2.3887022103020024
2.5906137993103657
2.3069369772998805
14.971639784946236
63.12724014336918
136.91756272401435
199.41009557945043
94.93391577060932
35.03061529271206
9.426672640382316
6.801672640382318
3.458669354865921
3.3081317204301075
2.5906137993103657
1.7258064516401148
5.911006571087216
37.29540023894862
118.3729091995221
128.57676224611708
65.67764336917563
25.42637395459976
10.882989844683394
4.851403823205228
3.458669354865921
2.586122311827957
2.743455047789725
1.7258064516401148
7.617249103942652
45.452508960573475
64.71027479091995
91.2410394265233
48.84296594982079
30.98902329749104
9.82433542413381
7.134931302270012
3.541457586618877
2.3887022103020024
2.5906137993103657
1.9391465053763441
7.095669056152926
36.235439068100355
118.80973715651135
101.23581242532856
31.535991636798087
36.6274641577061
9.22688918757467
5.002654569892473
3.6576762246117083
2.3887022103020024
2.5906137993103657
2.6452359617682197
1.006884707287933
42.02508960573477
113.66114097968936
107.54554958183991
70.29980585424134
22.320041816009557
9.19937275985663
5.610849761051374
4.705271804062127
2.3887022103020024
5.090277777777778
1.7258064516401148
12.70573476702509
63.1347072879331
148.58124253285544
146.8563321385902
117.66390382317802
25.398745519713263
7.539650537634409
4.851403823205228
4.544466845878136
2.5399529569892474
2.5906137993103657
1.7258064516401148
5.029883512544803
23.869100955794504
20.916591995221026
117.44698327359617
64.35222520908005
21.493802270011948
6.767473118279568
5.022550776583034
3.458669354865921
2.3887022103020024
2.663851553166069
2.8760827359617687
1.252852449223417
35.74223416965352
142.45071684587813
135.52867383512546
31.535991636798087
47.636648745519715
9.638440860215052
6.882877837514934
3.458669354865921
2.553879181600956
2.7816606929510157
1.7258064516401148
12.035185185185183
46.736857825567505
110.03584229390681
116.1215651135006
74.2648596176822
32.130002986857825
14.859991039426523
4.851403823205228
3.458669354865921
2.3887022103020024
2.664247311827957
1.7258064516401148
6.574462365591398
34.44780465949821
93.23103345280765
93.23103345280765
62.336096176821975
29.140531660692957
7.046893667861409
5.610849761051374
4.194220430107527
2.3887022103020024
2.5906137993103657
1.7258064516401148
5.4282556750298685
35.17734468339307
83.94190561529271
177.24761051373955
73.82803166069296
32.48730585424134
7.705645161290323
