0
0
0
0
0
23.58555199654714
496.4174714447893
1435.40696140296
2041.147039666923
1094.9758854583579
148.64009186903252
0
0
0
12.28130319988474
0
0
0
0
725.3234115629186
1082.555822754168
424.6260080062343
10.762654011072684
0
0
0
0
0
0
81.19678833006307
627.1616191609317
1393.250735528944
1875.0940509177342
859.083716338402
309.75286154171226
0
0
0
0
0
1.9933191321229344
16.68629309308011
691.0668064425973
1490.2790268225576
2277.1057736326243
1176.259932182494
110.72866847386075
34.75299010015199
0
0
0
0
0
0
389.2198704687013
702.7948149456274
1219.5238897026481
698.0597425346263
30.592368934138463
0
0
0
0
0
0
0
300.8938138756858
1077.6882784488412
1356.4973872099627
643.977082845295
170.90257279430273
0
0
0
0
0
0
66.10860693667115
37.18051482464514
725.4409090118443
792.8162985144966
356.45203967543864
59.37106929200476
0
0
0
0
0
0
0
412.2558477913889
483.4013475624515
1278.9154336245713
580.5456563351363
0
0
0
0
0
0
0
23.14535012286248
305.4630167185429
1073.6087114312631
1449.1102670879827
757.9509093662595
146.21498929964548
0
0
0
0
0
0
16.316789831412926
88.29538039819451
722.8687590171169
776.6268063604473
461.3609878881126
12.824465310250076
0
0
0
0
0
0
0
507.1098259392529
1132.0878202787017
1226.4588944589823
351.91515657060603
62.2119589473989
0
0
0
0
0
0
68.82620827202373
701.7816744891011
1224.383235585112
1785.5522748571227
817.8363748752561
240.98123620878417
0
0
0
0
0
3.8472242417583438
0
612.1805621604841
1172.1084450996816
1913.0099377377774
1077.6093135436097
239.6210961480136
0
0
0
0
0
0
42.99119367223505
387.9449320655815
85.50285414504434
1834.9117882249107
731.6645688108973
138.78415651183417
0
0
0
0
0
0
6.3238849291922605
139.8807796316243
1416.120745756022
2351.0417966895284
663.8907589326349
84.31436995867776
0
0
0
0
0
0
17.262383237095094
286.93857891601306
712.1777559519068
774.5236018586835
482.5279677791491
174.9008470233232
0
0
0
0
0
0
39.197321762052084
208.73377970580282
1004.5014409992607
744.8208092602538
265.3762645899292
98.43627883834162
0
0
0
0
0
0
2.702567480447229
128.6066938005163
1396.2206439530564
1036.1196074645745
578.4376167933168
130.43349157161975
0
0
0
0
0
0
31.126581494333323
565.537630693253
774.8100732598359
2162.9257660415847
1075.5671740873672
162.60373921069856
0
0
0
0
0
0
36.58917062123315
382.5596810968434
901.281610746538
997.398864695749
343.871266971743
0
0
