0.0
0.0
0.0
0.0
0.0
0.7467278972520908
0.0
53.01627837514934
141.12802419354838
199.37361857825567
77.28349014336916
0.0
0.7467278972520908
0.0
0.0
0.0
0.0
0.0
0.0
38.08262395459976
126.56851105137396
87.36458333333333
134.78192204301072
8.587029569892474
0.3733557347670251
7.093738799283154
0.0
0.0
0.0
0.0
1.1200899790919951
9.707194593787337
93.71449372759857
167.63597670250897
224.76138739545996
25.761540471923535
0.0
0.0
0.0
0.0
0.3733557347670251
0.3733557347670251
0.0
69.44347371565114
93.71449372759857
142.99570639187573
53.390008960573475
0.0
0.0
0.0
0.0
0.3733557347670251
0.0
0.0
0.0
50.028001792114694
113.12574671445641
120.96957138590203
43.30854241338112
12.694190561529268
0.3733557347670251
0.0
0.0
0.0
0.0
0.3733557347670251
7.467278972520908
84.00675776583033
126.1951164874552
159.7959229390681
96.32515681003584
2.240142249103943
0.0
0.0
0.0
0.0
0.0
0.0
0.0
13.440852747909199
100.80734767025089
93.71449372759857
106.40628733572282
0.0
0.0
0.0
0.0
0.0
0.3733557347670251
0.7467278972520908
0.0
34.34897700119474
129.55675029868578
85.12731481481482
38.455607825567505
10.827396953405017
0.0
0.0
0.0
7.093738799283154
0.0
0.3733557347670251
0.0
62.35058243727599
100.06018518518518
84.38052568697731
50.028001792114694
0.0
0.0
0.0
0.0
0.0
0.0
0.0
0.0
69.81686827956989
64.21792861409797
92.5939366786141
86.24406362007169
0.0
0.0
0.0
0.0
0.0
0.0
0.0
0.0
40.32254330943847
130.67312574671445
153.82362604540023
37.33557347670251
7.093738799283154
8.960569743130227
0.7467278972520908
0.0
0.0
0.0
0.0
0.0
29.49514635603345
166.14202508960574
130.67312574671445
86.24406362007169
16.427848715651137
0.0
0.0
0.0
0.0
0.0
0.0
0.0
67.206541218638
146.7307347670251
178.83800029868578
124.7008288530466
29.86869026284349
6.3471139486260455
0.0
0.7467278972520908
0.0
0.0
0.0
0.0
16.427848715651137
121.33919504181601
106.40628733572282
57.87219982078853
8.960569743130227
0.0
0.7467278972520908
0.0
0.0
0.0
0.0
0.7467278972520908
54.13679808841099
110.51508363201911
147.10450268817203
100.06018518518518
1.8667764336917563
0.0
0.0
0.3733557347670251
0.0
0.0
0.0
0.0
12.320687724014338
77.65688470728793
95.57803166069296
71.3111559139785
0.0
0.0
0.0
0.0
0.0
0.0
0.0
0.0
45.54999253285544
102.67502986857825
148.96766726403823
69.06970579450419
0.0
0.7467278972520908
0.0
0.0
0.0
0.0
0.0
0.0
19.41442652329749
142.24854390681006
148.96766726403823
97.07194593787335
8.2139075567503
5.973573775388291
0.0
0.0
0.0
0.0
1.1200899790919951
0.0
45.54999253285544
155.31791367980884
224.76138739545996
134.78192204301072
17.921139486260454
0.0
0.0
4.853823178016726
0.0
0.0
0.7467278972520908
0.0
29.49514635603345
114.24630376344086
139.63369922341695
47.417712066905615
18.667764336917564
