1432.1948064216765
841.1411841273851
811.0793613260768
957.5122477245135
929.4746805106512
1105.954774410435
1554.034748353317
2206.799219910589
3025.0840505849806
3890.8179570164984
3344.815397429143
2439.003235333679
1611.7506027890583
1308.4362459371735
807.0342229925633
1018.4941022220152
854.6581122929074
1360.9191739622638
1413.4689566865716
2323.656484476065
2756.905728684494
3887.668837512862
3459.103297372947
2003.1082760708177
1229.7468475210642
1027.3490960799313
839.5297716250544
937.7617019337192
779.0723146657068
922.653913773648
1500.6160625004104
2523.362286208597
3229.093862747431
3692.682492787609
3608.6845157995003
2188.1956693401435
1320.7024586799685
1149.2662706538595
962.2962895485949
881.576970097244
1029.8079088234176
1389.3804772567075
1899.8900221166082
2152.3884486741067
3520.7111577891183
4325.032429232372
3556.435302889683
2543.2489861020968
1542.9154556582275
1083.5596487103057
1087.4233763685395
960.1927455356289
1067.1193476151789
1439.961492827827
1932.0775922722014
2148.7965581493813
3068.052049179667
2965.3327582232323
3073.886115428957
2222.097547440027
1683.8178351118934
1504.3056016158137
1263.6411777302885
946.4798172922196
1328.8516977843287
1662.7280168824118
1913.70430391454
2864.5409651188206
3679.8976714804644
3994.7111868345314
3655.941038305039
2533.2532448792695
2071.4607597651475
1998.646197369755
1340.069779958729
1350.9188898178727
1582.2471290443748
1928.9181107475397
1859.5486632903205
2766.8602490269313
3462.422955405893
3924.570143247447
3712.3269700329092
2759.017731073152
2280.5115228995187
2003.880493778322
1698.6036226158485
1609.5455798155433
1514.5591963116424
2142.226756564641
2250.7981216218395
2753.9979766329193
3460.3113449948946
4036.5224093143056
3304.4312864646295
2821.9747994042928
2505.961679955479
2191.185991422706
1771.0287808656572
1657.0269505665751
2044.996895679932
2303.849358443246
2381.005492805769
2956.7155078501632
3830.018652315941
4724.204254603341
3661.321964165248
2490.430086611016
2542.6321372702387
2353.479501947096
1815.2786187290867
2399.600251301323
2054.1730755738154
2289.1718300057787
2609.328879916963
2973.4662711135006
4113.048176347922
4410.413465890149
4579.064597444967
3333.998598737502
2749.005421219347
2162.287958846852
1677.4925516174085
1617.397726981472
1788.667588892938
1773.9917751184385
2323.399726705862
3071.996102808171
3880.997110678344
3748.2294928244405
3593.2171707558755
2845.7888133944502
2462.6415009698985
1942.4678356313152
1846.3530234681566
1559.9323540046732
1300.3894721836416
1776.3706796694942
2351.401371628272
2892.457266501133
4229.051666840536
4997.143226199448
4702.170709212809
3173.0475421712986
2201.6887090508253
1501.8139233027234
1111.5824039793358
1485.7277870017313
1398.1269898008507
1990.5407246846285
2525.3376817669305
3156.421154214668
4007.860580255007
4311.407392993448
4283.820723606145
3168.8656726742233
2221.5972567533477
1846.4028151200314
1567.4393407387306
1246.786615815243
1408.4356364741075
1848.9480096830996
2089.3907884488635
2820.8530545988424
3248.66043814147
3989.223122245193
3600.8799711129154
2640.4880174897157
2441.034582712788
2193.5904236177726
1678.2578906210078
1904.3016724296367
1540.953591885787
2091.619658198147
2460.939672616885
3281.7235026382486
3909.3655683499396
4672.940549146489
5300.241917906738
3647.6185708502617
2743.5862898987034
2327.587084987382
1456.9780154286498
1452.945421454692
1291.27738287673
1591.9651683647985
2377.7525591845165
2745.736579769868
3672.9716938597085
4365.418655977685
3679.5475694369175
2821.672561890922
1989.7395982832968
1752.651947356185
1166.1684639914045
1116.7776940190915
1103.4467338944798
1710.8832526012693
1934.0731733909058
2738.2533080797207
3206.6315257357096
4514.922934115162
4676.815435401521
2957.2252036902705
2664.8538382776364
1535.2622283881337
1128.7775935542365
1164.5378171945747
1277.2559903913652
1357.1749590212762
1740.4514229250326
2488.360896493407
3362.39449137587
3253.004788854812
3486.2433883747854
2271.4456648279956
1804.4842259750894
1133.4125468059572
1043.227216288524
853.8990679381078
1141.6923522541504
1221.5699891530166
1521.1656384355044
2340.9783706210046
3668.1506070098394
3874.511059213749
3493.5589095174305
2596.5680966430727
1851.0373401540892
1263.3604942026495
919.3598627648316
853.9942982514699
732.9163130238453
1466.242497807044
1741.5906361653851
2156.381400623031
2921.596975631518
3650.970889866364
2435.048620413872
1979.8030353381805
