0
0
0
0
0
43.91993073011942
307.87841827872
1288.1455366717769
1343.2449339321556
449.6178358765176
98.4740599096538
0
9.354069498834711
0
0
0
0
96.37403947016983
518.133477683721
1928.2546391614844
1649.678358596462
633.7340575880742
107.78330066579191
0
0
0
0
0
0
0
375.31088738076437
748.1096064966857
949.6183938090123
181.15599829778074
14.595416798582072
0
0
0
0
0
0
11.463249484955817
391.11160930998074
1348.323008304039
1416.046185819004
534.374104822876
31.836456705640906
0
0
0
0
0
0
60.308299271548634
745.3586100146989
1424.0940980997489
2183.8723813394467
1181.126872164256
152.93772437021966
0
0
0
0
0
0
25.25095345889119
440.46594649217326
1018.6492999542176
1865.8234774130694
767.0225577556893
186.87468300935646
0
0
0
0
0
0
99.20941338828408
143.23390490827717
897.6508104455361
1017.0863851333736
539.4120157805762
118.85452956679566
0
0
0
0
7.236578884481855
0
20.20316408137831
385.68401386068405
922.5571868695007
1426.1966462888488
399.1911163112413
0
0
0
0
0
0
0
0
623.2452747830591
1654.0787681815618
1918.8601177450912
975.478164443918
19.059896707052886
0
0
0
0
0
0
35.91050249569012
507.0686032177883
919.7557064484192
1870.796833242168
788.2415882465357
95.16265228754993
29.13362017537208
0
0
0
0
0
0
572.6377530599219
425.80123127033835
884.3751877684211
76.2119008955763
15.306492997578147
0
0
0
0
0
0
10.21886806891743
473.608511406664
1069.2794422756733
1092.7214803529412
1170.7071186028545
286.24646918369456
0
0
0
0
0
0
55.64244644582743
310.02703766825
1926.6167336301476
2354.1453170687214
1166.560553089607
128.37456837023583
0
0
0
0
0
0
66.90222264475591
489.889376510026
957.3021372991665
1767.6328157040027
591.3640162421996
120.83441039474928
0
0
0
0
0
0
42.076274415452744
724.5950866806089
1910.1757786114574
1334.279923929672
914.9589339625035
122.12336040073268
0
0
0
0
0
0
0
418.83598034970487
1006.1263819973074
1764.4672249172258
697.8378542785517
121.88023770432685
0
0
0
0
0
0
0
465.4703015098649
1674.5600580840871
1103.4371473725594
384.68238018132706
17.306014501424073
0
0
0
0
0
0
0
282.9533186511734
950.8648345145863
929.0541952781948
375.2831215722893
0
0
0
0
0
0
0
36.539925281669085
184.98211247342027
910.0953181821776
1676.3296638910465
781.0043754015849
276.13480253208445
0
0
0
0
0
0
0
577.1661625783249
1034.7725008301702
1620.6799280171347
379.2423840565697
49.91976336767242
0
