530.7118611857826
336.53085349462367
92.37898879928315
150.53446337365583
116.70925041069293
136.64894302568703
870.3111002837514
2290.2726254480285
6205.726642771804
3931.784158452808
2088.025011200717
649.3495930406214
675.0549921594982
273.4756851105138
308.0535804958184
140.57024230884113
137.3253079077061
126.52156996714456
563.8679973118278
2391.79879032258
5305.6080421146935
3725.9840501792123
1549.7282892771807
646.3452508960572
334.186022625448
280.4325545101553
231.2877120669056
132.67197196087216
76.81938209378735
111.5485445041816
319.8183975507765
1959.989799880525
3323.902777777778
3670.096505376345
1536.3841285842295
770.0470885603345
645.1502822580643
155.80007504480287
84.55582556750295
121.6726811155914
129.1747037037037
124.74800552568693
313.3997815860214
2865.3216659199516
5112.039083034649
2640.550985663084
1447.3199148745516
1017.5277404420548
248.77864583333337
280.7069362305854
140.59812313321387
148.52395683990443
47.182793346774204
157.36682758363202
724.3391054360809
2394.1431167861415
7614.018675328554
4659.5126717443245
1534.1371490442054
623.0293899342892
444.3425705645161
157.7257489545998
134.30794440710866
119.77461301523297
117.00683292264038
248.79151545698926
652.3181249999997
3265.1964680406204
6090.294563918758
6244.095101553169
2788.0015083632024
1022.4503472222217
395.9262380525687
282.3690404719236
180.96821983273597
135.22920015681004
107.97830988649937
310.3141218637993
439.9971501642772
2147.7638926224618
4095.2574746117084
3752.675571236561
1445.0428427419356
933.4718040621268
323.4206526284348
222.03508960573473
135.31749010603346
192.66843077956995
104.18354308542413
121.0090890083632
442.62578591696524
1621.919377240143
5909.270389038231
3311.6259483273598
1244.1312313321384
568.9781929510157
474.3892573924731
414.66585013440863
217.5246882467145
133.86449148745518
139.48107974910388
114.83760032108721
464.7237421594982
3745.472487305855
6749.446893667861
5460.803931451614
1815.8782220728792
702.1487839755079
226.3103905316607
227.41970019414575
221.68827770310634
153.78538328853048
108.32655745967742
486.7391782407407
461.4529073327361
3406.2190486857817
7505.999723715654
4410.402904719236
3163.9354801373956
1386.6094160692946
419.57378322879333
160.19166965352449
129.0741742458184
125.88395646654715
92.73516793608124
204.65748693249694
772.7019612455199
963.5664265979691
4908.789340651134
2828.4575306152938
1749.3553576762242
442.0095952807647
440.2146968339308
172.06787074372758
139.6067488052569
179.91003972520906
129.1497738948626
163.51595840800482
426.6934248058543
2856.884572879331
5760.266666666666
6515.41022998805
4152.9381869773
1352.8522700119468
451.17685110513725
255.0833105585425
160.56235961768223
252.6233227673238
154.1054586320191
132.904478046595
805.4598790322582
2012.1076538231773
6487.052874850654
4566.249331690561
2384.2875336021507
650.098494623656
511.92983049581846
169.0451135005973
117.22866494922341
131.31371016278376
69.92819548984468
312.0726037933093
715.1621102150534
2147.8480473416967
6201.889157706094
4735.660185185186
3403.125171744325
1293.8575343488646
508.3977116935483
244.3747192353644
163.98471326164872
139.68924910394264
178.3911783154122
232.97918122759864
412.7843316905616
3745.9486260453996
6842.548267622463
5334.0558617084835
1916.3479017323773
856.0048428166069
273.6775735513739
284.27093974014343
161.14908938172044
245.5743032034051
82.16544022550777
417.85914762544786
867.3960935633212
3223.4966061827963
7370.470889336916
6583.102131869773
2702.0917824074077
653.90700567503
315.49249775985663
248.5769967144563
198.2930745967742
131.14297453703705
156.38655465949822
109.5456767099761
727.4232676224611
3307.1259520609333
7979.36906362007
5409.661906362007
2608.5204525089607
1256.8368092891276
516.4908008512544
195.34739433990444
143.7051989994026
161.938658938172
138.3729945863202
277.2245667189367
511.46193548387095
2684.1288269115894
7567.721438172041
6079.541857078853
2266.3794877538835
735.2911084976107
288.3075276284349
235.0355969982078
125.1740440561529
106.36454263739546
98.94769422043008
147.0920773596177
737.9819604988052
2710.5554323476695
6307.648316158901
4220.654980585425
2262.6217891278384
1163.8802456690564
282.8528804510156
200.84166367980885
133.005194369773
120.7449619175627
104.02299268219834
219.8500582437276
870.783788829152
3138.7237828554366
5459.398155615293
4201.357157258063
2119.8066942951023
186.14636193249703
