0
0
0
0
0
0
420.6487289119338
1282.077361641908
1371.7332105151906
640.3537229732917
152.24059963486286
0
0
0
0
0
0
57.373890127278514
392.5517871221916
1689.4355680742685
1701.057913554646
912.1719309453024
156.3524837601766
0
0
0
0
0
0
60.73811897522435
759.890860499044
2107.023136962636
2669.8416614314738
1379.9103292416278
334.36195652379104
45.04076134282944
0
0
0
0
0
49.26245796763207
369.8063524402076
220.41552622518594
722.6191398213936
433.76030553972197
0
0
0
0
0
0
0
30.34813648779715
510.32388779247685
1412.0794624964042
1723.2977845652529
907.9264540041604
106.6231709054646
12.252442823301962
0
0
0
0
0
0
744.2032523464146
1612.8626362744087
2274.508886612591
963.9136121165019
262.2399383857005
34.733198071643756
0
0
0
0
0
0
183.42584785929273
614.5343976617844
820.3009908681405
125.62565078654981
3.925504775875723
0
0
0
0
0
0
25.659070592728348
376.8847307065622
635.7523780284013
1043.4061743653124
372.5024215681111
93.65598694427258
0
0
0
0
0
0
50.252242297295
251.4102613421988
1271.714670212625
1637.9521129661186
497.79559275933
126.01710996870166
0
0
0
0
0
0
42.29815930572594
616.0844335642637
1357.4143832704021
1865.7240285826695
1027.460898282378
293.6690366961521
42.92412943463135
0
0
0
0
0
14.015243310239505
251.45540538967094
737.3282623336596
733.5306537182419
130.0941440258033
56.97256229267967
0
0
0
0
0
0
112.0862142457394
448.0029259825301
1206.9220647368443
1794.003589074566
871.8839405861281
209.74729056959663
5.687405960325705
0
0
0
0
0
92.3679915473806
385.4948542751796
1114.7533077042217
1162.9382531499639
587.7340148578269
61.680497283019605
0
0
0
0
0
0
26.11645502229478
587.4655413845779
1360.5361576097991
1790.9609220361413
927.7764266364649
32.76459259307666
0
0
0
0
0
0
0
482.1880526304295
951.3746286711951
1647.9317309786563
484.5721358740926
117.93205215700513
0
0
0
0
0
0
14.63107349993858
300.7277814249736
1173.187313896949
1169.6841454668076
490.31881305991374
98.04962987875928
0
0
0
0
0
0
0
111.63259989696176
1432.5603567698695
1605.096346894662
922.6501967882566
130.1437161143273
0
0
0
0
0
0
0
351.71261524615534
1038.187489831193
1316.516486198147
938.7027004253358
237.10105429563413
0
0
0
0
0
0
38.245682450127845
240.28792937903557
789.9037859241129
1464.9221071407478
540.524984720581
50.28392140902591
0
0
0
0
0
0
0
494.4178800215746
1163.261524127661
1079.7932046001697
640.8788087877525
168.83277113350272
0
