0.0
0.0
0.0
0.0
0.0
0.0
0.0
61.97681451612903
140.00709378733572
142.24854390681006
97.44571385902032
0.0
0.0
0.0
1.493414351851852
1.1200899790919951
0.0
0.0
1.1200899790919951
43.682310334528076
126.56851105137396
136.64964157706092
102.30167264038232
13.814392921146954
0.3733557347670251
0.3733557347670251
0.0
0.0
0.0
0.0
0.0
88.11137246117084
135.15568996415772
172.49189814814815
126.1951164874552
17.174473566308244
0.0
1.493414351851852
0.0
0.0
0.0
0.0
0.7467278972520908
44.802830047789726
146.7307347670251
177.71706989247312
199.37361857825567
30.615330047789726
0.0
0.0
0.0
0.0
0.0
0.0
0.0
45.54999253285544
100.06018518518518
121.33919504181601
8.960569743130227
11.574025537634409
0.0
1.8667764336917563
0.0
0.0
0.7467278972520908
0.0
1.8667764336917563
72.80510752688173
200.86790621266428
159.7959229390681
118.72849462365589
32.1086096176822
0.0
0.0
0.0
0.7467278972520908
0.0
0.0
0.0
33.975433094384705
118.72849462365589
123.20687724014337
95.57803166069296
12.694190561529268
0.0
0.0
0.0
0.0
0.7467278972520908
0.0
7.093738799283154
75.04618428912784
120.96957138590203
126.1951164874552
123.95366636798086
20.534595280764634
7.093738799283154
0.0
0.0
0.0
10.080734767025088
4.106933243727599
0.0
23.52158751493429
117.98133213859022
139.63369922341695
92.5939366786141
23.14804734169654
0.0
0.0
0.0
0.0
1.493414351851852
0.0
1.1200899790919951
46.29678166069295
95.57803166069296
178.83800029868578
135.15568996415772
18.667764336917564
10.080734767025088
0.0
0.7467278972520908
0.3733557347670251
0.0
0.0
0.0
84.00675776583033
105.28573028673836
92.5939366786141
102.30167264038232
18.667764336917564
0.0
1.8667764336917563
0.0
0.0
0.0
0.0
7.093738799283154
29.12205047789725
95.57803166069296
120.96957138590203
7.467278972520908
0.0
5.600451762246117
0.0
0.0
0.0
2.240142249103943
0.0
0.0
40.32254330943847
128.06283602150538
136.64964157706092
123.95366636798086
17.174473566308244
0.0
0.0
0.0
0.0
0.0
0.0
0.0
51.52232676224612
123.20687724014337
125.0745594384707
84.00675776583033
0.0
0.0
0.0
0.0
1.493414351851852
0.0
0.0
0.0
46.29678166069295
148.96766726403823
106.77968189964157
46.67054958183991
0.0
0.0
0.0
0.0
0.0
0.0
0.0
0.0
52.64288381123058
132.1674507168459
134.03513291517325
70.93738799283155
10.080734767025088
0.0
1.493414351851852
0.0
0.0
0.0
0.0
0.0
50.028001792114694
141.87481332138591
138.1439292114695
130.67312574671445
27.25524566905615
1.1200899790919951
0.0
0.7467278972520908
0.0
0.7467278972520908
0.7467278972520908
0.0
37.70911738351254
200.86790621266428
148.96766726403823
205.71931003584228
25.761540471923535
0.0
0.0
1.8667764336917563
0.7467278972520908
0.0
0.0
0.0
40.69593787335723
142.24854390681006
224.76138739545996
112.75201612903226
16.427848715651137
0.0
1.1200899790919951
1.8667764336917563
0.0
0.0
0.3733557347670251
0.0
49.28539426523297
88.11137246117084
92.5939366786141
99.68679062126643
17.921139486260454
