0
0
0
0
0
72.15368969069289
502.03313751408433
1455.3020480218365
2263.404357468595
941.7612797235903
192.5674365524256
0
0
0
0
0
18.940295113366126
0
0.847523382645619
759.335134979884
123.1129090743593
0
102.83613071358168
0
0
0
0
0
6.8916144564936594
56.3964224399794
401.4582141430106
1149.5096961024205
933.2963358639707
924.8513387995729
57.01066470778158
0
0
0
0
9.451211461440838
0
28.437637179101586
671.4991541128483
1483.5705441463326
2366.685746750904
796.9095737595547
151.49532020623835
0
0
0
0
0
19.017632423367544
0
455.85368169928677
1379.2221596290206
2208.8899291291714
714.8932998822966
38.078032016575705
0
0
0
0
0
0
1.2999005915076722
206.2556717012533
1281.8624122600718
1566.8166076400703
1082.761431710289
111.64559101413542
0
0
0
0
0
0
0
362.88701870756034
626.0113988565274
1167.611325396217
441.4497995320695
0
0
0
0
0
0
0
10.22287734302703
169.98710525853355
246.17046345253516
390.7295763963756
415.79281882020183
110.69354668142905
0
0
0
0
13.451235790725864
0
0
374.49004778186435
941.906949185146
1154.2767844117584
582.7970861882427
89.0850609842333
0
0
0
0
0
0
35.1282817668968
508.7890333253153
1348.9283468307367
1904.0853637081175
703.32970055239
108.15529715015448
0
0
0
0
0
0
0
455.15567420687523
1012.0527246992509
1156.0463347218263
709.0996697127805
174.04887651012294
0
0
0
0
0
0
0
272.35866074955516
559.0528144381585
1154.5695986325113
440.1015331787208
0
0
0
0
0
0
0
23.20811998226708
292.13277243527506
1194.0327282538035
1717.1153738190203
597.7560429342903
0
0
0
0
0
6.899586904162124
0
0
367.981894431173
782.9379646587839
922.0287237087816
478.2210950952463
62.7046314222284
0
0
0
0
0
0
0
377.32806159100306
445.93108028409824
1088.1116891626468
75.39023623251555
18.193364881019434
0
0
0
0
0
0
16.21104661821815
1.7526470163714976
1064.2875976484422
458.4438527547409
0
54.602833283777215
0
0
0
0
0
0
66.89266226384417
466.70200700568347
1786.4451387292484
1308.0690171455585
946.5170576006822
198.51274239867618
0
0
0
0
0
0
91.53287662023222
440.9688876475891
1200.5594283019216
1197.1665011324362
406.24526314935025
68.66049276636296
0
0
0
0
0
0
37.9578613629116
492.6814478975541
1278.7512321606723
1714.8672236282032
457.3182194876062
82.41019082360177
0
0
0
0
0
0
23.370233942619052
348.69356699887425
1315.872411224435
542.0494023301579
564.3995674496401
86.14631653374168
0
