5.815785543612612
4.146132019120379
2.863575268821692
3.1056227598611184
2.068884408606638
0.3997162485110588
4.487753882915173e-12
171.74320489844683
471.18391577060925
561.8608124253286
87.9603494623656
7.606780167268525
8.802658303464753
4.146132019120379
2.863575268821692
3.1056227598611184
2.068884408606638
0.3997162485110588
13.814180107526882
85.87141577060933
329.3014486260454
296.78950119474314
18.14142771804511
7.606780167268525
11.042801672640383
4.146132019120379
2.863575268821692
3.1056227598611184
2.068884408606638
0.3997162485110588
7.093862007168458
113.12649342891278
354.68862007168457
249.37051971326164
18.14142771804511
7.606780167268525
5.815785543612612
4.146132019120379
2.863575268821692
3.1056227598611184
2.068884408606638
0.3997162485110588
6.347222222222222
125.82026583034646
377.8360215053764
426.7166965352449
159.27045997610517
7.606780167268525
5.815785543612612
8.626504629629629
2.863575268821692
16.546706989247312
4.309020310633214
0.3997162485110588
4.487753882915173e-12
226.62933094384704
518.9848416965352
525.3039127837515
49.876605436081235
40.462141577060926
5.815785543612612
4.146132019120379
2.863575268821692
3.1056227598611184
2.068884408606638
0.3997162485110588
4.487753882915173e-12
139.26149940262843
387.1706989247312
381.913082437276
132.76396356033453
17.31414277180406
13.65628733572282
4.146132019120379
2.863575268821692
3.1056227598611184
2.068884408606638
0.3997162485110588
4.487753882915173e-12
79.15322580645163
297.19160692951016
216.88844086021504
87.21251493428913
39.71546445639187
18.88332586618877
7.133004778972523
2.863575268821692
3.1056227598611184
2.068884408606638
0.3997162485110588
4.487753882915173e-12
145.23633512544802
337.1397102747909
323.66823476702507
129.77635902031062
14.700642174432497
5.815785543612612
4.146132019120379
2.863575268821692
4.972431302270011
2.068884408606638
0.3997162485110588
4.487753882915173e-12
194.14725209080046
384.55906511350054
151.92465651135007
161.51022998805257
44.19586320191159
5.815785543612612
4.146132019120379
2.863575268821692
3.1056227598611184
2.068884408606638
3.386589008363202
4.487753882915173e-12
157.93010752688173
452.151284348865
483.834005376344
175.32370071684588
59.50526433691756
10.296158154121864
4.146132019120379
2.863575268821692
3.1056227598611184
2.068884408606638
1.8931526284348865
4.487753882915173e-12
99.31302270011948
368.50209080047796
234.06548685782556
305.25500298685785
21.42096027479092
5.815785543612612
4.146132019120379
2.863575268821692
3.1056227598611184
2.068884408606638
0.3997162485110588
4.487753882915173e-12
78.033527479092
269.93652927120667
110.108646953405
129.40001493428912
7.606780167268525
5.815785543612612
4.146132019120379
2.863575268821692
3.1056227598611184
2.068884408606638
0.3997162485110588
4.487753882915173e-12
67.95101553166069
397.6243279569892
322.1766726403823
18.14142771804511
60.62473864994026
5.815785543612612
4.146132019120379
2.863575268821692
3.1056227598611184
2.815583930704898
1.1464157706093192
4.487753882915173e-12
36.58908303464755
273.296370967742
92.55973715651135
99.15770609318996
50.54293608124253
5.815785543612612
4.146132019120379
2.863575268821692
3.1056227598611184
2.068884408606638
1.8931526284348865
4.487753882915173e-12
150.8352001194743
222.52202807646353
307.9872311827957
44.64960424133811
21.42096027479092
5.815785543612612
4.146132019120379
2.863575268821692
3.1056227598611184
2.068884408606638
0.3997162485110588
4.487753882915173e-12
81.39262246117084
283.75
414.39516129032256
152.1759259259259
7.606780167268525
5.815785543612612
4.146132019120379
2.863575268821692
3.1056227598611184
2.068884408606638
3.0132205794504183
4.487753882915173e-12
146.35640681003585
387.1706989247312
440.531660692951
154.41532258064515
55.76963859020311
5.815785543612612
4.146132019120379
2.863575268821692
3.1056227598611184
2.068884408606638
0.3997162485110588
4.487753882915173e-12
194.8906063321386
448.03726105137395
266.91905615292706
175.32370071684588
51.6627464157706
14.029868578255678
4.146132019120379
2.863575268821692
5.345758661887693
2.068884408606638
0.3997162485110588
4.487753882915173e-12
202.35775089605735
224.76142473118279
391.2473864994026
94.30704898446834
9.8469160692951
5.815785543612612
4.146132019120379
2.863575268821692
3.1056227598611184
2.068884408606638
0.3997162485110588
4.487753882915173e-12
126.19623655913979
385.30241935483866
408.0480884109916
211.1689814814815
7.606780167268525
