15.911364994026284
8.310185185185187
7.135790023894861
2.9882355137395464
3.569459378733572
7.020273297491039
45.51112604540023
133.38597670250897
220.96587514934285
258.38747013142176
174.72670250896056
55.64441457586618
33.83919504181601
8.71957138590203
6.017958482676225
3.9786962365591396
4.711350059737156
3.8654644563918756
30.371677120669055
91.94407108721624
188.2459677419355
110.8094384707288
87.43428912783753
16.031772700119475
23.004442951015534
5.167152031063321
4.961133512544803
1.740132168458781
4.164015830346475
3.03216472520908
20.312836021505376
82.93384109916369
187.6456093189964
115.60110513739548
89.25925925925925
24.232862903225808
11.013440860215054
8.53871714456392
8.241972819593787
3.7994698327359613
17.75996863799283
5.975134408602151
22.02456690561529
86.15031362007169
220.4129330943847
202.59595280764637
94.0714605734767
24.22207287933094
19.509371266427717
5.45680256869773
8.222222222222221
2.860397998805257
6.843077956989247
25.903561827956988
28.72871863799283
111.90001493428913
180.34535543608126
229.37014635603344
95.75418160095579
54.88351254480287
27.003173536439665
7.004666965352451
4.509285394265233
2.186021505376344
2.4159460872162484
12.186529271206691
36.739359318996414
101.55988649940262
202.16584528076464
201.75664575866188
125.6530017921147
36.97528375149343
20.26885454002389
23.399118876941458
5.421583781362007
4.206358273596177
5.561753285543608
12.04006123058542
37.931376941457586
95.64628136200717
221.30301672640383
180.918458781362
159.82377538829152
68.73357228195938
28.882541816009564
9.503098864994028
3.975238948626045
2.730619026284349
2.7572468637992826
11.273446833930706
36.13903823178017
85.22326762246117
80.54323476702508
215.93750000000006
109.3104091995221
48.814590800477895
19.280577956989248
17.663082437275985
5.774230884109916
3.717618727598566
3.505428614097969
7.858273596176822
43.70482377538829
93.0047789725209
228.07459677419354
155.41255973715653
82.69563918757468
44.84262992831541
32.06037186379928
5.824186081242532
3.0068735065710874
2.417006421744325
2.8539687873357233
15.173200418160096
38.16326911589008
80.82287933094385
238.21497909199522
239.92906212664278
127.75574970131422
53.4102449223417
30.23708183990442
6.291778673835125
4.245683990442056
2.7413007765830346
4.717544056152927
5.666591995221028
15.300365890083633
91.55465949820788
157.35215053763437
157.18189964157708
120.51597968936676
19.75630973715651
20.46300029868578
10.772625448028672
5.09005376344086
3.652034796893668
3.7351329151732386
7.039725209080048
20.274716248506568
71.5165770609319
189.0639934289128
138.93667861409796
66.48782855436082
34.624290621266425
12.681787634408602
16.044466845878137
3.5717517921146955
10.223678315412188
3.0252389486260456
20.628957586618878
40.40079898446833
80.48349761051372
178.0577956989247
146.55988649940264
36.64146505376344
37.86786887694146
18.172379032258064
15.061230585424134
17.67969683393071
6.3244175627240145
0.700053390083632
5.760902031063321
19.450007467144562
86.88172043010752
188.22431302270013
132.14680406212665
128.00067204301075
38.21221624850657
20.647476105137397
11.310035842293907
9.771804062126643
3.111163381123059
4.876209677419355
6.478457287933094
23.753322879330945
105.51672640382318
101.21826463560335
155.66830943847071
107.32638888888889
32.24817054958184
15.13231780167264
5.521057347670251
3.3334976105137395
2.5213672341696536
2.2781287335722817
4.156716696535245
23.67290173237754
45.00593637992831
104.78382616487453
204.3555854241338
53.35909498207885
43.846699522102746
16.152815113500598
13.438844086021508
7.68014486260454
2.724286887694146
2.4606518817204304
7.725358422939068
38.58814964157706
105.35356929510155
197.90621266427718
216.16300776583034
165.79749103942652
50.488724611708484
22.413381123058542
5.032855436081243
5.340427120669056
7.451090203106331
3.9125410692951017
13.589083034647553
33.880563022700116
97.75425627240143
202.93010752688173
167.3906063321386
97.08930704898445
38.658714157706086
14.800291218637993
6.5052643369175644
4.4546258960573475
3.1263403524492235
2.448245221027479
8.165583930704898
37.01142473118279
109.85775089605735
201.673013739546
231.0719086021505
151.6651732377539
40.952882317801674
16.300104540023895
9.984953703703702
4.7756869772998805
3.7860812425328554
2.1480884109916363
7.1530764635603346
35.3847072879331
89.26037933094385
179.13754480286738
175.32631421744324
99.9719982078853
34.08814964157706
