14.715725806451612
7.630899044205495
5.136051373954601
1.1613343787335724
1.811170848267622
9.906175328554362
54.586693548387096
112.66129032258064
235.37298387096774
247.23118279569897
149.71214157706092
39.5093339307049
19.298947132616487
11.624514635603346
5.372909199522102
6.949036738351254
4.401594235364397
7.113687275985663
40.18929211469534
78.2814366786141
200.40023894862605
187.81660692951016
145.88149641577058
35.53304211469534
11.955458482676226
11.092592592592593
4.743492383512545
3.9043346774193557
1.6497498506571087
5.37317054958184
37.73812724014337
117.79047192353644
219.65837813620072
233.44870071684588
143.9784946236559
51.56548685782557
22.87044504181601
9.597782258064516
11.414127837514934
6.334192054958184
6.080047789725209
12.715203106332138
37.00104540023895
97.5104540023895
187.91069295101553
221.91308243727602
193.13918757467144
44.92159498207885
22.445788530465947
9.345654121863799
5.0065710872162486
3.882915173237754
4.447423835125448
14.691905615292711
34.615218040621265
98.73805256869773
171.4437724014337
176.44713261648747
48.275836320191154
40.9634109916368
17.357825567502985
12.531623357228193
5.639336917562724
5.844242831541219
3.782508213859021
16.336357526881724
43.27471624850658
122.40330047789725
244.94026284348865
217.4854390681003
172.17144563918757
72.23230286738351
27.152889784946243
10.648521505376344
6.819220430107527
4.105947580645161
4.550701911589008
9.64236111111111
41.57818100358423
134.33542413381124
233.086917562724
271.55839307048984
212.12888291517325
69.7057945041816
33.89195041816009
10.116487455197133
14.341509856630825
3.547155017921147
5.694481780167265
9.478606630824373
32.44955943847073
103.16158900836321
204.42839008363197
197.59296594982078
126.39859617682198
64.97386499402629
30.69952210274791
4.107534348864994
4.800104540023895
3.4175925925925927
3.955727299880525
3.8459714755077656
7.258885902031064
64.46124551971326
166.4168906810036
132.11432198327358
96.63231780167264
28.409572879330938
12.264150238948625
11.308281063321386
4.8512544802867374
4.203946385902031
3.6209192054958184
12.19410842293907
26.906100657108727
64.9820788530466
163.57937574671445
174.60200119474314
87.93085424133811
33.2557123655914
13.18567054958184
13.478345280764636
5.3308318399044206
11.01194743130227
2.1039165173237753
17.55103793309439
41.19780465949821
102.58288530465953
237.84796893667863
271.79920848267625
132.56011051373957
63.11491935483871
18.540509259259256
12.450231481481481
3.842794205495818
4.35421146953405
4.004924581839904
5.429024790919952
30.48480436081243
98.42592592592591
195.2411887694146
219.32758363201913
130.7806899641577
34.945116487455195
28.568175029868577
10.695527180406213
4.975806451612903
4.413123506571088
2.51631197729988
4.690934886499402
24.907930107526884
75.3386350059737
143.35685483870967
162.9603494623656
6.368171296296296
39.891129032258064
18.6800701911589
10.243951612903224
5.589493727598566
2.249813321385902
3.223607377538829
9.103830645161288
17.549805854241338
81.78838112305853
178.4106182795699
165.6929510155317
73.5009707287933
35.28035394265233
16.820265830346475
8.483273596176824
10.418122759856631
3.2512694145758663
3.3464904420549573
23.35207586618877
50.759408602150536
119.62104241338112
224.7524641577061
180.9009109916368
176.379554958184
54.52247610513739
44.06152927120669
17.11316457586619
4.990516726403823
4.933654420549582
3.2478046594982084
3.622520908004779
33.760902031063324
105.59662485065711
227.07101254480287
202.61462066905617
114.51762246117087
68.3094384707288
27.465688470728793
12.370557048984468
5.494922341696535
2.7725881123058542
3.130958781362007
4.927867383512544
25.68757467144564
86.48633512544802
179.57623954599762
177.07399940262843
98.48715651135007
47.99320489844684
19.52270011947431
12.404345878136201
7.837738948626045
7.258773894862604
9.756720430107526
14.373879928315413
29.535319593787335
116.158527479092
232.42234169653526
269.5590651135006
186.98663381123058
70.94870071684588
27.60304659498208
16.98775388291517
5.687051971326164
4.65076164874552
2.9551523297491045
6.961208183990442
35.578143667861404
98.25940860215054
220.96587514934285
210.10715352449225
147.42383512544802
60.30577956989247
30.60995370370371
12.484505675029867
9.02370818399044
3.800074671445639
3.783288530465949
13.01011798088411
44.086768219832734
99.80398745519713
220.37074372759858
212.4357825567503
100.9277927120669
34.96751792114696
