477.30493914277173
191.33677158004778
175.40213859020312
143.98533684289123
111.28855798237751
187.20300253882914
305.4978565561529
2157.277266278375
5132.845680256869
3437.0179248805243
1416.5424320489847
558.702698252688
275.58612268518516
132.58281642025088
163.62058766427717
97.38201064068102
149.2594228270609
221.07239956690552
570.587159498208
2660.6879293608117
8093.288832885303
4766.894567652331
1613.4678128733576
635.437586618877
268.3266980286738
311.8104950716847
147.90830197132615
143.28338336320186
144.28102161738354
294.31910058243733
514.982298387097
2895.241875746714
5413.292361111112
3131.136129778972
1824.2073066009566
746.7457388739545
333.97981406810055
358.75322393966553
169.5123655913978
255.0192585125449
108.82093570788533
207.26450455495822
740.05302531362
3841.3473043608124
8740.629043458779
6165.6984244324985
2659.740068697729
1201.5845766129025
536.7839773745524
255.56670250896053
163.24830197132619
113.11108650686981
100.80726855585425
265.9142010155316
665.9492723267622
2597.014370519714
7736.964658004783
5308.141483721624
2469.252688172043
1360.946247759856
622.3523196684584
225.75644153225807
202.72008848566307
101.70697364097971
82.7529197655317
273.80667712066906
1012.8531466547189
4449.791028225806
8184.278942652329
6413.969728195938
3107.8274081541217
1394.6808617084826
698.9138045101553
302.23492532855425
137.72481776433693
175.75965882616487
133.5691797341697
89.25248850059741
456.3959617682198
2359.3381907108733
4860.2425141875765
5352.918182497012
3127.3161252986856
1350.2576762246115
596.3151370221027
222.66688694743138
167.0083303464755
148.21168679062123
91.10762305854243
121.39372087813622
709.6162048237754
3479.272584378733
7458.554554958183
5703.611947431303
3274.8803315412188
870.4342219235365
416.74060521206707
360.9034501941457
188.4326709976105
124.9992784124851
194.50241338112303
273.20275574970134
667.4818063022701
4463.248290023895
9296.7526135006
6632.2319369772995
3415.8575343488637
1085.9515755675031
406.2491491188769
282.85121042413385
209.4359830495818
202.62563022700118
142.5301984020311
278.30454263739546
1198.5275798984467
4046.4485364396655
7910.507037783755
6290.39184961171
3856.964911887694
805.3558553614098
519.0244530316606
202.91411439665472
118.91463702210275
167.83296527777773
133.587858833632
321.0673640979689
799.2162709080047
3447.2039501194736
6434.832228195936
6053.059143518518
4215.505966248505
1381.1268705197128
416.033401657706
189.0064262246117
179.5675966995222
133.24586103643966
128.9958892249104
381.59187014635603
479.59775089605745
2368.148928464755
6137.252699372761
4165.044855137395
2002.9358497610515
809.7459953703703
389.02507243130225
235.76431974313033
165.15845691457588
91.18333183990443
121.03969455645156
219.0554215203106
555.6601388888892
1935.17113948626
6012.1319519115905
4333.720194892475
2149.8056899641565
997.0985924432493
546.0783841099163
193.81423013739547
113.25850395758657
116.926059401135
124.76250795250898
173.1513134707289
590.0315274044206
1844.333273596177
6772.461021505376
5529.625563769414
1746.7454450418168
1295.7709901433693
458.25714456391876
580.7400410692951
242.22893891875756
256.2796611409797
60.033231668160106
503.34094347371575
520.026052120669
3998.6448663381116
7205.309964904423
4076.4132168458796
3313.2732676224628
877.6873670848266
781.2212044504181
652.6035920698923
215.58464979092
192.9817529121864
101.51045863201915
99.90469716995224
683.7042249103943
3338.8175365890074
6774.3159647550765
4646.088089904418
1384.2448887395456
613.3932974910394
250.346559139785
235.2912190113501
97.34962246117087
92.30983225059737
51.222246863799285
109.76512619474313
1159.1196833930705
3706.1129293608133
5718.325866188771
4420.460054510155
2139.5289949223416
845.4802385752687
452.86696796594975
248.87515531660688
118.08339385454003
125.03456418010752
68.25015949820786
271.92317129629623
612.9726149940263
1742.6077658303466
5864.335812425329
3511.048637246117
1647.1518854540025
1483.0394302568698
333.7717891278376
192.21792301373952
103.09728998655912
154.96264176373955
95.967724275687
169.90363761947427
633.4748140681004
2476.298991935484
7245.691707735962
3554.2795885603337
2722.285177718041
1218.5247573178021
263.39498655913985
108.48109322729985
146.92670848267622
129.66190094832737
137.73513179510152
200.7804192801673
400.8917446983273
2395.695026881721
6175.0223678315415
5378.818988948627
2775.537175179212
1249.150694444444
