4.851403823205228
3.458669354865921
2.518458781362007
2.5906137993103657
2.358646953405018
9.355600358422938
42.93981481481482
42.02508960573477
141.67040023894862
63.50097072879331
25.2942054958184
6.345579450445371
8.067428315412185
3.458669354865921
2.3887022103020024
2.78803390083632
5.23159348864994
0.9145534647550777
53.95385304659498
114.91562126642772
148.58124253285544
81.71333632019116
31.53151135005974
6.345579450445371
4.851403823205228
3.9482153524492234
2.3887022103020024
2.5906137993103657
2.6452359617682197
0.3334229390953121
63.1347072879331
130.7347670250896
168.30197132616487
75.4035991636798
33.13284050179212
6.345579450445371
5.298797789725209
3.458669354865921
2.3887022103020024
4.2622834528076465
1.7258064516401148
6.693936678614098
61.510603345280764
176.32541816009558
232.76956391875746
130.83968040621266
48.424432497013136
10.461096176821984
4.851403823205228
3.458669354865921
3.445863201911589
2.5906137993103657
1.7258064516401148
5.911006571087216
61.01777180406213
105.8355734767025
163.3811230585424
113.28442353643966
32.912933094384705
16.439665471923536
4.93578629032258
3.458669354865921
3.447431302270012
2.5906137993103657
1.7258064516401148
9.320131421744325
62.92189366786141
122.75238948626045
136.96983273596177
115.46482974910394
42.207287933094385
15.34087514934289
8.33015979689367
3.496482974910394
3.9111409796893666
3.7691532258064515
1.7258064516401148
11.319086021505376
46.33736559139785
93.71266427718041
81.8847072879331
70.29980585424134
39.002389486260455
6.422397700119473
4.851403823205228
3.458669354865921
2.8169802867383513
3.7023222819593786
4.071796594982078
15.808333333333334
57.433542413381126
141.81600955794505
163.65740740740742
97.40554062126644
49.123357228195935
6.345579450445371
4.851403823205228
4.795250896057348
2.834490740740741
9.680294205495818
2.033075716845878
11.223506571087217
40.70340501792115
124.58183990442055
207.77329749103941
140.36402329749103
46.09655017921147
10.958781362007167
4.851403823205228
4.7084826762246115
2.3887022103020024
2.5906137993103657
2.056160394265233
0.3334229390953121
34.44780465949821
181.01478494623655
164.57959976105138
110.34236857825567
49.123357228195935
6.345579450445371
4.851403823205228
3.458669354865921
4.012656810035842
2.5906137993103657
1.7735700418160096
8.453195937873357
60.412933094384705
165.46818996415772
152.49402628434888
137.1046146953405
36.467293906810035
10.958781362007167
5.048823924731183
3.458669354865921
2.3887022103020024
2.5906137993103657
1.7258064516401148
4.870833333333334
21.906735364396656
137.9965651135006
106.20146356033453
65.67764336917563
34.29136798088411
6.564501194743129
4.851403823205228
3.458669354865921
2.3887022103020024
2.5906137993103657
1.7258064516401148
0.3334229390953121
40.834080047789726
83.44907407407408
148.86126045400238
68.05966248506572
29.876045400238954
6.345579450445371
4.947726254480287
5.460685483870968
3.7785991636798086
2.5906137993103657
2.7383885902031064
9.7267174432497
40.90128434886499
43.57078853046595
121.21042413381123
115.46482974910394
26.102897252090802
14.055779569892474
8.72423835125448
3.588425925925926
2.3887022103020024
2.5906137993103657
7.7756869772998805
33.624566905615296
63.67607526881721
164.57959976105138
170.88933691756273
90.97632915173237
48.27396953405018
16.590875149342892
11.179808841099163
6.025164277180406
5.278412485065711
3.418496117084827
2.9198775388291516
12.250238948626045
34.52247610513739
114.11290322580645
143.2534348864994
64.62104241338112
22.258064516129032
11.107004181600956
4.851403823205228
4.043757467144564
4.004666965352449
2.7816606929510157
1.7258064516401148
8.13957586618877
45.411439665471924
122.78972520908005
185.07691158900838
121.51321684587813
36.467293906810035
10.803464755077659
4.851403823205228
3.458669354865921
2.4173599910394263
2.60971848864994
1.7258064516401148
0.4842741935483871
63.1347072879331
88.54540023894863
117.36111111111111
16.743204898446834
21.895534647550775
7.292898745519712
7.983796296296297
3.649716248506571
2.423727598566308
2.5906137993103657
1.7258064516401148
5.094847670250896
53.2444743130227
128.57676224611708
127.47535842293907
68.91465053763442
29.117756869773
13.62940561529271
5.8559961170848265
4.390046296296297
2.3887022103020024
2.5906137993103657
2.3626418757467142
1.9573775388291517
40.90128434886499
142.45071684587813
60.49880525686977
70.75156810035843
31.824223416965353
15.735140382317798
