7.932497013142174
3.458669354865921
2.3887022103020024
2.5906137993103657
1.9391465053763441
7.458198924731182
32.25246415770609
158.61335125448028
96.90486857825567
64.16554659498208
41.80107526881721
13.271356033452808
5.344944743130227
3.458669354865921
2.3887022103020024
2.5906137993103657
2.512283452807646
5.6668309438470725
54.72296893667861
110.03584229390681
118.3729091995221
93.99305555555556
27.328629032258064
11.042040023894863
5.747759856630824
3.458669354865921
2.3887022103020024
4.8513291517323776
1.7258064516401148
4.22231182795699
23.74925328554361
85.30465949820788
138.61260454002388
60.82399940262844
30.193399044205496
11.042040023894863
7.946908602150538
4.0031735364396654
2.3887022103020024
2.5906137993103657
4.806899641577061
9.064381720430108
23.74925328554361
134.21445639187576
158.61335125448028
79.40598864994026
38.256421744324975
6.361500522700119
7.598603643966547
3.496482974910394
2.4842293906810036
2.5906137993103657
4.937163978494624
11.458721624850655
80.42861409796893
174.82078853046596
158.61335125448028
82.84087514934289
24.686006571087216
6.345579450445371
5.552718040621266
3.458669354865921
3.1481481481481484
2.5906137993103657
1.7258064516401148
6.574462365591398
37.73521505376344
124.46236559139786
117.44698327359617
97.40554062126644
33.92734468339307
9.477971923536439
4.851403823205228
3.88694743130227
2.3887022103020024
2.913803016726404
3.3497610513739544
7.072147550776583
49.75731780167265
100.73924731182795
176.77718040621266
64.62104241338112
27.18637992831541
6.345579450445371
10.473043608124255
4.218115292712067
2.3887022103020024
2.975918458781362
2.689030764635603
3.8121789127837515
39.21370967741935
179.00985663082437
103.96505376344086
75.35132915173237
47.636648745519715
11.042040023894863
4.851403823205228
3.5541965352449223
2.3887022103020024
2.5906137993103657
4.590464456391876
4.448939665471923
49.245818399044204
118.3729091995221
179.86857825567503
40.00672043010753
27.634781959378735
6.383393070489843
4.851403823205228
3.458669354865921
2.5256235065710873
2.5906137993103657
3.779607228195938
9.711036439665472
34.52247610513739
179.26747311827958
245.17995818399044
156.48558841099162
59.9174880525687
7.046893667861409
5.042450716845878
3.458669354865921
2.3887022103020024
2.7625522700119474
1.7258064516401148
11.152195340501793
41.076762246117084
137.9965651135006
167.6859318996416
106.75813918757467
31.53151135005974
7.735476403823178
4.851403823205228
3.458669354865921
2.3887022103020024
2.5906137993103657
1.7258064516401148
0.3334229390953121
31.781660692951014
122.78972520908005
88.32138590203107
63.691382915173236
24.510902031063324
6.345579450445371
7.598603643966547
4.30884109916368
4.390718339307049
2.626037186379928
2.037865890083632
4.206257467144563
15.474910394265233
36.52367084826762
60.77882317801673
103.34192054958184
25.227374551971327
9.56160394265233
6.335648148148148
4.7084826762246115
2.4205439814814813
2.5906137993103657
1.7258064516401148
2.864784946236559
20.088112305854242
85.26359020310633
103.96505376344086
84.68152628434886
24.058393070489846
6.345579450445371
4.976385155316607
4.940934886499402
2.3887022103020024
2.5906137993103657
1.7258064516401148
10.57871863799283
53.2444743130227
181.01478494623655
207.77329749103941
98.17465651135007
29.873058542413382
6.542999551971326
6.905204599761051
3.458669354865921
3.9111409796893666
3.024454898446834
1.7258064516401148
9.205510752688172
17.354017323775388
43.43264635603345
164.57959976105138
93.57116188769415
29.64531063321386
6.345579450445371
5.0719123357228195
3.458669354865921
2.6959714755077657
2.5906137993103657
1.7258064516401148
0.3334229390953121
18.278076463560335
140.19563918757467
174.82078853046596
88.28815710872162
45.41517323775388
9.352262544802867
4.851403823205228
3.458669354865921
2.882243130227001
2.5906137993103657
2.5071311230585422
7.617249103942652
23.391950418160096
85.12918160095579
245.17995818399044
52.483198924731184
29.64531063321386
6.345579450445371
4.911107377538829
3.458669354865921
2.719056152927121
2.72753509557945
2.6221624850657106
4.496356033452807
60.77882317801673
116.1215651135006
56.9481780167264
75.04144265232975
26.258587216248507
10.803464755077659
4.851403823205228
4.163978494623656
2.4312910692951015
3.990068697729988
2.5680256869773
6.686842891278375
75.05227001194743
140.5428614097969
207.77329749103941
106.63866487455198
52.666890681003586
9.598640979689366
