163.51746311230576
401.6610117980884
143.20109565412181
220.717710946834
169.38112443996408
382.24726105137404
835.109354091995
5053.347931600956
8074.694765531661
6576.222117682196
3893.965897550776
1226.3282780764634
486.92108236260447
175.15282258064516
110.09892682198328
202.10599746117086
145.3392476478495
252.51013851553165
636.988846699522
3397.0460648148146
6545.094817801672
5731.356018518518
3235.7576388888897
814.5328233273597
468.5238474462366
178.97034087514933
105.61403830645163
119.19185121714457
89.72508744026285
55.587161626344084
518.0163284050178
1963.6044690860208
4890.752214008363
3938.4706615890077
1558.6194519115893
699.1399021804059
350.57844048685786
220.63236335125444
149.06142510453995
201.97473969534045
164.96936002837512
188.79011947431306
576.429445191159
2245.466610663083
6520.814139038231
4388.626217144565
1998.3199932795706
853.5002587365591
321.66856220131416
154.02232974910393
122.80563586469533
144.29460442801673
175.03514934289134
226.7460117980884
673.519904047192
3909.5435819892487
7275.466793608129
6121.783064516127
3314.729946983274
1741.536122311828
443.97003808243744
134.38284460872157
211.1041972819593
97.75169395908003
81.15002172939066
219.50701463560344
458.9343007019117
2004.2548013739543
4954.947685185186
2948.8322954002388
1294.0312350657111
550.442578405018
509.99027441756255
144.48575713112302
98.89261133512545
66.84514419056153
83.29696169354838
380.2085364396655
393.03476329151727
1667.8448999402622
3763.26362753883
3166.387544802868
1039.8961282855437
558.5279226403825
181.7862724014337
251.53584229390685
181.07526060334527
117.44621908602154
136.6197828554361
283.66476926523296
567.2632149790923
2720.03630525687
6352.998693249701
4739.205850507765
2176.567372311828
867.4472099014336
579.2286323924732
229.15107377538828
147.95146430704895
165.9284263739546
153.15999925328552
524.0336279121864
607.4759882765832
3056.3388403524496
6069.085640681003
4653.015154569894
2935.1058206391867
795.8890666069293
359.1925149342892
238.08976702508966
143.00138896356032
197.78924006869775
157.19399921594982
154.54006832437273
594.4154106929511
2696.5206018518516
7494.654857377542
5170.617200567503
1695.0581541218637
728.5747491039425
522.4265008960575
340.3190255376344
146.43506332138585
147.72299873058543
54.3295881869773
203.01829114396654
599.8322894265234
2503.069914874552
6059.646680854241
4365.83915397252
2862.2903561827966
850.6654954450419
151.48018443847067
341.96488313918763
132.71193906810035
136.09487638142173
80.94921509109916
289.6122214755078
569.3906324671445
2144.6964643070487
5983.600627240144
4611.529708034648
1601.7343413978494
650.445111260454
208.82095616786137
301.10496938470726
155.93517178166067
203.54827602299875
185.59117895011946
287.4505126194743
1158.0475395758667
3774.1064740143374
7274.170852001192
5512.776769713264
3157.765139635604
907.5733945639188
713.4534109916368
169.2578737305854
309.8487511200717
128.2595145609319
83.55323857526882
197.0116599462366
506.20410543608125
2416.9307011648734
6337.484834229389
4439.983863500597
1876.5394899940252
1529.3846064814813
389.53365927419355
338.30470766129025
104.08032153524492
145.95906664426528
423.23989994026283
113.7673013739546
548.9375421893669
3108.979088261649
6638.021079749105
4997.429073327359
2930.2522588112315
781.5530708632019
428.5151146206691
171.43429846176818
66.4041534498208
101.4749685259857
126.77830536887693
152.75130563022697
631.642721774193
2200.2778673835123
6162.441226105138
4329.384516875747
1853.772797192354
590.1846785394264
366.9528614097969
129.4986086096177
112.48244959677422
101.67675018667863
76.22157762096775
126.85427232676223
486.6404622162485
2526.7368055555553
4872.316644265234
3431.446912335722
1336.2985103046594
572.6966484942501
287.2072815860215
228.28282071385902
101.31311073775392
470.5791125298685
90.99123465501792
143.03282967443246
474.45843040621264
2238.5247834528077
5958.160252389486
3759.823678315413
1162.6303054062128
689.246658452807
445.70869810334517
135.26844646057353
100.89001665173237
73.6004044205496
46.80587216248507
74.52562163978496
77.95093776135006
1134.3550548835128
2129.014995146356
1790.418623058543
810.9060622013142
440.28705682497014
171.7616554659499
260.9887358124254
251.85216173835116
108.19809856630819
141.99741188769417
140.03527255077663
491.57617420848294
2593.808658154122
5497.262757616486
4076.108773894863
2145.871076015532
697.5704181600955
