1735.3661514336914
1862.9774977598565
1557.1005413679802
1851.7161066308258
1654.9108094384715
2081.2695041816005
2448.665027628435
3281.383646953405
4151.957452210277
4828.635341995223
5196.920773596177
3218.2591472520908
2521.7503248207886
2387.9502725507764
1628.1545549581851
1873.8836320191156
1719.0344347371579
2680.26999327957
2545.0262694145754
3145.7921931003593
4540.848080943848
5016.070116487456
5281.271729390681
3096.161701015531
2768.8025612305846
2172.889870071685
1562.2012955495816
1541.6168794802866
1569.0940288978493
1758.140567876345
2392.722106481481
2517.6965315113503
3167.7839419056168
3869.8977374551987
3754.1616263440874
2940.493540919953
2135.8288530465948
1604.3694743130227
1468.800134408602
1505.3401135005977
1397.066916816009
1729.0148633512538
1963.9542398446833
2899.312817353644
3750.560558542414
4481.436678614097
3832.846811529269
2872.1730510752686
2065.602449223417
1590.8445601851847
1402.8888627538834
1410.4529569892472
1352.4254480286736
1819.8737903225806
2039.4124103942652
2683.8918160095577
3787.690822879331
3881.3232153524486
3375.4597520908005
2663.7317801672643
1871.264635603346
1422.922610513739
1321.7372050477895
1295.4437051971329
1205.7217618727598
1676.7369511648749
2103.6967125896053
2746.497909199522
3440.8426672640376
4151.404719235365
3517.9071572580647
2662.48133213859
1709.9606108124249
1518.2754816308238
1479.9822580645164
1654.7955757168456
1344.268015606332
2157.513982228197
2165.623080943846
2648.5346998207883
3550.531313470728
4088.086506869772
3288.636350059737
2528.842741935484
1813.895299432497
1893.5369959677416
1877.8411813022703
1606.6302083333337
1455.9543608124259
2183.9321945937872
2270.4765531660696
3103.351661439665
3395.5082847968943
3996.2276359020316
3578.0263216845865
2750.436921296296
2417.8719758064517
1583.387477598566
1059.1081839904425
1273.4027703106335
1360.6297416367977
1883.318313172043
2017.5756683094385
2434.3190822879333
3149.901288082436
3611.329599761051
3218.4364545997605
2286.1511088709676
1653.8265942353648
1331.3999477299876
964.1577620967746
1218.5229502688176
958.065328927718
1351.2775436827953
1826.1374824522106
2521.631212664277
3053.7053091397847
3685.104502688171
3345.7800925925926
2323.5226777180405
1659.4290733273597
1329.9780951314217
1092.748562574671
1113.8764374253283
1296.4237119175634
1511.3662119175624
1823.2575082138596
2758.154017323776
3346.988201911589
4676.576500896058
4175.552904719233
2456.5507765830353
1568.305286738351
1592.6815150836323
1394.3626680107532
1449.6851067801672
1377.4555454749102
1713.9699708781354
1989.7986783154115
2603.265621266428
3646.333594683392
3725.2686678614104
3437.685222520908
2476.7135976702507
1748.9985327060924
1595.6424208482674
1497.3469347371567
1604.0795773596174
1656.5714755077654
1838.094364172641
2497.360741487454
2992.1712178912785
4063.761126045402
4662.945788530465
4163.886051373956
3110.5128808243726
2591.893794802868
1518.3359393667868
1167.1383437873358
1381.741173835125
1286.6378935185185
1586.7838000298682
2115.875679510155
2764.1005563022695
3756.1198066009556
4849.796632317802
4515.893929211469
2857.4548237753884
1974.2633288530467
1491.778972520908
1112.9950492831542
1206.473286290323
1501.7350843787333
1352.312733721625
1733.7535058243725
2264.2734655017925
3205.4536178315407
3656.4278673835124
3033.5495818399054
2329.580570489844
1687.052833781362
1202.1120855734766
856.9676709976106
740.0006455346478
859.2622274492235
1047.1429741636794
1513.3748655913976
2289.0816046893674
2953.1305854241336
3521.334901433691
2979.387346923537
2189.4280540621266
1691.7256347072876
1192.7208445340505
674.8173898969535
825.4400462962965
805.909666218638
1054.7415158303465
1338.4057358870969
1653.0950791517328
2684.916129032258
2856.594086021506
2380.629764038232
1880.7748603643975
1544.8345766129037
1071.8581354540024
760.4933841099164
1260.4857601553165
835.4300896057351
1183.9156063321389
1141.8521852598565
1611.7492517921146
2570.5200082138585
2450.966636798089
2185.512470131422
1472.0164202508963
1325.0118242234162
1500.0719534050181
988.1871191756276
955.7930529420546
1002.6625672043012
1282.0486536738354
1526.742216995221
2077.1834378733574
2924.100757915173
3347.943137694145
3219.7861969832734
2278.593481182795
1657.202430555556
1466.935730286738
1220.9075306152924
1311.4901359020312
1375.7508796296295
1432.6598196684592
1856.6530316606927
2661.8444407108727
3326.249089008363
3817.8151135005974
3411.8976627837524
2493.7852075866194
