0.0
0.0
0.0
0.0
0.0
0.0
0.0
44.802830047789726
148.22087813620075
107.52684438470726
100.80734767025089
0.0
2.240142249103943
0.0
0.7467278972520908
0.0
0.0
0.0
0.0
9.707194593787337
117.98133213859022
109.0207586618877
79.52456690561529
0.0
0.0
0.0
0.0
1.8667764336917563
0.3733557347670251
0.0
0.0
29.86869026284349
125.44795400238948
156.06507616487454
120.2227822580645
15.307683691756269
0.0
2.240142249103943
0.0
0.0
0.0
0.0
0.0
48.53823178016727
100.06018518518518
101.18111559139787
91.09961170848267
0.0
0.0
0.0
0.0
0.0
0.0
0.0
0.0
85.12731481481482
119.84901433691756
95.20463709677419
36.21580047789726
7.093738799283154
1.8667764336917563
0.3733557347670251
0.0
0.0
0.0
0.0
1.493414351851852
40.32254330943847
97.44571385902032
72.05794504181601
10.080734767025088
0.7467278972520908
0.0
0.0
0.0
0.0
0.0
0.7467278972520908
0.3733557347670251
49.28539426523297
106.40628733572282
107.52684438470726
71.3111559139785
0.0
0.0
0.0
0.0
0.0
0.0
0.0
0.0
67.206541218638
116.11402329749106
160.16969086021504
169.13026433691758
26.508169056152923
0.0
0.0
0.0
0.0
0.0
0.0
0.0
53.76340352449223
141.50141875746715
200.86790621266428
114.24630376344086
8.2139075567503
0.7467278972520908
0.0
0.0
0.0
0.0
0.0
0.0
86.24406362007169
199.37361857825567
147.10450268817203
92.96733124253285
17.921139486260454
0.0
0.0
0.0
0.0
0.0
0.0
0.0
67.206541218638
139.63369922341695
160.16969086021504
107.15344982078852
12.694190561529268
0.0
0.0
0.3733557347670251
6.3471139486260455
0.0
1.1200899790919951
0.0
35.842293906810035
100.06018518518518
99.68679062126643
37.70911738351254
11.574025537634409
0.0
0.0
0.0
0.0
0.0
0.0
5.226911589008363
29.49514635603345
104.91196236559139
148.22087813620075
53.76340352449223
0.0
1.493414351851852
0.0
0.0
0.0
0.0
0.0
0.0
48.911626344086024
126.94190561529271
173.23906063321385
109.7679211469534
2.240142249103943
0.0
0.0
0.3733557347670251
0.0
0.0
0.0
0.0
21.654760304659497
103.79144265232975
118.35510005973715
92.96733124253285
20.161469534050177
0.0
0.0
0.0
0.0
0.0
0.0
0.0
33.975433094384705
95.20463709677419
126.1951164874552
97.07194593787335
0.3733557347670251
0.0
0.0
0.0
1.8667764336917563
0.0
0.7467278972520908
0.0
53.01627837514934
123.20687724014337
111.262208781362
93.71449372759857
10.827396953405017
0.0
0.0
0.0
0.0
0.0
0.0
0.0
38.08262395459976
93.71449372759857
90.7262171445639
98.93966547192353
9.707194593787337
0.0
0.0
0.0
0.0
0.0
0.0
0.3733557347670251
50.028001792114694
94.45747461170848
102.30167264038232
90.35285991636798
0.0
0.0
0.0
0.0
0.0
0.0
0.3733557347670251
0.0
40.32254330943847
157.554846176822
200.86790621266428
132.1674507168459
18.667764336917564
