0.0
0.0
0.0
0.0
0.0
0.0
0.0
32.1086096176822
147.10450268817203
177.34367532855435
177.71706989247312
20.534595280764634
1.1200899790919951
0.0
0.0
0.0
0.0
0.0
0.0
53.01627837514934
121.71255227001194
121.33919504181601
111.262208781362
17.174473566308244
0.0
1.493414351851852
0.0
0.7467278972520908
0.0
0.0
0.0
45.54999253285544
99.68679062126643
118.72849462365589
34.72207287933094
1.493414351851852
0.0
0.0
0.0
0.0
0.0
0.0
0.0
20.534595280764634
128.06283602150538
125.44795400238948
38.82937574671445
6.3471139486260455
0.7467278972520908
2.240142249103943
0.0
0.0
0.0
1.1200899790919951
0.0
14.187481332138592
67.206541218638
54.8839605734767
92.96733124253285
7.467278972520908
0.7467278972520908
0.0
0.3733557347670251
0.0
0.0
0.0
0.0
41.06933243727599
136.64964157706092
146.7307347670251
5.973573775388291
0.0
8.960569743130227
0.0
0.0
0.0
0.0
0.0
0.0
1.493414351851852
134.78192204301072
100.43395310633214
97.07194593787335
24.64175627240143
0.0
0.0
0.0
0.0
0.0
0.0
0.0
44.802830047789726
53.01627837514934
92.96733124253285
38.455607825567505
16.05430854241338
0.0
0.0
0.0
0.0
0.0
0.0
0.3733557347670251
40.32254330943847
110.88847819593788
175.475993130227
92.96733124253285
10.080734767025088
0.0
0.0
0.0
0.0
6.7206541218638005
0.0
0.0
51.148558841099174
131.0468936678614
123.20687724014337
50.775164277180416
5.973573775388291
0.0
0.0
0.0
0.0
0.0
0.0
0.0
65.71221624850656
177.71706989247312
175.475993130227
66.45937873357228
23.14804734169654
0.0
0.0
0.0
0.0
0.0
0.0
0.0
36.21580047789726
139.63369922341695
134.408527479092
116.48738052568697
37.70911738351254
1.493414351851852
0.0
0.0
0.0
0.0
0.0
7.467278972520908
73.92562724014337
132.1674507168459
206.466472520908
90.35285991636798
0.0
0.0
0.0
0.0
0.0
0.0
0.0
0.0
33.975433094384705
109.7679211469534
111.63560334528077
78.77740442054959
15.681186529271207
1.1200899790919951
0.0
0.0
0.0
0.0
0.0
4.853823178016726
22.401422491039426
135.90247909199522
148.96766726403823
103.79144265232975
16.427848715651137
3.3602337216248506
0.0
0.0
0.0
0.0
0.0
0.0
32.1086096176822
90.35285991636798
98.93966547192353
40.69593787335723
6.3471139486260455
0.0
0.0
0.0
0.0
0.0
0.0
0.0
20.908131720430106
100.80734767025089
120.96957138590203
106.03251941457587
19.41442652329749
0.0
0.0
0.0
0.0
0.0
0.0
0.0
32.1086096176822
159.7959229390681
87.36458333333333
111.63560334528077
11.200899790919951
0.0
2.240142249103943
0.0
0.0
0.0
0.3733557347670251
5.600451762246117
31.735513739545997
92.96733124253285
113.12574671445641
50.775164277180416
6.3471139486260455
0.0
0.7467278972520908
0.0
0.0
0.0
0.0
0.0
54.8839605734767
97.07194593787335
92.96733124253285
56.37828554360812
0.7467278972520908
