1289.194029838642
668.9793524368241
515.157816000509
556.0173888535462
654.3929376791101
1064.9581533680218
1300.8900761609632
2098.7218080228945
3265.3672457761395
3974.56119925067
3645.120766306087
2201.987625267967
1749.6782349575183
898.7114251486429
798.874930131153
628.4131807763756
631.1509489864554
803.6240155841278
1463.4849091208614
2694.8067420925513
3200.8447631827025
3743.6458013718798
2945.1181943263528
2031.402705580972
1128.812181302426
931.1965908529301
935.1680444745167
741.6595140603619
888.9007951017886
1008.7133130418672
1696.975736186194
2132.2043747689318
2810.1880271739533
3166.9569850217817
2595.7189766716606
1904.511342876584
1304.4318120252494
955.3708554806216
843.3098461495503
677.2496129810552
845.9542450689374
1414.787121148583
1544.0667134248522
2115.882508560607
2706.2399622992725
3000.6028070698862
3010.716269138187
1748.1336747221662
1478.9859044336158
1256.2052057592898
762.9011325289334
1503.5823400696786
913.5375801420598
1208.1973017809337
1442.3735936162875
1872.7232233226189
3076.127986306311
3042.4816530858366
2490.3966291685038
1728.3404708271246
1587.8288902194201
1662.8546372340932
1331.001284510456
1401.4944454284196
559.4889468882707
975.1641780233924
1577.1217508978132
1989.8196688225246
2769.8312026931308
2788.135283310038
2471.7706007303673
1896.586876898386
1859.5001078834273
1011.6007672622289
475.89167736016327
647.2433111141692
723.1661732498711
753.7882176023785
1065.1927922927107
2015.658053686429
3379.1642897846273
3256.8009900216402
2694.09089625752
2155.067488390952
1510.3002661790874
1070.1399434497669
665.5865116540806
668.6513257832864
594.089603644379
1025.5466299218697
1109.6368798356978
1995.5090429411614
2575.4448426054087
2471.480518633303
2132.758163331415
1703.644027301544
1675.7787498479508
1369.1516238898494
469.9977586135662
800.2875053754157
803.8181770419379
565.807016418156
1361.1093271845027
2020.494536374657
2583.424163068628
3200.5347130860177
2528.7424017399194
1696.9941920470976
1349.6269438711945
807.5762649399285
765.4739293623013
755.6823786908091
798.4782354005779
1194.5215540947868
1273.8780659982044
1598.4057536403816
2554.552111533106
1940.7865244325649
2576.182130300405
1546.9540198844547
1630.5461470257978
862.0997793366962
624.1193325313873
649.668521485653
727.5728943738229
1074.3804575407805
1336.6879696867468
1907.2817509563197
2277.749571102479
2911.3784996942145
2809.504543814417
1823.668517695525
1171.0303749244986
896.7244403206818
761.1211312937231
522.4150040942787
712.3782524255766
1123.6493199024687
1291.5791344717602
2273.3750868416346
2661.839476727037
3533.237760249627
3037.01221906944
1694.9521493994953
1537.531701135653
1033.9804294257822
811.034838268463
782.2121888834524
841.2491373516278
1720.2491774922748
1707.8261748971574
2650.484527870582
3139.914153283681
3510.195214080665
3002.200726593004
2704.8595645499704
2538.8449046028095
2190.6642510519328
1375.6522290302478
845.3591479239653
874.7858007512881
1439.721631994927
1831.932137761886
2739.1682203694522
3981.9317643063423
4760.750414658575
4466.5313301332235
2634.88877913846
1595.9284447199555
1070.8459881339024
813.0870908898254
1101.897679747438
1115.5986217543661
1159.580186125268
1778.3637616252474
2790.9898780862786
3208.7497118684564
4200.23005034123
3951.1699346331434
3082.686559201517
1975.064627712324
1230.5533073589454
972.2808081407164
1346.9088604481215
1075.5014248420814
1648.0867245177253
2034.3352652777048
2496.9845188379695
3633.979310347163
3385.6348671485352
2761.7528785767026
2339.382762010397
1984.2436118734993
1666.2802254326482
1078.6865726010217
1243.9646003810985
1301.4450567738104
1587.5657809764184
2112.297751497237
2582.862645743998
3302.061334576806
3533.1826040673723
3322.56461401562
2753.1186363366273
2378.831369639644
1551.673059481325
1309.1040944502943
1660.439060474146
1565.9892923626921
1551.720741951384
2014.9389714614722
2508.3533882795477
3233.788088299404
3799.023456716222
3427.709536074904
2833.8256379462746
2306.957564535423
1616.171447642278
1602.1038067903166
1487.1001357397806
1498.5373940701602
1946.6071045950712
2011.3728106278588
3060.813040573216
3865.605834011033
4349.549328329639
4016.0076102342773
3149.175474181903
2239.680660793276
2546.4631002361016
1931.839660405214
2103.700473580024
2157.8474513900337
2234.374808141573
2024.0622311474635
2714.823306238324
4177.807963534743
4999.898197214034
3827.267370413875
4447.378912727669
