5.815785543612612
6.759636350059737
2.863575268821692
3.1056227598611184
2.068884408606638
0.3997162485110588
4.487753882915173e-12
76.16562126642772
282.25843787335725
104.13791816009558
18.14142771804511
7.606780167268525
5.815785543612612
7.87970430107527
2.863575268821692
3.1056227598611184
2.068884408606638
0.3997162485110588
4.487753882915173e-12
125.82026583034646
336.3963560334528
309.11140979689367
94.6789127837515
14.32709826762246
12.163007765830345
4.146132019120379
2.863575268821692
3.1056227598611184
2.068884408606638
0.3997162485110588
4.487753882915173e-12
139.26149940262843
347.9700567502987
327.4036738351254
88.7040770609319
7.606780167268525
12.909647550776583
4.146132019120379
2.863575268821692
6.092495519713261
2.068884408606638
0.3997162485110588
4.487753882915173e-12
150.8352001194743
514.1136499402628
511.8484916367982
216.3959826762246
53.15830346475508
5.815785543612612
4.146132019120379
2.863575268821692
3.1056227598611184
2.068884408606638
0.3997162485110588
4.487753882915173e-12
111.63493130227002
402.85170250896056
423.72909199522104
141.3500597371565
64.35595878136199
9.922726254480285
4.146132019120379
2.863575268821692
3.1056227598611184
2.068884408606638
0.3997162485110588
4.487753882915173e-12
4.487753882915173e-12
296.44377240143365
124.29808841099161
106.62858422939068
13.954002389486257
5.815785543612612
4.146132019120379
2.863575268821692
7.959080047789725
2.068884408606638
0.3997162485110588
4.487753882915173e-12
93.33818697729988
340.127688172043
391.2473864994026
94.30704898446834
13.954002389486257
9.175989396654721
4.146132019120379
2.863575268821692
3.1056227598611184
2.068884408606638
0.3997162485110588
4.487753882915173e-12
187.80055256869773
514.1136499402628
490.2053464755078
288.44982078853053
16.56750298685782
5.815785543612612
4.146132019120379
2.863575268821692
3.1056227598611184
2.068884408606638
0.3997162485110588
4.487753882915173e-12
148.96766726403823
353.19705794504176
422.9812574671446
273.51702508960574
34.11495669056153
5.815785543612612
4.146132019120379
2.863575268821692
5.719127090800478
5.4290882616487455
0.3997162485110588
4.487753882915173e-12
273.296370967742
526.4183841099164
638.7836021505377
327.28307945041814
53.15830346475508
20.75014934289128
4.146132019120379
2.863575268821692
3.1056227598611184
2.068884408606638
0.3997162485110588
4.487753882915173e-12
97.4454898446834
352.8210872162485
374.81854838709677
264.5590651135006
21.794504181600953
17.763104838709676
4.146132019120379
2.863575268821692
3.1056227598611184
2.068884408606638
0.3997162485110588
26.50817652329749
140.38119772998806
515.2199074074074
423.72909199522104
285.4666965352449
22.167637395459977
5.815785543612612
5.639568399044205
2.863575268821692
6.092495519713261
2.068884408606638
0.3997162485110588
4.487753882915173e-12
180.329674432497
407.33049581839913
511.8484916367982
245.89008363201916
28.51482228195938
13.65628733572282
4.146132019120379
2.863575268821692
3.1056227598611184
2.068884408606638
0.3997162485110588
4.487753882915173e-12
99.31302270011948
329.6733124253286
320.6851105137396
101.02561230585424
12.087152777777776
5.815785543612612
4.146132019120379
2.863575268821692
5.345758661887693
2.068884408606638
1.8931526284348865
4.487753882915173e-12
163.15710872162484
428.988201911589
568.5887096774194
259.7035543608124
62.86439665471922
5.815785543612612
4.146132019120379
2.863575268821692
3.1056227598611184
2.068884408606638
0.3997162485110588
4.487753882915173e-12
146.35640681003585
319.21931003584234
409.16778673835125
230.2090800477897
65.10416666666667
5.815785543612612
4.146132019120379
2.863575268821692
3.1056227598611184
2.068884408606638
0.3997162485110588
16.427680704898446
113.50283751493428
320.3393817204301
371.0872162485066
155.91136499402626
12.833796296296295
9.922726254480285
4.146132019120379
2.863575268821692
3.1056227598611184
2.068884408606638
0.3997162485110588
4.487753882915173e-12
10.827546296296296
285.24604241338113
308.73506571087216
18.14142771804511
12.833796296296295
8.802658303464753
4.146132019120379
2.863575268821692
3.1056227598611184
2.068884408606638
0.3997162485110588
4.487753882915173e-12
123.58049581839907
423.7597072879331
409.16778673835125
155.91136499402626
30.754778972520914
8.802658303464753
4.146132019120379
2.863575268821692
3.1056227598611184
5.4290882616487455
0.3997162485110588
5.600545101553165
180.329674432497
455.86805555555554
463.694743130227
306.7465651135006
44.19586320191159
