0.0
1.8667764336917563
0.0
0.0
0.0
0.0
1.1200899790919951
33.22883064516129
131.7936827956989
110.88847819593788
43.682310334528076
8.2139075567503
0.0
0.0
0.0
0.0
0.0
0.0
0.0
54.8839605734767
128.06283602150538
97.07194593787335
114.24630376344086
10.827396953405017
0.0
0.0
0.0
0.0
0.0
0.0
0.3733557347670251
32.1086096176822
134.78192204301072
167.63597670250897
16.427848715651137
11.200899790919951
7.467278972520908
0.0
0.0
13.814392921146954
0.7467278972520908
1.1200899790919951
0.0
21.281257467144563
109.7679211469534
148.22087813620075
72.05794504181601
23.14804734169654
0.0
0.0
0.0
1.8667764336917563
0.0
0.0
0.0
0.0
91.84677419354838
120.96957138590203
107.52684438470726
10.827396953405017
0.0
0.0
0.0
0.0
0.0
0.7467278972520908
0.0
53.390008960573475
107.52684438470726
171.3713410991637
123.20687724014337
11.574025537634409
0.3733557347670251
0.0
0.0
0.0
0.0
0.3733557347670251
0.0
68.69631123058544
116.11402329749106
84.00675776583033
0.0
15.307683691756269
0.0
0.0
0.0
0.0
0.0
0.0
0.0
46.29678166069295
100.80734767025089
107.52684438470726
95.20463709677419
8.2139075567503
0.0
0.0
0.0
0.0
0.0
0.0
0.0
48.164463859020316
84.00675776583033
184.06317204301075
126.1951164874552
20.908131720430106
0.7467278972520908
0.0
5.600451762246117
0.0
0.0
0.0
0.0
33.975433094384705
138.1439292114695
156.06507616487454
102.30167264038232
0.0
0.0
0.0
1.493414351851852
7.093738799283154
0.0
1.1200899790919951
0.0
42.93514784946237
106.40628733572282
126.56851105137396
113.12574671445641
29.86869026284349
14.561017771804062
0.7467278972520908
0.0
0.0
4.106933243727599
0.0
0.0
64.21792861409797
125.44795400238948
84.75392025089606
77.65688470728793
17.174473566308244
0.0
0.0
0.0
0.0
0.0
0.0
0.0
71.3111559139785
154.57075119474314
132.1674507168459
114.99309289127838
15.681186529271207
0.0
0.0
0.0
0.0
0.0
0.0
0.0
49.28539426523297
134.408527479092
148.96766726403823
110.88847819593788
13.814392921146954
0.0
0.0
0.0
0.0
0.7467278972520908
0.0
0.0
42.93514784946237
126.94190561529271
103.04842443249701
99.68679062126643
11.947565710872162
0.0
0.0
0.0
0.0
0.3733557347670251
0.0
0.0
26.881705495818398
84.75392025089606
110.51508363201911
72.05794504181601
0.0
0.0
0.0
0.0
11.574025537634409
0.0
1.493414351851852
0.0
43.682310334528076
93.71449372759857
87.36458333333333
84.38052568697731
8.960569743130227
6.3471139486260455
0.0
0.0
0.0
0.0
0.0
8.2139075567503
47.043944145758665
134.408527479092
97.07194593787335
111.262208781362
0.0
0.3733557347670251
0.0
0.0
0.0
0.0
0.0
7.093738799283154
40.69593787335723
126.56851105137396
96.32515681003584
0.0
0.0
0.0
0.0
0.7467278972520908
0.0
0.0
0.0
1.1200899790919951
24.64175627240143
90.35285991636798
99.68679062126643
100.06018518518518
8.587029569892474
