6.109169653524492
3.9068473715651133
8.672677718040621
2.6256391875746714
1.795859468339307
12.528763440860216
47.54704301075269
121.21042413381123
164.060633213859
87.76172341696535
33.92734468339307
15.022401433691757
4.851403823205228
3.6560894563918755
2.3887022103020024
2.5906137993103657
1.7258064516401148
8.930719832735962
52.97565710872163
124.54450418160096
109.72968936678615
84.84580346475508
29.159572879330945
9.68746266427718
4.851403823205228
3.5573812724014338
2.3887022103020024
2.5906137993103657
2.6332885304659497
10.626508363201912
66.8570788530466
179.00985663082437
191.82347670250897
134.09162186379928
36.44638590203106
16.597222222222218
5.2995818399044206
3.458669354865921
2.3887022103020024
2.5906137993103657
1.7258064516401148
1.363515531660693
16.56623357228196
84.36379928315412
45.803464755077655
26.142099761051373
26.70773596176822
10.604465352449223
4.851403823205228
3.458669354865921
2.3887022103020024
2.5906137993103657
1.9391465053763441
14.26823476702509
54.0621266427718
135.52867383512546
138.61260454002388
83.23663381123059
31.64613201911589
8.399380227001194
4.851403823205228
3.458669354865921
2.3887022103020024
2.7816606929510157
1.7258064516401148
4.791308243727598
43.82467144563919
119.3847072879331
118.75
64.98319892473118
29.873058542413382
10.958781362007167
4.851403823205228
3.458669354865921
5.484206989247312
2.715595131421744
1.830884109916368
0.3334229390953121
47.64411589008363
142.648596176822
161.67861409796893
105.46632317801672
31.647998805256865
12.673984468339308
4.851403823205228
3.493694743130227
5.867458183990442
3.529943249701314
2.3992682198327357
11.90787037037037
34.14389187574672
139.45265830346474
186.08124253285544
94.89284647550777
31.53151135005974
8.034722222222221
6.853419952210275
3.458669354865921
2.3887022103020024
2.5906137993103657
2.063328853046595
7.18452807646356
61.12231182795699
178.19967144563918
190.54659498207886
140.36402329749103
43.36058841099164
13.907930107526882
8.72423835125448
4.039799880525687
2.4364658004778974
2.6686267921146953
1.7258064516401148
0.3334229390953121
46.33736559139785
116.1215651135006
129.15919952210274
92.09266726403823
40.013440860215056
9.22688918757467
4.921456839904421
5.958333333333333
6.372797192353644
3.837216248506571
2.6492308841099166
9.118145161290322
45.411439665471924
97.12888291517322
93.19369772998806
57.80727299880526
38.52523894862605
18.84707287933095
11.5901284348865
4.378098864994026
3.445863201911589
2.633202658303465
1.7258064516401148
3.8121789127837515
50.38829151732377
121.21042413381123
129.15919952210274
91.51396356033453
30.608198924731184
8.02923387096774
6.801672640382318
3.458669354865921
2.496964605734767
2.5906137993103657
1.7258064516401148
11.223506571087217
49.316756272401435
122.78972520908005
140.7706093189964
97.9506421744325
36.425104540023895
7.745034348864994
4.851403823205228
3.458669354865921
3.2309214456391877
2.5906137993103657
2.0283042114695338
0.3334229390953121
40.834080047789726
108.03464755077658
114.85215053763442
62.336096176821975
29.06810035842294
6.345579450445371
4.8892174432497
4.6527404420549585
2.4587552270011948
2.5906137993103657
2.1732004181600955
6.574462365591398
41.91308243727599
109.61768219832736
135.52867383512546
93.99305555555556
39.002389486260455
6.345579450445371
4.851403823205228
3.458669354865921
2.3887022103020024
2.5906137993103657
1.810188918757467
8.811992234169654
34.14389187574672
80.42861409796893
119.8439366786141
73.82803166069296
26.21415770609319
6.926709976105138
5.323066009557945
3.5573812724014338
2.6482153524492236
2.5906137993103657
1.7258064516401148
9.722983870967742
2.7211768219832733e-11
65.41218637992831
84.36379928315412
9.661098043608124
24.510902031063324
6.345579450445371
5.388739545997611
3.549817054958184
2.3887022103020024
2.5906137993103657
5.469459378733572
11.414292114695339
50.38829151732377
128.57676224611708
137.78375149342892
71.1398596176822
34.859244324970135
6.345579450445371
6.293869474313023
3.458669354865921
2.5049245818399046
2.5906137993103657
1.7258064516401148
4.644952210274791
6.546072281959379
50.75044802867384
77.70310633213859
9.629256272428647
19.57623954599761
6.345579450445371
4.851403823205228
3.458669354865921
2.8790695937873356
3.649342891278375
2.689030764635603
7.259199522102748
40.70340501792115
143.2534348864994
114.85215053763442
93.99305555555556
35.520833333333336
6.345579450445371
