0
0
0
0
0
0
393.6191590194607
1319.3234787267352
2279.6256089620247
67.92757303302892
51.55175554884134
18.56948734271426
0
0
0
0
0
114.40013714042075
432.9830147207579
1687.408985039621
1382.7828239489113
1264.8780241352663
146.36312444118022
18.433691456354666
0
0
0
0
0
0
747.6018073329748
1695.1272289578571
928.8817599977822
848.8044451317115
114.77350819643152
0
0
0
0
0
0
54.126593272291586
498.766552559682
1849.2052514342658
1423.0821027843565
1059.0970737595549
415.51626554674
0
0
0
0
0
0
36.234897240485324
419.91618169928665
1154.2553884223298
1134.2771005748107
919.146958783133
286.1758516103631
0
0
0
0
0
0
67.77033069903456
125.97300294378613
211.1034143508722
1185.1589015468803
583.4334747210418
110.07439179071844
3.2876335555147307
0
0
0
0
0
38.954634415763145
460.1099876442389
1184.051273408499
1643.247899470291
609.6080283253789
59.37106929200476
25.397912809659665
0
0
0
0
0
73.17643170383948
412.71358375315714
1160.5395644083299
1129.4676289650731
494.5364717473226
106.19690689648287
0
0
0
0
0
0
97.02942270350766
910.6097461092238
1872.4554109533663
2661.8910317235864
1312.5771787808353
272.012704353409
0
0
0
0
0
0
6.153744729859774
396.5272352369043
1193.5676837482995
1655.466038737986
627.4687387841701
130.1269966722573
24.468932302014842
0
0
0
0
0
32.515728674636186
912.4126186513196
1637.873737244054
1869.3490527624476
948.8114379326134
138.55541026161637
0
0
0
0
7.966443407408438
0
0
575.4039863170582
1687.7815330761512
1707.8062324437412
1054.120350383022
356.38666482288227
0
0
0
0
0
0
0
186.98230947231207
1171.7966918141378
1748.7185697568932
1026.553085945043
215.1111275100208
0
0
0
0
0
0
107.04159689804152
449.9405264502888
1030.5697597603369
1612.8194943181006
466.0350885241591
29.355841099647748
0
0
0
0
0
0
0
455.90482383712026
1833.614025325914
2261.4618235712487
1326.9597553484057
125.5721357890242
0
0
0
0
0
32.80187360440834
0
156.18503202234527
757.256160969828
1333.5308449889105
301.3078363574048
0
0
0
0
0
0
0
102.9948501372014
387.044002226711
1471.4697803063095
1710.7829508373147
675.133769070216
134.45341593511588
0
0
0
0
0
0
33.01764364532178
594.3634515663466
1606.6462711932
1893.5173075840494
994.9859292186451
205.4104927663629
0
0
0
0
0
0
31.126581494333323
355.3711133694777
987.7211395680797
1159.8802911311902
523.6040617815129
1.578126904844325
0
0
0
0
0
0
3.6651861528938383
379.23493497975846
1021.0516226939692
1802.0393216849968
580.8803022166653
48.53475739395675
0
