557.7611376194739
253.45368204898446
147.30635304659495
294.96848222819597
125.36496415770614
244.891506869773
633.0351097670253
3581.9924768518526
6335.264090501792
3739.186939964158
2006.6395422640378
929.9289168906812
405.9628337813619
137.1831690934887
165.56829711768216
166.0258117532855
75.01913631272402
146.83096251493427
593.3903293010752
3112.106548685782
7194.908217592594
5916.97215128435
3597.0874925328535
1102.957112455197
595.6403128733573
297.42447207287927
254.89776172341692
119.94816771206688
105.82193410244923
113.3183953106332
536.0969545250895
3607.8298125746715
5958.780380077658
4536.909569145759
3172.8131645758654
840.2374070340502
432.9792036290321
376.4558288530464
202.61621005077663
158.1030025761649
121.29922274492236
246.164482900239
800.4905727299882
2805.9772886798087
5748.257747162484
4060.011305256869
2852.4825978195936
1032.2512096774196
794.1385364396656
326.09125560035847
181.088928464755
145.70301646505382
88.44117066158903
142.63520105286742
570.657035170251
2906.679894713261
6764.837821087216
5801.157709826762
3105.1313097371567
1544.9702882317806
439.4120004480286
321.7863926224613
149.61299693847067
122.59278356481481
165.28162783751495
277.23340427120667
709.8516390382317
1928.1478830645158
6475.707609020309
4731.016121565116
3442.360640681006
1078.145945340502
258.5565016427718
251.7809027777777
99.8442072879331
167.75943245967744
83.1633602897252
149.54747722520906
499.09349089008373
2941.331795101553
7034.860670549582
4718.588851553166
2323.489658004779
1224.2092779271209
336.0730223267623
198.90283004778973
173.7111745818399
106.61520941606929
119.83066838410996
382.5868761200717
716.3043462514934
3762.495609318997
7311.139628136202
6501.864392921147
3287.487373058542
631.8627120669056
342.270116114098
501.32884595280774
217.061104390681
149.29886279121862
148.85881291069293
527.015366636798
612.0153886648746
2947.0810147849465
7300.856593488648
6400.056470280765
3668.3034908900836
917.6002445489845
569.5333953106331
254.70562350657113
123.87005563022699
143.5781142473118
97.69036096176822
225.23891763739542
653.1132343936675
1209.8194832735962
6510.860121714455
3993.867245370371
2654.85493951613
1186.8006197729985
296.41537037037034
349.84214755077653
174.21436230585422
130.94899357825565
98.42516584528079
206.94779159199518
1092.307190860215
3274.4382467144565
7551.665102299883
4778.154174133812
3700.92968189964
1112.973577508961
370.91619250298675
130.31652180406218
170.51911589008364
106.19282183393072
126.3050485737754
317.5185271057348
868.19186827957
3917.5383848566303
7059.378576762245
6416.857590352449
4211.184979838709
873.4329711768218
460.04170512246117
258.1946889934289
180.49743876941452
178.51001609169657
220.66268518518524
179.12417637395458
1029.5553703703708
3822.4827135603346
7082.844220430109
5968.459640083631
2847.83774641577
688.8652882317805
430.0690587664277
310.55200642174435
160.19983572281959
127.29954969384707
105.29408318399045
114.82864430256869
612.313728345281
3081.5266278375134
7093.338358721623
4209.311208183992
1507.498185483871
694.1806664426522
380.66779569892475
234.67570676523292
210.60139560931896
102.29419448178017
113.71847151284348
129.9072085573476
165.2768425179211
2712.3783415471926
7159.146736857824
4959.153935185183
2732.9641539725203
773.1847846949672
506.22559326463534
317.6298159348865
279.82025388291515
130.78828692502992
87.0853290023895
122.39186603942655
450.35882765830354
1744.3778823178018
5292.145392771804
4505.832037783753
2247.9305032855445
565.9055772102748
363.520548088411
135.7637119175627
179.37933729091998
271.7357162858423
113.1952779644564
262.779144265233
769.574288007766
3219.607209528077
7067.29775612306
6127.185521206692
2505.75687350657
663.426453106332
304.52459192054965
347.3973622311828
142.17403935185186
148.74413310185187
235.55280279271216
299.19802867383515
503.41587589605734
3300.9351515830353
6575.798237753883
5514.433273596178
1766.336689814815
809.4199943996416
496.69063956093174
358.30858534946236
161.53325716845882
120.04243287037039
103.35937720280768
415.0866862033305
1268.0521206690564
2656.5429995519717
6452.030137395462
5260.513739545998
3058.9611297789725
766.6242547789725
654.4316423984468
232.09465501792118
141.67436372461168
118.2191770086619
101.74716099163685
256.90926187275994
491.7144944743129
1927.0733609617678
6070.444754330944
3192.5302979390685
1624.926706242533
1048.9129629629629
