26.783228793309437
8.629853643966547
6.918309438470729
6.436081242532857
11.978419952210276
18.010566009557945
49.54263739545998
103.83512544802865
186.02113201911587
235.28823178016725
129.56167861409796
62.71132019115889
22.796520310633213
12.939553464755077
7.889635603345281
3.5331167861409796
4.568350507765831
19.12238649940263
63.85005973715651
150.72356630824373
273.87059438470726
333.58982974910396
268.01187275985666
84.88873954599761
34.600731780167266
11.899529569892474
2.391726403823178
3.6380040322580647
4.743160095579451
9.419653524492235
41.01758512544802
116.1663679808841
255.59177120669057
260.3711170848268
227.04599761051375
62.09378733572282
16.760491338112306
8.375485364396653
0.5219369772998805
2.8734057646356033
2.0992047491039427
9.038082437275985
47.058318399044204
127.07325268817205
248.55137395459977
266.90972222222223
173.39643070489842
40.63836618876942
16.478905316606934
3.3791853345280765
2.7698738052568697
2.888709677419355
4.219851403823178
8.877277479091996
23.406324671445642
79.93466248506572
197.56795101553163
176.33363201911592
73.52561230585422
27.329525089605735
14.492794205495816
10.523148148148149
2.913209378733572
5.010827359617682
1.9538941158900835
16.72494772998805
10.776881720430108
84.45079151732376
178.2366338112306
175.14374253285544
95.35655615292713
32.15427120669056
17.596662186379927
5.853681302270012
9.076911589008363
4.872591845878136
1.4522561977299882
2.4329039725209083
27.579562425328554
99.10916965352449
198.83885902031065
175.5428614097969
125.48237753882916
37.52124402628435
16.67846475507766
12.707399940262844
6.790621266427718
7.926187275985663
4.043581989247312
28.668458781362013
38.23708183990442
100.47640382317802
188.78434886499403
220.8721624850657
121.64986559139786
34.62294653524492
15.449298088410995
7.719758064516129
9.746639784946236
3.6742234169653525
6.81463560334528
11.012358124253286
30.752874850657115
52.048984468339306
185.24417562724014
192.10685483870967
71.0939366786141
22.475582437275985
16.645609318996417
15.742756869772998
9.140419653524493
4.753655167264038
2.2681488948626045
14.586320191158904
28.1347072879331
137.32377538829152
198.71565113500597
202.59184587813624
140.60185185185182
42.012022102747906
14.364135304659495
5.380563022700119
3.319086021505376
2.3567540322580647
5.187836021505377
4.053610364396655
15.531660692951016
61.832437275985676
109.96826463560335
128.13321385902032
91.0304659498208
18.074634109916367
14.225993130227003
10.531623357228195
2.2305891577060932
7.139934289127839
3.1756981780167264
7.666293309438471
22.446311230585422
63.87582138590203
165.76948924731184
230.3685035842294
98.48566308243727
36.931638291517324
6.455719832735962
7.0455495818399045
4.380215800477897
3.094429510155317
3.068544653524492
13.478606630824373
40.9634109916368
87.71505376344085
210.36252986857826
213.20228494623652
96.05921445639187
47.2797192353644
17.758213859020312
5.787111708482677
4.048715651135006
2.40461096176822
2.8496789127837516
11.281511350059736
39.311155913978496
92.5085872162485
224.9171146953405
295.35132915173244
140.3401284348865
46.83169056152928
24.336917562724015
8.845243428912784
7.759109916367981
2.8868839605734764
1.8884109916367982
7.852598566308245
33.390120967741936
100.84042712066906
216.8623058542413
242.89127837514934
103.97737455197132
51.112604540023895
12.435409199522102
11.465389784946234
5.525985663082436
3.840061230585424
3.16526284348865
8.123917264038232
34.81108124253286
90.95243428912784
209.38694743130227
212.1419504181601
167.65979689366787
33.396654719235364
14.884819295101552
8.127725507765831
4.346139486260455
2.7426933990442053
3.6724537037037037
8.696236559139784
33.53931451612903
67.59072580645162
183.24671445639189
183.70557048984472
94.22715053763442
29.216472520908006
9.838672341696535
4.539232377538829
6.60562275985663
4.695486111111111
3.8675403225806457
1.6467480585424135
20.122983870967744
73.54278673835125
187.24126344086022
188.105958781362
91.83281063321385
34.88713410991637
9.158751493428912
13.710237455197133
3.6653860513739547
4.622640382317801
1.316379554958184
8.33109318996416
24.34498207885305
94.2189366786141
232.43242234169654
224.8136947431302
132.3644713261649
53.0686230585424
16.820228494623656
7.171706989247312
4.2444668458781365
2.4462850955794506
2.5392921146953404
8.902031063321386
31.630152329749105
95.26359020310633
192.4641577060932
189.19429510155314
86.77083333333333
28.912037037037038
