0.0
0.0
0.0
0.0
0.0
2.240142249103943
0.0
85.12731481481482
110.88847819593788
177.71706989247312
35.842293906810035
6.7206541218638005
0.0
0.0
0.0
0.0
0.0
0.0
0.0
45.54999253285544
224.76138739545996
190.0396505376344
222.89366786140985
17.174473566308244
0.0
0.0
0.0
0.0
0.0
0.0
0.7467278972520908
22.774962664277183
155.31791367980884
160.91685334528077
105.28573028673836
10.453856780167264
0.0
0.0
0.0
0.0
0.0
0.0
0.0
66.45937873357228
131.7936827956989
155.6913082437276
87.36458333333333
8.960569743130227
3.3602337216248506
0.0
0.0
0.0
0.3733557347670251
0.0
0.0
40.32254330943847
91.09961170848267
118.72849462365589
46.29678166069295
5.226911589008363
0.0
0.0
0.0
0.0
0.7467278972520908
0.0
1.1200899790919951
41.06933243727599
84.00675776583033
107.52684438470726
41.06933243727599
0.0
0.0
0.0
0.0
0.0
0.0
0.0
1.1200899790919951
46.29678166069295
112.75201612903226
123.95366636798086
85.12731481481482
0.0
0.0
0.0
0.0
0.3733557347670251
0.0
0.0
0.0
53.390008960573475
106.03251941457587
142.24854390681006
91.84677419354838
4.480283004778973
0.0
0.0
0.0
0.0
0.0
0.0
0.0
66.45937873357228
118.72849462365589
138.89071833930706
122.45971475507764
15.681186529271207
0.0
0.0
0.0
0.0
1.8667764336917563
0.0
0.0
60.109132317801674
206.466472520908
160.91685334528077
138.1439292114695
15.307683691756269
0.0
0.0
0.0
0.0
0.0
0.0
0.0
25.761540471923535
143.36910095579452
156.4384707287933
111.63560334528077
8.960569743130227
0.7467278972520908
0.0
0.0
0.0
0.0
0.0
0.0
29.12205047789725
175.10259856630825
151.5825119474313
78.77740442054959
7.467278972520908
0.0
0.3733557347670251
0.0
0.0
0.0
0.0
10.080734767025088
45.54999253285544
150.0885976702509
173.23906063321385
76.1667413381123
11.947565710872162
0.7467278972520908
0.0
0.0
0.0
0.0
0.0
0.0
48.911626344086024
175.10259856630825
177.34367532855435
120.96957138590203
6.3471139486260455
0.0
0.0
0.0
0.0
0.0
0.0
0.0
40.32254330943847
111.262208781362
156.06507616487454
66.45937873357228
25.761540471923535
0.0
2.9868690262843485
0.0
0.0
0.0
0.0
0.0
66.45937873357228
155.31791367980884
167.63597670250897
199.37361857825567
32.1086096176822
0.7467278972520908
0.0
0.0
0.0
0.0
0.0
0.0
5.226911589008363
94.08788829151733
184.06317204301075
53.76340352449223
0.0
0.0
0.0
0.0
0.0
0.0
0.0
0.0
27.25524566905615
112.3786215651135
121.71255227001194
116.11402329749106
0.0
0.0
0.0
0.0
0.0
0.0
0.0
0.0
23.52158751493429
109.7679211469534
134.78192204301072
91.09961170848267
4.480283004778973
0.0
0.0
1.1200899790919951
0.0
0.0
0.0
0.0
32.1086096176822
102.30167264038232
132.1674507168459
82.88620071684589
0.0
