5.115688470728793
3.458669354865921
2.553879181600956
2.5906137993103657
1.7258064516401148
8.938560334528075
31.781660692951014
104.16293309438471
134.45340501792114
104.65240442054959
26.70773596176822
8.409722222222221
4.851403823205228
3.458669354865921
2.3887022103020024
2.5906137993103657
2.4064366786140976
3.4289277180406215
60.49880525686977
136.1036439665472
232.05645161290323
128.87582138590204
51.36872759856631
15.34087514934289
5.174204749103943
3.458669354865921
2.3887022103020024
4.2622834528076465
1.7258064516401148
4.592308841099164
42.02508960573477
173.4281660692951
164.57959976105138
98.17465651135007
47.38575268817204
10.23446833930705
4.851403823205228
3.458669354865921
2.977785244922342
2.5906137993103657
1.988504330943847
7.423103345280764
13.486409796893668
98.77165471923536
163.3811230585424
75.35132915173237
39.591173835125446
6.345579450445371
4.851403823205228
3.88694743130227
2.3887022103020024
2.7896206690561525
2.097965203106332
7.617249103942652
45.803464755077655
99.18608124253286
122.78972520908005
85.65598864994027
24.686006571087216
7.050888590203105
4.851403823205228
3.458669354865921
2.3887022103020024
5.157108721624851
1.7258064516401148
0.3334229390953121
35.30540621266428
102.87858422939068
119.60125448028674
65.67764336917563
26.357526881720432
6.345579450445371
4.851403823205228
3.458669354865921
2.937985364396655
5.444407108721625
1.850787783751493
0.3334229390953121
2.6507616487455197
91.8010752688172
31.781660692951014
62.873730585424134
26.73237753882915
6.345579450445371
4.851403823205228
3.458669354865921
2.3887022103020024
2.5906137993103657
1.7258064516401148
15.393533452807647
63.12724014336918
161.9586320191159
143.2534348864994
108.08355734767025
36.04988052568698
7.370893070489843
4.851403823205228
3.458669354865921
2.3887022103020024
3.2385752688172036
2.123842592592592
8.551762246117084
41.18130227001195
134.21445639187576
119.57138590203107
92.09266726403823
33.411364994026286
7.081130525686976
5.174204749103943
3.458669354865921
2.3887022103020024
3.0380077658303466
1.7258064516401148
5.258751493428913
65.77434289127838
217.79047192353644
191.82347670250897
125.11611409796893
49.123357228195935
12.62955495818399
8.062761350059738
3.458669354865921
2.423727598566308
2.5906137993103657
1.7258064516401148
5.467084826762246
43.458781362007166
119.9260752688172
110.03584229390681
70.29980585424134
31.39374253285544
8.150238948626045
5.440486857825568
3.595590651135006
2.3887022103020024
2.5906137993103657
2.123842592592592
11.96574074074074
84.36379928315412
167.6859318996416
211.3500597371565
147.41300776583034
31.369474313022707
10.958781362007167
4.851403823205228
3.8646580047789727
2.3887022103020024
2.5906137993103657
2.7240516726403823
9.205510752688172
45.452508960573475
157.1609916367981
176.77718040621266
81.71333632019116
27.59931302270012
12.698999402628434
7.948028673835125
3.458669354865921
2.3887022103020024
2.5906137993103657
2.123842592592592
17.330137395459975
65.42712066905615
168.30197132616487
201.25448028673836
108.40091099163679
49.65576463560334
7.4027404420549585
7.946908602150538
3.458669354865921
2.5256235065710873
2.8947132616487457
1.7258064516401148
0.3334229390953121
21.334005376344088
85.12918160095579
142.64486260454004
75.4035991636798
27.634781959378735
10.882989844683394
4.851403823205228
3.458669354865921
2.3887022103020024
2.5906137993103657
1.7258064516401148
15.598506571087217
57.80689964157706
120.15382317801672
178.19967144563918
89.9719982078853
45.41517323775388
14.796520310633214
5.695228494623656
7.285954301075267
2.3887022103020024
2.5906137993103657
1.7258064516401148
9.945131421744325
54.99178614097969
136.91756272401435
167.6859318996416
117.0030615292712
36.425104540023895
6.345579450445371
5.908564814814815
3.9044578853046596
2.3887022103020024
2.5906137993103657
1.7258064516401148
11.96574074074074
61.01777180406213
140.7706093189964
189.44519115890083
130.86208183990442
31.69952210274791
7.698887395459976
7.828666367980884
3.458669354865921
5.469795400238949
4.7400313620071675
1.7258064516401148
0.6566121565113501
34.42204301075269
119.9260752688172
123.08841099163679
94.0527927120669
37.04002389486261
13.532332735961768
5.539986559139785
3.6720094086021504
2.3887022103020024
2.5906137993103657
1.7258064516401148
5.370758661887694
11.599089008363203
40.70340501792115
15.474910394265233
28.787335722819595
15.133288530493163
6.345579450445371
