4.851403823205228
3.458669354865921
2.4205439814814813
3.5140382317801664
2.3108945639187572
0.3334229390953121
19.085274790919954
53.580495818399044
179.00985663082437
70.29233870967742
41.613649940262846
7.105025388291516
4.851403823205228
3.458669354865921
2.3887022103020024
2.5906137993103657
1.9096848864994027
4.000500298685782
16.260454002389487
61.510603345280764
33.14068100358423
39.73640979689367
22.4171146953405
6.345579450445371
4.851403823205228
3.477774044205496
2.3887022103020024
6.902143070489845
1.8611372461170848
10.585065710872161
70.72132616487455
207.77329749103941
177.24761051373955
94.75843787335722
39.002389486260455
6.422397700119473
7.983796296296297
3.8646580047789727
2.3887022103020024
3.4407855436081243
2.3992682198327357
9.308930704898447
30.377464157706093
85.12918160095579
126.8107825567503
19.889486260454007
29.77150537634409
6.345579450445371
4.851403823205228
3.7961917562724015
4.012656810035842
2.5906137993103657
1.7735700418160096
1.2727523894862605
30.96326164874552
124.58183990442055
119.8439366786141
68.6570340501792
33.55361409796894
6.457026583034647
4.851403823205228
4.163978494623656
5.485327060931899
2.5906137993103657
1.7258064516401148
1.6934886499402626
20.387544802867385
87.3618578255675
135.27105734767025
117.17480585424134
34.859244324970135
12.698999402628434
4.851403823205228
4.10663082437276
2.3887022103020024
3.4344384707287934
1.7258064516401148
8.863888888888889
54.88724611708483
46.736857825567505
119.8439366786141
33.02120669056153
23.64770011947431
6.345579450445371
4.893992682198327
3.665636200716846
2.3887022103020024
3.1717443249701316
5.204562425328555
7.988366188769414
51.76597968936679
99.18608124253286
121.21042413381123
108.24036738351255
27.18637992831541
6.345579450445371
4.851403823205228
3.458669354865921
2.3887022103020024
2.5906137993103657
3.2482452210274784
7.520176224611707
47.136350059737154
128.57676224611708
137.17891278375149
50.530540621266425
30.98902329749104
11.054360812425328
4.851403823205228
3.458669354865921
2.4842293906810036
2.5906137993103657
4.187612007168458
0.3334229390953121
65.41218637992831
148.86126045400238
224.19354838709677
151.12791218637992
37.04002389486261
10.218413978494624
4.929416816009558
3.458669354865921
2.3887022103020024
3.937126642771804
1.7258064516401148
3.8675104540023897
42.93981481481482
113.66114097968936
179.26747311827958
89.9719982078853
30.39837216248507
7.655092592592593
4.851403823205228
3.458669354865921
2.8169802867383513
4.202620967741935
4.473006272401434
4.000500298685782
42.86514336917563
106.61589008363202
168.81720430107526
100.87029569892474
35.520833333333336
9.598640979689366
4.851403823205228
3.458669354865921
2.3887022103020024
2.5906137993103657
4.187612007168458
7.230451015531661
0.48080943847072877
70.45250896057348
146.8563321385902
70.40807945041816
27.505600358422935
6.345579450445371
4.851403823205228
4.115404719235364
2.4364658004778974
2.5906137993103657
1.7258064516401148
7.259199522102748
40.90128434886499
133.24746117084825
139.45265830346474
91.65210573476702
31.087589605734767
6.345579450445371
4.851403823205228
3.458669354865921
2.4937798685782555
3.615927419354838
3.2860663082437283
2.3975657108721626
43.82467144563919
105.8355734767025
261.6636798088411
138.7884557945042
28.683915770609318
7.026209677419355
6.463410991636798
3.458669354865921
2.3887022103020024
2.5906137993103657
2.8920250896057347
0.3334229390953121
27.311827956989248
102.87858422939068
134.21445639187576
92.12626941457587
36.6274641577061
6.429961917562722
6.656063321385902
6.921408303464755
2.3887022103020024
2.853311678614098
1.7258064516401148
18.611499402628436
52.97565710872163
137.17891278375149
158.61335125448028
92.09266726403823
25.38493130227001
11.006944444444443
9.560185185185185
3.458669354865921
2.3887022103020024
3.0622759856630823
3.779607228195938
4.876807048984468
42.93981481481482
83.52747909199522
70.68399044205496
39.760678016726395
32.912933094384705
10.461096176821984
4.851403823205228
3.458669354865921
2.5797491039426523
2.84375
1.8611372461170848
9.328718637992832
54.84991039426523
121.6995221027479
109.61768219832736
55.08176523297491
38.52523894862605
8.99634109916368
4.851403823205228
3.458669354865921
2.4750746714456393
2.5906137993103657
1.7258064516401148
10.57871863799283
66.50985663082437
145.13515531660693
171.30749701314218
103.2709826762246
43.537186379928315
8.39146505376344
