383.84001642771796
191.75359169653532
98.03350630973716
112.09804716995224
77.69593372909202
175.8281981780167
77.58357291666667
1896.6411103643964
3934.475462962963
3207.402777777779
1403.9427045997613
691.2691110364397
345.95472856929507
342.0135446535245
319.42568025686967
93.65568974014337
93.16296886200718
156.16419130824374
378.8454846176823
1872.6379330943846
5005.899873058544
3803.6793010752694
1351.822255824373
583.5618305704899
153.6769205495818
236.8898719384708
276.59325044802887
126.4870160543608
154.55096987007167
302.9030372610514
567.4563504330944
3301.1785394265235
6888.682142323775
5287.582228195939
1276.236632691159
625.5479241338112
508.3003125
281.4932246863798
82.92548484169653
111.95008572281961
125.02481978046598
209.22625746714448
588.8267659796898
2751.2482377538827
6373.534901433693
4533.347356630824
1807.0856742831552
772.2217880077658
602.810014560932
689.8383281063319
176.78554510155314
164.5211230585424
109.13235192652327
181.50650014934286
442.10994287634406
2144.0780801971327
5358.188186977298
4166.707534348863
2236.1080533154113
611.5091024492236
671.9033150388291
339.4027382019116
255.4717824074075
295.33466931750297
208.2069870071684
268.2756720430109
651.911516577061
4051.1135155316606
7504.989232377536
5250.791431451615
2292.6880824372756
931.3198092144559
539.3742708333333
294.2463127240142
80.36610207586621
115.16820814665472
100.36962040770605
112.13828931451616
322.1864262246117
2264.5182982377532
5874.8559587813625
4134.507743428912
1629.6020758661887
719.4031589755074
285.2100033602151
236.883642099761
177.41668757467147
181.3880808691756
118.8335026508363
160.99902068399044
652.5649693847072
3860.106152927123
6752.131320937873
5193.144802867384
2633.518458781362
747.99085797491
370.8543768667862
234.66003098864994
86.2497239770012
110.30648521505378
113.05886435931896
579.3621117084825
804.1644377240142
2410.6444369773003
5927.278770908004
3977.9949746117104
1865.8248095878137
696.4647207287936
455.60702322281986
254.22435185185185
184.19497199820793
119.36400056003583
85.59987772550778
153.62717032556753
598.163455421147
2533.0884893966545
6604.033363201912
4642.352557497012
2053.1986783154125
767.1109218189963
323.23242458183995
309.10980585424136
98.86786831690563
123.969011051374
160.83765061230588
105.47044952210275
636.6647020609319
2843.903692502987
6355.175160543608
4813.672905465949
2860.916334378734
934.3206279868582
403.6285734020312
328.83482564217456
135.9543294504182
110.85917846475506
73.32125601105135
65.04373929584827
549.7657082586617
2259.9707773297496
5180.614605734766
4691.02938694743
1898.7351553166072
886.3511611409799
324.50474761051373
244.816313844086
114.29191898148149
113.36797043010755
142.75764437724015
141.74244026284347
516.6868290770609
2183.972525388292
6266.941087962964
4003.662914426525
1738.0484169653532
758.3509767025088
316.508007019116
233.07067092293912
156.90282519414578
98.23517372311828
92.08050966995222
151.23615815412185
405.7887529868579
2694.959591547192
5409.115763142174
4009.248058542413
1494.020922939068
673.7073738052565
197.64143630525686
316.75650910991635
143.21354689366785
100.5841722670251
71.20137473864993
99.72649678912782
528.2469952210274
2471.6866674133803
4322.643432646357
4186.202512694144
1958.1821049880518
769.7595426373957
371.28575418160085
186.2885483870968
121.46496453106332
89.5163367308841
68.24945023148146
81.90381403076466
418.6234908900837
1443.7259602747913
3897.3326052867383
3095.5780727299875
1243.7093563321384
145.2866076762246
315.97856966845876
261.42882691158906
223.1494373506571
188.3892354764038
216.87851851851846
420.4331780167263
785.7057623954602
4005.920922939068
7656.087701612903
6073.53242980884
3274.623327359617
1016.9038157108722
517.415528300478
443.818835125448
190.80157482078852
136.07748390830346
172.2138318025687
279.2486659946237
1218.6080458482677
3722.910532407409
7555.842413381126
5478.87220355436
2750.6928464755074
1053.2705943847066
427.739638590203
245.65587029569892
141.49536988500594
132.4514931675627
143.81361312724016
90.08177639635605
592.4319646057344
2349.4200492831537
5442.940748207886
4246.722461170848
1409.1121341099167
767.4292215501792
672.1340374850656
253.7938985961767
165.36334602747908
167.6714247311828
94.78890046296296
207.43828629032268
530.0066760005974
2074.112417861409
4196.541199970132
4035.771748058543
2621.0489321983264
676.1226512096777
