11.042801672640383
4.146132019120379
2.863575268821692
3.1056227598611184
2.068884408606638
0.3997162485110588
4.487753882915173e-12
26.88168309438471
268.0689964157706
295.293458781362
18.14142771804511
7.606780167268525
5.815785543612612
7.506335872162485
2.863575268821692
3.1056227598611184
2.068884408606638
0.3997162485110588
4.487753882915173e-12
98.565188172043
352.44922341696537
341.21677120669057
184.65763142174433
7.606780167268525
8.802658303464753
4.146132019120379
2.863575268821692
3.1056227598611184
2.068884408606638
0.3997162485110588
4.487753882915173e-12
135.15419653524492
347.9700567502987
435.3031660692952
240.6634557945042
7.606780167268525
5.815785543612612
7.506335872162485
2.863575268821692
3.1056227598611184
2.068884408606638
0.3997162485110588
4.487753882915173e-12
97.4454898446834
297.5679510155317
308.73506571087216
110.35991636798089
21.42096027479092
15.149604241338112
5.266199970131421
4.3570116487455195
3.1056227598611184
3.9356929510155325
0.3997162485110588
4.487753882915173e-12
105.6597222222222
417.7844982078854
340.8449074074074
205.56563620071685
7.606780167268525
22.243466248506568
4.146132019120379
2.863575268821692
3.1056227598611184
2.068884408606638
0.3997162485110588
4.487753882915173e-12
48.534572879330945
276.65994623655916
191.873133213859
18.14142771804511
28.88791816009558
5.815785543612612
4.146132019120379
2.863575268821692
3.1056227598611184
9.909386200716845
0.3997162485110588
4.487753882915173e-12
79.89658004778973
348.713784348865
249.37051971326164
18.14142771804511
7.606780167268525
5.815785543612612
4.146132019120379
2.863575268821692
3.1056227598611184
2.068884408606638
0.3997162485110588
4.487753882915173e-12
198.254554958184
550.3173536439665
418.5024641577061
248.12985364396656
53.15830346475508
5.815785543612612
9.37314814814815
2.863575268821692
3.1056227598611184
2.068884408606638
0.3997162485110588
4.487753882915173e-12
57.49738649940263
353.19705794504176
261.69168160095586
161.51022998805257
7.606780167268525
5.815785543612612
4.146132019120379
4.3570116487455195
3.1056227598611184
2.068884408606638
0.3997162485110588
4.487753882915173e-12
81.39262246117084
325.1941457586619
331.8828405017921
136.87126642771804
64.73192951015531
5.815785543612612
4.146132019120379
2.863575268821692
3.1056227598611184
21.110065710872163
0.3997162485110588
4.487753882915173e-12
137.0221027479092
526.4183841099164
422.9812574671446
210.79301075268816
7.606780167268525
5.815785543612612
4.146132019120379
2.863575268821692
3.1056227598611184
5.802456690561529
0.3997162485110588
4.487753882915173e-12
97.4454898446834
353.19705794504176
400.58169056152934
112.22744922341698
65.47565710872162
5.815785543612612
4.146132019120379
2.863575268821692
3.1056227598611184
12.522924133811232
0.3997162485110588
4.487753882915173e-12
4.487753882915173e-12
348.713784348865
295.293458781362
18.14142771804511
7.606780167268525
5.815785543612612
4.146132019120379
2.863575268821692
3.1056227598611184
16.256608422939067
0.3997162485110588
20.90804211469534
163.15710872162484
436.0812425328554
399.83385603345283
101.02561230585424
7.606780167268525
8.802658303464753
4.146132019120379
2.863575268821692
3.1056227598611184
11.029607228195937
0.3997162485110588
4.487753882915173e-12
92.21848864994027
285.24604241338113
366.6084229390681
213.03203405017922
42.32900238948626
5.815785543612612
4.146132019120379
4.3570116487455195
3.1056227598611184
7.295900537634409
0.3997162485110588
4.487753882915173e-12
81.39262246117084
210.57160991636798
97.41487455197132
18.14142771804511
7.606780167268525
5.815785543612612
17.587216248506568
9.583893369175627
3.1056227598611184
25.216883213859028
0.3997162485110588
9.707362604540023
268.0689964157706
385.30241935483866
513.7085573476703
195.48797789725208
44.19586320191159
12.163007765830345
6.759636350059737
2.863575268821692
3.1056227598611184
15.136424731182792
0.3997162485110588
19.04118130227001
138.14180107526883
377.8360215053764
374.81854838709677
176.07153524492233
50.169504181600956
5.815785543612612
4.146132019120379
2.863575268821692
3.1056227598611184
28.20392771804062
0.3997162485110588
4.487753882915173e-12
170.6235065710872
355.80869175627237
408.0480884109916
177.191233572282
60.62473864994026
22.243466248506568
4.146132019120379
5.103711170848268
3.1056227598611184
2.068884408606638
0.3997162485110588
4.487753882915173e-12
148.96766726403823
287.1135752688172
204.1950418160095
246.26232078853047
49.42286439665472
