0.0
5.600451762246117
0.0
0.0
0.0
0.0
0.0
48.164463859020316
105.28573028673836
110.51508363201911
51.52232676224612
0.0
0.7467278972520908
0.3733557347670251
0.0
0.0
0.0
0.0
0.0
40.32254330943847
126.94190561529271
128.80958781362008
29.49514635603345
0.0
0.0
0.0
0.0
0.0
0.0
0.0
0.0
54.8839605734767
132.54084528076464
159.7959229390681
105.28573028673836
0.0
0.0
0.0
0.0
0.0
0.0
0.0
1.1200899790919951
33.975433094384705
109.7679211469534
136.64964157706092
68.69631123058544
38.455607825567505
11.574025537634409
0.0
0.0
0.0
0.0
0.0
0.0
45.54999253285544
110.88847819593788
125.44795400238948
92.96733124253285
0.0
0.7467278972520908
0.0
0.0
0.0
0.7467278972520908
0.0
2.9868690262843485
14.93414351851852
120.96957138590203
107.15344982078852
47.043944145758665
0.0
0.0
0.0
0.0
0.0
0.0
0.3733557347670251
0.7467278972520908
38.08262395459976
147.10450268817203
102.30167264038232
63.0973715651135
14.93414351851852
0.0
0.0
0.3733557347670251
0.0
0.0
0.0
0.0
59.73573775388293
206.466472520908
155.31791367980884
125.0745594384707
20.161469534050177
0.0
0.3733557347670251
0.0
0.0
2.240142249103943
0.3733557347670251
0.7467278972520908
0.0
151.5825119474313
135.90247909199522
119.84901433691756
0.0
0.0
0.0
0.0
0.0
0.0
0.0
0.0
0.7467278972520908
116.48738052568697
126.1951164874552
85.12731481481482
17.921139486260454
0.0
0.7467278972520908
0.0
0.0
0.0
0.0
0.0
54.13679808841099
173.23906063321385
243.42928614097968
120.96957138590203
12.320687724014338
0.0
0.0
0.0
0.0
0.0
0.0
0.0
38.08262395459976
146.35734020310636
206.466472520908
101.92790471923539
50.775164277180416
0.0
0.0
0.0
0.0
0.0
0.3733557347670251
0.0
34.34897700119474
107.9002016129032
98.5662709080048
35.842293906810035
13.067312574671446
0.0
0.0
0.0
11.200899790919951
0.0
0.0
0.0
62.35058243727599
159.7959229390681
95.57803166069296
15.681186529271207
23.52158751493429
0.0
0.0
0.0
0.0
0.0
0.0
0.0
45.54999253285544
113.12574671445641
148.96766726403823
82.51280615292713
11.200899790919951
0.0
0.0
0.0
0.0
0.0
0.0
0.0
0.0
87.73797789725211
90.7262171445639
11.574025537634409
0.0
0.0
0.0
0.0
0.0
0.0
0.0
0.0
89.97909199522103
119.84901433691756
141.87481332138591
130.67312574671445
0.0
0.7467278972520908
0.0
0.0
0.0
0.0
0.3733557347670251
0.0
38.82937574671445
142.99570639187573
96.32515681003584
61.6034572879331
0.0
0.0
0.0
0.0
0.0
0.0
0.0
0.0
68.32291666666666
173.98622311827958
152.70306899641574
102.30167264038232
0.7467278972520908
6.7206541218638005
8.2139075567503
0.3733557347670251
0.0
0.0
0.0
0.3733557347670251
65.71221624850656
105.28573028673836
147.10450268817203
199.37361857825567
20.908131720430106
