4.851403823205228
3.458669354865921
2.3887022103020024
4.855361409796894
2.146505376344086
0.3334229390953121
42.93981481481482
78.28554360812426
105.8355734767025
70.29980585424134
20.93637992831541
6.345579450445371
4.851403823205228
3.458669354865921
2.3887022103020024
2.5906137993103657
2.23528972520908
10.585065710872161
44.784199522102746
86.51060334528077
135.44653524492233
57.51232078853047
27.758736559139784
6.345579450445371
5.695228494623656
3.458669354865921
2.3887022103020024
8.738313918757466
6.100806451612902
13.369563918757464
86.51060334528077
199.41009557945043
186.08124253285544
158.49051672640383
34.14239844683393
9.446273894862605
7.932497013142174
4.007952508960574
2.3887022103020024
2.5906137993103657
1.7258064516401148
9.997401433691756
40.90128434886499
111.08870967741936
158.61335125448028
91.51396356033453
35.520833333333336
11.898148148148149
6.76187275985663
9.036252986857825
2.465520459976105
2.5906137993103657
1.7560562275985663
16.043548387096774
43.82467144563919
157.1609916367981
181.01478494623655
108.08355734767025
32.912933094384705
7.788045101553164
7.043682795698925
3.458669354865921
2.3887022103020024
5.455271804062127
2.689030764635603
7.095669056152926
47.64411589008363
181.01478494623655
158.61335125448028
61.27949522102748
26.76560633213859
9.82433542413381
6.853419952210275
3.458669354865921
2.6434401135005974
2.6192715800477897
1.7258064516401148
9.328718637992832
39.87455197132616
133.24746117084825
174.82078853046596
92.56683094384707
22.69563918757467
14.0165770609319
4.911107377538829
3.458669354865921
2.3887022103020024
2.79758064516129
1.7258064516401148
11.223506571087217
68.56332138590203
158.59468339307048
191.82347670250897
150.54920848267622
42.445116487455195
7.132056451612903
5.042450716845878
3.458669354865921
2.3887022103020024
2.5906137993103657
1.7258064516401148
7.899507168458781
29.657631421744323
100.73924731182795
127.47535842293907
64.27008661887695
30.87178912783752
10.508512544802867
6.250858721624851
3.9960050776583036
3.6464680406212664
4.927867383512544
3.8752240143369177
8.284438470728793
41.076762246117084
119.9260752688172
116.819743130227
78.19257765830345
23.81011051373954
10.19377240143369
4.851403823205228
4.043757467144564
2.465520459976105
5.471923536439665
1.7258064516401148
14.84544504181601
39.21370967741935
141.7749402628435
167.6859318996416
79.40598864994026
39.84206989247313
6.882915173237754
4.958075716845878
3.458669354865921
2.3887022103020024
2.5906137993103657
1.7258064516401148
4.922356630824373
45.411439665471924
148.1070788530466
145.15755675029868
74.2648596176822
32.72214755077658
12.391726403823176
4.928222072879331
3.458669354865921
2.3887022103020024
2.5906137993103657
1.7735700418160096
12.059080047789724
45.411439665471924
101.23581242532856
117.80540621266428
10.119623655913978
24.526583034647555
6.345579450445371
5.77482825567503
3.595590651135006
2.3887022103020024
5.157108721624851
1.7258064516401148
10.57871863799283
75.21654719235364
141.81600955794505
140.7706093189964
76.69168160095579
31.087589605734767
7.705645161290323
5.297192353643966
3.458669354865921
2.4730846774193544
2.5906137993103657
1.7258064516401148
8.551762246117084
19.431376941457586
53.263142174432495
54.4578853046595
56.36611409796894
24.058393070489846
7.046109617682198
4.851403823205228
3.588425925925926
3.402852449223417
3.264075567502987
1.7608318399044205
4.791308243727598
42.86514336917563
98.77165471923536
98.77165471923536
53.77128136200718
15.133288530493163
9.44108422939068
4.851403823205228
3.7118055555555554
2.6514000896057346
4.927867383512544
1.7683953106332138
0.9662634408602151
52.990591397849464
119.9260752688172
163.3811230585424
87.33236260454002
40.217293906810035
10.125074671445638
4.924641577060932
3.458669354865921
2.3887022103020024
2.5906137993103657
1.7258064516401148
7.988366188769414
75.40322580645162
179.86857825567503
222.52837514934288
110.86506869772998
49.123357228195935
13.963933691756269
4.851403823205228
3.458669354865921
2.3887022103020024
4.395273297491039
2.23528972520908
0.4842741935483871
47.046744324970135
136.91756272401435
137.78375149342892
70.64702807646356
35.22326762246117
10.19377240143369
5.1539015830346475
3.7659386200716845
2.3887022103020024
3.085760155316607
1.7258064516401148
6.383303464755078
39.87455197132616
99.74611708482678
73.21161887694146
51.02337216248507
34.29136798088411
8.691569593787335
