5.815785543612612
4.146132019120379
2.863575268821692
3.1056227598611184
2.068884408606638
0.3997162485110588
19.414725209080046
85.87141577060933
347.22222222222223
290.81466547192355
120.06608422939068
34.48846326164874
9.922726254480285
4.146132019120379
2.863575268821692
3.1056227598611184
2.068884408606638
0.3997162485110588
3.360203853046596
26.88168309438471
320.7153524492234
154.91226105137397
104.01284348864993
15.447281959378731
5.815785543612612
4.146132019120379
2.863575268821692
3.1056227598611184
2.068884408606638
0.3997162485110588
4.487753882915173e-12
146.35640681003585
384.55906511350054
381.913082437276
177.9394414575866
39.71546445639187
5.815785543612612
4.146132019120379
2.863575268821692
3.1056227598611184
2.068884408606638
0.3997162485110588
5.600545101553165
246.41763739545996
526.4183841099164
396.1025238948626
157.40292712066903
50.54293608124253
11.042801672640383
4.519489247311827
2.863575268821692
3.1056227598611184
2.068884408606638
0.3997162485110588
4.487753882915173e-12
192.65158303464753
456.22461170848266
409.54413082437276
198.47110215053766
30.381645758661886
5.815785543612612
4.146132019120379
2.863575268821692
3.1056227598611184
2.068884408606638
0.3997162485110588
4.487753882915173e-12
184.43697729988054
500.3050328554361
525.3039127837515
297.4126344086022
50.54293608124253
13.65628733572282
4.146132019120379
2.863575268821692
3.1056227598611184
2.068884408606638
0.3997162485110588
4.487753882915173e-12
79.15322580645163
320.3393817204301
350.17958482676227
92.43914277180406
30.754778972520914
13.65628733572282
4.146132019120379
2.863575268821692
3.1056227598611184
2.068884408606638
0.3997162485110588
4.487753882915173e-12
115.74223416965353
404.3473715651135
406.9287634408603
172.7120669056153
36.728419952210274
11.042801672640383
4.146132019120379
2.863575268821692
3.1056227598611184
9.909386200716845
0.3997162485110588
5.227016129032258
114.2461917562724
420.40023894862605
348.6831690561529
223.48640979689367
60.62473864994026
5.815785543612612
4.146132019120379
2.863575268821692
3.1056227598611184
2.068884408606638
0.3997162485110588
4.487753882915173e-12
92.21848864994027
430.8531212664277
328.5233721624851
268.28965053763443
22.541143966547192
5.815785543612612
4.146132019120379
2.863575268821692
3.1056227598611184
4.309020310633214
0.3997162485110588
11.200679510155314
157.55824372759858
423.7597072879331
364.7405167264038
230.2090800477897
13.207325268817204
5.815785543612612
4.146132019120379
2.863575268821692
3.1056227598611184
2.068884408606638
0.3997162485110588
4.487753882915173e-12
139.26149940262843
352.44922341696537
525.6571087216248
277.99581839904425
17.31414277180406
5.815785543612612
4.146132019120379
2.863575268821692
3.1056227598611184
2.068884408606638
0.3997162485110588
4.487753882915173e-12
4.487753882915173e-12
297.5679510155317
287.8270609318996
160.76202210274792
33.74182347670251
17.016465053763437
4.519489247311827
2.863575268821692
3.1056227598611184
2.068884408606638
4.506656959378733
4.487753882915173e-12
113.12649342891278
320.3393817204301
271.39784946236557
23.368443847072882
7.606780167268525
5.815785543612612
4.146132019120379
3.983643219832736
3.1056227598611184
2.068884408606638
0.3997162485110588
4.487753882915173e-12
239.32272998805257
455.86805555555554
512.6019265232975
373.950119474313
47.556003584229394
5.815785543612612
4.146132019120379
2.863575268821692
3.1056227598611184
2.068884408606638
0.3997162485110588
4.487753882915173e-12
115.74223416965353
402.85170250896056
168.72573178016725
150.68436379928315
7.606780167268525
7.309221923536438
4.146132019120379
2.863575268821692
3.1056227598611184
2.068884408606638
0.3997162485110588
4.487753882915173e-12
131.42323775388292
339.3839605734767
223.61111111111111
150.68436379928315
37.10200119474313
5.815785543612612
4.146132019120379
2.863575268821692
3.1056227598611184
2.068884408606638
4.506656959378733
4.487753882915173e-12
113.50283751493428
283.75
330.7627688172043
56.22379032258065
7.606780167268525
5.815785543612612
4.146132019120379
2.863575268821692
3.1056227598611184
2.068884408606638
0.3997162485110588
3.360203853046596
76.53748506571087
471.93399044205495
391.2473864994026
130.51971326164875
28.88791816009558
12.536103643966547
4.146132019120379
2.863575268821692
3.1056227598611184
8.416106630824373
0.3997162485110588
4.487753882915173e-12
46.67133363201911
283.75
234.8088410991637
50.996789127837516
12.460237455197133
