1073.2386348266946
1111.9874766901094
895.5106311140097
919.5589621809058
854.6512896803048
1366.6117749331352
1705.7966248467462
2189.057762323971
3053.446393774945
3389.08942505712
3276.7646955175555
1933.984937095926
1484.6906229503495
945.4301863493596
766.2565012183688
762.574004402421
773.7636319314973
970.177264613399
1406.5309702021034
1848.6650119551573
2937.1255614204565
3001.3299038211057
2261.0375865007845
1961.4473479047479
1455.2907281960943
1249.6002702884139
881.7321424434529
977.1818445561801
1185.109244175862
1383.399373376396
1791.4881577811752
2823.354434506087
3595.5882810568705
4301.830155571362
3842.744663648959
2638.5731708335725
2089.8105045282364
1430.0621002536204
962.8185005701001
840.4845940518443
868.7390792983277
1418.0179537352021
1413.8958464893678
2338.618922091073
2748.935623888281
3308.524626066302
2825.4645740963724
2068.684861998154
2024.6030265960997
1189.8537571332447
894.3351715074274
912.1799524502048
610.71996029439
876.9432352860116
1436.609558371366
2194.098816960612
2963.4368983433483
3472.7218711264586
3219.2552537204742
2350.1801825953444
1590.879823612491
682.7458457914414
532.5608051197747
549.5895656494479
518.7180273094177
710.9207065478845
1124.1838700734404
1759.1667118332768
2617.097268254659
3470.0130834892493
3200.6164041951224
1825.0437541385286
1349.5731402908339
862.8578797174258
733.8254322138071
672.6671574403338
626.9584936650446
937.651373143
1237.893544562723
1647.1519082264533
2707.075785453683
2943.7029090777924
2427.0882827569226
1753.2416707386237
1140.040954649816
1052.5492624461826
747.3323711224201
835.6674510819721
699.3680333038772
1194.3032185568757
1467.4171180376095
2446.127012624555
3415.356405478765
4352.181459493519
3644.8358190213794
2780.3673695954503
1446.628850654403
856.4395495170892
571.2184709791576
668.5824575856902
571.7870405425355
891.9854751547151
1410.3578188213003
2272.183936762948
3150.355237590731
3637.650715176816
2888.47929690121
2081.9443115214094
1164.390653548613
945.8151127595224
661.9329310050729
765.4918993001282
710.9620630588818
1327.216543267427
1623.613602139184
2358.856843843488
3447.3415791257003
3543.75322096781
3246.583638663606
2099.743894436426
1429.1915958011866
1121.5418977656084
699.9366973760708
782.8389265782455
846.4153376235237
939.2230482665867
1256.4577949555644
1996.4586065417438
2460.7051117237443
3184.8599811756944
2744.8124515205113
1787.6253949356687
1203.5393803008428
1062.664359675521
771.0677076079411
663.8688824918293
851.0327991699016
996.9109615542009
1792.9107316939828
2026.45431697903
2737.89798927184
3472.332555649867
2846.133485497159
2133.9324734735696
1599.3788524200015
1550.596580859474
1386.5878512612946
1080.0454990686376
774.2363207073615
1064.7688541649147
1294.4467341862844
2051.969795194357
2558.7085753266915
3339.1007173662097
2696.857812913194
1951.774842327749
1887.333935367445
2396.375197885862
1134.4596513719441
1063.165244847501
982.0401361754213
1268.6858778133262
1712.5684131501782
2387.461257257146
3240.4221242227122
4221.076280847345
3789.4502369432585
2588.9930951480187
1945.6896193017956
1883.0262211088136
1344.0099440857632
1589.3902439648814
1371.315867498094
1745.1194226097357
2295.6919687638383
3056.242387046852
4116.085920052446
4684.467841559869
4123.432964800408
2992.09575872362
2585.7857522642958
1962.5351173947868
1691.5664589023654
1841.8218084767961
1510.6031367297762
1918.0998659454426
2111.2084582287207
2736.1248563529034
3678.773366500089
3402.4721954042093
4136.391431444083
2781.3474050808877
2611.4290658758896
2321.166653897403
2239.980307666733
1877.2377792565458
1691.4483385838455
2050.237669043922
1976.419833337142
2864.601109005649
3841.315583382064
4354.151018045868
4240.817712880615
3069.8027387858506
2472.5832924293686
2029.4679444872988
1471.8443050237715
1406.4691530667376
1535.5836621356902
1788.7515999262935
2206.04768935275
2841.362050167242
3765.3735460353687
4295.599098890654
3940.6876088048903
3041.2083589737545
2521.8439930001787
1721.1875990759688
1633.384313809432
1670.0786340970087
1537.9555429650231
1781.242252444533
2265.9394548930895
2945.7445481897025
3560.032626125729
3835.7177124395557
3609.734574093296
2690.806709247614
2286.3727904229063
1280.1637573448238
1119.1265443657876
1119.401630987431
1142.1586935495325
1425.2336634283104
1748.687585836831
2707.44234372339
3147.364710099856
3921.991312506745
3579.4288100793433
2623.8514859056836
