0
0
0
0
0
0
642.6827790911452
1573.3251214985391
1409.2417977314392
1094.9758854583579
176.5953263373719
0
0
0
0
0
0
67.53697256455453
628.2503384961461
1696.3587311567062
1828.4978030409068
1023.8311304674053
116.42988071358162
0
0
0
0
0
0
33.293562523611456
370.9168461621264
1019.2651471179524
861.1786536656434
163.93302936110217
106.3683035966705
0
0
0
0
0
0
14.830296975995253
40.60511289421012
688.1587311236327
362.1621505740816
319.7373814059108
0
0
0
0
0
0
6.863297745948191
92.86266008397395
365.22084119749456
1892.710436212055
1590.655162104082
498.8258715668844
216.58632054704165
0
0
0
0
0
0
35.197600710982
553.3990408768807
945.9865162027238
1348.17637466516
442.14091199702744
103.20670959239109
0
0
0
0
0
0
99.20941338828408
511.3181716346811
1935.1937465267786
1611.2997214535646
755.0627774293216
110.08268816894622
0
0
0
0
0
0
37.87543110646789
95.18020561695647
1643.8075602267284
1478.0552185708077
591.4331264665581
158.98147977581385
0
0
0
0
0
0
0
391.81083631233025
1680.2802317418964
1754.568749764207
780.1895593065224
220.3937527405057
0
0
0
0
0
11.93030398819963
30.46359389353956
506.2177220947297
1258.7700433659813
1391.4274336005908
448.21209302550824
40.8155420724962
0
0
0
0
0
0
0
210.7344899177474
915.6380741616168
1366.9976489392695
441.6799415168427
142.3586510023571
0
0
0
0
0
0
33.338417053385754
371.83133100045126
1328.757115513427
952.418314283646
347.7826114343959
21.040786686681443
0
0
0
0
0
0
0
156.01815176621892
1163.1971547771006
900.6488266266665
470.6361205925939
113.53421592101245
0
0
0
0
0
0
53.3912832779698
391.26967818266644
637.3656080279595
2004.0960026813023
370.5896733509213
151.27415053811848
0
0
0
0
0
0
15.513625072561439
548.1080048407043
1007.719461407157
1220.7733528424558
769.8245253603533
136.86260771256065
0
0
0
0
0
0
0
633.2688507200752
1764.7419733951565
2349.4433300546216
729.8875854613476
89.66055431125633
0
0
0
0
0
0
0
342.45992217892115
906.3540395655687
383.8698684000388
470.05013705110014
58.37389084551012
0
0
0
0
0
0
53.87442381258582
543.7978153656297
1664.45466426369
2648.0453840476093
1109.0327482150615
154.7039142120022
0
0
0
0
0
0
35.08454147043848
122.31242161320529
1022.7760230806243
1851.6014679531731
655.2341394398165
87.70868992754444
0
0
0
0
0
0
65.53525783748164
591.3444033190656
773.0856728731808
1254.2033001796199
499.79980639826624
148.33109102597592
0
