25.346624850657108
8.286626344086022
6.113836618876942
4.282941308243728
1.3275089605734764
7.4974611708482675
22.53752240143369
105.79301075268818
204.11514336917563
202.32377538829152
135.1015531660693
45.15083632019116
9.184363799283155
10.079525089605735
4.62037037037037
2.0105025388291518
4.499697580645162
8.204002389486261
33.232937574671446
91.84961170848267
194.8517771804062
172.59296594982078
105.8617084826762
51.08273596176822
18.72043010752688
13.838560334528076
6.001194743130227
4.3454487753882916
0.8622520908004779
10.693921744324971
28.948103345280764
58.37029569892473
162.79308542413384
148.0141129032258
107.32340203106332
23.3767174432497
14.279980585424134
8.755189665471924
6.342779271206692
2.077479091995221
3.1369735663082436
5.303576762246117
21.65102299880526
31.953330346475514
152.96520310633215
122.7206541218638
31.376568100358423
34.83669354838709
10.174171146953405
10.610551075268818
9.658042114695341
4.636686081242532
5.21412037037037
8.903337813620073
30.358236260454007
100.992756869773
168.8971027479092
173.55921445639189
129.59304062126643
55.805331541218635
16.671445639187574
13.0625
7.114321983273596
3.8547117682198335
4.500261350059737
12.749813321385904
36.272214755077655
85.83034647550777
169.88089904420548
219.31488948626045
107.92040023894863
60.13254181600956
9.370407706093191
5.868727598566309
8.63325119474313
2.7734953703703704
3.2259035244922343
4.50645908004779
22.14433990442055
74.53741039426524
196.26680107526883
210.1325418160096
99.25813918757467
35.752202807646356
14.849723715651136
11.510491338112308
1.944571385902031
4.267099761051374
4.771542712066906
12.358049581839905
35.397774790919954
79.83124253285544
206.47700119474314
205.54883512544802
129.8043608124253
42.76975059737156
13.204338410991634
9.746639784946236
8.192876344086022
9.68552120669056
4.002430555555557
16.978793309438473
33.808617084826764
128.47707586618876
201.48820191158896
285.7911439665472
189.43473715651135
82.0855734767025
23.658602150537636
12.92558990442055
4.776919056152927
3.5711768219832742
5.434923835125447
30.190262843488654
39.24055406212664
80.15643667861409
222.34879032258064
255.65934886499397
84.50007467144565
38.74122610513739
14.563993428912784
8.590613799283153
6.893518518518518
6.399305555555555
4.2298573775388295
4.487626941457586
19.623805256869773
82.28531959378734
205.2699372759857
201.80779569892468
140.29980585424136
47.728867980884104
19.78386350059737
10.192017622461169
13.911028972520908
2.826456093189964
3.4038045101553167
10.891838410991637
25.900238948626047
83.79480286738351
153.32997311827958
159.39814814814815
98.08654420549581
35.32877837514934
10.821236559139784
7.222110215053765
4.616114097968937
3.6423312425328547
2.767096027479092
10.529196535244925
53.144041218637994
100.35916965352448
142.8035394265233
182.62395459976108
122.12776284348865
45.15083632019116
9.975321087216248
10.65912485065711
7.800701911589008
4.348547640382319
3.221225358422939
4.891457586618877
30.322916666666668
97.71505376344088
204.4212962962963
149.95669056152929
124.67144563918755
32.40158303464755
22.94866338112306
7.535692951015533
4.246863799283154
3.7445564516129033
3.4596774193548385
4.97793458781362
21.760491338112306
83.1978046594982
199.5374103942652
154.12410394265234
105.40733273596177
64.12783751493428
14.994511648745522
6.376306750298686
8.629218936678615
3.9327172939068102
5.533762694145758
14.182571684587813
32.63183243727598
88.60327060931898
214.74723715651135
180.8090651135006
97.07549283154121
43.716173835125446
18.193623058542414
10.29502688172043
5.244324970131422
4.118813470728794
1.4085760155316607
9.579263739545999
41.5058990442055
52.93421445639188
160.51075268817206
130.14971624850654
100.17921146953405
70.2307347670251
7.688396057347671
11.497573178016726
3.0578031660692955
4.092723267622461
2.98252688172043
16.29121863799283
39.42506720430107
115.55928912783752
278.49723715651135
304.29398148148147
189.6057347670251
49.39142771804062
14.484318996415768
4.748767921146953
8.610700418160096
3.240318847072879
5.333284796893667
8.78688769414576
30.059662485065715
104.38657407407408
253.8127240143369
180.36477001194746
128.0432347670251
33.78909050179212
22.368242234169653
6.567839008363202
5.100765382317801
3.285050776583035
6.188732078853047
9.78670101553166
28.583034647550775
126.0364396654719
236.57034050179212
265.67614994026286
183.7940561529271
57.09192054958184
