6.33366935483871
4.405988649940263
2.3887022103020024
2.5906137993103657
1.896953405017921
0.3334229390953121
66.70773596176822
156.45534647550775
140.7706093189964
120.7179659498208
37.35364396654719
6.558919504181601
4.851403823205228
3.458669354865921
2.3887022103020024
2.5906137993103657
1.7258064516401148
11.55766129032258
65.42712066905615
168.35050776583034
181.01478494623655
114.03113799283155
31.69952210274791
9.945340501792115
4.851403823205228
3.458669354865921
2.3887022103020024
2.861271654719235
1.7258064516401148
8.373670848267622
40.90128434886499
103.65516726403823
88.54540023894863
31.849611708482676
30.843413978494624
10.23446833930705
7.211618876941458
4.412335722819594
2.834490740740741
2.5906137993103657
2.903972520908005
6.701777180406212
9.389560931899641
72.08408004778973
40.90128434886499
46.892174432497015
15.133288530493163
8.807385005973716
5.63788082437276
3.458669354865921
2.419747983870968
3.326164874551971
4.821311230585424
14.26823476702509
40.568996415770606
187.50373357228196
158.61335125448028
64.16554659498208
41.613649940262846
8.39146505376344
4.851403823205228
3.458669354865921
3.960125448028674
2.5906137993103657
3.1682721027479093
8.847834528076463
58.691756272401435
97.00940860215053
135.52867383512546
58.87507467144564
30.87402927120669
10.218413978494624
5.279681899641577
3.906063321385902
2.3887022103020024
2.5906137993103657
1.7258064516401148
15.076179808841099
54.778972520908006
191.82347670250897
160.84229390681003
88.96393369175627
31.647998805256865
6.345579450445371
6.463410991636798
3.458669354865921
3.0454375746714457
2.5906137993103657
3.039277180406213
9.308930704898447
15.060110513739547
164.060633213859
148.21908602150538
73.43974014336918
36.44638590203106
6.345579450445371
4.851403823205228
3.458669354865921
2.55586917562724
2.5906137993103657
1.8977449223416964
0.3334229390953121
43.57078853046595
167.6859318996416
174.82078853046596
91.65210573476702
42.445116487455195
11.678987455197133
4.851403823205228
4.04775238948626
2.3887022103020024
2.5906137993103657
5.551597968936678
8.811992234169654
54.64083034647551
127.47535842293907
140.19563918757467
60.01754778972521
25.378584229390682
6.345579450445371
7.125709378733572
3.458669354865921
2.3887022103020024
4.6809662485065715
1.7258064516401148
5.746729390681003
26.480361409796895
94.76926523297492
137.9965651135006
59.54338410991637
35.22326762246117
8.7057945041816
5.070325567502986
4.350246415770609
3.3081317204301075
2.5906137993103657
1.7258064516401148
9.308930704898447
42.02508960573477
134.45340501792114
98.45430107526882
50.70601851851852
23.738425925925927
7.35017174432497
4.851403823205228
3.4897151284348866
2.5598491636798086
2.5906137993103657
1.7258064516401148
5.803853046594981
21.494175627240143
118.75
93.64172640382318
62.6198476702509
32.72214755077658
10.445415173237752
7.313209378733571
4.456914575866189
2.969832735961768
2.5906137993103657
1.7258064516401148
11.458721624850655
44.14202508960574
68.56332138590203
199.41009557945043
53.20004480286738
36.467293906810035
8.87694145758662
4.851403823205228
3.6576762246117083
2.3887022103020024
2.7625522700119474
2.123842592592592
7.9517771804062125
59.28539426523297
104.16293309438471
124.58183990442055
91.57370071684588
35.22326762246117
10.218413978494624
4.851403823205228
3.458669354865921
2.969832735961768
2.84375
1.9853195937873358
6.386663679808841
67.5739247311828
176.77718040621266
232.76956391875746
87.91479988052569
30.843413978494624
10.934513142174433
8.502128136200717
3.458669354865921
2.3887022103020024
3.0188918757467142
1.7258064516401148
5.603360215053764
39.87455197132616
94.76926523297492
44.784199522102746
63.20975209080048
27.989471326164875
12.391726403823176
4.950115740740741
3.458669354865921
2.3887022103020024
2.5906137993103657
3.2100507765830346
11.993742532855435
59.28539426523297
167.49178614097968
261.6636798088411
124.54487753882916
37.35364396654719
10.803464755077659
5.181757765830347
3.458669354865921
3.0900164277180404
3.3500597371565113
4.000112007168458
10.323715651135005
19.085274790919954
106.2313321385902
185.59587813620072
81.28024193548387
31.087589605734767
6.345579450445371
7.211618876941458
3.458669354865921
2.3887022103020024
2.5906137993103657
1.7258064516401148
13.369563918757464
64.12783751493428
82.49701314217444
128.57676224611708
66.57743428912784
37.04002389486261
6.345579450445371
