5.815785543612612
4.146132019120379
2.863575268821692
4.972431302270011
2.068884408606638
0.3997162485110588
8.214083034647553
157.93010752688173
373.7287186379928
372.20691457586616
298.53233273596175
34.48846326164874
11.042801672640383
4.146132019120379
2.863575268821692
3.1056227598611184
2.068884408606638
0.3997162485110588
4.487753882915173e-12
60.10827359617682
515.2199074074074
223.61111111111111
156.28322879330943
50.54293608124253
5.815785543612612
4.146132019120379
2.863575268821692
3.1056227598611184
2.068884408606638
0.773073476702509
4.487753882915173e-12
85.87141577060933
331.1693548387097
223.61111111111111
143.9616935483871
14.32709826762246
21.123282556750297
4.146132019120379
2.863575268821692
5.345758661887693
2.068884408606638
0.3997162485110588
4.487753882915173e-12
73.17839008363202
188.54428016726405
238.17278972520907
154.79166666666666
21.794504181600953
11.042801672640383
4.146132019120379
2.863575268821692
3.1056227598611184
2.068884408606638
4.13328853046595
4.487753882915173e-12
109.01919056152927
320.7153524492234
367.3521505376344
87.21251493428913
49.42286439665472
5.815785543612612
4.146132019120379
2.863575268821692
3.1056227598611184
2.068884408606638
0.3997162485110588
4.487753882915173e-12
115.74223416965353
377.8360215053764
279.6124551971326
18.14142771804511
37.47550776583035
15.523148148148149
4.146132019120379
2.863575268821692
3.1056227598611184
2.068884408606638
0.3997162485110588
4.487753882915173e-12
111.63493130227002
238.57452210274786
498.0398745519713
379.55309139784947
64.73192951015531
5.815785543612612
7.133004778972523
2.863575268821692
3.1056227598611184
2.068884408606638
0.3997162485110588
4.487753882915173e-12
70.56264934289128
267.3252688172043
238.17278972520907
99.53405017921146
16.19392174432497
16.64333183990442
4.146132019120379
2.863575268821692
3.1056227598611184
2.068884408606638
0.3997162485110588
4.487753882915173e-12
150.8352001194743
347.22222222222223
470.37821087216247
150.68436379928315
28.88791816009558
6.562485065710872
4.146132019120379
2.863575268821692
3.1056227598611184
2.068884408606638
0.3997162485110588
4.487753882915173e-12
4.480372610513739
237.82706093189964
220.25201612903226
23.368443847072882
34.862044504181604
5.815785543612612
4.146132019120379
2.863575268821692
3.478979988052568
2.068884408606638
0.3997162485110588
4.487753882915173e-12
113.50283751493428
444.67331242532856
568.5887096774194
532.6116338112306
49.42286439665472
5.815785543612612
4.146132019120379
2.863575268821692
3.1056227598611184
2.068884408606638
0.773073476702509
4.487753882915173e-12
104.91188769414576
379.70392771804063
288.20340501792117
47.636648745519715
7.606780167268525
17.763104838709676
4.146132019120379
2.863575268821692
3.1056227598611184
2.068884408606638
0.3997162485110588
4.487753882915173e-12
229.98842592592592
514.1136499402628
278.8687275985663
45.39669205495819
12.833796296296295
5.815785543612612
4.146132019120379
2.863575268821692
3.1056227598611184
2.068884408606638
0.3997162485110588
4.487753882915173e-12
163.52859916367981
458.12537335722817
638.7836021505377
191.3806750298686
7.606780167268525
5.815785543612612
4.146132019120379
2.863575268821692
3.478979988052568
2.068884408606638
0.3997162485110588
8.214083034647553
159.04980585424133
342.366711469534
368.09961170848266
177.9394414575866
30.754778972520914
5.815785543612612
4.146132019120379
2.863575268821692
3.1056227598611184
2.068884408606638
0.3997162485110588
4.487753882915173e-12
42.562724014336915
423.7597072879331
548.4505675029868
181.29853643966547
30.754778972520914
20.00350955794504
4.146132019120379
2.863575268821692
5.719127090800478
2.068884408606638
0.3997162485110588
4.487753882915173e-12
123.2086320191159
514.47020609319
463.694743130227
177.9394414575866
39.71546445639187
5.815785543612612
4.146132019120379
2.863575268821692
3.1056227598611184
2.068884408606638
0.3997162485110588
4.487753882915173e-12
160.9173387096774
514.1136499402628
749.6520310633214
168.97662783751494
34.862044504181604
5.815785543612612
4.146132019120379
2.863575268821692
3.1056227598611184
2.068884408606638
0.3997162485110588
2.986872759856631
67.57952508960574
568.6417264038232
555.1329151732377
341.84438470728793
7.606780167268525
8.055921445639187
4.146132019120379
2.863575268821692
3.1056227598611184
2.068884408606638
2.6398521505376342
36.58908303464755
129.1838410991637
471.93399044205495
555.1329151732377
158.52262544802866
56.14135304659498
