4.851403823205228
6.9927568697729985
2.595669056152927
2.5906137993103657
4.941830943847073
9.205510752688172
34.42204301075269
114.93055555555556
160.84229390681003
88.28815710872162
45.24044205495819
6.345579450445371
5.77482825567503
3.458669354865921
2.4866151433691757
2.5906137993103657
1.7258064516401148
17.687440262843488
44.67965949820788
110.03584229390681
133.24746117084825
78.81608422939068
41.80107526881721
12.497386499402628
7.932497013142174
3.458669354865921
2.774006869772999
2.5906137993103657
1.7258064516401148
1.3380152329749104
44.14202508960574
119.3847072879331
128.57676224611708
106.53412485065711
36.6274641577061
6.345579450445371
7.11211917562724
3.458669354865921
2.3887022103020024
2.761760752688172
1.7258064516401148
1.0928688769414576
24.708781362007173
37.26291816009558
83.52747909199522
72.3980734767025
41.80107526881721
6.855062724014336
4.851403823205228
5.498543906810036
2.3887022103020024
2.689325716845878
1.7258064516401148
9.711036439665472
56.04838709677419
61.510603345280764
106.20146356033453
73.75709378733572
27.487679211469533
6.926709976105138
4.88165359916368
3.458669354865921
2.4205439814814813
2.5906137993103657
1.7258064516401148
10.323715651135005
41.39411589008363
79.33467741935483
104.40188172043011
50.94870071684588
27.18637992831541
14.859991039426523
4.851403823205228
3.458669354865921
2.5733908303464754
2.5906137993103657
1.7258064516401148
0.9225059737156511
16.23618578255675
72.08408004778973
115.4868578255675
70.29233870967742
34.21856332138591
10.19377240143369
4.851403823205228
3.8308281063321385
2.3887022103020024
2.5906137993103657
1.7258064516401148
1.5832362604540025
35.74223416965352
119.3847072879331
121.21042413381123
67.06279868578255
27.59931302270012
10.78853046594982
5.064743876941457
3.458669354865921
2.3887022103020024
2.5906137993103657
1.7258064516401148
1.0689740143369175
34.52247610513739
70.68399044205496
27.311827956989248
56.676000597371576
31.811155913978496
7.539650537634409
4.886429211469534
3.458669354865921
2.3887022103020024
7.812761350059737
1.8054136798088412
3.5447804659498208
37.53360215053763
52.990591397849464
104.16293309438471
9.702889784946239
23.738425925925927
14.274193548387096
4.851403823205228
3.458669354865921
2.3887022103020024
2.7816606929510157
1.7258064516401148
6.879495221027479
55.5331541218638
97.00940860215053
132.9786439665472
90.05787037037035
54.164053166069294
11.440412186379929
5.693623058542413
4.132131123058542
2.3887022103020024
4.540882616487456
1.7258064516401148
6.481123058542414
2.7211768219832733e-11
98.45430107526882
99.18608124253286
85.65598864994027
25.25276284348865
6.982414874551972
6.029569892473118
3.5430518219832736
4.428576762246117
2.5906137993103657
1.7258064516401148
3.5494474313022693
22.220355436081242
121.23282556750299
117.44698327359617
63.583109318996414
15.133288530493163
6.882915173237754
4.851403823205228
3.856705495818399
2.3887022103020024
2.5906137993103657
6.263216845878137
6.323566308243728
45.452508960573475
52.172939068100355
132.9786439665472
127.07623954599761
47.14493727598566
6.345579450445371
4.851403823205228
3.856705495818399
2.3887022103020024
4.202620967741935
1.7258064516401148
5.955062724014337
11.725657108721625
49.44369772998805
83.94190561529271
78.19257765830345
41.613649940262846
7.081130525686976
4.851403823205228
4.483982974910394
2.3887022103020024
2.5906137993103657
1.7258064516401148
8.240008960573476
51.65023894862605
121.67712066905615
114.93055555555556
96.1398596176822
30.843413978494624
14.067353643966547
10.073551373954599
3.458669354865921
2.3887022103020024
3.127949522102748
1.7258064516401148
1.252852449223417
39.87455197132616
142.648596176822
167.49178614097968
72.55114994026285
25.2942054958184
11.678987455197133
4.851403823205228
3.458669354865921
2.4484057646356034
2.5906137993103657
1.7258064516401148
5.7067801672640375
32.011648745519715
157.69862604540023
224.19354838709677
119.66509856630825
24.13343787335723
7.2992458183990445
4.851403823205228
3.9490367383512543
2.3887022103020024
2.5906137993103657
1.7258064516401148
1.4996415770609317
56.9481780167264
140.7706093189964
211.52927120669057
114.03113799283155
36.425104540023895
7.5985663082437265
4.946931003584229
3.458669354865921
2.4046232825567504
2.5906137993103657
2.220952807646356
6.386663679808841
59.28539426523297
116.1215651135006
177.24761051373955
98.85043309438471
42.207287933094385
12.586618876941458
