5.815785543612612
4.146132019120379
2.863575268821692
3.1056227598611184
3.1889523596176823
0.3997162485110588
4.487753882915173e-12
4.487753882915173e-12
460.73924731182785
334.1218637992832
109.98805256869773
19.554099462365592
12.163007765830345
4.146132019120379
9.210797491039427
3.1056227598611184
2.068884408606638
0.3997162485110588
4.487753882915173e-12
99.31302270011948
323.3266129032258
210.16987753882916
87.21251493428913
39.71546445639187
5.815785543612612
4.146132019120379
2.863575268821692
3.1056227598611184
2.068884408606638
0.3997162485110588
29.86872759856631
173.23924731182797
413.30533154121866
300.148596176822
167.10909498207886
40.462141577060926
7.682594086021505
4.146132019120379
2.863575268821692
3.1056227598611184
2.068884408606638
0.3997162485110588
4.487753882915173e-12
198.254554958184
493.9336917562724
498.0398745519713
161.8817204301075
24.40800477897252
5.815785543612612
4.146132019120379
2.863575268821692
3.1056227598611184
2.068884408606638
0.3997162485110588
4.487753882915173e-12
92.21848864994027
294.9522102747909
249.74649044205495
130.89605734767025
37.47550776583035
17.016465053763437
4.146132019120379
2.863575268821692
3.1056227598611184
2.068884408606638
0.3997162485110588
4.487753882915173e-12
78.77688172043011
328.55361409796893
160.51112604540023
45.769787933094385
14.32709826762246
5.815785543612612
4.146132019120379
2.863575268821692
3.1056227598611184
2.068884408606638
0.3997162485110588
4.487753882915173e-12
148.96766726403823
404.3473715651135
288.20340501792117
152.55227001194743
18.807459677419352
6.935853494623656
4.146132019120379
4.730383811230586
3.1056227598611184
4.682388739545997
0.3997162485110588
4.487753882915173e-12
266.20594384707294
501.0584677419354
520.7892771804061
247.38164575866188
20.674320489844682
20.00350955794504
4.146132019120379
2.863575268821692
3.1056227598611184
2.068884408606638
0.3997162485110588
2.986872759856631
143.36880227001194
353.568921744325
424.84879032258067
167.10909498207886
15.073775388291514
8.802658303464753
4.146132019120379
2.863575268821692
3.1056227598611184
2.068884408606638
0.3997162485110588
4.487753882915173e-12
104.91188769414576
239.32272998805257
188.89000896057348
50.996789127837516
7.606780167268525
7.682594086021505
4.146132019120379
2.863575268821692
3.1056227598611184
2.068884408606638
0.3997162485110588
4.487753882915173e-12
140.75754181600956
385.30241935483866
331.8828405017921
101.02561230585424
9.473588709677419
6.562485065710872
4.146132019120379
2.863575268821692
3.1056227598611184
2.068884408606638
0.3997162485110588
7.093862007168458
165.3968787335723
572.3603643966547
548.4505675029868
264.5590651135006
49.42286439665472
8.055921445639187
4.146132019120379
2.863575268821692
3.1056227598611184
2.068884408606638
0.3997162485110588
4.487753882915173e-12
32.482265531660694
320.3393817204301
219.50418160095583
95.0548835125448
7.606780167268525
11.042801672640383
4.146132019120379
2.863575268821692
3.1056227598611184
2.068884408606638
0.3997162485110588
14.560857228195937
137.39396654719235
342.7430555555555
308.73506571087216
86.09244324970132
34.48846326164874
5.815785543612612
4.146132019120379
2.863575268821692
3.1056227598611184
2.068884408606638
0.3997162485110588
4.487753882915173e-12
39.94922341696535
403.2276732377539
287.8270609318996
21.128300477897252
39.34195788530466
5.815785543612612
4.146132019120379
2.863575268821692
3.478979988052568
2.068884408606638
2.6398521505376342
4.487753882915173e-12
132.54293608124254
366.2623207885305
261.69168160095586
18.14142771804511
7.606780167268525
5.815785543612612
4.146132019120379
2.863575268821692
3.1056227598611184
2.068884408606638
0.3997162485110588
1.1200679510155316
114.2461917562724
355.80869175627237
423.72909199522104
379.55309139784947
16.940598864994026
5.815785543612612
4.146132019120379
2.863575268821692
3.1056227598611184
2.068884408606638
0.3997162485110588
4.487753882915173e-12
70.19041218637993
338.6361260454002
396.1025238948626
248.8780615292712
75.18630525686977
12.536103643966547
4.146132019120379
2.863575268821692
3.1056227598611184
2.068884408606638
0.3997162485110588
4.487753882915173e-12
159.798013739546
228.12089307048984
288.20340501792117
18.14142771804511
20.674320489844682
17.763104838709676
4.146132019120379
2.863575268821692
4.599059139784946
2.068884408606638
0.3997162485110588
4.487753882915173e-12
146.35640681003585
458.83475209080046
322.9245071684587
191.3806750298686
18.807459677419352
