1526.5157930107523
1231.7912559737158
934.7801261947429
918.1469941009556
1051.7284624402625
1432.570387544802
1811.199686379928
2300.8009520609326
3052.428442353643
3537.816308243728
3488.7058281063314
2272.505787037037
1639.9721624850654
1730.749701314218
1060.9414127837515
1266.0734393667867
1163.361485028375
1785.1873394563916
1543.7637880824373
2456.117510454002
3151.130943847073
3189.440300179211
2897.363799283153
2066.0739620669056
1791.1228718637997
972.5783378136201
725.7666517323771
785.0171482974912
683.2270792264037
893.5724223864997
1111.8402441756275
1715.4385528673838
2554.3140494324957
3159.200119474313
2313.848230286738
1545.2330495818392
1014.7067764336921
675.881515083632
528.8795781063322
488.90648148148136
572.1733654420547
852.9028098864991
1382.2132989844686
2197.2293458781355
3245.6807459677425
3958.423797789726
3538.322543309439
2131.705682497013
1560.0556115591398
1171.2819444444442
644.781608422939
761.1548398297492
695.6877815113501
1117.927971923536
1530.0263552867382
2052.659094982078
2934.921762992832
3392.9441084229384
2942.166405316607
1968.3044728195937
1473.997125149343
885.1216360513739
763.5847110215053
697.6363044728193
781.2239844683393
994.9885790023899
1358.0249701314217
1964.4053502090808
2482.354842443249
2631.2015008960575
2478.8471102150525
1746.5293832138584
1028.2551933990437
1052.8534423536444
768.1876792114696
843.1673611111115
906.4899641577057
1199.605200866189
1776.9951986260457
2248.4120071684583
3227.5163903823177
3092.964717741936
2681.1624103942654
1999.7355510752689
1616.5698551373955
1214.3637096774191
821.4765681003589
787.3332437275985
707.3347382765832
1147.8681212664278
1423.595997610514
1992.1864247311833
2958.7936827956983
3953.863873954598
3223.684699820788
2371.8838896356024
1587.1939740143368
1293.957911439665
1173.1662186379924
1318.885211320191
841.9110177718039
1192.0433541666666
1588.6289501194744
2343.4547379032265
3048.3075119474315
3878.066308243728
3016.633325866189
2141.8214792413382
1570.9402852449227
1133.3402180406217
648.6466883213857
735.7828629032257
880.810285991637
951.3885913231782
1436.2557310334532
1856.6643555854246
2632.993570788531
2679.6439516129035
2445.611447132617
1706.7554920848263
1406.3976254480287
938.2098103345282
888.0126754778976
911.56780167264
902.0130749701315
1259.947569444444
1452.1678912783755
1962.5812649342888
2758.3410319593786
2824.104241338113
2948.881347072879
1996.2834901433696
1690.1995557048988
1016.8346848864992
743.5027665770608
874.0663754480285
958.9097968936678
1312.6851515830342
1461.840468189965
2146.661555406214
2925.100955794504
3552.2543682795686
3141.925664575866
1923.4239097968932
1372.4539613201919
858.6925888590204
704.9221064814815
673.1536872759856
534.1543010752689
941.7310151583033
1353.43326239546
1846.5241039426526
2634.928502090801
3072.778860513739
2477.010491338113
1790.3033527479085
895.400306152927
978.7092069892469
514.6122274492235
641.4704043458783
745.5655652628436
1209.388093637993
1740.0078666367976
1867.7384744623653
2661.2106332138587
3825.9324223416957
2927.538045101554
1724.551261947431
1151.5172117682202
987.3634259259261
650.7963784348863
745.035300925926
477.4285103046593
840.8929734169653
1216.5763590203105
1855.7144899940263
2462.269534050179
3831.4333557347672
2765.1906735364405
1932.6949410095579
1540.166069295101
1152.8263142174428
1195.035696684588
559.1090949820789
741.3490270310634
1198.4153001792113
1438.287298387097
1768.7352150537633
2563.3230734767026
2402.100321087216
2167.5922341696537
1645.226067801672
1381.8057310334525
1461.8744959677422
974.1073659647552
939.5966837664278
944.1329398148148
1223.9719769713265
1451.0254581093184
2394.1689292114693
3025.8128770908006
3561.543940412187
3162.838392323775
2422.4237529868574
1926.1976627837505
2135.68501344086
1419.4284386200716
1248.9224499701313
1556.1097225955796
1643.382375298685
1999.9745333034648
2916.0627538829167
3543.9226217144565
4204.670250896057
3540.0566756272397
2741.540397252091
2387.5749738649956
1659.6114994026298
1539.9425029868573
1749.2476105137398
1567.9640083632012
1672.1721684587815
2130.212918160096
2802.007877837515
3571.3600806451627
4039.0386798088425
3616.5494324970136
2622.250149342892
2356.0174805854253
2093.2799059139775
1782.0223416965357
1927.2792338709678
1748.745710125449
2035.534122983871
2506.593376642772
3021.0293682795705
4453.372110215053
4920.921258960573
5264.200530167265
3754.533527479093
