581.79128098865
406.3396199223416
214.9040359916367
160.40217577658296
53.47225798984468
524.7582601553165
561.3442820340504
2477.405118727599
5657.3348678315415
4101.127363351254
2740.702624701314
1332.3220392771802
298.0581376941457
227.3030309139785
170.92145870669057
146.0159618428913
107.20028584229392
147.10491300776582
447.47173536439675
2734.467163231781
5186.142824074072
4218.763720878137
2776.00798237754
760.0938220579452
531.5185588410992
305.7063985961767
127.40871568847072
209.6684177120669
126.29394772998806
267.94082437275995
424.7245494324971
2293.889997759857
6588.481839904422
4083.14980212067
1556.3981444145754
924.6975358422941
317.60556040919954
319.21680406212664
137.5474495967742
120.55394007616486
72.71088765681003
190.814952583632
576.9221871266428
2419.8785170250894
5950.931530017921
6353.413168309437
2955.2406100657117
832.5971520310629
356.48408116786123
200.46837066905618
209.5641353046595
107.76520837066909
156.0310846400836
361.35128546893657
778.4102161738351
3144.4504144265234
6090.3059401135015
5462.416621863801
1966.5353009259265
833.4095381571085
184.80711768219834
283.59838485663084
94.66232978643967
156.9300022028076
102.07531447879329
189.88549283154128
1378.2130152329746
2595.9652441756275
5837.271680854241
4717.692618727598
1310.1940225507765
652.6420437574671
421.88248095878134
252.0388347520908
134.29354304808842
122.84397920400241
116.20336656212662
161.6277593339307
473.2061391129035
3339.999137544803
6819.542708333333
5497.78745146356
2355.9048125746713
1225.545306899642
526.7647252090801
210.38811827956985
171.22480473416968
170.53157418608123
167.4332501120072
308.10656324671453
875.9091423984465
3895.6746639784938
6810.934042712067
5711.966827210275
4157.3190374850665
856.3122998805259
356.9477180406212
312.5538298984468
195.7283744026284
175.1475741114098
157.6019425403226
185.94123469235365
451.17128472222214
3069.3730100059743
7010.528875448032
4909.593951612904
2701.3299992532857
562.7971023745519
620.2883613351255
306.96744063620065
157.60968600657108
114.05947603046599
117.30744750597371
133.65878920250896
602.3010147849461
2743.629435483871
5999.897016875748
4693.563250448027
1703.2647438769418
770.5884005376342
293.0724301821983
333.99917749402624
134.58001269414572
98.6929602747909
95.2019005376344
184.49829674432502
463.9155073924729
1932.1776022998806
5590.630559289127
3543.14541890681
1784.8780167264028
772.2569257765832
644.820496938471
197.28841211170848
122.23689878285543
119.02029954450417
112.52843854540026
287.8366924283155
474.2886984767024
3211.3083893369176
7462.405212066904
4787.260457735962
3168.74298088411
1491.5194481780168
536.2272095280765
461.22678950119473
94.07220922939067
97.6717867383513
218.7363004405615
258.466640905018
531.2458253808245
2832.2625821385896
5144.371568847074
4594.543432646356
2284.1123431899646
728.630302792712
595.7295403972519
407.9936264187574
153.5130745967742
99.59071882467146
116.54220430107523
124.58818996415773
277.66339945489835
2881.056854838709
6865.166465053766
6047.773495370369
3446.1880488351235
1115.290031362007
453.15589941756275
241.1296785394265
148.24363579002392
279.6986925776584
97.3796320564516
230.02174469832744
983.4788119773004
3820.4038306451607
8656.742013888888
7236.337724014338
3219.701904121863
1046.6722520908004
462.5145310633214
290.6009479540024
198.7152852449224
151.19959684886504
108.47310689217441
331.5078823178016
757.4855066457587
4177.067099761052
7142.1923536439635
6341.724096475507
3538.838933691757
1088.434535543608
495.09919765531663
382.8614788679809
199.0052206541219
156.08510252389485
169.99503326612898
170.55472072879337
523.1922483572282
4114.107351403823
7248.936043906811
5379.404386947432
2782.687048237754
1070.9530316606931
548.4179569892474
192.83273782855437
182.1112780017922
159.9612795698925
82.41276724910396
207.3739874551971
584.0671800328554
4533.96161514337
7352.487724014337
6021.400231481481
3436.184968637992
1235.275802718041
305.5144429510155
164.73808243727595
194.8453860513739
115.46152344683392
96.0986938844086
221.85515718339306
451.93105100059756
2313.732355137395
5315.461450866187
4285.796322431303
2629.114202508961
833.9513803016728
300.52123469235363
418.9310961768218
188.81676784647553
122.96744231630824
167.81402180406212
153.01535020908003
612.5836753285545
3112.2815486857817
5537.7604017323765
4261.079155465951
3608.2904719235366
1155.3411813022701
