5.815785543612612
4.146132019120379
2.863575268821692
3.1056227598611184
4.309020310633214
0.3997162485110588
4.487753882915173e-12
158.3019713261649
509.2458183990442
418.5024641577061
330.2662037037037
65.10416666666667
5.815785543612612
4.146132019120379
2.863575268821692
3.1056227598611184
2.068884408606638
0.3997162485110588
4.487753882915173e-12
143.36880227001194
355.80869175627237
389.3794802867383
315.7093787335723
60.62473864994026
5.815785543612612
4.146132019120379
2.863575268821692
3.1056227598611184
2.068884408606638
0.3997162485110588
21.28113799283154
143.74029271206692
428.988201911589
406.9287634408603
327.28307945041814
49.42286439665472
5.815785543612612
4.146132019120379
2.863575268821692
3.1056227598611184
2.068884408606638
0.3997162485110588
4.487753882915173e-12
4.487753882915173e-12
143.74029271206692
92.93608124253286
18.14142771804511
12.833796296296295
5.815785543612612
4.146132019120379
2.863575268821692
3.1056227598611184
2.068884408606638
0.3997162485110588
4.487753882915173e-12
48.16285842293906
398.0006720430108
381.913082437276
161.8817204301075
34.862044504181604
18.88332586618877
4.146132019120379
2.863575268821692
3.1056227598611184
2.068884408606638
0.3997162485110588
4.487753882915173e-12
76.16562126642772
387.1706989247312
300.148596176822
152.55227001194743
24.034460872162484
16.269825268817204
4.146132019120379
2.863575268821692
3.1056227598611184
2.068884408606638
0.3997162485110588
4.487753882915173e-12
177.34655017921148
329.3014486260454
342.7128136200717
208.1813769414576
30.381645758661886
5.815785543612612
4.146132019120379
10.704077060931901
3.1056227598611184
2.068884408606638
0.3997162485110588
4.487753882915173e-12
72.43018219832736
327.43391577060925
127.2856929510155
141.72192353643968
7.606780167268525
5.815785543612612
4.146132019120379
2.863575268821692
4.225690710872162
6.175825119474312
0.3997162485110588
4.487753882915173e-12
75.0459229390681
282.25843787335725
199.71587514934288
88.33183990442056
7.606780167268525
5.815785543612612
4.146132019120379
2.863575268821692
3.1056227598611184
2.068884408606638
0.3997162485110588
4.487753882915173e-12
181.453853046595
285.24604241338113
163.49835722819594
142.84162186379928
34.11495669056153
5.815785543612612
4.146132019120379
2.863575268821692
3.1056227598611184
2.068884408606638
0.3997162485110588
4.487753882915173e-12
224.76142473118279
76.53748506571087
94.42764336917564
86.09244324970132
7.606780167268525
15.896244026284347
5.266199970131421
5.850448028673835
3.1056227598611184
2.068884408606638
0.3997162485110588
4.487753882915173e-12
124.70019414575866
310.6332138590203
328.5233721624851
123.80114994026285
7.606780167268525
5.815785543612612
4.146132019120379
2.863575268821692
7.959080047789725
2.068884408606638
0.3997162485110588
4.487753882915173e-12
92.21848864994027
342.7430555555555
174.70056750298687
18.14142771804511
37.10200119474313
32.697468637992834
4.146132019120379
9.957437275985663
3.1056227598611184
2.068884408606638
0.3997162485110588
4.487753882915173e-12
86.24365292712066
312.12477598566306
347.9398148148148
152.55227001194743
35.60868428912784
5.815785543612612
4.146132019120379
2.863575268821692
4.599059139784946
2.068884408606638
0.3997162485110588
21.28113799283154
148.96766726403823
493.9336917562724
483.834005376344
158.52262544802866
23.661364994026286
17.016465053763437
8.626504629629629
2.863575268821692
3.1056227598611184
4.309020310633214
0.3997162485110588
13.44108422939068
72.43018219832736
352.44922341696537
385.2721774193548
189.88463261648747
50.54293608124253
5.815785543612612
4.146132019120379
2.863575268821692
3.1056227598611184
2.068884408606638
0.3997162485110588
4.487753882915173e-12
111.63493130227002
252.01650238948625
288.20340501792117
152.1759259259259
21.04786439665472
5.815785543612612
4.146132019120379
2.863575268821692
3.1056227598611184
4.682388739545997
0.3997162485110588
4.487753882915173e-12
91.84662485065711
238.20303166069294
331.8828405017921
109.98805256869773
26.647961469534046
12.909647550776583
4.146132019120379
14.810894563918758
3.1056227598611184
2.068884408606638
0.3997162485110588
4.487753882915173e-12
181.82571684587813
500.3050328554361
435.6791367980884
163.37776284348865
30.754778972520914
5.815785543612612
4.146132019120379
7.717032556750299
3.1056227598611184
6.922341696535243
0.3997162485110588
8.214083034647553
192.65158303464753
404.3473715651135
467.41151433691755
167.48506571087216
56.14135304659498
