0.0
0.0
0.0
0.0
0.7467278972520908
0.0
0.0
68.32291666666666
179.21139486260455
142.99570639187573
178.83800029868578
12.694190561529268
0.0
3.3602337216248506
0.0
0.3733557347670251
0.0
0.0
0.0
53.01627837514934
122.0863201911589
135.90247909199522
121.71255227001194
12.694190561529268
0.0
0.0
0.0
0.0
0.0
0.0
0.0
47.79110663082438
190.0396505376344
206.466472520908
127.68906810035843
31.735513739545997
0.0
0.0
0.0
0.0
0.0
0.0
5.973573775388291
20.534595280764634
96.32515681003584
113.12574671445641
29.86869026284349
3.3602337216248506
0.0
0.0
0.0
0.0
0.0
0.0
11.574025537634409
12.320687724014338
122.45971475507764
146.35734020310636
91.47337962962963
29.12205047789725
1.8667764336917563
1.1200899790919951
0.0
0.0
0.0
5.600451762246117
0.0
23.52158751493429
167.63597670250897
145.98394563918757
106.40628733572282
0.0
1.1200899790919951
0.0
1.1200899790919951
0.0
3.3602337216248506
0.0
0.0
45.54999253285544
121.71255227001194
118.72849462365589
44.802830047789726
9.707194593787337
0.0
0.0
0.3733557347670251
0.0
0.0
0.0
0.0
50.775164277180416
97.44571385902032
116.48738052568697
92.5939366786141
1.1200899790919951
2.6135043309438473
6.7206541218638005
0.0
0.0
0.0
0.0
0.0
32.1086096176822
92.96733124253285
107.52684438470726
68.69631123058544
0.7467278972520908
0.0
0.0
0.0
0.0
0.0
0.0
0.0
46.29678166069295
141.50141875746715
114.24630376344086
76.90972222222223
12.320687724014338
0.0
0.0
0.0
0.0
0.0
1.8667764336917563
0.0
36.21580047789726
70.56399342891278
75.04618428912784
10.080734767025088
13.814392921146954
0.0
2.9868690262843485
0.0
1.493414351851852
0.0
0.0
0.0
14.561017771804062
116.48738052568697
101.92790471923539
66.45937873357228
0.0
0.0
0.0
1.1200899790919951
0.0
0.0
0.7467278972520908
0.7467278972520908
33.22883064516129
92.96733124253285
97.44571385902032
66.45937873357228
11.574025537634409
10.080734767025088
0.0
0.0
0.0
0.0
0.0
0.0
40.69593787335723
118.72849462365589
179.21139486260455
112.75201612903226
0.0
0.0
0.0
0.7467278972520908
0.0
0.0
0.0
0.0
61.97681451612903
128.06283602150538
142.24854390681006
29.12205047789725
0.7467278972520908
0.0
0.0
0.0
0.0
0.0
0.0
4.480283004778973
32.85528673835125
122.83310931899643
120.2227822580645
97.81910842293907
21.281257467144563
0.0
0.0
0.0
0.0
0.0
0.0
0.0
33.22883064516129
107.52684438470726
139.63369922341695
70.93738799283155
0.0
0.0
0.0
0.0
0.0
0.0
0.0
0.0
35.09561678614098
94.45747461170848
116.48738052568697
32.1086096176822
11.574025537634409
0.0
0.7467278972520908
0.0
0.0
1.1200899790919951
0.0
0.0
47.043944145758665
148.96766726403823
173.23906063321385
111.262208781362
12.320687724014338
0.0
0.0
1.1200899790919951
1.1200899790919951
0.0
0.0
1.493414351851852
49.65464456391876
126.56851105137396
141.12802419354838
72.05794504181601
20.908131720430106
