1.0590531660692953e-09
1.0590531660692953e-09
5.388015232974911
1.0590531660692953e-09
45.71901135005973
88.09972371565115
609.5683990442055
978.2090053763441
2169.829749103943
931.2772550776581
387.0549581839905
90.9239471326165
0.8857086320191159
1.0590531660692953e-09
0.3247502240143369
7.945236335125448
1.0590531660692953e-09
69.79525089605735
172.03386350059736
675.1149940262843
1251.2059438470728
212.14191308243724
93.12339456391875
8.51083034647551
1.7344459378733572
0.9078419952210275
1.0590531660692953e-09
1.0590531660692953e-09
1.0590531660692953e-09
82.21296296296298
544.2114695340501
1656.2201314217443
1708.9217443249697
1323.9740143369177
16.02882691158901
76.90602598566309
3.900735513739545
3.900735513739545
7.296444892473117
1.0590531660692953e-09
1.0590531660692953e-09
73.46841397849462
549.7860663082438
1520.0798984468338
2244.7095280764634
1270.337514934289
158.75810185185185
129.60080645161293
1.0590531660692953e-09
1.1809337664277182
1.0590531660692953e-09
1.0590531660692953e-09
1.0590531660692953e-09
93.03192204301075
669.0923685782557
1679.5135155316607
1872.021729390681
1104.8338560334528
163.59498207885304
39.60688470728794
31.389516129032263
1.0590531660692953e-09
0.7122427568697731
1.0590531660692953e-09
0.8450993130227001
47.034199522102746
467.0221027479093
1186.5893817204299
1348.5132915173238
430.8355734767024
163.59498207885304
1.0590531660692953e-09
1.0590531660692953e-09
41.97703853046595
5.424910394265233
0.6827228942652329
1.0590531660692953e-09
36.7546968339307
571.4198775388293
1706.044280167264
2082.4522102747906
572.5694444444446
209.01456093189964
35.77177792712067
62.31111857825565
1.0590531660692953e-09
1.0590531660692953e-09
1.0590531660692953e-09
1.0590531660692953e-09
7.429625896057349
173.52150537634407
658.7167712066905
911.8533452807646
13.667051224611708
47.84371266427718
1.0590531660692953e-09
1.0590531660692953e-09
1.0590531660692953e-09
1.0590531660692953e-09
1.0590531660692953e-09
1.0590531660692953e-09
91.83501344086022
202.1525537634409
871.7943548387096
1270.337514934289
577.4533303464755
104.86667413381123
1.0590531660692953e-09
1.0590531660692953e-09
1.0590531660692953e-09
18.224936529271204
12.236656212664279
1.1809337664277182
158.75810185185185
357.6822356630824
1199.842069892473
1379.691233572282
686.3201911589009
160.81623357228193
2.450377090800478
1.0590531660692953e-09
1.0590531660692953e-09
1.2695112753882916
1.0590531660692953e-09
1.0590531660692953e-09
31.540124701314216
514.3600657108722
1240.3871714456393
1633.692876344086
768.6006571087216
295.8887022102748
89.79655764635605
97.28222072879329
1.0590531660692953e-09
5.461794354838709
4.576045400238949
22.806940710872166
121.65005227001194
518.9784946236559
1656.2201314217443
1708.9217443249697
682.5182945041815
144.72748655913978
128.88549133811227
1.0590531660692953e-09
1.0590531660692953e-09
15.072625448028674
0.3247502240143369
1.0590531660692953e-09
97.2402927120669
817.0221027479093
2207.179659498208
2340.197505973716
1135.0257616487456
294.04715501792117
1.0590531660692953e-09
18.224936529271204
1.0590531660692953e-09
8.028467741935485
1.0590531660692953e-09
1.0590531660692953e-09
57.878098864994016
514.3600657108722
1438.628285543608
1463.816457586619
784.9723715651135
180.45056750298684
20.984916367980883
11.329980585424133
2.7308990442054957
20.457668757467143
1.0590531660692953e-09
1.0590531660692953e-09
104.60121714456389
357.6822356630824
1958.0544354838705
1520.0798984468338
889.9178614097968
346.94802867383515
52.37320788530467
1.0590531660692953e-09
1.0590531660692953e-09
1.712400313620072
0.2472595579450418
56.29749103942651
140.04260005973717
631.2051971326165
2423.5256123058543
2340.197505973716
1432.3051075268818
426.4415322580644
45.71901135005973
38.633464008363205
0.6790341248506571
1.0590531660692953e-09
0.8857086320191159
1.771342592592593
71.201986260454
473.55958781362
942.8408751493429
1958.0544354838705
1012.6373954599759
126.55600358422937
6.502471624850658
3.690427120669056
1.0590531660692953e-09
1.0590531660692953e-09
6.007937574671445
3.3952172939068106
2.7308990442054957
569.998133213859
1270.337514934289
1447.2681451612902
584.6878733572281
156.4839456391876
0.6827228942652329
1.0590531660692953e-09
0.8414086768219833
11.458964307048985
1.0590531660692953e-09
2.657090053763441
48.338933691756274
160.52886051373952
704.841696535245
780.7026583034649
265.1789127837515
156.4839456391876
67.53416218637994
1.0590531660692953e-09
1.0590531660692953e-09
22.049749850657108
6.244194295101553
1.0590531660692953e-09
93.12339456391875
675.1149940262843
890.3554360812424
1477.42346176822
669.0923685782557
209.53864247311833
36.60035842293906
