5.815785543612612
4.146132019120379
2.863575268821692
3.1056227598611184
2.068884408606638
0.3997162485110588
4.487753882915173e-12
198.254554958184
574.9738649940263
638.7836021505377
158.52262544802866
30.754778972520914
5.815785543612612
4.146132019120379
2.863575268821692
3.1056227598611184
2.068884408606638
0.3997162485110588
3.360203853046596
188.1724163679809
242.31033452807645
309.11140979689367
111.4796146953405
18.807459677419352
12.163007765830345
10.493354241338112
2.863575268821692
3.1056227598611184
2.068884408606638
0.3997162485110588
4.487753882915173e-12
111.63493130227002
262.09864097968943
372.95512246117084
31.208968040621265
39.71546445639187
5.815785543612612
4.146132019120379
2.863575268821692
3.1056227598611184
2.068884408606638
3.386589008363202
32.10868428912784
166.5162037037037
529.7823327359617
490.2053464755078
189.88463261648747
35.235140382317795
5.815785543612612
4.146132019120379
2.863575268821692
3.1056227598611184
2.068884408606638
0.3997162485110588
4.487753882915173e-12
230.73663381123058
474.14725209080046
561.8608124253286
431.44675925925924
47.556003584229394
12.163007765830345
4.146132019120379
2.863575268821692
3.1056227598611184
2.068884408606638
0.3997162485110588
4.487753882915173e-12
103.79218936678615
329.6733124253286
354.28651433691755
132.76396356033453
14.32709826762246
7.309221923536438
4.146132019120379
2.863575268821692
3.1056227598611184
2.068884408606638
1.8931526284348865
4.487753882915173e-12
67.95101553166069
280.39090501792117
157.89986559139786
115.586917562724
11.340352449223417
5.815785543612612
4.146132019120379
2.863575268821692
3.1056227598611184
7.295900537634409
0.3997162485110588
4.487753882915173e-12
154.57063918757467
398.0006720430108
347.9398148148148
18.14142771804511
7.606780167268525
9.175989396654721
4.146132019120379
2.863575268821692
3.1056227598611184
6.922341696535243
0.3997162485110588
4.487753882915173e-12
132.54293608124254
426.37432795698925
241.53188470728793
94.30704898446834
18.807459677419352
8.802658303464753
4.146132019120379
2.863575268821692
3.1056227598611184
2.068884408606638
0.3997162485110588
4.487753882915173e-12
139.26149940262843
315.86021505376345
213.90120967741936
94.6789127837515
39.71546445639187
5.815785543612612
4.892831541218639
2.863575268821692
3.1056227598611184
2.068884408606638
0.3997162485110588
10.080458482676223
123.58049581839907
378.584229390681
429.3279569892473
52.863649940262846
7.606780167268525
5.815785543612612
7.133004778972523
2.863575268821692
3.1056227598611184
5.055757168458781
0.3997162485110588
4.487753882915173e-12
201.985513739546
510.39650537634407
371.0872162485066
110.35991636798089
10.966984020310633
12.536103643966547
4.146132019120379
2.863575268821692
3.1056227598611184
2.068884408606638
0.3997162485110588
4.487753882915173e-12
79.89658004778973
141.1290322580645
66.8010752688172
74.89060633213859
39.71546445639187
6.189142771804061
4.146132019120379
2.863575268821692
3.1056227598611184
5.055757168458781
0.3997162485110588
4.487753882915173e-12
101.92465651135007
493.9336917562724
300.148596176822
315.3330346475508
48.67618727598566
13.65628733572282
4.146132019120379
2.863575268821692
3.1056227598611184
2.068884408606638
0.3997162485110588
4.487753882915173e-12
85.87141577060933
342.7430555555555
332.2588112305854
76.0103046594982
22.541143966547192
5.815785543612612
4.146132019120379
2.863575268821692
6.8391950418160095
2.068884408606638
0.3997162485110588
29.86872759856631
188.1724163679809
377.8360215053764
213.90120967741936
52.11697281959379
7.606780167268525
11.042801672640383
7.133004778972523
2.863575268821692
3.1056227598611184
2.068884408606638
0.3997162485110588
4.487753882915173e-12
140.38119772998806
444.67331242532856
275.8814964157706
152.1759259259259
18.06081989247312
5.815785543612612
4.146132019120379
2.863575268821692
3.1056227598611184
2.068884408606638
0.3997162485110588
4.106940710872162
73.92622461170848
280.39090501792117
334.87007168458774
104.01284348864993
21.42096027479092
19.629965651135006
4.146132019120379
2.863575268821692
3.1056227598611184
2.068884408606638
6.000261350059738
4.487753882915173e-12
19.414725209080046
262.09864097968943
353.91017025089604
47.636648745519715
7.606780167268525
25.230510752688172
4.146132019120379
2.863575268821692
3.1056227598611184
2.068884408606638
0.3997162485110588
4.487753882915173e-12
159.798013739546
387.1706989247312
293.80189665471926
76.38664874551971
7.606780167268525
