5.551933990442055
3.458669354865921
2.4842293906810036
2.5906137993103657
1.8627277479091993
0.3334229390953121
15.954301075268818
75.21654719235364
111.08870967741936
82.84087514934289
30.41106630824373
11.270908004778972
4.937776284348865
3.458669354865921
2.3887022103020024
2.5906137993103657
1.7258064516401148
8.938560334528075
18.79405615292712
109.72968936678615
137.9965651135006
85.03248207885305
34.21856332138591
11.671146953405017
4.851403823205228
3.458669354865921
2.6020422640382317
2.5906137993103657
2.3626418757467142
11.804450418160096
35.17734468339307
135.52867383512546
68.56332138590203
75.04144265232975
15.228815710872162
6.609864097968937
5.25739247311828
6.964456391875746
2.3887022103020024
3.6207063918757467
1.7258064516401148
8.847834528076463
85.12918160095579
136.91756272401435
317.07362604540026
131.32877837514934
40.217293906810035
15.022401433691757
5.104540023894862
3.5541965352449223
2.3887022103020024
2.5906137993103657
1.7258064516401148
5.370758661887694
47.046744324970135
167.6859318996416
114.91562126642772
71.1398596176822
41.80107526881721
8.034722222222221
5.79872311827957
3.458669354865921
2.6434401135005974
2.5906137993103657
2.3069369772998805
8.00442054958184
40.834080047789726
114.63186977299881
170.88933691756273
99.95930406212665
29.77150537634409
7.105025388291516
5.715912485065711
3.458669354865921
2.3887022103020024
2.5906137993103657
1.7258064516401148
9.997401433691756
53.580495818399044
77.36335125448029
119.60125448028674
59.54338410991637
33.48230286738351
6.345579450445371
5.016580794504182
3.458669354865921
2.5395534647550777
2.5906137993103657
2.0203442353643966
11.993742532855435
41.5621266427718
93.23103345280765
157.69862604540023
64.16554659498208
29.873058542413382
6.648077210274791
6.411663679808841
9.606369474313023
4.004666965352449
2.663851553166069
1.7258064516401148
0.3334229390953121
16.690934886499402
81.94444444444444
103.9986559139785
52.483198924731184
32.912933094384705
9.21023745519713
4.851403823205228
3.458669354865921
3.7785991636798086
6.965613799283154
3.2100507765830346
2.0258139187574673
16.51471027479092
67.06242532855435
87.77628434886499
64.47916666666667
29.159572879330945
6.345579450445371
6.535058243727598
3.5382765830346474
2.670508512544803
2.5906137993103657
1.7258064516401148
7.988366188769414
43.82467144563919
78.65890083632019
114.11290322580645
61.27949522102748
28.232526881720432
6.345579450445371
4.851403823205228
3.458669354865921
2.3887022103020024
3.139896953405018
1.7258064516401148
7.095669056152926
64.63560334528077
183.21759259259258
141.4986559139785
73.30533154121864
28.169429510155318
7.495855734767025
5.440486857825568
3.458669354865921
2.882243130227001
2.5906137993103657
1.7258064516401148
11.223506571087217
69.18682795698925
124.54450418160096
95.97147550776583
22.254704301075268
34.6777927120669
10.125074671445638
4.851403823205228
4.795250896057348
2.4842293906810036
2.5906137993103657
1.8117794205495819
9.308930704898447
39.87455197132616
109.61768219832736
91.8010752688172
56.676000597371576
45.41517323775388
9.235289725209078
5.2367084826762245
3.458669354865921
2.4484057646356034
2.5906137993103657
2.3037261051373954
11.90787037037037
32.50336021505376
78.65890083632019
134.45340501792114
75.4035991636798
25.95206093189964
6.345579450445371
9.014336917562725
3.458669354865921
2.4842293906810036
3.843600657108721
2.6221624850657106
7.34731182795699
51.40755675029869
168.35050776583034
199.41009557945043
74.33953106332139
29.876045400238954
10.78853046594982
5.042450716845878
3.458669354865921
2.4683094384707287
2.5906137993103657
2.978793309438471
9.970519713261648
53.580495818399044
148.1070788530466
142.45071684587813
67.06279868578255
29.873058542413382
6.345579450445371
4.851403823205228
3.5541965352449223
2.3887022103020024
2.5906137993103657
1.7417275238948626
5.467084826762246
53.263142174432495
89.22117682198328
158.59468339307048
73.91763739545998
26.858945639187574
10.125074671445638
6.293869474313023
3.7890232974910396
2.3887022103020024
2.5906137993103657
2.1540845280764636
0.3334229390953121
43.43264635603345
111.08870967741936
97.00940860215053
62.89239844683393
20.710872162485067
6.345579450445371
8.144265232974911
3.458669354865921
2.3887022103020024
3.9001269414575868
1.7258064516401148
5.029883512544803
55.28300477897252
109.72968936678615
174.82078853046596
113.62791218637993
33.92734468339307
7.70683990442055
