296.0495594384708
266.0759595280764
97.70565748207886
164.11094123357225
77.5936844160693
145.26742010155317
463.9005697431303
1881.674713261648
7691.373133213858
4665.291300776582
361.42291293309444
1305.9125298685778
519.1164620669056
244.4688254181601
91.42399178614096
116.1985701911589
126.18613175776584
150.17779446684588
528.5246703255676
1915.290143369176
6130.57802792712
2055.4925141875738
1922.0054659498196
615.7803184737156
454.8804144265232
219.713736932497
194.380955421147
164.95071053614097
131.7666999701314
153.54135864695337
475.04621117084827
2538.753610364397
5243.995736260454
3569.0803352747917
2516.395710125447
747.5398902329748
659.9384490740741
416.79610103046593
178.15723192951023
104.8289116263441
114.2846875
360.45990740740734
434.43552120669057
3120.73195191159
6720.851665173239
5265.724551971328
3309.921329898446
1142.9530951314218
471.06922603046587
317.6900403225805
167.65809849163676
152.87811536738354
191.83266233572283
205.50537858422933
905.8031933243727
2999.458374402627
5837.3925701911585
4226.923357228196
685.6467066158904
711.0271404569892
293.3988321385902
218.6221102150538
208.3327296146953
67.35470026881723
127.16835360663083
281.9591659199522
494.92045885603335
3046.701870519713
5921.621613649938
4145.351392622459
1836.8544989545994
862.1274929062125
220.254204749104
199.12594795400244
180.15004928315415
246.5121897401434
72.79553617831542
206.91864321983275
1485.3233908303469
2860.841595728792
6323.591633064515
4538.15135902031
2081.827620967741
951.5662373058545
673.6120896804061
311.45000186678624
176.96385528673835
140.82524156212668
137.97669989545997
64.8152895758662
592.3215363649938
2276.2408340800475
6928.854226403823
4787.1778972520915
2405.6736745818403
1008.1131384408608
579.5080671296295
432.6689127837516
162.6762634408602
269.2517601179809
126.17447438769415
107.93186779420549
487.8051202210274
3389.9162447729987
7192.798248954599
5054.825772849463
3028.079805107527
1012.285483870968
432.36543981481475
175.35859505675026
191.3284972371565
182.83703629032257
135.0337120295699
662.5844168160096
697.8457194593784
2388.0660879629636
6312.13609617682
4741.639430256869
3493.27585125448
694.625884856631
808.3913668608125
351.568556974313
135.09618839605739
287.0814613201912
95.14052557497016
157.49948812724017
441.2084285394266
2478.949227150537
3884.113466995221
4017.487791218638
1938.460181451613
691.0506933243729
602.2217973416964
602.6473853793308
177.5414658004779
122.35445930406213
171.21945978942654
56.44575937126642
664.126695415173
2517.9350134408596
5231.896613649941
4159.810547341695
2233.265274044206
748.9765229241335
350.0640666069295
243.9543738799283
238.84723267622462
236.6144173013739
57.610541218638005
190.44004032258067
572.8426317951016
3652.627915919953
7629.883303464758
6210.350302419353
3320.6337253584225
1063.341020758662
498.2321449372758
341.77522924133814
147.01762470131425
192.92563407258066
103.09772408900834
214.77061790621266
670.6464639336916
3650.98916890681
7670.918720131422
4567.489139038233
2899.624619175627
838.1102299880525
483.47959938769407
295.3152486559138
163.06546109617682
153.30472729988048
137.06078255675033
178.4097632915173
941.133038381123
2688.186051373955
7796.224145011947
4263.7485439068105
2422.959296594982
796.457935334528
433.35943399044197
204.98611073775388
103.85730835573479
148.51556686827956
171.4983384483274
384.70513888888894
811.401867906213
2115.516704002389
6892.532422341698
4765.248962066905
3114.2609879032257
1356.1844832735958
534.9930111260454
337.0378438620072
92.72183654420544
158.96565232974913
133.47707220728796
160.4543365442055
548.3349305555558
3085.221173088412
6990.53041367981
3133.03721998208
1888.8341845878144
1186.0389411589008
315.08980809438464
214.65806040919952
171.8124977598566
248.3907616487456
133.44902684438472
224.8159565412187
514.7397013142174
3146.265583930705
6648.6878770908015
4639.2713373655915
3303.266644265232
560.0029722968937
351.4240975955794
177.4998476702509
203.6178367682199
228.4885054510155
159.2750679510155
163.35987119175633
820.3396419504181
2122.7179734169663
7056.299996266428
5105.436794354839
1781.1145982676221
729.7154047192353
266.66327210274795
231.7591588261648
353.31922789725206
113.62523443100359
86.26482553016727
127.36574970131424
613.7100466696536
3240.2167786738364
4813.638463261649
3585.4983945639196
1300.1124551971325
455.809556451613
