0.0
1.493414351851852
1.1200899790919951
0.0
0.0
1.8667764336917563
0.0
32.1086096176822
125.0745594384707
116.11402329749106
12.694190561529268
18.667764336917564
0.0
1.493414351851852
0.0
0.0
0.0
0.0
0.0
8.587029569892474
113.12574671445641
86.99085274790922
48.53823178016727
8.2139075567503
1.1200899790919951
0.0
0.0
0.0
0.0
0.0
0.0
27.62833408004779
138.89071833930706
163.53132467144565
97.44571385902032
9.707194593787337
0.0
0.0
0.0
0.0
0.7467278972520908
0.0
0.0
45.54999253285544
107.52684438470726
154.57075119474314
86.99085274790922
19.41442652329749
1.493414351851852
0.0
0.7467278972520908
0.0
0.0
0.0
0.0
84.00675776583033
114.99309289127838
134.78192204301072
69.44347371565114
6.7206541218638005
0.3733557347670251
0.0
1.493414351851852
0.0
0.0
0.0
0.0
43.682310334528076
132.1674507168459
100.43395310633214
91.47337962962963
17.921139486260454
0.0
0.0
0.0
0.0
0.0
0.0
2.9868690262843485
29.49514635603345
99.68679062126643
107.15344982078852
50.028001792114694
0.0
0.0
0.3733557347670251
0.0
0.0
0.0
0.0
0.0
38.08262395459976
110.51508363201911
135.90247909199522
91.47337962962963
2.6135043309438473
0.0
0.0
0.3733557347670251
0.0
0.7467278972520908
1.493414351851852
0.0
61.97681451612903
92.5939366786141
151.95627986857826
118.72849462365589
10.080734767025088
0.0
1.1200899790919951
0.0
0.3733557347670251
0.0
0.0
4.853823178016726
44.802830047789726
132.1674507168459
111.262208781362
65.71221624850656
5.600451762246117
7.093738799283154
0.0
0.0
0.7467278972520908
0.0
0.7467278972520908
0.7467278972520908
68.69631123058544
99.68679062126643
94.08788829151733
13.814392921146954
0.7467278972520908
0.0
1.493414351851852
0.0
0.0
0.7467278972520908
0.0
0.0
42.18798536439665
135.90247909199522
127.68906810035843
73.92562724014337
0.0
0.0
0.0
0.0
0.0
0.0
4.480283004778973
0.0
34.72207287933094
154.57075119474314
120.2227822580645
78.77740442054959
15.681186529271207
2.6135043309438473
0.0
0.0
0.0
0.0
1.493414351851852
0.0
60.109132317801674
109.7679211469534
136.64964157706092
107.52684438470726
11.947565710872162
0.0
0.0
0.0
0.0
0.0
1.1200899790919951
0.0
35.09561678614098
224.76138739545996
120.96957138590203
16.05430854241338
10.453856780167264
0.7467278972520908
0.0
0.0
0.0
0.0
0.0
0.0
43.30854241338112
116.48738052568697
131.0468936678614
69.81686827956989
0.0
2.6135043309438473
0.7467278972520908
0.0
0.0
0.0
0.0
0.0
70.93738799283155
92.96733124253285
97.81910842293907
0.7467278972520908
2.6135043309438473
0.0
0.0
0.0
0.0
0.0
0.0
0.0
29.12205047789725
105.28573028673836
85.12731481481482
141.50141875746715
10.827396953405017
0.0
0.0
0.3733557347670251
0.0
0.0
0.7467278972520908
0.0
8.960569743130227
77.28349014336916
125.44795400238948
0.0
17.921139486260454
0.0
0.0
0.0
0.0
0.0
0.0
2.6135043309438473
47.417712066905615
129.55675029868578
97.07194593787335
47.417712066905615
1.8667764336917563
