0
0
0
5.703189768928091
0
32.78335665604533
335.41015364311664
1403.448702741072
865.8696352463733
553.7845025431842
103.93004109244954
0
0
0
0
0
0
0
334.34278174584756
1339.756655290517
2361.7422773539292
683.2796818413595
99.37660263711807
0
0
0
0
0
0
0.7509624638742949
513.3802571537633
915.4023932350372
1850.2489941674355
1060.444230077948
225.09220592641952
0
0
0
0
0
0
54.018805040511396
227.8430907914622
494.8646002992601
838.6802210639265
347.018594070188
0
0
0
0
0
8.554313423644555
0
69.10228075303012
257.7461548175663
912.1246387210157
1322.8680503955993
151.73036678791198
0
0
0
0
0
0
1.018079904570854
3.395368034757361
101.89299248978372
682.6658770151491
618.8988209017191
448.73104043191387
56.02208444304821
0
0
0
0
0
0
25.736631130219543
633.8935897947764
1091.7342184503152
1803.807935312585
1350.4633897351757
145.3400806420645
0
0
0
0
0
0
0
297.46194098135305
1156.8156994143033
802.2162848790517
351.37898966846956
14.07806729074808
0
0
0
0
0
0
0
304.1282646277424
1483.6113249318607
1175.4222443878637
763.5576148620779
126.76072556009949
0
0
0
0
0
0
30.83676444312143
329.59585829544653
1646.4119191126956
1368.44542941899
733.5432608869178
31.916012502603706
0
0
0
0
0
0
34.71517610593843
194.02048155454548
249.04025456782938
786.8270246859836
411.2408734164842
96.92144968813966
0
0
0
0
0
0
0
155.45229874238674
708.171691379616
1328.5032903887832
897.506700442759
114.55605699731464
0
0
0
0
0
0
0
406.33304125247935
1129.1148668440067
1899.6545763279807
1040.6081188004794
154.33529118982963
0
0
0
0
0
0
31.190193074863465
444.58359694013353
1455.2931020542437
1385.4602499931307
430.6090879267875
206.9998076468401
0
0
0
0
0
0
6.5723168288338485
268.29707294106277
707.2445510128915
1145.3230840252515
199.05227326955261
32.69709845330139
0
0
0
0
0
0
3.0467694378119603
586.8258250330979
959.9771884489198
1266.9717052039641
522.4338817576438
87.20326637816189
0
0
0
0
0
0
0
124.47806734021147
603.4482002585196
485.75270890183083
413.5880701454847
98.43627883834162
0
0
0
0
0
0
46.655039105297874
268.1779303596561
776.1343984333434
1167.2198912160682
539.636466853054
53.01387538285043
0
0
0
0
0
0
19.83260001285184
628.6182011830978
949.1742459002185
1826.7564112028745
433.1172039559455
61.92393036959942
0
0
0
0
0
0
5.43930502983531
591.3444033190656
1825.3235760989871
1352.5926370971831
721.0983428379317
127.33937955644176
0
