1607.6513177717359
1275.173206976848
887.8615197042126
1043.8758491283365
1075.0160559586798
1391.7811211846292
1470.702345052839
2554.712317282154
3368.4181343663427
3799.472078880297
3396.929010033681
2132.55333614013
1688.5537539240652
1224.7669247006145
933.3891177058246
960.7196771921457
840.7439044822738
1136.569191883411
1632.1228944852573
2245.228889643329
2966.6170339413634
3495.1922470110694
3325.3956360826255
2266.937427803194
1448.8247671745892
1010.2116147477927
706.0396954601795
536.5189469307321
579.1538238204259
1210.195837683445
1405.7225245673162
2257.188731101071
2833.0664695275973
3644.4846881281137
3762.4661018210036
2647.3885083485056
1914.1432031542822
2293.262764829486
1395.0490598592282
1308.5834105094305
852.6403685008371
968.4867978212235
1667.758499565832
2585.7460390265564
3849.2252370901933
4018.225454919348
4158.235370093981
2600.119524483218
2487.843248370295
979.003533118908
713.2398941030076
1517.224615308627
789.6679408051433
1341.011593260922
1586.0073787118672
2220.5220808495005
3034.0183088869553
3481.806025845693
2772.159972955837
1672.7695643157738
1493.4765044667326
941.9242545429352
780.3838449943271
614.1968909182648
541.4818570958573
799.3183200484816
1306.22287470307
2023.8669694497642
2783.997656546175
3246.214435042416
3572.4797554496035
2107.101512501731
1243.1651728475845
858.1268723996242
764.8714376648226
739.8578309767732
633.7572720401942
861.1182979861894
1508.2659609307034
1951.4477191583537
3321.1135692051753
3410.3033421721766
3279.516299483326
1970.8124966048126
1305.3028423439623
806.2930497819057
664.7127101307834
777.7075272468464
855.5238722375689
939.5285949009609
1500.2377086887445
2469.215360145464
3507.3922627069614
4065.1785099714175
4010.5755890333294
2826.477173956263
1843.9268643939495
1185.339620454963
954.2652429325628
933.6620050767294
903.22721228686
1537.0100999307015
2080.8324603983615
2977.4987366434743
3505.509620804589
4770.076155738348
4166.624644870146
2664.5758079371817
1788.7284485008236
2103.082806158566
1140.1621835439018
1461.1427841567588
1303.520041702848
1442.9624482853487
2061.0616196123024
2430.5273187538824
3276.6721122798212
3503.0738974911055
3434.341187946762
2089.0492035762127
1849.2760641404939
1264.6477594740916
1111.1052868324623
1099.308509164864
1122.251023107395
1572.7181927558336
1701.8496300063405
2507.713740203632
2646.7898264788228
3800.3220480813125
3545.384658808445
2125.463171220018
1667.030068771572
1282.1038795381253
929.0507459890641
803.211218251985
947.101224349113
1255.2921443499001
1660.097134023731
2152.9281595716225
2897.7387598811592
4020.10406102621
4089.957858257015
2201.968614453258
1439.2731139194045
1117.2114218092945
773.6461136567544
887.7536942597967
750.5490623068237
1082.9183385585823
1696.9428564981133
2388.7951237487187
3157.531152238279
3320.864718262264
3846.17302348667
2432.443256306243
1370.2064637425951
939.7928091463161
684.2054287016937
1136.570039874383
667.2397859663415
837.3830996621914
1227.0257869554346
1884.1768486549952
3309.433705763931
3366.4328743359943
3274.853836106943
2226.7580667728703
920.0575859983313
917.2234134624557
674.2945393665278
638.0732076745585
819.3183178415824
846.5197250290914
1327.7686526049374
1872.225963062384
3201.110001593666
3416.429199086752
3423.6809449378006
1996.4393780485898
1426.1859912129212
1165.6308611223867
737.3781050343842
632.6498013083367
695.9035891939337
1261.8995000553598
1490.7952040471198
1997.0042694353406
2916.1163212491942
3776.08502395857
3814.7955533078853
2313.980611472763
1301.3661029129264
940.5784295843805
768.7024552175099
1287.5794002616242
724.6456653460918
1482.488300390995
1625.0665500336772
2552.9703779721945
3158.6967661777626
3485.6604639837415
3519.578771721711
2510.719999090511
1348.6190899204078
1070.1990227429735
802.2397874013097
828.1748280966057
914.5357790711736
1518.6076744483973
2178.471976240445
2473.117896941437
3044.5793181381155
3499.7371663936433
3738.9726297128964
2321.2197837049375
1846.0682873550181
1090.560485874058
784.2846852998734
835.6148086788486
833.6361018807934
1240.657313675119
1836.9785528620284
2567.7024894979468
3600.4441777983693
4580.43257952438
4161.713218059845
2877.8249290803506
1848.5073035650805
1267.340612930247
903.3859593150106
990.9830415310397
1101.1137573936182
1492.9898794528026
1630.0668085070813
2355.248728131991
3773.4695189409567
4006.2981748125985
4050.231192098459
2497.3405241374658
