0
0
0
0
0
28.990943274922287
51.232622281109435
820.136650769746
368.79040884255016
251.7691948968282
64.2922349395224
0
0
0
0
0
6.943573189829685
67.53697256455453
353.3884806705787
1098.1430053502545
1701.057913554646
390.94582580790694
135.05581410665212
0
0
0
0
0
0
83.60826533125783
563.0020462816008
1378.0278412637113
1778.2463059953925
618.4172736860723
38.87972832785328
0
0
0
0
0
0
0
561.891552559682
751.352802210849
1644.642362640987
398.31713050985354
137.4498826315669
0
0
0
0
0
0
54.38244801706831
441.6213041604575
1450.0883483984348
1662.2900934063518
612.6072335740528
15.024268575715496
0
0
0
0
0
0
11.445920603455122
500.00410360089495
1337.1659516865948
2356.6493436018386
1072.85850458962
129.71335535105302
0
0
0
0
0
0
0
0
1573.0797979007334
1869.8992584906016
542.9114930804566
91.57354091685542
0
0
0
0
0
0
34.0084209511513
428.85755030034943
1402.0273929626906
2270.619436014058
1038.6157728225917
296.20728622742666
0
0
0
0
0
0
0
284.4182138511594
600.0420298303075
1177.387970194315
462.8781047067612
92.39942777037429
0
0
0
0
0
0
0
461.80463965745383
917.0809752656234
1147.2103637081175
556.7395721175034
128.92672785505295
0
0
0
0
0
0
0
395.2516270145217
1632.456323862931
2357.128323969138
832.9329283746683
68.66495327236905
0
0
0
0
0
12.486558777088725
0
566.5531798654454
1195.2777995038691
1709.1622658965496
970.835180132126
191.06949785752968
24.066550225558657
0
0
0
0
0
0
320.75807112105764
1081.079845936002
1188.6532322419594
481.844304583036
58.84865737859906
0
0
0
0
0
0
0
178.22498732245128
395.75270480215306
337.3673587147555
354.43749294470865
1.6689758069356628
0
0
0
0
0
0
0
395.51914582039365
1069.0796017894745
1268.5899597719658
666.7954781679995
93.65778393717235
0
0
0
0
0
0
0
468.13854904743494
954.1472153306406
1159.7181209745736
925.5028781734142
86.91589331961947
0
0
0
0
0
0
27.624778452613597
187.9419636962449
973.9305777973489
1432.2801133223802
998.4962242673489
112.10932991361045
0
0
0
0
0
0
0
147.08052145881982
722.8380274656017
1571.4048523869164
263.59872043728336
36.33014629085518
0
0
0
0
0
0
31.39166512635245
556.6868242416402
1619.8242608345074
1903.3181644884178
885.0007911721939
90.90619590126013
0
0
0
0
0
0
27.437064886466118
810.7668196870463
2013.7745169592024
2161.3676520314716
1034.590352993248
198.07325052418378
0
