5.7827807646356035
3.549817054958184
5.894489247311828
2.5906137993103657
3.6760752688172045
14.340666069295102
59.05017921146953
224.081541218638
214.94175627240142
101.43033154121864
46.91494922341697
11.006944444444443
5.908564814814815
3.458669354865921
4.338971027479093
2.5906137993103657
1.7258064516401148
3.9841472520908003
54.84991039426523
135.27105734767025
121.44937275985663
85.03248207885305
26.102897252090802
6.418817204301074
4.851403823205228
3.9044578853046596
2.3887022103020024
2.5906137993103657
1.7258064516401148
7.423103345280764
42.04002389486261
170.75866188769413
167.6859318996416
93.15673536439665
27.914053166069294
6.792973416965353
5.520086618876942
3.458669354865921
2.8189590800477897
2.5906137993103657
1.7258064516401148
0.7314590800477897
30.96326164874552
95.05301672640383
132.9786439665472
89.52023596176822
24.744997013142175
11.615516726403822
4.911107377538829
4.517398446833931
2.3887022103020024
2.5906137993103657
1.7258064516401148
8.811992234169654
19.889112903225808
69.77673237753883
36.235439068100355
18.615964755077663
22.85506272401434
6.345579450445371
4.946931003584229
3.458669354865921
2.3887022103020024
2.663851553166069
1.9805443548387096
5.885991636798088
76.02673237753883
139.45265830346474
154.11439665471923
81.71333632019116
45.51075268817204
8.399380227001194
7.382765830346475
3.458669354865921
2.8189590800477897
2.5906137993103657
1.7258064516401148
9.886140979689365
66.50985663082437
107.37380525686977
120.15382317801672
15.997610513739547
18.34931302270012
7.69209229390681
4.851403823205228
3.458669354865921
2.3887022103020024
2.5906137993103657
2.215352449223417
15.26733870967742
46.99820788530466
136.96983273596177
129.15919952210274
92.09266726403823
20.458856033452808
11.107004181600956
9.440337514934289
3.5748917264038234
2.3887022103020024
2.6192715800477897
1.7855100059737157
5.029883512544803
66.70773596176822
134.21445639187576
142.64486260454004
115.86058841099161
35.520833333333336
9.434289127837514
4.851403823205228
4.043757467144564
2.3887022103020024
2.5906137993103657
1.9391465053763441
10.46297789725209
58.691756272401435
97.12888291517322
123.08841099163679
98.38747013142175
39.591173835125446
13.532332735961768
5.6792861409796895
3.458669354865921
2.3887022103020024
2.5906137993103657
1.7258064516401148
1.1198999402628436
41.18130227001195
76.17980884109916
133.24746117084825
49.503808243727605
29.140531660692957
10.089232377538828
5.484244324970131
3.458669354865921
2.6482153524492236
2.5906137993103657
2.46135752688172
16.071923536439666
52.97565710872163
140.19563918757467
176.77718040621266
74.33206391875747
30.39837216248507
14.385827359617682
6.5437948028673825
3.458669354865921
2.3887022103020024
2.5906137993103657
2.7383885902031064
8.284438470728793
56.04838709677419
161.67861409796893
178.19967144563918
97.9506421744325
31.39374253285544
6.345579450445371
5.556712962962962
3.458669354865921
3.1481481481481484
2.5906137993103657
2.7336096176821982
5.658990442054957
56.04838709677419
189.2659796893668
121.6995221027479
36.29704301075269
30.39837216248507
9.82433542413381
4.851403823205228
3.535487604540024
2.3887022103020024
2.5906137993103657
1.7258064516401148
11.152195340501793
47.046744324970135
148.58124253285544
191.82347670250897
91.57370071684588
34.859244324970135
10.089232377538828
9.294354838709678
4.4712514934289125
2.3887022103020024
2.5906137993103657
1.9391465053763441
5.603360215053764
75.50776583034647
148.86126045400238
183.21759259259258
138.7884557945042
32.72214755077658
7.081130525686976
6.187985364396654
6.435931899641577
2.3887022103020024
2.803953853046595
1.8535730286738348
7.617249103942652
42.85394265232975
119.63485663082437
171.30749701314218
84.68152628434886
32.48730585424134
6.345579450445371
4.851403823205228
3.458669354865921
2.586122311827957
2.5906137993103657
1.7258064516401148
11.458721624850655
37.53360215053763
70.72132616487455
2.7211768219832733e-11
44.077060931899645
15.133288530493163
6.652848715651135
5.881496415770609
3.458669354865921
4.479054659498208
2.5906137993103657
2.48525238948626
9.711036439665472
53.2444743130227
129.15919952210274
168.35050776583034
102.82295400238948
36.425104540023895
10.329674432497011
4.851403823205228
5.07067652329749
2.3887022103020024
3.2791965352449224
1.7258064516401148
7.899507168458781
10.265456989247312
88.75821385902032
114.93055555555556
64.23648446833931
26.835050776583035
7.4027404420549585
