0.0
0.0
0.0
0.0
0.0
0.0
0.7467278972520908
67.206541218638
127.68906810035843
186.30424880525686
90.35285991636798
12.320687724014338
1.1200899790919951
0.0
0.0
0.0
0.0
0.0
0.0
22.774962664277183
132.1674507168459
190.0396505376344
148.96766726403823
26.508169056152923
5.973573775388291
0.0
0.0
0.0
0.0
0.0
0.0
13.067312574671446
122.45971475507764
139.63369922341695
16.05430854241338
17.5475993130227
0.0
0.0
0.0
0.0
0.0
0.0
0.0
35.46875000000001
121.71255227001194
136.64964157706092
121.33919504181601
17.5475993130227
0.7467278972520908
0.0
0.0
0.7467278972520908
0.0
0.7467278972520908
0.0
13.440852747909199
134.408527479092
200.86790621266428
84.00675776583033
26.881705495818398
8.960569743130227
0.0
0.0
0.0
0.0
0.0
0.7467278972520908
46.29678166069295
122.0863201911589
140.00709378733572
135.15568996415772
8.960569743130227
0.7467278972520908
0.0
0.0
0.0
0.0
0.0
0.0
16.427848715651137
120.96957138590203
125.44795400238948
46.29678166069295
15.307683691756269
0.0
0.0
0.0
0.0
0.0
0.7467278972520908
0.0
31.735513739545997
101.92790471923539
114.99309289127838
94.08788829151733
10.827396953405017
0.0
5.226911589008363
0.0
0.0
0.0
0.0
0.0
12.320687724014338
110.88847819593788
133.6613649940263
43.30854241338112
1.8667764336917563
0.0
0.0
0.0
0.7467278972520908
0.0
0.3733557347670251
0.0
53.01627837514934
85.12731481481482
159.7959229390681
92.5939366786141
13.067312574671446
0.0
0.0
0.0
0.0
0.0
0.0
8.2139075567503
61.97681451612903
167.63597670250897
145.98394563918757
41.06933243727599
0.0
0.0
0.0
0.0
0.0
0.0
0.0
0.0
48.53823178016727
184.06317204301075
116.11402329749106
157.554846176822
0.3733557347670251
0.0
0.0
0.0
0.0
0.0
0.0
5.973573775388291
49.28539426523297
121.71255227001194
120.96957138590203
36.21580047789726
7.093738799283154
0.0
1.8667764336917563
0.0
0.0
0.0
0.0
0.0
59.73573775388293
143.36910095579452
167.63597670250897
126.56851105137396
6.7206541218638005
1.493414351851852
0.0
0.0
0.0
0.0
0.0
0.0
47.417712066905615
79.52456690561529
128.06283602150538
71.3111559139785
6.7206541218638005
0.0
0.3733557347670251
0.0
0.0
0.0
0.7467278972520908
0.0
53.01627837514934
111.63560334528077
90.35285991636798
70.19026284348865
9.707194593787337
0.0
0.0
0.0
0.0
1.493414351851852
0.0
0.0
7.840404719235366
114.99309289127838
139.26030465949822
123.20687724014337
10.080734767025088
3.733557347670251
0.0
0.0
0.0
0.0
0.0
0.0
76.90972222222223
148.22087813620075
162.78416218637992
163.53132467144565
22.401422491039426
5.600451762246117
0.0
0.0
0.0
0.0
0.0
0.0
69.81686827956989
205.34595280764637
172.49189814814815
119.84901433691756
5.973573775388291
0.0
0.0
0.0
0.0
0.0
0.0
0.0
33.975433094384705
136.64964157706092
97.81910842293907
26.881705495818398
22.401422491039426
