317.169901807049
117.19395127688173
205.99123394563924
115.89070736260453
117.57003255675029
189.35232153524498
493.5781182795698
2159.644892473117
5761.403237007168
4535.545008213859
1374.0978158602145
612.9665050029869
240.3879368279569
296.2240307646356
119.7552825567503
135.2669607601553
95.48897832287932
90.77398360961767
279.7492824074074
2345.986503136201
5736.022696385903
4060.2091173835133
1549.9567204301077
454.67796221624843
304.16019339904403
240.322392099761
156.94148782855433
95.08936652479095
107.86410730286734
72.00339105436083
537.4978853046597
1641.309352598566
5502.316726403822
3639.9248021206713
1452.3333520011945
944.0775425627238
290.19982601553164
248.7089426523298
155.87549805854238
156.70272300627238
174.61279681899643
197.229152479092
705.6465677270014
3198.038791816008
6037.943126493428
5392.892887544803
2361.7276209677425
1341.4692017622458
500.14497535842287
193.78038754480286
153.2346012544803
134.52304696833932
85.43584958930704
159.5662709080048
438.7925925925925
2373.9006795101545
5814.8508251194735
3969.344287634408
2171.570497311828
980.1271318697734
371.0352146804062
250.23217741935483
213.6786361260454
178.91745381571084
109.16829159199526
153.72757765830343
752.7138142174433
3280.9993727598558
7222.395314366788
5808.792334976108
2528.423790322581
1005.7777852449225
526.8353920250896
271.91091136499404
178.11062537335724
167.1659715875149
385.42154831242533
328.40607004181606
933.5943137694144
4180.994272700121
7603.74047939068
5622.897080346477
4021.747520908005
1189.1114097968941
533.2494100955795
232.9452378285544
201.57325492831538
426.41624141278373
176.47148995669056
523.214136051374
712.5089598267622
3831.7063209378734
7954.5616823476685
6299.890038829152
3318.6081951911588
1012.2180480884108
430.8154428016727
214.96146542712071
151.89602598566307
126.25373842592595
117.9166304136798
169.46324820788527
642.9692316308244
1983.4891203703696
5929.914811081242
4708.2444369772975
2689.747001941458
678.4783912037035
341.93228531959386
330.4618287037037
147.30990647401433
136.8147340576463
110.29096680854244
217.58854876045405
719.1422061678614
3260.364837216247
6270.861137246116
5679.318544653525
3207.1407855436073
1095.6567876344081
705.881402329749
374.36030428614083
161.42125944593792
202.95862257317808
174.73536966099167
285.67233796296284
1436.8547901732377
4256.508960573477
7781.954812574667
5397.988060035845
2550.181111857825
1097.5333445340502
532.7618955346477
235.28921931003583
177.6340128434887
125.18594313769418
99.90749555704899
169.53141091696534
515.0169593787335
2292.121889934289
5939.082526881718
4240.642921146952
1425.7171034946236
905.250134408602
347.77302606033453
203.9647106481481
142.45273234020314
78.68163015232975
72.24878326612901
88.10096636051374
282.94574858124247
1876.7594123357235
5699.93673088411
3693.361951164874
1290.996501642772
511.1866603195939
349.5788668608124
481.7123114545995
149.70790994623658
111.78011577807648
113.14645161290325
169.0327180406213
286.1838130973717
2338.379917114696
5892.1126605436075
4074.538116039426
1536.0602859916369
782.143852299881
437.0773820191159
322.1893092891278
133.0748546893668
120.91968328106336
100.10953849313023
257.2455544354839
561.0907889038231
3319.2714493727603
7352.099103942653
5338.904088261647
2994.937787485065
793.7268835872165
333.7543328106333
443.923082437276
143.31765901284354
149.56278278076462
119.6725475283751
117.26308699223421
629.2897147550779
2242.425597371565
5960.734012843488
4943.947625448029
2899.7393443847077
564.7497603046594
474.96876232078864
231.6001037933094
109.65458747759855
150.6610253882915
191.993463635006
171.177306974313
503.7079192801672
2921.477284946238
6419.859318996416
5067.963067502986
2173.4039351851834
999.5903763440862
320.0464852150538
188.953835125448
178.73017883811235
115.5535691830944
140.53079375746717
185.39755712365593
719.3122259557947
2873.620295698924
6214.118171296295
4587.858068249703
1430.8381496415773
1106.6947095280764
396.5942682198327
214.5931869772999
201.6148211618877
84.24243357974912
83.82702359617682
81.67463705943842
522.7086458333335
1853.0317241636799
5930.9480884109935
4262.239706541218
1650.415415919953
492.6263403524495
382.77878658900835
235.56107937574671
149.11037821087217
108.93311398596177
137.8390867682198
160.3832317428316
512.2819642323773
2093.963142174433
5729.109554211468
4189.00174731183
843.4635024641574
932.3741524790918
