4.851403823205228
3.458669354865921
2.3887022103020024
3.1717443249701316
1.7417275238948626
5.6668309438470725
47.64411589008363
107.54554958183991
148.86126045400238
93.15673536439665
27.050104540023895
8.682833034647551
4.9660356929510145
3.458669354865921
2.4484057646356034
2.5906137993103657
1.8404383213859021
1.8936827956989248
60.67054958183991
119.2465651135006
137.9965651135006
108.24036738351255
33.13284050179212
11.006944444444443
6.467368578255675
3.5733012246117086
2.3887022103020024
2.5906137993103657
1.7258064516401148
6.879495221027479
53.2444743130227
88.54540023894863
97.00940860215053
65.67764336917563
15.403946385902032
12.391726403823176
4.8991674133811225
3.458669354865921
2.3887022103020024
2.5906137993103657
1.7258064516401148
7.520176224611707
59.05017921146953
137.9965651135006
173.4281660692951
85.03248207885305
29.140531660692957
13.907930107526882
5.8559961170848265
3.458669354865921
2.586122311827957
2.5906137993103657
2.0203442353643966
7.34731182795699
37.130376344086024
34.6598715651135
5.133661887694146
28.638366188769414
24.058393070489846
6.345579450445371
5.188926224611707
3.458669354865921
2.7548909796893666
2.5906137993103657
1.7258064516401148
10.427508960573476
54.60722819593787
168.35050776583034
160.84229390681003
80.3132467144564
28.619698327359618
7.085909498207886
9.226403823178016
3.9303315412186386
2.3887022103020024
2.5906137993103657
1.7258064516401148
9.997401433691756
54.0621266427718
124.46236559139786
161.9586320191159
94.93391577060932
48.037634408602145
10.803464755077659
4.851403823205228
4.159983572281959
3.6353046594982077
5.241375448028674
3.2100507765830346
7.895773596176822
54.778972520908006
110.56227598566308
185.59587813620072
102.13971027479091
34.56466547192353
9.22688918757467
4.851403823205228
3.458669354865921
2.3887022103020024
2.5906137993103657
1.7258064516401148
0.5403897849462366
10.890083632019117
37.130376344086024
95.02314814814815
64.62104241338112
34.6777927120669
7.523745519713262
4.851403823205228
3.458669354865921
2.3887022103020024
2.6972856929510156
1.850787783751493
5.042204301075269
41.5621266427718
111.08870967741936
177.24761051373955
97.40554062126644
31.647998805256865
7.23715651135006
4.851403823205228
4.238799283154123
2.3887022103020024
3.036402329749104
1.7258064516401148
10.57871863799283
35.30540621266428
142.648596176822
185.59587813620072
94.0527927120669
37.35364396654719
11.678987455197133
6.5437948028673825
4.858124253285544
2.3887022103020024
2.5906137993103657
3.7899492234169654
7.095669056152926
33.32026583034648
78.65890083632019
114.93055555555556
65.16241039426524
24.7703853046595
6.345579450445371
4.851403823205228
3.458669354865921
2.541543458781362
6.417898745519714
1.7258064516401148
0.5053614097968936
19.897326762246117
64.70280764635604
137.17891278375149
56.676000597371576
30.87402927120669
6.345579450445371
4.851403823205228
7.109393667861411
2.6593600657108722
2.5906137993103657
1.7258064516401148
1.240905017921147
37.73521505376344
115.4868578255675
122.75238948626045
16.754032258064512
29.140531660692957
6.345579450445371
6.463410991636798
3.586036439665472
2.5797491039426523
2.5906137993103657
1.7258064516401148
0.3334229390953121
45.43757467144564
116.819743130227
157.1609916367981
90.97632915173237
29.876045400238954
6.345579450445371
4.851403823205228
3.458669354865921
2.7118914277180406
2.5906137993103657
1.810188918757467
8.551762246117084
42.02508960573477
122.75238948626045
179.00985663082437
113.79218936678615
47.38575268817204
9.446273894862605
4.851403823205228
3.458669354865921
2.3887022103020024
2.803953853046595
1.7258064516401148
8.13957586618877
49.91412783751493
113.66114097968936
145.58318399044205
101.43033154121864
28.619698327359618
6.345579450445371
4.851403823205228
3.458669354865921
2.3887022103020024
2.5906137993103657
1.7258064516401148
10.46297789725209
17.556376941457586
87.3618578255675
117.36111111111111
52.54293608124253
27.59931302270012
9.68746266427718
4.880061603942653
3.458669354865921
2.3887022103020024
5.6768966547192345
1.7258064516401148
10.323715651135005
65.41218637992831
148.1070788530466
141.81600955794505
102.13971027479091
35.27180406212665
10.089232377538828
4.851403823205228
6.1094310035842305
3.9075567502986863
2.5906137993103657
2.7336096176821982
9.970519713261648
64.19877538829152
168.30197132616487
161.67861409796893
91.57370071684588
27.050104540023895
17.977897252090802
