1682.6571272102078
1151.65433003539
869.6012620877253
1045.8670901677633
1048.8902047041995
1427.2949085203518
1621.1695041776889
2886.5420215832296
4092.7796188346824
4073.249744650905
3748.6404048962863
2723.7292508653395
1832.0883566719742
1505.3541596169828
1187.5066542948325
1174.0298026401747
974.5010476647706
1554.6559686904593
1784.3581954111846
2106.3474193625643
2975.699698965259
3111.962669651451
2053.1779389500093
2408.822751130555
1773.1843064517698
1371.75181710741
1183.3982901435722
1197.2130646876024
1054.4615362158856
1549.711014654771
1922.2880457740064
2491.8740357605684
3220.5648379565105
3504.2674688927477
2734.323554031278
2529.272468921983
2035.607715549742
1295.2808502536204
971.6037940288811
841.7788940070415
908.1260614518525
1248.963203884545
1487.132666979213
2431.7528789309763
3342.753029802261
3905.4881490651073
3448.1693605360374
2705.8008640889534
1656.0874202639618
960.1073152276298
822.3938371286948
878.7687125308499
748.3224703750357
787.0575901247208
1172.7373816987251
2135.405656865033
2818.1967736420333
3106.868488509971
2512.1628104707734
1889.4828259645183
1320.4435370234828
773.440883873879
637.6937897374573
627.0848688155171
464.30317665230933
871.0678652993777
1255.0249841714096
2158.2532187030497
2960.132565447013
3850.887710132023
2968.293054434071
2142.8752580214436
1491.2023592275125
876.4161309121683
841.545089845229
910.6613778704415
1021.9998948747213
941.0397695737049
1535.416815918756
1875.877132240791
2441.455209736837
3347.6552313597513
3100.1635515741264
2039.7963675725543
1166.4809038732342
1114.2559604748565
864.1848726158495
1096.1821874917694
857.778348790735
1425.5056166303518
1529.6434210543357
2050.5947358921776
2671.3244348993144
3628.394086434975
3346.036610538704
2006.722506990911
1475.6136960845101
1250.248767707054
821.1993151398505
960.1861937714732
1021.6642642581866
1415.038374273592
1710.322208008875
2286.996642109424
3198.415045685116
3593.8234675663025
3422.5605020983417
2260.5147640303726
1802.3529183335597
1959.3737933150787
1143.6352383527435
1096.1981018837603
1237.0284194656927
1490.3097332315854
2384.2810901917533
3114.786932702507
3609.5057032296436
4841.936502031129
4066.5183758201174
3099.804639657454
2715.6926486685697
2296.542946899421
1565.718727692677
1368.5112794754973
1511.3062426414451
2116.9907099302673
2349.5230727333405
3465.5482794808127
3944.2105963414274
4523.259249395529
4355.140184495421
3429.5919421280223
2820.7692302112364
2215.671882823669
1455.0682527094937
1290.8203580369307
1471.4937527242625
1764.5405777429703
1955.6254942387848
2859.3532790459353
3698.464163106966
4202.38650576934
3891.6262050312107
3032.070876998063
2210.027269385354
1618.6140241091746
1648.862358429753
1242.6801876887093
1322.6440477458923
1598.115086990481
1708.2553340966797
2303.7314887427447
2752.109363110443
2800.0569225633426
2882.172388779382
2326.727041401822
2092.9595551404445
2184.4288791881327
1478.5206206073092
1350.8210244173936
988.3281991981218
1390.631753709383
1639.3753859697713
2120.175590441137
2590.41557553693
2799.1711509190295
2915.589013824983
2305.763700733444
2092.2461007832776
1315.654809071775
822.343598506313
736.6327342575935
826.7831438571144
1144.488795369593
1467.6542820852244
2205.7556934984655
2967.516546545876
3592.224039289859
3030.6523868434183
2437.580731095184
1869.8592177660878
1115.4291660805704
923.6931438635354
855.691865227094
1076.8848933307322
1120.4912455004012
1380.7076816456868
2174.310601573929
2930.26515264107
2800.0052748546286
2760.0231518741934
2264.2438731215093
1560.1733572438702
1224.5509392916686
988.5861432402093
1171.0015440788286
1182.0683124488398
1474.5073714782116
1611.591576168684
2312.14240978223
2683.890743925672
3242.329221450883
3290.970229308331
2450.843061366496
1842.4474725368957
1334.5446731312647
888.9803302627195
1035.1949147154821
1028.3055819385581
1424.0745053922442
1669.4914318856054
2389.2868112186156
3053.3735833710916
3584.7326114354573
3287.350355220663
2205.2512427849842
1625.8510494517923
1215.4474183710704
817.3948760854178
896.3224188192307
757.919073430973
1094.6646523847962
1238.3782713506776
2111.235490543347
2883.1293853849884
3379.9893298230663
3078.916130246222
1839.4555891759285
1600.0942285949498
1082.3517613770819
689.9500046405785
713.5957207425091
791.869049732328
1156.130527974308
1535.9828404664604
1932.7853096732101
2769.198032232472
3775.3247578472474
2830.5459098403953
2491.7329188507265
