332.40064777479097
459.5187115442057
174.52316084229398
157.47889598267614
83.52396837664277
235.01905689964167
558.0522886798088
2663.1475619773
5076.392891278374
4540.055563022699
1578.999846923536
887.4659796893674
509.64094907407406
165.52260454002385
167.3113664874552
211.62900817652326
165.72549096475504
409.10816158900826
487.2979935782558
2493.370329301075
4948.897875597369
3648.5998543906803
1558.744444444445
450.39621602449233
408.4431683094385
139.80118951612903
114.99387877090801
123.44178558094387
133.15925067204304
81.15119377240141
782.3596594982081
2960.657385005975
6145.278300477898
4378.192480585422
1252.6196535244928
1022.6491263440862
240.32807235663074
165.31068361708483
122.14464863351256
286.6788878061529
104.35405148596175
377.792907332736
637.9823159348863
3509.40925925926
6800.064404121864
5043.115483124253
3626.9883587216254
1062.9662149044211
366.17864247311826
334.3695624253286
152.48182609020313
179.52583206391878
106.77164426523298
192.4470101553166
1244.7682907706096
3545.603554360813
8874.124970131421
6559.341274641579
3124.6227150537634
1198.6345094086023
497.57540434587816
262.7621471774194
99.31203819444445
77.83670904271204
93.0416622983871
276.01375112007173
643.7345209826759
2370.264370519714
4474.589109169652
4253.221303763442
1174.7461544205498
636.4348293757461
257.7610409199523
178.63159199522104
210.19517473118276
127.94655921445641
355.75402479092
192.7144679659498
527.4930014187572
1709.8858083183986
4939.31035692951
3386.5720542114695
1783.0803502090796
707.8083755227004
416.3297267025089
218.42277404420545
128.25971139486262
131.04306795101556
91.81608359468339
189.38384296594984
630.0412223715651
1683.433573775388
5054.238317652331
5405.0410319593775
2540.1822841995213
832.1102411887695
433.0254181600957
450.67789874551954
258.3503938918757
220.84375578703708
96.62530697431302
148.2430734767026
366.81025705645146
2327.551000597371
5354.277647102747
4108.749305555556
2137.074066606928
816.094530689964
336.1458508811229
192.2439833482676
127.23111264187574
132.98443484916365
151.01463672341694
344.952897625448
611.8092794205496
3223.4001269414575
7340.57882691159
4568.966401583036
367.68117555256873
538.7401605436083
509.8774817054957
186.10761760752698
121.76575854988054
146.15210155316606
152.3143567801673
270.7024764784947
677.2130424880523
2280.523058542413
5395.602180406213
3247.160610812425
1486.0934065113502
589.0735259856632
266.21556152927116
174.91010379330942
137.88049432497013
206.3240890830346
130.16809572879325
135.9549600507766
520.5052116935485
3626.8081615890083
7468.330439814815
4585.201426224611
2434.219660991637
1208.2957474611705
735.2199305555558
163.54554540023898
146.31067592592595
104.9079586320191
190.3472125149343
65.40400085872163
697.2939131571089
3307.114392921146
5982.609550477897
4645.110103046593
2682.7756533751503
642.1210042936079
233.11587178912785
191.6151441158901
141.48537634408603
105.98231783900837
104.12166816009555
117.22979614695343
335.59129144265233
2621.5527255077654
3913.0647774790905
4115.586424731182
1610.7142137096773
801.1244474313023
392.2276411290322
230.0548245221028
136.19551605436087
103.11542902479091
94.52064829749104
101.76200645908006
498.94749514635606
2763.5125858721613
6638.999798387097
4755.6209901433685
3250.779864844683
591.2188814217444
399.1196064814815
224.37473155615302
187.95528524492232
118.09276553166072
121.02407269265234
158.25923648446835
488.9308546146954
3864.8926672640373
8326.58480062724
6419.6398446833955
2081.4747162485064
815.1512305854243
398.9499876792114
358.38699111409795
237.18377874850654
120.15267962216245
127.41032071385904
214.99251754778973
873.6320202359619
2373.8885043309447
6152.775238948628
4658.734625149342
1919.3123133213842
441.52917189366786
415.0223928464753
255.634216323178
146.88747685185183
134.97670762395458
86.12516920549582
81.40185786290326
460.91514859617666
1745.311984767025
6286.214284647553
2375.724887992831
1532.725679510155
737.4846733124251
366.1299156212663
212.87611036439665
131.1077987231183
188.2974250298686
127.82217305107525
183.98468451314213
768.6051347819592
3705.1254368279583
5175.6152180406225
4467.81791367981
1694.7291106630828
828.1202662037039
566.6843455047791
268.57788866487454
196.78045661589007
112.48751101403825
130.89030428614097
259.6919190561528
657.445718339307
3642.745090352449
6839.814814814815
4538.3146281362
2093.4575119474325
674.3246617383512
