15.896244026284347
4.146132019120379
2.863575268821692
3.1056227598611184
2.068884408606638
0.3997162485110588
4.487753882915173e-12
124.32870370370371
337.1397102747909
277.7494026284349
147.3252688172043
10.966984020310633
12.163007765830345
4.146132019120379
2.863575268821692
3.1056227598611184
2.068884408606638
0.3997162485110588
4.487753882915173e-12
34.72222222222222
338.6361260454002
521.9399641577061
192.1244026284349
15.447281959378731
11.789426523297493
4.146132019120379
2.863575268821692
3.1056227598611184
2.068884408606638
0.3997162485110588
4.487753882915173e-12
111.63493130227002
489.86036439665475
253.85379330943846
199.96714456391877
39.34195788530466
5.815785543612612
4.146132019120379
4.3570116487455195
3.1056227598611184
2.068884408606638
0.3997162485110588
4.487753882915173e-12
134.0344982078853
228.12089307048984
213.90120967741936
33.07579151732378
45.68914277180406
18.88332586618877
6.3862679211469535
2.863575268821692
3.1056227598611184
2.068884408606638
0.3997162485110588
4.487753882915173e-12
236.33512544802866
396.5046296296296
348.6831690561529
31.955607825567505
9.100216547192353
5.815785543612612
4.146132019120379
2.863575268821692
3.1056227598611184
2.068884408606638
0.3997162485110588
4.487753882915173e-12
296.44377240143365
407.33049581839913
303.50806451612897
175.69967144563918
30.381645758661886
5.815785543612612
4.146132019120379
2.863575268821692
3.1056227598611184
2.068884408606638
4.88008885902031
4.487753882915173e-12
88.48715651135007
397.6243279569892
530.5283004778971
435.9259259259259
28.88791816009558
12.163007765830345
4.146132019120379
2.863575268821692
6.465826612903226
2.068884408606638
0.3997162485110588
4.487753882915173e-12
132.54293608124254
397.6243279569892
331.8828405017921
176.07153524492233
7.606780167268525
17.016465053763437
4.146132019120379
2.863575268821692
3.1056227598611184
2.068884408606638
0.3997162485110588
4.487753882915173e-12
173.23924731182797
474.14725209080046
268.03875448028674
130.89605734767025
7.606780167268525
5.815785543612612
4.146132019120379
2.863575268821692
3.1056227598611184
2.068884408606638
0.3997162485110588
4.487753882915173e-12
53.01795848267623
379.70392771804063
328.5233721624851
181.67002688172045
74.80996117084827
14.776508363201911
4.146132019120379
2.863575268821692
3.1056227598611184
2.068884408606638
0.3997162485110588
4.487753882915173e-12
92.59445937873357
529.7823327359617
385.2721774193548
172.7120669056153
80.03696236559139
15.523148148148149
4.146132019120379
2.863575268821692
3.1056227598611184
2.068884408606638
0.3997162485110588
4.487753882915173e-12
171.74320489844683
529.7823327359617
580.1851851851851
189.88463261648747
51.6627464157706
5.815785543612612
14.226590501792115
3.983643219832736
3.1056227598611184
2.068884408606638
0.3997162485110588
5.227016129032258
180.329674432497
486.4964157706094
362.12477598566306
216.76784647550775
16.940598864994026
9.922726254480285
4.146132019120379
2.863575268821692
3.1056227598611184
2.068884408606638
1.8931526284348865
4.487753882915173e-12
73.17839008363202
285.24604241338113
209.798013739546
33.44892473118279
12.833796296296295
8.802658303464753
4.146132019120379
2.863575268821692
3.1056227598611184
2.068884408606638
0.3997162485110588
4.487753882915173e-12
113.50283751493428
363.27508960573476
342.7128136200717
168.97662783751494
15.447281959378731
11.042801672640383
4.146132019120379
2.863575268821692
3.1056227598611184
2.068884408606638
1.5197841995221024
4.487753882915173e-12
154.57063918757467
420.40023894862605
568.5887096774194
355.28113799283153
51.6627464157706
5.815785543612612
4.146132019120379
2.863575268821692
3.1056227598611184
2.068884408606638
0.3997162485110588
4.487753882915173e-12
136.65023894862605
633.2138590203107
472.28270609319
154.79166666666666
11.713720878136199
12.163007765830345
4.146132019120379
2.863575268821692
8.332638888888889
2.068884408606638
0.3997162485110588
4.487753882915173e-12
177.34655017921148
269.93652927120667
370.3393817204301
127.16061827956989
10.966984020310633
8.429289874551971
4.146132019120379
2.863575268821692
3.1056227598611184
2.068884408606638
1.1464157706093192
23.14799880525687
183.3169056152927
424.1356780167264
322.1766726403823
111.4796146953405
77.79719235364396
25.230510752688172
6.0129405615292715
2.863575268821692
5.345758661887693
2.068884408606638
0.3997162485110588
3.360203853046596
81.01627837514935
280.39090501792117
342.7128136200717
403.44384707287924
60.62473864994026
