1658.3772586319521
1089.6581457462628
865.122948168968
727.9019990685998
928.330489202408
1231.4390057425737
1203.170570485933
1803.3993393849025
2478.116820148901
3232.7405227273703
2691.8529721005893
1952.535717412531
1036.341806492762
1217.934173804557
902.4663354477598
823.6411690529584
930.1092655187138
1440.9992814891466
1576.04255211668
2230.6973969611313
2696.893710315318
3447.4829429489446
3138.699967026472
2268.16184536592
1999.638764337074
1982.9811510381155
1402.3550217743973
1472.3345028596448
1826.846676971561
2113.787082456444
2282.629036664091
3160.6531128215
3866.1669511584228
4841.86338436467
3924.5145262534993
3043.651127822819
3401.4783211351655
2598.400257362341
2402.8201172068984
2265.7393282214975
1748.3968033126646
1914.9580941175188
2263.8813602289138
3034.631213011024
3726.9538997246027
4635.892121586016
4291.209533773792
3020.6120050686427
3508.6097880955017
2686.3962787879645
2524.0443336938083
1829.0984653683659
1668.3354292310685
1813.0871032668965
2010.2718649723224
2823.456709732417
3795.8233417423908
4367.729450278192
4112.9701581410245
2778.1726034436115
2323.589844520496
1836.1148683422189
1560.1826353169076
1060.7974024176679
1344.9919942299673
1661.7568064582795
2153.576205049545
2719.0455499455825
4055.390084861588
4606.323530024494
4302.32238537792
2712.6532971492816
1740.0349159778114
1317.148467381703
1060.5077615895536
942.527592774862
958.2345652002896
1447.7974047290213
1618.4801310023881
2499.3719612431805
3151.506385812106
4077.280791395595
3136.211718390136
3113.1352265928654
1864.5187660297445
1610.451506323123
999.0285703458372
878.7073480353768
902.5938479693489
1258.4711072217501
1408.7048345848016
1962.322364327065
2699.665769278048
3182.5247988005653
2682.7370062973655
1944.866361530935
1892.4604180080466
1175.9762393319043
959.9093072993492
837.4767007905886
947.4238266835152
1439.7874673888853
1862.710824346988
2632.9450553412053
3720.884997895391
4591.878985786135
4656.080290031435
3075.8276747233217
2470.0571186023767
2050.47962142141
1526.6121723431852
1842.0036525856726
1502.8235213922144
2167.0553201491484
2226.754201004179
2586.634554416965
3944.7087498246224
4941.746567742001
4332.439485437799
3320.5144290839767
2907.1422566434817
2205.9510002148318
1701.050616133538
1582.3596916245413
1944.5961765572156
2087.5966448167674
2544.1819735696617
3341.3847863505857
4967.981541681929
5120.465043899708
4960.436294113103
2901.817860586804
2275.8788852291573
2258.0803916348996
1933.233101126458
1931.5935696558079
1884.6527289787432
2643.037633044643
2347.4601268552738
3714.3928437114077
4397.337135777218
5403.109512041743
4218.684000730131
4435.560012302722
2482.162898865641
2665.26401664203
2156.1869178682236
1641.875086882257
1649.041928943621
2237.255871787375
2656.483388158806
3425.11102876664
3604.0133356313545
4738.7355366613065
3890.4823872859515
2904.177015266816
2659.031362936143
1410.4701276947035
1301.3887209657316
996.9510572728298
1231.091447779364
1584.530677693852
1911.8130965432474
2382.278659437552
2889.473681122353
3327.7136016358754
3169.127394948041
2089.798389353514
1580.441706368702
1663.4943214672357
1187.7799635003396
992.2660802850721
1103.5437270411046
1244.5740640001184
1984.142319719633
2534.6244061627426
3210.757776384585
3909.9307671871115
3555.7580469389964
2600.544608783358
1854.6606775928499
1691.6260261462817
1215.7128309901782
864.7997550120407
1310.4508319508038
1396.4932336276422
2059.1264204449712
2774.7404925536193
3379.676838722313
3620.310755738739
3568.33759333178
3017.4349573509007
2417.934109932043
1867.6777164720738
1449.7020706595647
1886.4191964085771
1218.6022308329502
1827.391485128151
2230.1732256609184
2384.957728629304
2943.464246763188
4305.46105388816
3314.033662701403
2575.043367519423
2559.502677136657
1943.5406222053393
1773.5738450476647
1405.0788454203807
1803.155488599251
1777.346974030237
2190.933393504484
2934.0521300656897
3379.6120839684622
3605.1371066564852
3447.3714872397786
2411.0095089140177
2549.026146524671
1521.1202043627077
1175.580072471319
1829.2901110982032
1349.243666471594
1540.3699256822867
2004.6076933936881
2521.097803864733
2761.7673147458004
3388.955503658192
2905.2427506165945
2199.1366076944487
1632.2561722926791
1340.0914779989462
1163.4900733383083
994.1016757902986
1227.9603990453506
1422.2476314689313
1700.3370332681327
2291.0141627198045
3361.66427700547
3609.6866530085367
3749.3947599001312
2347.1997273931393
