0.0
0.0
0.0
0.0
0.0
0.0
0.0
8.2139075567503
153.4502314814815
120.2227822580645
107.52684438470726
0.7467278972520908
1.8667764336917563
1.1200899790919951
0.0
0.0
0.0
0.0
0.0
38.08262395459976
126.56851105137396
136.64964157706092
111.63560334528077
35.46875000000001
0.0
0.0
0.0
0.3733557347670251
0.0
0.0
0.0
22.774962664277183
98.93966547192353
146.35734020310636
141.12802419354838
8.960569743130227
0.0
0.0
0.0
0.0
0.0
1.1200899790919951
0.0
13.814392921146954
135.15568996415772
148.96766726403823
101.92790471923539
1.493414351851852
0.0
0.0
0.0
0.0
0.0
0.0
0.0
49.28539426523297
171.3713410991637
177.71706989247312
135.90247909199522
16.427848715651137
0.0
0.0
0.7467278972520908
0.7467278972520908
0.0
0.7467278972520908
1.493414351851852
37.70911738351254
138.89071833930706
123.95366636798086
26.881705495818398
1.493414351851852
0.7467278972520908
0.0
0.0
0.0
0.0
0.0
12.694190561529268
20.534595280764634
106.40628733572282
65.71221624850656
67.94914874551971
10.080734767025088
0.0
0.7467278972520908
0.0
0.0
0.0
0.0
0.0
43.30854241338112
104.91196236559139
133.6613649940263
134.03513291517325
53.76340352449223
2.240142249103943
0.0
0.0
0.0
0.0
0.0
0.0
76.1667413381123
136.27624701314218
169.13026433691758
179.21139486260455
8.960569743130227
0.0
0.0
0.0
0.0
6.7206541218638005
0.0
0.0
47.79110663082438
160.16969086021504
139.63369922341695
118.72849462365589
7.093738799283154
0.0
0.0
0.0
0.0
0.0
0.0
0.7467278972520908
68.69631123058544
97.81910842293907
120.2227822580645
92.96733124253285
1.8667764336917563
0.0
0.0
0.0
0.0
0.0
0.0
0.7467278972520908
8.587029569892474
102.67502986857825
84.00675776583033
47.043944145758665
1.1200899790919951
0.0
0.0
0.0
0.0
0.0
0.0
2.240142249103943
90.7262171445639
122.83310931899643
111.262208781362
50.775164277180416
7.093738799283154
0.0
0.3733557347670251
0.0
0.0
0.0
0.0
1.1200899790919951
38.455607825567505
118.35510005973715
224.76138739545996
173.98622311827958
20.908131720430106
1.1200899790919951
0.0
0.7467278972520908
0.0
0.0
0.0
0.0
44.802830047789726
151.95627986857826
97.07194593787335
35.842293906810035
20.534595280764634
1.1200899790919951
0.0
0.0
0.0
0.0
0.0
0.0
42.18798536439665
116.48738052568697
141.12802419354838
43.30854241338112
11.574025537634409
0.0
0.0
0.0
0.0
0.0
0.0
0.0
30.615330047789726
128.80958781362008
173.98622311827958
84.75392025089606
5.600451762246117
0.7467278972520908
0.0
0.0
0.0
0.0
2.240142249103943
0.0
39.57579151732378
121.71255227001194
99.68679062126643
106.40628733572282
4.106933243727599
4.853823178016726
0.0
0.0
0.0
0.0
0.0
0.0
43.30854241338112
116.48738052568697
126.94190561529271
125.0745594384707
2.6135043309438473
0.0
0.0
0.0
0.0
0.0
0.0
0.0
53.76340352449223
171.3713410991637
160.91685334528077
120.2227822580645
10.453856780167264
