2205.9321832137925
1408.0853597546252
1066.6721140889208
922.308419319496
1089.9691413828139
1497.0203658829564
2239.2641950379043
2528.940214534245
3107.7735032432843
4369.18545253621
3896.3528451591305
2624.237625267968
2080.3430759073394
1813.384226074569
1187.4373815947138
1832.3663020428035
1199.741812935082
1343.7775222298865
1857.9801600169196
2503.84967070665
3453.2853919162762
3941.4322783730768
4229.896980168647
2343.2591123910083
1353.07488291533
1203.1855786814847
981.852564299785
846.1157808614374
935.678472073114
1149.084281903875
1409.7090568253807
2196.7710899720373
3421.66071235914
4036.856141234445
3758.2414901125203
2072.837470415413
1707.0924303048191
1004.1569217888658
849.0703486883796
992.7671209335645
936.5435271029875
1311.662255557185
1912.1436996853058
2721.242910292983
3551.5094776815913
4198.261409220426
4063.7639319219384
2297.5159178523936
1629.911591410916
1494.0846711117395
1230.2085648392683
1225.957739561913
812.5982917609376
1245.7274236073968
1765.5844396437676
2363.2528828208274
2968.0470163242317
4007.7176521897795
3980.2566351422192
2349.0709382703744
1798.1540283615946
1409.3876132645596
954.0109021926548
1019.4751913961617
1124.7837456487246
1531.2163457354598
1901.2546175346115
2183.2473457938495
2595.076393852031
2614.7019275752714
2589.722728866567
2097.9675519282555
1472.7321792693288
986.0266894545817
933.3066228500079
1034.434059322054
1078.8321484589517
1310.162865078484
1403.309464514933
2166.0835241165373
3033.0354218037432
3169.227699997743
2749.9319954211983
1725.248876533128
1758.6761995721592
1458.3323680316064
1504.3168954653115
884.5221479159028
809.789328853459
918.8420768304715
1317.414381329127
1883.2060299483298
2593.6866436806768
3398.549888406301
3470.378643095453
2026.9381954616397
1530.6044069566722
939.5204037584275
869.793300728262
849.7355527171125
855.3469292820816
943.375470674428
1627.1538425668207
2246.9819803710725
3358.517438904949
3913.0539036475466
3464.250839613276
2306.823605129535
1325.1622634649814
859.318062281625
743.662340353938
851.024138696783
859.0347445104944
1041.1398370248944
1261.7199641463526
1900.4424845244907
2620.9518837851974
2787.249487395527
3067.900394936009
1995.7459105654586
1200.7595430831454
1127.592614611487
862.2479018264886
844.0576429760954
754.5675549921027
1161.9392374093584
1623.2004398181684
2077.4202664879795
3120.952815576793
3852.5434862533557
3575.111099967344
2062.743861184176
1368.5359939507823
1098.9155730865123
845.3116106844044
893.923176884004
951.3310331902123
1365.6321753385498
1549.481169268654
2242.071386871503
2849.3478100603706
2781.4444508111555
2645.7393322713515
2016.5708545966277
1357.0299500902522
938.0228502740489
802.1820194213901
561.7687417134999
720.2844543319139
989.5442574653925
1098.6620358589255
1836.8463259589928
2473.732126700645
2579.5111116314424
2725.8953278474823
1584.1689432835424
1129.6679220759281
858.0754667030662
674.3679772381331
655.5996571832243
679.794395434681
926.4229436436731
1326.0141643449213
2112.041226641852
2807.4897541510272
3177.013146140057
3449.189297576476
2014.9987067071584
1507.2713621333364
935.6935411506283
745.0020363796697
839.6620293591463
908.1162856581893
1148.92853177939
1550.5284270971722
2421.2981591496
3215.7739800882896
3715.6284225037184
3271.1115042269316
2247.7209080665116
1900.9368125988226
1732.3876076874988
1070.16857695792
941.0835740831275
1285.142323139573
1901.1278976061355
2022.373638933619
2593.047885026738
3450.3602467270925
3104.484254842681
3389.1224275611703
2504.372756036683
1671.7688060192581
1239.678331018072
1066.9341390586083
1021.3406741564863
1046.5529263974654
1529.1124342022263
1914.2535646692813
2778.6597559590527
4438.764732127582
4137.7481282609215
3821.522163298773
2809.2098325731863
2668.2435933552943
2217.982990783595
1703.7097881480252
1654.4198363104647
1123.4948658393942
1425.4251374860303
1576.5659965510774
2418.3420083512324
3003.9731278752724
2919.124039153498
2683.559547275621
1933.8785015962167
1941.1305708078248
1708.8192597689201
820.285523486851
917.2621354410943
990.082921250566
1240.3380297742829
2018.3712574617887
2248.788324324709
3046.8840598174866
3527.819526955684
3804.859499421849
2539.1882429991083
2560.051292513706
1371.0120249672855
847.5027615103515
923.8122343327117
761.5703004790425
1112.4134394139735
1676.9377426468668
2240.779978131992
2961.6063543650894
3759.8135197946795
3654.016885049476
2235.405521897322
