0.0
0.0
0.7467278972520908
1.8667764336917563
0.0
0.0
0.0
53.390008960573475
118.72849462365589
139.63369922341695
136.27624701314218
17.5475993130227
7.093738799283154
0.0
1.8667764336917563
0.0
1.493414351851852
0.3733557347670251
0.3733557347670251
29.86869026284349
142.6219384707288
200.86790621266428
154.57075119474314
0.0
0.0
0.0
0.0
7.467278972520908
0.0
0.0
0.0
33.975433094384705
111.262208781362
128.80958781362008
51.148558841099174
0.0
0.0
0.0
0.7467278972520908
0.0
0.0
0.0
16.427848715651137
43.682310334528076
94.08788829151733
125.44795400238948
51.148558841099174
29.12205047789725
0.0
0.3733557347670251
0.0
0.0
0.0
0.0
0.0
0.0
91.47337962962963
84.38052568697731
91.84677419354838
29.12205047789725
10.080734767025088
0.0
0.0
0.0
0.7467278972520908
0.0
0.0
38.455607825567505
87.73797789725211
125.44795400238948
95.20463709677419
0.0
0.0
0.7467278972520908
6.3471139486260455
0.0
0.0
0.0
0.0
47.79110663082438
120.96957138590203
52.64288381123058
92.96733124253285
0.0
0.0
0.0
0.0
11.574025537634409
0.0
0.0
0.0
40.32254330943847
102.30167264038232
97.07194593787335
22.774962664277183
0.0
8.960569743130227
0.0
0.0
0.0
0.0
0.0
0.0
40.32254330943847
101.92790471923539
122.83310931899643
76.1667413381123
0.0
0.0
0.0
0.0
0.0
0.0
0.0
0.0
68.69631123058544
116.11402329749106
151.20911738351253
107.52684438470726
32.85528673835125
0.0
0.0
0.0
0.0
0.0
0.0
2.240142249103943
33.975433094384705
126.56851105137396
72.05794504181601
61.97681451612903
0.0
0.0
0.0
0.0
0.0
1.1200899790919951
0.0
0.0
48.53823178016727
114.24630376344086
96.32515681003584
100.06018518518518
19.041304510155317
0.0
0.0
0.7467278972520908
0.0
0.0
0.7467278972520908
0.0
45.54999253285544
96.32515681003584
93.71449372759857
121.71255227001194
0.0
0.0
0.0
0.0
0.0
0.0
0.0
0.0
72.80510752688173
120.2227822580645
90.7262171445639
47.043944145758665
15.307683691756269
0.0
0.0
0.0
0.0
0.0
0.0
0.0
33.975433094384705
112.3786215651135
148.96766726403823
100.06018518518518
0.0
0.0
0.0
0.0
0.0
0.0
0.0
6.3471139486260455
29.86869026284349
118.72849462365589
121.33919504181601
105.28573028673836
22.774962664277183
0.7467278972520908
0.0
0.0
0.7467278972520908
0.3733557347670251
0.3733557347670251
0.0
77.65688470728793
136.64964157706092
186.30424880525686
159.7959229390681
0.0
0.0
0.0
0.0
0.0
0.0
0.0
0.0
0.0
114.24630376344086
158.67540322580646
82.51280615292713
29.12205047789725
0.0
0.0
0.0
0.0
0.0
0.0
0.0
13.814392921146954
87.73797789725211
86.24406362007169
17.921139486260454
0.0
0.0
0.3733557347670251
1.493414351851852
0.7467278972520908
0.0
0.0
0.0
35.09561678614098
102.67502986857825
82.51280615292713
14.93414351851852
0.0
