19.52501493428913
6.799544504181601
10.018630525686977
4.247166218637994
4.000877389486261
4.302296146953405
33.508475209080046
86.39971624850656
186.45833333333331
183.57974910394265
97.35513739545999
49.80809438470729
17.53845579450418
6.040957287933094
9.289650537634408
2.727942054958184
5.464150238948626
7.614284647550775
14.88440860215054
86.41017025089606
188.0723566308244
194.36454599761052
73.45803464755078
29.48424432497013
10.577135603345281
3.494746863799284
4.87772550776583
4.035446535244922
3.1989471326164876
14.777143070489844
38.27292413381123
97.9950716845878
264.3473715651135
224.20437574671445
179.4832735961768
71.13575268817203
25.88422192353644
10.47871863799283
4.409703554360813
5.615404719235364
5.365554062126643
5.198850059737158
24.753994922341693
82.33796296296296
170.9636350059737
212.85282258064515
148.58721624850656
58.72909199522102
11.53035394265233
9.20041816009558
7.1850358422939085
6.54468339307049
3.9213709677419355
11.104091995221028
34.54536290322581
121.18466248506569
241.65770609318997
266.65807945041814
154.54338410991636
61.95527180406213
53.24036738351254
14.028897849462366
4.812910692951015
4.326978793309438
2.8121266427718044
8.647588112305854
37.33818697729988
101.92204301075269
212.20542114695346
218.1854838709677
120.75978195937873
46.2496266427718
13.56156660692951
12.248693249701315
3.8496826463560336
3.064796146953405
2.913362455197133
12.97883064516129
33.11936230585424
75.52008661887693
190.53688769414575
187.0549581839904
90.21057347670249
33.34561678614098
15.36749551971326
16.19478046594982
7.409908900836322
6.302680704898447
6.315636200716846
19.088485663082434
64.49223416965354
135.05936379928315
249.51911589008364
293.58758960573476
205.40210573476702
55.89344384707288
31.429696833930706
11.736932497013143
7.315561529271205
2.807093787335723
2.7051149940262844
12.663493130226998
32.364172640382314
88.105958781362
166.07153524492233
198.45019414575867
107.90695937873357
42.68481182795699
11.169354838709678
9.212850955794506
4.6197655316606925
3.7539501194743132
4.174339157706093
3.7693287037037035
22.327770310633213
72.39097968936679
168.99118876941458
210.09856630824376
104.02180406212665
47.092293906810035
5.332168458781362
8.319668458781361
5.484318996415771
3.413328853046595
1.7515232974910395
5.369735663082437
56.430331541218635
94.03860513739546
202.724761051374
206.04876045400238
116.56100657108722
35.21975806451613
26.88702210274791
9.948626045400239
5.2712813620071675
4.808833632019115
1.4938582735961767
9.997759856630825
50.82250597371565
88.94377240143368
175.77770310633213
215.09072580645156
130.31399342891277
42.88508064516129
22.54749103942652
15.629853643966547
4.411850358422939
2.505238201911589
7.255077658303465
11.45508512544803
45.17025089605735
108.34416069295102
285.9845430107527
251.95900537634412
198.05667562724014
73.42293906810036
27.766950418160096
11.684139784946236
5.638776881720431
4.39150238948626
1.1443473715651136
23.68189964157706
37.70661589008364
126.0364396654719
242.7116935483871
280.17137096774195
139.52434289127837
64.30144862604541
18.434027777777775
8.457175925925926
3.6208258661887696
3.939363052568697
5.532258064516128
5.97976403823178
20.020011947431303
64.13082437275986
168.9616935483871
152.32116188769416
77.4992532855436
26.089680406212665
17.221251493428912
7.384931302270011
8.905092592592593
3.573611111111112
4.703195937873358
1.6856742831541218
20.439441457586618
35.974985065710875
195.63545400238948
156.11895161290323
93.1880973715651
31.97707586618877
26.365442054958184
10.71423237753883
5.449074074074074
3.4264262246117085
4.208116786140979
15.74421296296296
30.88410991636798
99.63336320191159
197.57952508960574
209.62552270011946
191.72603046594983
54.391427718040624
29.393107825567505
7.519115890083632
8.693249701314217
2.0090763142174435
3.684576612903226
14.359094982078851
21.23517771804062
83.98558841099164
207.42719534050178
198.1720430107527
119.91898148148148
45.14523596176822
15.002576164874553
9.171931003584229
4.6861447132616485
6.44220430107527
3.3602971923536438
8.20863201911589
39.27986857825567
124.706541218638
297.2240890083632
286.2970430107527
176.69802867383513
64.9817054958184
26.40710872162485
5.696423237753883
3.119194295101553
3.511992234169653
3.734864097968936
16.44026284348865
44.415695937873366
114.23797789725207
264.52994324970126
244.3287037037037
171.7488052568698
51.261574074074076
