0
0
0
0
0
62.673888316738285
499.23818530380953
1486.116340136532
1811.4498323789899
791.3031704045941
154.84312352972552
0
0
0
0
0
0
41.489556196573645
419.5813570146647
1096.0656457325722
1584.8781047135471
358.3565934303682
107.80555275659238
0
0
0
0
0
0
79.74995439935819
731.3738354094384
2038.9123245373073
2277.1785043227524
1018.2828650839215
155.23669517373136
0
0
0
0
0
0
55.49050456261412
367.7584880435531
908.723247252665
1544.9552359982156
716.2673993270577
236.0038327510412
32.096180064309664
0
0
0
0
0
0
612.0749331927157
1183.0136022813504
2258.411285162624
1074.2600860232762
131.6410547166952
0
0
0
0
0
0
35.36501409210503
839.4119590369761
2274.7342760593547
3244.8060789662345
1057.426903633825
126.80628396515095
3.9118868410583403
0
0
0
0
7.079142144836705
0
598.5512212165208
1137.6918797406377
1044.7704502468744
568.8508598665976
148.7034692322676
0
0
0
0
0
0
0
345.61718291683695
1177.0483009674697
1658.2769927643562
932.1350380555662
324.22699948907547
0
0
0
0
0
0
28.866825630628327
363.21764634817254
1585.4896851469143
1562.723244985235
527.2232361285055
42.09723242987248
0
0
0
0
0
0
67.80439437143684
512.9303117004645
1729.233753043401
2268.996131330579
709.5255637543015
133.1697087391629
2.2639218480124654
0
0
0
0
0
82.30649928395513
490.5469525820246
1683.8440926801352
2250.139450014538
952.1081822575836
187.9930596045076
42.15744625271465
0
0
0
0
0
28.690754269634255
88.77517807333057
1445.020183016414
2248.6627139252228
561.2623008011819
379.457901382022
13.472277525439182
10.522940656528498
0
0
0
0
0
422.9787999143671
875.8218560913183
2024.8991253124493
914.2065357658316
120.73448473821676
0
0
0
0
0
0
71.4758486901562
208.71632543475715
792.8730005010779
1166.6086968270613
406.9121046531913
151.27415053811848
0
0
0
0
0
0
77.49178367471195
131.73382622660642
688.4848437249583
1185.5497118627663
179.75291544398513
93.65778393717235
12.13850053618522
0
0
0
0
0
56.91191280698757
425.07291284671794
1396.1764118658855
1896.810788238612
1057.2046404195314
271.76707312846065
0
0
0
0
0
10.707759493461865
87.39243824950726
559.7291874118961
1558.1917038427493
1355.4760511957375
1068.763548042737
218.96192847991873
0
0
0
0
0
0
26.30923564054281
385.57872934412455
997.5423285408705
1180.6577645732964
0
16.536463495156255
0
0
0
0
0
0
0
145.58594311858164
1068.0220654940053
1161.8460169376415
470.3622009690876
80.50689034570459
0
0
0
0
0
18.73435753235607
44.112654790886666
783.2821273334025
1844.7553263976733
2081.587932796108
1561.7035549048373
267.26698558989466
0
