310.4602807646356
253.82432160991632
216.49903039127838
133.7454712514934
104.99310528673837
196.14761910095586
411.73490218040604
3120.537765083632
5848.535834826763
5260.695840800481
1562.192551523298
730.6707022849461
376.54958408004785
216.99993988948626
103.37909561678613
112.19065561529274
142.75966031959373
168.42577732974908
567.3918731332142
2630.177900985663
6792.649604241336
4056.507482078855
2852.5360588411004
1226.7158826164873
496.52326612903227
241.13418010752684
194.2576855585424
190.45749630376343
130.01591879480287
67.65298469235364
525.4410569743129
3155.1140755675037
6508.613508064516
5911.702314814814
2969.2993839605733
698.9631343339308
530.056351926523
225.14536066308247
185.21638030167261
136.9447392846475
109.04883923237752
126.066642771804
516.2326676373954
3128.6573178016724
4439.921072281957
4944.012227449223
3320.7140419653533
1225.9102262544807
398.8773073476702
189.33464755077662
110.83067435782556
231.21511338859023
69.62174167413379
256.07511947431306
429.63195788530464
1851.4724313022696
6169.049421296296
5757.914501194743
3291.9078442353643
901.5553240740743
258.8873760454002
237.10758325866192
206.2147655316607
134.94971348566307
122.950410692951
248.88893891875747
834.277367458184
4324.224070340501
8392.158953106333
6853.828531959381
2572.936155913978
1098.6235252389486
216.4446113351255
329.5272860663083
146.79998021206694
118.8280384557945
149.81460604091995
120.6403431526284
394.37017435782553
2971.3019750597373
5602.475634707288
5098.314519862603
1956.4126045400246
723.5910804958183
314.0847528375148
230.79144190561533
148.4726215277778
134.19177143070488
159.43191726403828
223.67588485663086
801.717226702509
2982.869171893668
6077.938728345281
4549.365897550777
2062.489534796894
972.9783266129031
402.15942465651136
238.43544205495814
294.8402852449223
118.12327359617682
122.35163119772997
213.90157295400238
687.5578416218638
2458.795795997611
6358.713586469535
4241.695478643966
1693.77295400239
860.7846057347675
328.6644283900836
234.71817428315416
185.4081055854242
141.79981963112309
128.95428528225807
258.14578479689374
549.783349387694
3258.2498095878136
5875.413362455197
3874.361279121864
1782.0215427120677
731.70605734767
474.8485117980884
294.34877389486263
183.09760790023898
194.7091403449821
95.49030626493428
246.12419205495817
419.15728046595
3014.6452882317803
8678.760162783748
6535.4450567503
3215.0407594086023
1777.7268854540027
588.3778061529273
376.966580421147
118.82966756272404
183.94288511798086
97.9891033826165
184.96924395161287
609.8462682945044
3575.8980697431302
6866.368432646357
6429.136622610511
3745.563459528078
1393.3558057048983
791.6372061678615
246.3966894414577
171.10112081839907
155.73171232825567
72.83903233273594
215.1340841547191
824.2280309139787
2697.480951314217
6971.286335125448
5458.348894862603
3431.592790471922
1144.402158004779
588.4953371415771
230.29121266427723
155.5813242980884
189.81820646654722
134.43127146804062
295.7226743578255
1301.4814889486263
5389.814079301075
8358.333105585425
7357.8309289127865
4280.704715501794
1191.3146244026284
312.41444108422945
135.82178345280764
149.8581188396057
364.1445448028673
170.21513638739552
400.8960222520907
427.5731436678616
4129.127620967742
7259.14388067503
5229.88637246117
1861.9403636499405
1237.7300216547194
438.1500362156512
397.1921777927122
132.49512806152927
123.19935397998805
201.6468001792115
224.38494548984463
1381.0827359617679
2891.883721624851
7597.708856033453
5949.922670250895
3640.7516241039425
1081.6186641278377
430.6312697879331
239.52723192951015
118.74490919952211
117.95944003882914
83.50348495370372
162.1318140681004
444.1550530167264
4211.628367682197
8002.152400686979
6352.349182347672
2613.378065262842
773.7409632616487
578.749911103644
392.19657444743126
137.76101067801676
81.99397916666665
139.09251515830346
132.52125903524487
690.9184225657108
2065.902658303465
5639.905630227
3189.9257765830357
1415.9460237455198
579.6574111409799
414.7498185483871
141.24147289426526
129.80603778375152
101.03002023596176
101.41286521804062
116.58098409498204
891.3657780764639
1608.8113313918757
3384.7188545400227
3213.231765232975
2300.17442876344
990.6364321983274
302.27291591995225
357.92279308542425
159.1741218637993
126.73554741636798
71.01450604838709
549.5744377240144
679.9390972222225
3557.9375336021512
7342.904890979691
5265.475922192356
4194.688784348865
587.2911506869775
