8.740292712066905
5.408938172043012
2.3887022103020024
2.6503173536439664
1.7258064516401148
11.000612305854242
52.97565710872163
148.1070788530466
179.26747311827958
91.65210573476702
35.27180406212665
9.44108422939068
7.313209378733571
6.544952210274791
2.3887022103020024
2.5906137993103657
1.7258064516401148
9.064381720430108
45.452508960573475
110.89083034647551
157.69862604540023
50.332661290322584
30.87402927120669
6.441106630824371
5.524865591397849
3.458669354865921
3.7487679211469533
3.649342891278375
1.7258064516401148
12.820355436081243
75.40322580645162
201.25448028673836
224.081541218638
113.62791218637993
35.520833333333336
11.400462962962962
4.851403823205228
3.95221027479092
2.3887022103020024
3.2959229390681
2.3108945639187572
10.593652927120669
40.70340501792115
93.19369772998806
154.11439665471923
84.84580346475508
43.36058841099164
14.876045400238946
5.429323476702509
3.458669354865921
2.6076239545997613
2.5906137993103657
1.7258064516401148
4.870833333333334
64.19877538829152
119.57138590203107
222.52837514934288
119.2469384707288
33.48230286738351
10.089232377538828
7.00082138590203
3.458669354865921
2.5256235065710873
2.5906137993103657
1.7258064516401148
8.863888888888889
86.07004181600956
224.19354838709677
317.07362604540026
117.76844384707287
33.13284050179212
12.395459976105139
4.851403823205228
3.458669354865921
3.181563620071685
2.5906137993103657
4.937163978494624
1.0928688769414576
63.12724014336918
115.4868578255675
106.61589008363202
71.1398596176822
35.34460872162485
6.345579450445371
4.851403823205228
3.458669354865921
2.3887022103020024
2.5906137993103657
1.7258064516401148
0.3334229390953121
39.03076463560335
119.3847072879331
165.46818996415772
106.05249402628435
52.26366487455197
11.615516726403822
4.851403823205228
3.458669354865921
2.3887022103020024
2.5906137993103657
1.7258064516401148
8.551762246117084
40.834080047789726
158.61335125448028
156.45534647550775
67.4361559139785
25.378584229390682
6.49842069892473
5.859206989247312
3.9490367383512543
2.4730846774193544
3.4407855436081243
1.7258064516401148
12.386514336917562
55.28300477897252
172.50597371565112
224.19354838709677
85.03248207885305
34.21856332138591
12.698999402628434
4.851403823205228
3.458669354865921
2.3887022103020024
4.63048835125448
1.7258064516401148
13.884050179211467
53.263142174432495
168.30197132616487
222.52837514934288
108.40091099163679
39.591173835125446
16.63866487455197
7.188657407407407
3.458669354865921
2.3887022103020024
2.5906137993103657
1.7258064516401148
8.863888888888889
14.930555555555555
145.58318399044205
222.52837514934288
71.1398596176822
58.04696833930705
14.0165770609319
11.94108422939068
3.458669354865921
2.3887022103020024
2.5906137993103657
1.7258064516401148
3.933183990442055
47.046744324970135
91.2410394265233
201.25448028673836
105.07803166069297
33.411364994026286
6.536626344086022
5.064743876941457
3.458669354865921
2.3887022103020024
2.87719160692951
1.896953405017921
13.189605734767024
26.667786738351253
83.44907407407408
119.2465651135006
56.676000597371576
36.467293906810035
10.78853046594982
4.851403823205228
3.458669354865921
2.3887022103020024
3.521990740740741
4.590464456391876
13.884050179211467
19.431376941457586
73.60737753882916
121.21042413381123
35.093339307048986
31.087589605734767
14.274193548387096
4.851403823205228
3.5541965352449223
2.4424357825567498
2.5906137993103657
1.7258064516401148
12.035185185185183
47.64411589008363
141.4986559139785
189.44519115890083
119.2469384707288
48.27396953405018
12.673984468339308
4.851403823205228
3.649716248506571
2.3887022103020024
2.5906137993103657
5.821535244922343
15.076179808841099
60.67054958183991
157.1609916367981
137.78375149342892
120.52008661887695
43.36058841099164
6.431951911589007
8.357190860215054
3.487327135603345
3.1290322580645165
2.811122311827957
1.7258064516401148
9.355600358422938
44.14202508960574
103.65516726403823
121.21042413381123
13.613351254480287
24.128584229390682
6.345579450445371
7.197393966547192
3.458669354865921
2.3887022103020024
2.5906137993103657
4.821311230585424
6.693936678614098
21.313097371565114
110.56227598566308
119.57138590203107
63.583109318996414
30.39837216248507
10.929286140979688
4.851403823205228
3.458669354865921
2.3887022103020024
4.416778673835125
6.772849462365591
11.319086021505376
82.49701314217444
185.07691158900838
207.77329749103941
168.2239396654719
48.424432497013136
12.335722819593787
