5.815785543612612
4.146132019120379
2.863575268821692
3.1056227598611184
2.068884408606638
0.3997162485110588
4.487753882915173e-12
166.5162037037037
353.19705794504176
436.4224910394265
288.44982078853053
18.434326463560335
9.549357825567503
5.639568399044205
2.863575268821692
3.1056227598611184
2.068884408606638
0.3997162485110588
4.487753882915173e-12
248.28068996415772
385.30241935483866
374.81854838709677
164.49783452807645
12.833796296296295
13.65628733572282
4.146132019120379
2.863575268821692
3.1056227598611184
2.068884408606638
0.3997162485110588
4.487753882915173e-12
163.52859916367981
403.2276732377539
279.6124551971326
210.79301075268816
34.11495669056153
5.815785543612612
4.146132019120379
2.863575268821692
3.1056227598611184
2.068884408606638
0.3997162485110588
4.487753882915173e-12
173.9829749103943
557.0452508960573
513.7085573476703
170.09632616487454
53.15830346475508
5.815785543612612
4.146132019120379
2.863575268821692
3.1056227598611184
2.068884408606638
0.3997162485110588
4.487753882915173e-12
140.38119772998806
399.4922341696535
364.7405167264038
143.9616935483871
27.021505376344088
12.536103643966547
4.146132019120379
2.863575268821692
3.1056227598611184
7.295900537634409
0.3997162485110588
4.487753882915173e-12
92.21848864994027
347.22222222222223
389.3794802867383
117.45445041816009
24.034460872162484
21.870370370370374
4.146132019120379
2.863575268821692
3.1056227598611184
2.068884408606638
0.3997162485110588
8.214083034647553
160.9173387096774
480.52195340501794
537.9618428912785
111.10775089605735
40.089045698924735
20.75014934289128
4.146132019120379
2.863575268821692
3.1056227598611184
2.068884408606638
0.3997162485110588
4.487753882915173e-12
157.55824372759858
404.3473715651135
365.112380525687
61.07758363201911
15.447281959378731
20.75014934289128
4.146132019120379
2.863575268821692
3.1056227598611184
2.068884408606638
0.3997162485110588
4.487753882915173e-12
151.95489844683394
521.594982078853
586.5173237753883
167.10909498207886
7.606780167268525
11.042801672640383
4.146132019120379
2.863575268821692
3.1056227598611184
2.068884408606638
0.3997162485110588
4.487753882915173e-12
143.36880227001194
474.14725209080046
537.6090203106331
110.73588709677419
37.10200119474313
5.815785543612612
4.146132019120379
2.863575268821692
6.092495519713261
2.068884408606638
0.3997162485110588
4.487753882915173e-12
126.19623655913979
363.27508960573476
526.7633661887693
131.6442652329749
51.6627464157706
11.042801672640383
4.146132019120379
2.863575268821692
3.1056227598611184
2.068884408606638
0.3997162485110588
11.200679510155314
136.27389486260455
467.8199671445639
303.50806451612897
67.42413381123059
53.15830346475508
9.922726254480285
4.146132019120379
2.863575268821692
3.1056227598611184
2.068884408606638
0.3997162485110588
4.487753882915173e-12
158.3019713261649
275.16390382317803
279.6124551971326
110.35991636798089
41.58232526881721
10.669242831541217
6.3862679211469535
2.863575268821692
3.1056227598611184
4.309020310633214
0.3997162485110588
4.487753882915173e-12
148.96766726403823
458.12537335722817
359.5135155316607
153.29562425328555
36.728419952210274
5.815785543612612
4.146132019120379
2.863575268821692
3.1056227598611184
2.068884408606638
0.3997162485110588
4.487753882915173e-12
187.42420848267622
474.14725209080046
652.2393966547191
426.21975806451616
75.18630525686977
5.815785543612612
4.146132019120379
2.863575268821692
3.1056227598611184
2.068884408606638
0.3997162485110588
4.487753882915173e-12
125.82026583034646
423.7597072879331
533.138440860215
256.7159498207885
40.089045698924735
11.41633064516129
4.146132019120379
2.863575268821692
3.1056227598611184
2.068884408606638
0.3997162485110588
4.487753882915173e-12
4.487753882915173e-12
276.28360215053766
275.8814964157706
120.44205495818399
10.593652927120667
5.815785543612612
4.519489247311827
2.863575268821692
6.465826612903226
2.068884408606638
4.506656959378733
18.294541517323776
88.48715651135007
212.0676523297491
191.873133213859
104.01284348864993
34.48846326164874
5.815785543612612
4.146132019120379
2.863575268821692
3.1056227598611184
2.068884408606638
0.3997162485110588
4.487753882915173e-12
131.42323775388292
529.7823327359617
580.1851851851851
264.5590651135006
21.42096027479092
5.815785543612612
4.146132019120379
2.863575268821692
3.1056227598611184
2.068884408606638
0.3997162485110588
4.487753882915173e-12
157.18227299880525
428.988201911589
281.1084976105137
208.1813769414576
7.606780167268525
