0.0
0.0
0.0
0.0
0.7467278972520908
0.0
0.0
37.33557347670251
112.75201612903226
85.87029569892474
1.493414351851852
0.0
0.0
0.0
0.0
0.0
0.0
0.0
0.0
32.1086096176822
118.72849462365589
138.1439292114695
69.81686827956989
0.7467278972520908
0.0
0.0
0.0
0.0
0.0
0.0
2.6135043309438473
34.72207287933094
97.07194593787335
99.68679062126643
38.08262395459976
6.3471139486260455
0.0
0.7467278972520908
2.6135043309438473
1.1200899790919951
0.0
0.0
0.3733557347670251
43.30854241338112
111.262208781362
114.99309289127838
67.94914874551971
12.694190561529268
0.0
1.1200899790919951
0.0
0.0
1.1200899790919951
0.0
2.6135043309438473
29.12205047789725
102.30167264038232
103.79144265232975
106.40628733572282
0.0
1.493414351851852
0.0
0.7467278972520908
0.0
0.0
0.7467278972520908
0.0
39.57579151732378
110.51508363201911
84.00675776583033
18.667764336917564
0.0
1.493414351851852
0.3733557347670251
0.0
0.0
0.0
0.0
0.0
42.18798536439665
120.96957138590203
160.16969086021504
107.52684438470726
15.307683691756269
0.7467278972520908
0.0
0.0
0.0
0.0
0.0
0.0
50.028001792114694
135.90247909199522
163.53132467144565
155.6913082437276
6.3471139486260455
0.0
0.0
0.0
0.0
0.0
0.0
0.0
73.92562724014337
118.72849462365589
200.86790621266428
154.57075119474314
2.6135043309438473
0.0
0.0
0.0
0.0
0.0
0.0
0.0
70.93738799283155
141.50141875746715
134.78192204301072
94.08788829151733
8.960569743130227
0.0
0.0
0.0
0.0
1.1200899790919951
0.0
0.0
16.05430854241338
132.91423984468338
87.36458333333333
0.0
5.600451762246117
0.0
0.0
0.7467278972520908
0.0
0.0
0.0
0.0
16.427848715651137
110.88847819593788
111.262208781362
91.47337962962963
15.681186529271207
0.0
0.0
0.0
0.0
0.7467278972520908
0.3733557347670251
0.0
33.975433094384705
159.7959229390681
154.57075119474314
112.75201612903226
12.320687724014338
11.200899790919951
0.0
0.0
0.0
0.0
4.853823178016726
0.0
32.1086096176822
118.35510005973715
116.11402329749106
60.109132317801674
0.0
5.226911589008363
0.0
0.0
0.0
0.0
0.0
0.0
43.30854241338112
134.03513291517325
135.90247909199522
114.99309289127838
6.7206541218638005
0.7467278972520908
0.7467278972520908
0.0
0.0
1.493414351851852
0.0
0.7467278972520908
50.028001792114694
134.78192204301072
151.95627986857826
120.96957138590203
14.187481332138592
0.0
0.0
0.0
0.0
0.0
0.3733557347670251
0.0
68.69631123058544
116.48738052568697
163.53132467144565
179.21139486260455
12.694190561529268
2.9868690262843485
0.0
0.0
0.0
0.0
0.0
0.0
45.54999253285544
158.67540322580646
205.71931003584228
136.64964157706092
31.735513739545997
0.0
0.0
0.0
0.0
0.7467278972520908
0.0
0.0
82.51280615292713
152.70306899641574
162.78416218637992
123.20687724014337
19.41442652329749
1.493414351851852
0.0
0.0
0.0
0.0
0.0
0.0
53.76340352449223
170.25082138590204
152.70306899641574
125.44795400238948
29.49514635603345
