1952.4169093488654
1343.505227001195
1198.342110961768
1300.2197617980883
1206.0149404495216
1486.708359468339
1804.8067801672642
2769.214389187574
3213.855002986858
3848.9441830943847
3033.785196385901
2266.8701799581845
1323.4723678315418
984.2661514336919
982.5551523297487
908.7381361260451
1059.8468040621267
1139.4553602897256
1417.5138814217441
2381.5577956989246
3097.6248730585435
3802.204898446835
3369.5579823775397
2207.803800776582
1500.3739433990438
1299.0183206391878
877.2691091696537
1011.6869018817202
1082.2918413978496
1299.2684543010755
1629.3681451612904
2385.312376792115
3087.6018929211473
3232.371117084827
3162.8901209677415
2238.791741338113
1648.1424731182797
1543.4577060931897
1435.1646692054958
1405.637988724612
1365.7159315262845
1809.851088709677
2079.3909946236563
2556.486521804061
3783.2021878733585
4408.550925925926
4437.980100059738
3137.9120743727594
2149.903673835125
2378.4554211469535
1950.1693212365587
1714.9372438769415
1622.5858430406213
2246.0878438620084
2474.4050831093195
2906.557560483871
4001.7136872759847
5008.022476105137
5054.665173237753
3528.0185558542407
2625.8571161887703
1854.337149044206
1473.3142398446835
1488.2941644265234
1298.9707791965352
1857.9820362903235
2310.0497423835127
2732.838724611709
4265.907668757466
4817.091733870969
4389.812985364398
3040.129181600957
2134.008400537635
1198.066282108721
972.9748021206691
822.8465259109911
1009.7046434438472
1243.4866263440863
1773.739478793309
2551.338284050178
3845.3225433094376
4234.383587216249
4134.935782556751
2285.431115591397
1516.1855958781362
968.4831093189962
915.3535543608123
927.4818212365584
871.1396333632023
1086.9210386798086
1546.4880637694146
2103.814486260455
3259.3520683990437
3996.2070639187573
2991.1912335722823
2086.294168160095
1390.2151657706092
1042.7864956690562
913.844123357228
879.9715016427723
801.7690188172043
1300.6867831541213
1723.320389038231
2319.3538381123058
3688.4664127837527
3891.252352150537
4067.630787037037
2615.1423237753884
1523.1638664874552
1164.2752016129032
969.3920997610509
1056.5160356929505
1021.1250754181606
1657.9187499999994
2327.637361857826
2938.1273932198333
3702.5559289127837
4219.3340427120675
4378.3976254480285
2454.2307721027487
1722.809811827957
1087.0901321684587
853.8194078554359
827.0748260155317
782.9920150089607
988.8647386499408
1585.0499327956995
1773.7487828554358
2533.0580607825564
3029.8135454002386
2460.9420176224603
1649.5620071684589
1439.8888515531662
842.7634296594982
722.0318786962364
759.8884781959381
863.6346363500601
1050.245318100358
1373.368343040621
1824.5096587514931
2768.2063172043013
2249.604588560335
2300.8043608124244
1545.0936753285546
1346.7331429211472
1027.9080085125447
791.0184102449224
767.161073775388
838.2817159498206
1266.4703386350066
1513.0696908602151
2002.4168496117081
2754.145792264038
2923.0574223416966
2747.4632243130222
1570.720990143369
1657.2827807646352
1436.931302270012
692.5395795997609
894.5339262246124
704.4655029121866
940.2959035244919
1185.7515494324964
1984.7584901433702
2507.434890232976
2888.942577658304
2870.871303763442
2000.2341696535234
859.4102337216245
1002.307213261649
754.4683094384707
783.2127762843488
655.0221139486264
1331.9268257168458
1545.857366338112
2361.7974499701318
3486.808172789725
4089.631757765831
3498.1020011947444
2477.4137544802866
1526.254252538829
1423.7216547192352
844.7989284647552
888.153427419355
912.9109128584225
1100.4922789725208
1802.1139934289129
2559.4907108721627
3787.1925813918756
4087.669616188768
3687.6227225209086
2322.683505077658
1309.4462514934291
1107.0062238649941
920.0278935185181
833.1219347371568
917.8888515531659
1340.4721475507765
1704.2336469534055
2647.3676523297495
3465.370631720429
4647.833109318996
4117.535282258065
2372.438246714457
1554.6013291517324
1653.880536887695
1124.936494885006
928.6332735961773
1033.128529345878
1539.328923984468
2139.3014448924732
3139.245217293907
4672.190221774193
4922.838298984468
4211.150612305853
3100.4401881720432
1821.5222147550783
1105.344474313023
1015.6636484468341
954.0203815710869
934.0457851702511
1323.0474466099163
1830.893070489844
2278.9307422341694
3220.4769638590196
3650.052456690563
2949.1030092592596
2146.4852523894865
1587.744362305854
1258.8496079749107
886.5749999999996
932.3520273297487
865.7432911439665
1173.4191009557944
1789.8754666965349
2010.5463149641573
3046.0135715352444
3850.845131421744
3623.613276583034
2088.7426448626047
