5.815785543612612
4.146132019120379
2.863575268821692
3.1056227598611184
2.068884408606638
0.3997162485110588
4.487753882915173e-12
193.02755376344086
509.2458183990442
554.4235364396653
212.2886798088411
30.754778972520914
9.549357825567503
4.146132019120379
2.863575268821692
3.1056227598611184
2.068884408606638
0.3997162485110588
4.487753882915173e-12
4.853457287933094
198.254554958184
498.0398745519713
255.96848864994027
47.18245967741935
11.789426523297493
4.146132019120379
2.863575268821692
3.1056227598611184
2.068884408606638
0.3997162485110588
4.487753882915173e-12
75.0459229390681
424.1356780167264
398.71415770609315
18.14142771804511
34.48846326164874
8.802658303464753
4.146132019120379
2.863575268821692
3.1056227598611184
2.068884408606638
0.3997162485110588
4.487753882915173e-12
92.96632317801672
452.151284348865
418.8739545997611
403.44384707287924
38.59528076463561
14.029868578255678
4.146132019120379
7.343947879330944
5.345758661887693
2.068884408606638
0.3997162485110588
11.574223416965353
259.85439068100357
489.86036439665475
406.9287634408603
293.30533154121866
40.462141577060926
5.815785543612612
4.146132019120379
2.863575268821692
3.1056227598611184
2.068884408606638
0.3997162485110588
4.487753882915173e-12
146.35640681003585
323.3266129032258
250.86618876941463
45.39669205495819
7.606780167268525
5.815785543612612
4.146132019120379
2.863575268821692
3.1056227598611184
2.068884408606638
0.3997162485110588
4.487753882915173e-12
135.15419653524492
529.7823327359617
555.8870967741937
155.91136499402626
22.541143966547192
5.815785543612612
4.146132019120379
2.863575268821692
3.1056227598611184
2.068884408606638
0.3997162485110588
8.214083034647553
143.36880227001194
269.56503882915166
435.6791367980884
23.368443847072882
21.04786439665472
8.429289874551971
4.146132019120379
4.730383811230586
3.1056227598611184
2.068884408606638
0.3997162485110588
4.487753882915173e-12
202.35775089605735
430.8531212664277
380.0455495818399
61.07758363201911
18.434326463560335
8.802658303464753
4.146132019120379
2.863575268821692
3.1056227598611184
2.068884408606638
0.3997162485110588
4.487753882915173e-12
70.56264934289128
388.29039725209077
284.46759259259255
216.76784647550775
12.460237455197133
5.815785543612612
6.3862679211469535
2.863575268821692
3.1056227598611184
2.068884408606638
0.3997162485110588
4.487753882915173e-12
143.74029271206692
430.8531212664277
154.91226105137397
152.1759259259259
44.19586320191159
8.802658303464753
4.146132019120379
2.863575268821692
3.1056227598611184
2.068884408606638
0.3997162485110588
32.482265531660694
36.58908303464755
342.366711469534
555.1329151732377
99.15770609318996
23.661364994026286
32.697468637992834
4.146132019120379
2.863575268821692
3.478979988052568
2.068884408606638
0.3997162485110588
4.487753882915173e-12
134.0344982078853
407.33049581839913
320.6851105137396
47.636648745519715
65.10416666666667
5.815785543612612
4.146132019120379
2.863575268821692
3.1056227598611184
2.068884408606638
0.3997162485110588
20.90804211469534
138.14180107526883
423.7597072879331
201.58340800477896
191.3806750298686
64.73192951015531
18.88332586618877
4.146132019120379
2.863575268821692
4.599059139784946
2.068884408606638
0.3997162485110588
4.487753882915173e-12
129.1838410991637
395.3853046594982
525.6571087216248
149.56466547192355
41.95545848267623
6.562485065710872
4.146132019120379
2.863575268821692
3.1056227598611184
2.068884408606638
0.3997162485110588
4.487753882915173e-12
201.985513739546
640.6959378733573
582.7949522102748
347.8147401433692
7.606780167268525
5.815785543612612
4.146132019120379
2.863575268821692
3.1056227598611184
2.068884408606638
0.3997162485110588
4.487753882915173e-12
103.79218936678615
334.1565860215054
396.8458781362007
206.3138440860215
7.606780167268525
11.042801672640383
4.146132019120379
2.863575268821692
3.1056227598611184
2.068884408606638
0.3997162485110588
4.487753882915173e-12
72.43018219832736
355.80869175627237
530.5283004778971
314.5852001194743
54.278113799283155
9.922726254480285
4.146132019120379
2.863575268821692
3.1056227598611184
2.068884408606638
2.6398521505376342
4.487753882915173e-12
73.17839008363202
325.1941457586619
234.06548685782556
94.6789127837515
32.248543906810035
5.815785543612612
4.146132019120379
2.863575268821692
3.1056227598611184
2.068884408606638
0.3997162485110588
4.487753882915173e-12
48.16285842293906
358.7959229390681
130.27329749103941
66.30428614097968
44.19586320191159
