5.815785543612612
4.146132019120379
2.863575268821692
3.1056227598611184
2.068884408606638
0.3997162485110588
29.495221027479094
82.88418458781362
359.5437574671446
414.39516129032256
161.51022998805257
21.794504181600953
5.815785543612612
5.266199970131421
2.863575268821692
3.1056227598611184
2.068884408606638
0.3997162485110588
34.348678315412194
173.9829749103943
627.2401433691756
580.1851851851851
184.65763142174433
24.40800477897252
32.697468637992834
4.146132019120379
2.863575268821692
3.1056227598611184
2.068884408606638
1.8931526284348865
4.487753882915173e-12
114.2461917562724
411.4377986857826
399.83385603345283
157.40292712066903
37.47550776583035
11.042801672640383
4.146132019120379
2.863575268821692
3.1056227598611184
2.068884408606638
0.3997162485110588
4.487753882915173e-12
140.75754181600956
323.3266129032258
261.69168160095586
18.14142771804511
22.91427718040621
5.815785543612612
4.146132019120379
2.863575268821692
3.1056227598611184
2.068884408606638
0.3997162485110588
4.487753882915173e-12
112.37828554360813
513.7604540023895
479.36342592592604
181.29853643966547
19.554099462365592
5.815785543612612
4.146132019120379
2.863575268821692
3.1056227598611184
2.068884408606638
3.0132205794504183
4.487753882915173e-12
82.88418458781362
212.0676523297491
275.8814964157706
87.58400537634408
7.606780167268525
15.896244026284347
4.146132019120379
2.863575268821692
3.1056227598611184
2.068884408606638
0.3997162485110588
4.487753882915173e-12
125.82026583034646
411.4377986857826
381.913082437276
169.7248357228196
38.96882467144564
10.296158154121864
4.146132019120379
2.863575268821692
3.1056227598611184
2.068884408606638
0.3997162485110588
4.487753882915173e-12
4.487753882915173e-12
320.3393817204301
261.69168160095586
216.3959826762246
21.04786439665472
11.41633064516129
7.133004778972523
2.863575268821692
3.1056227598611184
5.055757168458781
0.3997162485110588
7.093862007168458
222.52202807646353
500.3050328554361
431.9436977299881
288.44982078853053
48.67618727598566
18.88332586618877
4.146132019120379
2.863575268821692
3.1056227598611184
2.068884408606638
0.3997162485110588
4.487753882915173e-12
126.19623655913979
385.30241935483866
345.7000448028674
129.77635902031062
47.18245967741935
5.815785543612612
10.493354241338112
5.850448028673835
3.1056227598611184
2.068884408606638
0.3997162485110588
4.487753882915173e-12
194.14725209080046
471.93399044205495
543.1862305854241
356.7775537634409
50.54293608124253
5.815785543612612
4.146132019120379
2.863575268821692
3.1056227598611184
2.068884408606638
1.1464157706093192
11.200679510155314
198.254554958184
397.6243279569892
644.7573178016727
366.8552120669056
49.42286439665472
5.815785543612612
4.146132019120379
2.863575268821692
3.1056227598611184
2.068884408606638
0.3997162485110588
4.487753882915173e-12
79.89658004778973
352.44922341696537
276.62522401433694
149.56466547192355
7.606780167268525
5.815785543612612
4.146132019120379
2.863575268821692
3.1056227598611184
3.9356929510155325
0.3997162485110588
7.093862007168458
132.54293608124254
423.7597072879331
351.67114695340496
94.6789127837515
7.606780167268525
11.41633064516129
4.146132019120379
2.863575268821692
3.1056227598611184
2.068884408606638
0.3997162485110588
4.487753882915173e-12
184.43697729988054
472.29054659498206
358.76568100358423
248.8780615292712
23.287783751493425
13.65628733572282
4.146132019120379
2.863575268821692
3.1056227598611184
2.068884408606638
0.3997162485110588
4.487753882915173e-12
227.74865591397855
514.47020609319
530.5283004778971
370.590651135006
25.901321684587813
10.296158154121864
4.146132019120379
2.863575268821692
3.1056227598611184
2.068884408606638
0.3997162485110588
4.487753882915173e-12
163.15710872162484
444.67331242532856
390.12768817204307
136.87126642771804
30.754778972520914
5.815785543612612
4.146132019120379
2.863575268821692
3.1056227598611184
2.068884408606638
0.773073476702509
4.487753882915173e-12
148.96766726403823
502.16509856630813
521.9399641577061
226.1021505376344
34.11495669056153
5.815785543612612
10.866450119474313
12.570937873357229
3.1056227598611184
2.068884408606638
0.3997162485110588
4.487753882915173e-12
97.82183393070491
423.7597072879331
308.73506571087216
130.89605734767025
20.674320489844682
10.296158154121864
4.519489247311827
2.863575268821692
3.1056227598611184
3.9356929510155325
0.3997162485110588
4.487753882915173e-12
93.33818697729988
384.55906511350054
424.84879032258067
101.02561230585424
10.220284498207887
