0.0
0.0
0.0
0.0
0.0
0.0
0.0
72.05794504181601
125.44795400238948
224.76138739545996
160.16969086021504
44.802830047789726
2.240142249103943
0.0
0.0
1.493414351851852
0.0
0.0
0.0
45.54999253285544
121.71255227001194
156.4384707287933
224.76138739545996
35.842293906810035
0.0
0.0
0.0
0.0
0.0
0.0
0.0
38.08262395459976
139.26030465949822
156.4384707287933
151.5825119474313
17.921139486260454
4.106933243727599
0.0
0.0
0.0
0.0
0.0
0.0
47.043944145758665
117.98133213859022
96.32515681003584
51.895721326164875
11.574025537634409
0.0
0.0
0.0
0.0
0.0
0.0
0.0
46.29678166069295
104.91196236559139
96.32515681003584
48.53823178016727
0.0
0.0
0.0
0.0
0.3733557347670251
0.0
0.0
0.0
40.69593787335723
142.6219384707288
97.07194593787335
48.911626344086024
10.827396953405017
0.0
1.1200899790919951
0.0
0.0
0.0
0.0
0.0
44.802830047789726
97.81910842293907
68.32291666666666
32.1086096176822
8.2139075567503
0.7467278972520908
0.0
0.0
0.0
0.0
0.0
0.0
70.19026284348865
132.54084528076464
224.76138739545996
61.6034572879331
0.0
0.0
0.0
0.0
0.3733557347670251
0.0
0.0
0.0
25.014878285543606
141.87481332138591
68.69631123058544
98.5662709080048
0.0
0.0
0.0
0.0
0.0
0.0
0.0
0.0
29.49514635603345
120.96957138590203
90.35285991636798
50.775164277180416
5.973573775388291
0.0
0.0
0.0
3.3602337216248506
0.0
6.7206541218638005
0.0
23.14804734169654
199.37361857825567
205.71931003584228
90.7262171445639
20.534595280764634
0.0
1.1200899790919951
0.7467278972520908
0.0
0.0
0.0
0.0
0.3733557347670251
94.08788829151733
53.76340352449223
54.8839605734767
19.041304510155317
0.0
0.0
0.0
0.0
0.0
0.0
0.0
30.615330047789726
124.7008288530466
93.71449372759857
54.13679808841099
13.814392921146954
0.0
0.0
0.0
0.0
0.3733557347670251
0.0
2.6135043309438473
48.53823178016727
123.20687724014337
101.92790471923539
32.85528673835125
14.187481332138592
0.0
2.6135043309438473
0.0
0.0
0.0
0.0
0.7467278972520908
49.28539426523297
142.6219384707288
118.72849462365589
102.30167264038232
10.453856780167264
2.240142249103943
1.1200899790919951
0.0
0.0
0.0
0.0
0.0
38.08262395459976
101.92790471923539
157.554846176822
107.52684438470726
11.200899790919951
0.7467278972520908
0.0
0.0
0.0
0.0
0.0
0.0
27.62833408004779
127.68906810035843
132.91423984468338
90.35285991636798
0.0
7.093738799283154
0.0
0.0
0.0
0.7467278972520908
0.0
0.0
48.164463859020316
94.45747461170848
142.24854390681006
91.47337962962963
10.080734767025088
0.0
0.7467278972520908
0.0
0.0
0.0
0.0
0.0
15.307683691756269
123.20687724014337
141.50141875746715
88.11137246117084
4.106933243727599
0.0
0.0
1.8667764336917563
0.0
0.0
0.0
0.0
67.206541218638
206.466472520908
148.22087813620075
130.67312574671445
26.881705495818398
