0
0
0
0
0
30.82147642904414
617.403881241683
863.8299004710601
1362.8017589022872
473.9917158048329
98.4740599096538
25.221929098986656
0
0
0
0
0
0.01770733157962212
51.95643168611039
741.551383486455
930.4258197673104
604.7354016740958
107.78330066579191
0
0
0
0
0
0
95.83347441130559
554.0437129482675
889.5761536890395
1188.1869421961094
544.9644660397164
38.87972832785328
0
0
0
0
0
0
1.0249654347766324
442.75400775681464
1190.3716194151505
1348.1063710041892
471.2606788969503
35.08007229703876
0
0
0
0
0
0
0
379.2519791903262
632.2672611821865
1083.168602964297
120.0225561546981
45.662485421593644
0
0
0
0
0
0
9.408995573586502
388.5416633380515
714.0517790462128
1124.4379487392341
500.68519216429155
68.99550140840066
0
0
0
26.22407045116873
0
0
11.718000604532556
378.0867648246452
1320.4491228708646
1352.8596079529673
1422.8644500697042
99.22019563609075
0
0
0
0
0
0
32.687184392011496
666.8305939084739
1185.0907890200385
1463.8071600283945
759.438278796307
298.41905444725944
3.546793258206513
0
0
1.9333421178260508
0
0
48.72651798427229
347.5799522024138
716.1680752305465
1173.9952730616985
629.24011187522
142.85160070944238
0
0
0
0
0
0
36.138959783623214
389.39872567895924
715.8750314185503
1157.4941152015467
900.0956802417566
74.67639183354758
0
0
0
0
0
0
31.471560514540577
315.66717360950366
400.4293674710552
927.950456585625
476.48131547144243
47.07419013019462
0
0
0
0
0
0
47.10383670691026
311.3541804628168
846.8182714274056
1472.3197479754022
605.2762643615165
23.82801040233258
0
0
0
0
0
0
92.40166836936388
629.9269779310933
1748.97747138403
1706.29996163264
1362.4573571517337
91.16171741444131
4.371141385386451
0
0
0
0
0
44.69695084069381
470.92768296163894
1530.3225972752712
1911.473541510454
1386.0627169590457
48.23326792163104
0
0
0
0
0
0
29.168306972203013
0
909.572059973465
994.0178271554784
469.97573503777244
48.797531547686106
0
0
0
0
0
1.2565069676102425
23.612330967083167
168.89530681326517
773.3657786520263
914.7935391346691
554.6266087588385
17.31097993849646
0
0
0
8.119093782970609
0
0
14.039503661693615
349.7250804823859
833.2902701509927
1216.2907166676614
349.4598592733224
83.5403334978399
0
0
0
0
0
0
31.85373982214375
422.17109792238
590.6680752553268
1336.2581229962354
472.1752960047864
37.1607914521455
0
0
0
0
0.5541018521145773
0
0
208.2547752571718
360.65087373773315
1162.5117128755148
566.1850803000314
78.36527594904985
0
0
0
0
0
0
0
0
617.1515330882345
1160.115785245331
558.7159503648134
286.97703636647765
0
