1149.6933167263362
792.9279822157963
679.6655631629945
727.8686433338327
819.1092645906992
964.3035349391089
1512.454237600629
1975.036260681198
2719.0990670126985
3329.353836646127
2844.739045875977
1985.5737177112173
1309.9540152741242
878.0817581832908
614.3173024429808
944.2841783868894
578.9033250318558
744.3337001719411
1202.9642471584962
1331.9358266206286
2413.5622960381384
2141.184219830663
2363.521196118467
1508.9911165726098
1292.09003375165
1072.0567685709711
663.2605101256518
616.7149240065985
625.0466284351214
909.0163626237078
1178.9402299137923
1862.3871928692906
2686.1135237390686
3416.169686634686
2305.711117502008
2047.087179196774
1373.3877596058942
896.6688863647317
604.8465957015218
443.166876757937
821.485078028913
779.521338591833
1273.9737922778982
1751.059431350332
2044.404299216836
2529.3772993040575
2054.8656306973276
1685.5394169563372
1213.2263240871405
1013.2114482921459
622.2518344405221
819.7698288689621
1032.2048591145813
1296.7878029383412
1351.3265319376742
2292.5411930060127
2822.6989764496793
3117.5918308038763
2797.189318833975
1905.3912414364436
1677.4462699983935
1234.0431426851092
906.3346551795117
1208.0564548370228
1183.5104078351048
1285.5106374767975
1638.4900595895697
2330.4275877293335
2614.881296032437
2921.4152638954633
2466.1868940398062
2544.397510112245
1885.0889034330082
1784.6894657389296
1695.8383283458263
1245.4780296028184
1154.2428944266935
1539.2495810283046
1566.6054210561517
2209.178121637446
3156.0356308837904
2692.7657450992965
2706.2194804869114
2038.3985181101887
1619.4573076964118
1253.6552884318453
718.5600368930299
830.5127206458903
1054.730415322993
1196.0142781446893
1671.307582120644
2445.662194076168
3091.324853059411
4052.3455873310336
3482.072228818272
2268.9648531677335
1791.6912125122276
995.0744957536488
852.3285568513202
1155.8902943539101
930.9222888698947
1153.3179131774154
1404.3588242723158
1919.7003831488505
2763.2199366648056
3164.238566132613
2600.9515601927255
1592.3511663601196
1502.9815353063796
1048.5095124010998
854.1857423850015
996.1374750169739
955.4602634770417
1419.8777477178453
1899.1590658488615
2237.7961770274796
2717.2028022439786
3055.7436256870456
3345.4879098703
2140.0404894185044
1413.609419875261
922.4817909854412
764.2246566054612
759.4729394217343
731.2699280506446
1208.058642277937
1568.5414083068176
2208.8529875154595
2383.2612459830043
2615.149258356101
2457.5522738024697
1812.4105987887147
1431.2477995063382
850.1163832716975
658.795739268634
720.1944545124388
637.0049083022194
1011.3147246217031
1627.7921123690119
1797.2190869909778
2300.198388764074
2942.938029066832
2843.6365843621525
2140.4047330315143
1313.266972193
1072.0880533803816
722.1216475575906
841.3893312072279
829.6972679519848
1433.1928677551175
2008.9482403093439
2610.616259501406
3433.5976210256163
3458.290905538252
2895.0741958283666
2056.2899670290612
1474.3062583961198
853.3951336684186
622.4110402608334
761.3969354090309
1006.719324496807
1053.0575638945688
1623.967651501432
2144.715730076739
2657.604445757956
3043.5427533682523
2874.8434194402757
2058.957015025558
1960.5631072050214
1581.0206506189675
1007.3648313318806
1441.9856516709742
1458.2659384359672
1479.2125565703095
1976.8047487817596
2957.734318797151
3656.3825150345256
4193.207686243261
3595.2351078708966
3125.8603569912425
2450.794862180663
2638.4176069407863
1781.687214950753
1864.616096111204
1890.3877756485344
2257.7291558199954
2986.0694942950304
3335.66667609603
4400.7953647079785
4979.523308008751
5165.739811073715
3841.866483635246
3848.1375261506787
2578.982764261801
2401.269689387163
2179.925043182772
2024.2111671382065
2254.0712192978044
2193.256366341922
2899.170949208754
3401.576952109662
4294.087248631289
4044.045348782643
2967.4904628001864
2583.0829713421513
2253.2047724442878
1384.7013652089563
1561.6988685685287
1653.967514062214
2027.5755003892577
2520.9203969393698
3062.8103439247084
3523.7427664654756
4285.026368902601
4079.1475849100307
2969.4999509689737
2349.0236524983866
1887.4476834547027
1569.759235404414
1931.4335288102707
1617.0962127678897
2003.49823362733
2345.206935478515
3212.2598894382104
3893.0315060540443
5023.206997087107
3872.6727088005855
3133.4628472404465
2146.7326993237425
1624.6341463830558
1430.5221462176391
1461.6482483709442
1396.9831163392582
1522.431347120067
1995.624716213175
3088.013837899018
3541.9199520353395
3998.547988133989
3975.728279912079
2842.6174394600444
