4.93578629032258
3.458669354865921
2.3887022103020024
2.5906137993103657
1.8770571983273592
5.955062724014337
32.25246415770609
138.35125448028674
152.49402628434888
91.57370071684588
36.467293906810035
6.532646356033453
10.65449522102748
4.218115292712067
2.3887022103020024
2.5906137993103657
1.7994399641577061
4.7084229390681
76.02673237753883
161.67861409796893
211.52927120669057
124.54487753882916
38.52523894862605
9.808318399044206
5.586954898446834
3.458669354865921
2.3887022103020024
2.95680256869773
1.7258064516401148
5.029883512544803
43.43264635603345
117.80540621266428
141.81600955794505
102.8602897252091
33.92734468339307
6.826388888888889
4.851403823205228
3.458669354865921
2.3887022103020024
2.5906137993103657
1.7258064516401148
1.8522774790919951
41.91308243727599
108.68428912783752
83.68802270011948
59.386574074074076
29.159572879330945
7.026209677419355
4.851403823205228
3.458669354865921
2.3887022103020024
2.6284274193548387
3.7278225806451615
9.320131421744325
64.63560334528077
140.9199522102748
174.82078853046596
126.44899940262843
38.52523894862605
12.698999402628434
7.858086917562724
3.5287223715651135
2.810595878136201
2.6224555704898447
1.7258064516401148
7.259199522102748
51.65023894862605
136.32392473118279
121.67712066905615
83.23663381123059
28.683915770609318
6.978419952210275
4.851403823205228
3.458669354865921
2.3887022103020024
2.5906137993103657
1.7608318399044205
9.722983870967742
73.21161887694146
161.67861409796893
187.50373357228196
129.2641129032258
55.96736857825569
14.252165471923536
7.716061827956989
7.091136499402628
2.3887022103020024
2.5906137993103657
4.086021505376343
12.528763440860216
54.778972520908006
215.41218637992833
261.6636798088411
138.2060185185185
34.14239844683393
14.563918757467142
5.859206989247312
3.5541965352449223
3.17002688172043
2.78803390083632
1.7258064516401148
7.34731182795699
77.36335125448029
163.90008960573476
161.67861409796893
110.36850358422939
56.21005077658303
11.270908004778972
4.851403823205228
3.458669354865921
2.516468787335723
2.72753509557945
1.7258064516401148
14.971639784946236
49.245818399044204
127.47535842293907
167.49178614097968
91.51396356033453
32.72214755077658
11.121938470728791
6.017622461170848
4.42189366786141
2.3887022103020024
2.5906137993103657
1.7258064516401148
6.61739844683393
20.916591995221026
109.61768219832736
97.12888291517322
54.30891577060932
30.58057048984469
9.477971923536439
4.851403823205228
3.458669354865921
2.3887022103020024
2.5906137993103657
1.7258064516401148
6.7854091995221015
52.70683990442055
135.44653524492233
165.46818996415772
96.99111409796893
32.130002986857825
12.713933691756273
4.851403823205228
3.458669354865921
2.3887022103020024
2.5906137993103657
3.5304659498207887
8.00442054958184
33.99006869772999
105.8355734767025
135.27105734767025
68.91465053763442
22.222968936678615
11.678987455197133
5.188926224611707
3.642547789725209
2.5395534647550777
2.5906137993103657
1.7855100059737157
12.70573476702509
63.1347072879331
170.88933691756273
211.52927120669057
131.07862903225808
52.666890681003586
7.70683990442055
9.38881421744325
3.545041816009558
2.3887022103020024
2.5906137993103657
1.810188918757467
10.49433990442055
43.458781362007166
111.08870967741936
126.8107825567503
76.69168160095579
27.634781959378735
7.019041218637992
4.96762619474313
4.940934886499402
2.3887022103020024
2.5906137993103657
3.039277180406213
6.481123058542414
39.11663679808841
163.65740740740742
156.45534647550775
72.21886200716845
24.522849462365592
6.793757467144562
4.851403823205228
3.570116487455197
4.381981780167263
2.5906137993103657
1.8535730286738348
11.152195340501793
42.93981481481482
132.9786439665472
140.5428614097969
70.75156810035843
26.73237753882915
6.909983572281959
6.76187275985663
3.458669354865921
2.3887022103020024
2.5906137993103657
1.7258064516401148
6.940725806451613
37.29540023894862
81.94444444444444
95.97147550776583
28.308318399044204
19.829749103942653
11.678987455197133
6.029569892473118
3.665636200716846
2.3887022103020024
2.72753509557945
1.7258064516401148
6.61739844683393
30.96326164874552
101.23581242532856
119.2465651135006
62.60491338112305
20.18033154121864
9.43186230585424
4.851403823205228
3.458669354865921
2.4205439814814813
2.5906137993103657
1.7258064516401148
9.997401433691756
66.8570788530466
132.9786439665472
167.49178614097968
96.99111409796893
32.48730585424134
9.235289725209078
