378.24554808841094
282.71809438470734
225.71376306750295
163.08703345280762
160.93072561977291
198.6524731182795
1276.2116076762247
3644.665311379929
6943.827467891279
5880.130536887695
3179.109124850656
1256.9518033154125
304.6536417264038
173.29671669653524
151.3257069892473
128.83443548387092
126.24912895758666
132.09358310931898
530.8034487007169
2191.341364247312
6049.62097520908
4487.103024193548
1322.5065038829146
543.0653681302272
298.42585200119476
256.82676448626046
191.84007205794512
133.01933027180408
115.7176894787933
200.25747685185186
441.2594787933096
2697.0149006869765
6241.551564366786
4742.745523446833
2302.2525686977306
627.4811693548387
331.2083714157705
192.96515755675028
121.29046535244922
145.23555540621265
122.77727691905613
195.8370855734767
624.599326090203
3189.6733982974906
7145.792290173238
5243.937619474312
2718.7007355137407
872.5140072431302
408.8387007168459
196.39022924133815
124.68414949223413
174.79714643070494
92.70029364545998
271.25385603345273
517.1473230286739
2113.3242682198324
5608.407795698924
4337.796094683392
2284.6115292712075
824.4237653076466
354.50709602747907
293.04543010752684
193.0704853643967
197.61479394414576
112.99600328554361
215.11553278076462
720.8779771505375
3394.3598454301077
7257.3997909199525
6192.207560483875
4109.185155316605
1076.7837477598566
476.7847853195939
417.184747983871
207.23123133213855
230.77826056600958
162.70034740890083
306.116506869773
739.3316494922343
4045.8176821983275
7684.467685931898
6044.882732228195
3004.0444481780164
1338.7821796594976
618.703743652927
306.635741114098
192.806879853644
203.22087914426524
161.01357713560336
147.604346848865
727.7980014187577
4080.3018817204293
7910.012966696538
6792.516282108719
4146.793249701315
1185.2814590800476
620.6462630675029
253.40555592891278
115.12624757317802
124.64658060782561
144.56023558841102
333.10866412783764
553.6863769414574
2071.168884408603
5627.702736708482
3797.4112791218636
1688.1920922939069
993.0711432198327
658.9729316009553
279.0849619175627
113.65689661738351
156.90619380973718
111.79085790023895
205.5368156362007
713.8659199522101
3291.9875522700117
6925.034274193548
4957.264180107529
2899.754226403822
849.3584920101551
461.1917364844686
231.4203979988053
156.36165322580646
121.94985259856625
160.4723700716846
239.5685233721624
699.02565598865
2984.8892062425334
6730.7723118279555
4846.2747125149335
2209.3086469534046
798.2753558094383
443.964242458184
198.67399268219836
195.75835013440866
113.1676053614098
104.55423394563921
177.54827023596178
653.6918537186378
2186.970310633214
5657.67933467742
3584.069963410991
2059.3039090501784
805.8923357228196
439.41368540919945
239.01966584528068
252.27436529271216
196.7140470430108
176.7972973043608
200.24797939068097
808.6914990292714
3796.9953031660707
7553.982175925926
5277.385580943847
2658.6795325567505
896.5540770609317
384.3770411439666
189.82467256571084
136.9109572879331
153.26146878733576
194.64161596475506
155.5140867682198
636.7816737604542
2509.5275201612912
6150.170773596177
4646.974783452808
2042.7877053464763
799.9249678912784
415.87129965651127
549.5336869026286
138.4847303240741
414.2952848715651
174.72057119922349
101.90577803912782
700.1747670250893
2410.98370295699
6467.418596923537
4164.248058542413
1948.6772662783756
777.4470937873357
195.7524137544804
276.6872834528077
175.09779271206696
182.25993552120673
406.3529778972521
391.6219235364396
1046.164325716846
2794.20132541816
6881.448816457588
5578.070377837515
2331.8324932795704
1155.9091173835125
402.49026060334546
238.27868839605736
150.17876493428912
119.50799925328552
135.61867685931898
178.55694220430115
655.3069653524495
2724.518219832736
6817.905742234171
4828.116502389487
2057.1284050179206
1020.2935110513739
331.38832997311823
184.0901321684588
131.78412007168458
133.08542226702514
167.34501792114693
177.41124141278374
611.6706167861405
2798.598110812425
6410.369944743132
4666.891610663081
2251.708266129033
745.6471079749105
563.8875776583037
246.63423835125454
133.80638702210274
66.56469235364399
61.924520422640406
114.22609729689367
418.09144224163686
1912.7730473416968
3649.7713933691757
3558.6780428614106
1412.234528076463
709.9830548088411
421.5097379032258
247.0995038082437
172.62415509259256
140.81675044802867
127.95979394414579
161.93005451015537
558.0981268667862
2735.3955719832734
6225.490236708482
4807.344825268819
2848.569313769415
835.8506369474313
