0.0
0.0
0.0
0.7467278972520908
0.7467278972520908
0.0
0.0
29.12205047789725
116.11402329749106
107.52684438470726
102.30167264038232
8.960569743130227
0.0
0.0
0.0
0.0
0.0
0.7467278972520908
10.080734767025088
39.57579151732378
91.47337962962963
95.20463709677419
51.148558841099174
0.0
0.0
0.0
0.0
0.0
0.0
0.0
0.0
42.93514784946237
113.12574671445641
92.96733124253285
30.615330047789726
0.0
6.3471139486260455
0.3733557347670251
0.0
0.0
0.0
0.3733557347670251
0.0
37.33557347670251
142.99570639187573
126.94190561529271
118.72849462365589
0.0
0.0
4.853823178016726
0.0
0.0
0.0
0.0
0.0
70.56399342891278
148.22087813620075
109.7679211469534
96.32515681003584
24.64175627240143
0.0
0.0
0.0
0.0
0.0
0.0
0.0
48.53823178016727
59.73573775388293
121.71255227001194
107.52684438470726
15.307683691756269
0.0
0.3733557347670251
0.0
0.0
0.0
0.7467278972520908
0.0
72.05794504181601
114.24630376344086
120.2227822580645
145.98394563918757
29.86869026284349
5.973573775388291
0.0
0.0
2.6135043309438473
0.0
0.0
0.0
46.67054958183991
128.06283602150538
163.53132467144565
157.554846176822
17.174473566308244
0.0
0.0
0.3733557347670251
0.0
0.7467278972520908
0.3733557347670251
0.0
37.70911738351254
106.40628733572282
98.93966547192353
48.911626344086024
29.49514635603345
0.0
0.0
1.493414351851852
0.7467278972520908
0.0
0.0
1.1200899790919951
53.76340352449223
148.96766726403823
145.98394563918757
148.96766726403823
15.307683691756269
0.0
0.0
0.0
1.493414351851852
0.0
0.0
0.0
35.09561678614098
89.97909199522103
138.1439292114695
150.0885976702509
30.615330047789726
0.0
0.0
0.0
0.0
0.0
0.0
8.960569743130227
37.70911738351254
99.68679062126643
76.90972222222223
45.54999253285544
0.0
0.0
0.0
0.0
0.7467278972520908
0.0
0.0
0.0
33.22883064516129
102.30167264038232
82.88620071684589
86.24406362007169
1.1200899790919951
2.6135043309438473
0.0
0.0
1.493414351851852
0.0
0.0
0.0
43.682310334528076
103.04842443249701
111.63560334528077
54.8839605734767
13.814392921146954
0.0
0.0
0.0
0.0
0.0
0.0
0.0
41.06933243727599
116.48738052568697
67.206541218638
13.440852747909199
16.05430854241338
0.0
0.0
1.1200899790919951
0.0
0.0
0.0
6.7206541218638005
57.87219982078853
135.90247909199522
127.68906810035843
94.45747461170848
33.975433094384705
4.853823178016726
0.0
0.0
0.0
0.3733557347670251
0.0
7.093738799283154
51.148558841099174
107.9002016129032
45.54999253285544
67.206541218638
26.881705495818398
0.0
0.0
0.7467278972520908
0.0
0.0
0.0
0.0
54.8839605734767
132.1674507168459
126.56851105137396
23.52158751493429
20.908131720430106
11.574025537634409
0.0
0.0
0.0
0.0
0.0
0.0
0.0
67.94914874551971
123.20687724014337
51.148558841099174
10.080734767025088
0.0
0.0
0.0
0.0
0.0
0.0
0.0
10.080734767025088
141.87481332138591
126.94190561529271
68.32291666666666
0.0
