33.617196833930706
11.262768817204302
5.969086021505376
2.2071161887694144
5.2370818399044206
2.4641390382317803
23.001642771804065
37.03744772998805
138.96281362007167
153.13694743130227
70.7993578255675
24.243055555555554
13.684027777777779
15.542898745519713
5.110924432497013
4.985816158900835
1.4699484767025088
14.611297789725208
22.75944593787336
84.92196833930704
144.70915471923536
134.2432048984468
117.33870967741936
51.785468936678605
32.73316158900836
18.75466696535245
3.4108945639187573
2.4035394265232974
1.3027994324970131
16.07015382317802
32.93589456391875
87.36521804062127
196.76149940262843
259.96975806451616
196.55615292712068
30.479316009557945
14.506197729988052
10.38500597371565
5.691868279569892
3.030775836320191
1.296695788530466
3.5507243130227
26.548275089605735
102.68779868578255
279.1390382317802
222.1176821983274
64.01471027479091
69.96266427718042
29.996565113500598
7.658751493428912
9.174283154121865
3.0539314516129035
4.045661589008363
21.479540023894863
44.02740442054958
88.48790322580646
167.12290919952207
162.60976702508964
91.24178614097968
35.96680854241338
31.35737753882915
9.02389486260454
6.024044205495818
1.657351403823178
3.7607900238948626
10.991562126642771
32.24081541218638
107.65195639187577
222.34879032258064
180.1000597371565
119.6236559139785
50.17286439665471
16.018593189964157
14.77116935483871
7.524529569892473
5.387981630824372
2.8498767921146952
12.498618578255677
39.251605436081235
103.08057048984469
237.07026583034644
223.46251493428912
211.78016726403823
37.590053763440864
27.064030764635604
8.951687574671446
5.0361409796893675
5.387921893667861
5.561753285543608
7.948999402628435
30.99122610513739
39.2183766427718
178.97401433691758
201.85969235364396
68.83475209080046
39.95583183990442
17.451724910394265
8.290098566308243
7.8610737753882916
3.98346027479092
3.8042674731182804
7.656324671445639
28.682385005973714
103.13620071684588
208.789949223417
204.73603643966547
115.61305256869773
33.970840800477895
15.796744324970131
10.838373655913978
5.33086917562724
3.7694108422939068
5.450492831541219
6.9507541816009555
32.25586170848268
96.87275985663082
120.569743130227
145.0108273596177
73.75298685782558
21.876194743130224
12.312275985663081
3.158557347670251
6.259184587813621
4.6727038530465945
6.457101254480286
12.350694444444445
75.36999701314217
79.25029868578254
177.65531660692955
205.98528972520907
136.36126045400238
42.24089008363202
13.211730884109919
3.0844758064516133
6.474947729988052
3.5498581242532854
2.5384072580645163
11.701874253285542
46.12753882915173
70.66756272401433
192.75089605734766
268.94862604540026
130.21430704898447
81.14844683393069
37.946721923536444
11.720392771804063
5.9706541218638
3.7021318697729995
3.8156212664277174
8.428390083632019
23.008549880525685
110.67428315412187
276.16002090800475
257.53733572281953
188.14180107526883
39.7558990442055
33.32463410991637
12.939142771804063
3.753528225806451
1.657437275985663
4.682534348864993
10.094086021505376
32.79760304659498
79.40598864994026
229.39814814814818
268.55697431302275
182.47535842293905
49.396654719235364
18.913194444444443
19.91446385902031
5.14986559139785
5.337738948626045
5.675589904420551
9.252352150537634
19.822020609319
87.408527479092
186.0457735961768
173.05331541218638
152.45967741935485
32.92738201911588
22.229390681003583
7.94489247311828
5.202919653524493
4.070814665471923
4.035218787335723
13.43761200716846
23.765120967741936
91.80294205495818
196.26680107526883
192.5489097968937
93.72983870967742
41.25664575866189
27.047043010752688
9.026209677419356
10.956765232974911
7.956548685782557
12.13870221027479
13.938358721624851
35.304398148148145
97.83863500597371
268.28218339307045
265.0041069295101
157.67846475507767
54.046072281959376
24.17107228195938
21.612828554360814
9.304584826762248
2.66526284348865
1.8613500597371568
5.369399641577061
44.73416965352449
95.57945041816009
192.62320788530465
162.74156212664278
108.08654420549581
36.58329599761051
22.492010155316603
8.685297192353646
8.866972819593785
3.456033452807646
2.9986820489844686
3.5486932497013144
43.87955495818399
106.25597371565114
176.44713261648747
222.32788231780168
71.92689665471923
40.26937724014337
14.980510752688172
7.823887395459976
4.50186678614098
4.59018817204301
3.3575716845878136
13.001418757467144
27.74092741935484
79.50903524492236
143.05406212664278
187.10834826762246
79.12933094384707
34.76650238948626
