0.0
0.0
0.0
0.0
0.0
0.0
0.0
7.840404719235366
107.52684438470726
85.87029569892474
30.615330047789726
25.761540471923535
0.0
0.0
0.0
0.0
0.0
0.0
0.0
45.54999253285544
120.2227822580645
104.91196236559139
37.70911738351254
0.0
9.707194593787337
0.0
0.0
0.0
0.0
0.0
0.0
61.6034572879331
135.90247909199522
200.86790621266428
142.6219384707288
11.947565710872162
0.0
6.7206541218638005
0.0
0.0
0.0
0.0
0.0
48.53823178016727
172.49189814814815
136.27624701314218
34.72207287933094
16.05430854241338
0.0
1.493414351851852
0.0
0.0
0.0
0.0
0.0
32.1086096176822
130.67312574671445
145.98394563918757
51.895721326164875
11.947565710872162
8.960569743130227
0.0
0.0
0.0
0.0
0.0
0.0
38.08262395459976
110.51508363201911
107.15344982078852
82.88620071684589
14.187481332138592
0.0
0.0
0.0
0.0
0.0
5.973573775388291
0.0
47.79110663082438
120.96957138590203
128.06283602150538
145.98394563918757
15.307683691756269
0.0
0.0
7.840404719235366
0.0
0.0
0.0
0.0
10.080734767025088
97.07194593787335
126.94190561529271
105.28573028673836
11.574025537634409
0.0
1.1200899790919951
0.0
0.0
0.0
0.0
0.0
30.615330047789726
111.262208781362
153.4502314814815
91.47337962962963
0.0
0.0
0.0
0.0
0.0
0.0
0.0
0.7467278972520908
33.22883064516129
116.11402329749106
92.5939366786141
79.52456690561529
0.0
0.0
0.0
0.0
0.0
0.0
0.0
0.0
40.32254330943847
91.47337962962963
93.71449372759857
106.40628733572282
26.881705495818398
0.0
0.0
0.0
0.0
0.0
0.0
0.7467278972520908
43.30854241338112
156.4384707287933
173.98622311827958
44.802830047789726
14.93414351851852
5.973573775388291
2.240142249103943
2.240142249103943
0.0
0.3733557347670251
0.0
0.0
46.29678166069295
102.30167264038232
110.51508363201911
128.80958781362008
0.0
0.0
0.0
0.0
0.0
0.0
0.0
0.3733557347670251
0.0
120.96957138590203
200.86790621266428
103.79144265232975
0.0
0.0
1.1200899790919951
0.0
0.0
0.0
0.0
0.0
87.73797789725211
85.12731481481482
126.94190561529271
91.47337962962963
0.0
0.0
0.0
0.0
0.0
0.0
0.0
0.0
46.67054958183991
95.20463709677419
104.91196236559139
40.69593787335723
10.080734767025088
0.0
0.0
0.0
0.0
1.1200899790919951
0.0
0.0
43.30854241338112
138.89071833930706
151.20911738351253
54.8839605734767
0.0
10.080734767025088
0.7467278972520908
0.0
0.0
0.3733557347670251
0.7467278972520908
0.0
40.32254330943847
56.37828554360812
99.68679062126643
49.28539426523297
0.0
0.0
0.0
0.0
0.0
0.0
0.0
0.3733557347670251
49.28539426523297
106.77968189964157
96.32515681003584
29.12205047789725
9.707194593787337
0.0
0.0
0.0
0.0
0.0
0.0
0.0
38.455607825567505
117.98133213859022
90.35285991636798
70.19026284348865
0.0
