623.6011140979688
184.81936641278375
140.97323066009557
83.5314764411589
61.63271848864995
166.7159905167264
156.41782482078855
4180.694078554361
7083.882668757466
5418.79289501195
2248.2163455794507
1069.8680107526884
245.31469982078858
350.1750761648746
140.89967107228196
183.90418107825568
150.28284602747908
155.0270833333333
551.5448779121862
3501.79499327957
6631.76141726404
6005.365763142173
3535.7947804659498
1117.156903375149
430.4517133363202
142.23257205794508
221.73267249103944
197.3182508213859
156.9532015382318
294.9211189516128
833.4124167413376
3283.994545250896
7315.11562873357
5223.991155167265
1887.0265942353656
725.4300724313024
308.91815934886495
215.95575866188778
129.59025985663087
97.85021766726402
73.80714030764635
122.03871826463562
236.0749507168458
1176.9414676672643
3235.224221848864
3211.832426075269
1182.813593936679
668.4861596475507
113.29996158154125
190.6742704599761
191.50068548387102
137.56389452658306
135.27594123357227
227.1371314964158
657.546421744325
2037.9950149342892
5712.095011947429
3596.912660543608
2171.4585984169657
725.457233049582
492.99132467144574
292.9259707287933
190.19864732676226
103.85107762096774
116.1406052120669
279.1514034498208
844.2633217592593
2888.4978270609317
6483.313870221029
5189.248032407409
1935.2797491039419
770.1151967592591
546.8607590352449
185.50236596475506
81.21410140382318
70.32053397550776
110.64710017174431
138.50840016427713
448.9062324522102
2099.245553315412
4881.016816009558
3265.152434289127
1900.9912111708484
645.3293649193546
438.669679286141
317.26687350657096
125.32955159796892
104.11571020011951
225.14103875448035
115.18679734169653
625.2681552419351
1926.82372311828
6120.045235961767
3553.9586245519704
1688.228222072879
923.7459341397848
182.07705197132617
229.1021942204301
164.84296706989244
156.09968693996413
127.20518779868586
157.1114437724014
634.7600104540024
2191.490681003584
5125.157590352449
4563.786544205495
1833.1765456989247
895.4124398894859
409.52765531660685
179.704370146356
113.92091629330947
104.98394631123057
104.14318742532859
204.3085726553167
473.7805073924731
1751.5256992980885
5441.806369474313
3247.807317801674
1475.951153673835
760.6730178464752
554.520890830347
314.9063380749703
237.7680675029869
112.51045781063318
77.31410427867382
103.30620519713264
862.8645213560335
2104.628493130227
6304.081765232976
4564.821109617682
4856.185924432499
592.8308964307047
584.8420990143368
402.2776191009557
156.0635633213859
124.15705264336918
113.39417118428912
134.44450194145764
628.8885248655913
1370.085150350956
5491.370116487455
3615.580574223417
983.1278110065709
758.7184621415771
266.4865565262843
322.12961656212667
78.56176403823179
155.26064463859018
159.08661499402623
167.64704039725206
524.2153991188773
3074.2569444444453
6156.436297789726
5503.4864770011945
2514.645142622462
1002.6929659498207
451.7093455047788
251.6812612007169
135.95687425328558
145.65445680256872
172.53689889486262
170.3844186827957
1046.4927232676225
3039.568921744325
7643.847449970132
5786.9645609318995
3365.303677568698
1001.9646916069291
341.15528412485065
397.057895758662
150.0959789426523
143.54838194444443
112.57015800477902
348.0608729091995
864.2741950418158
4206.9635640681
8360.699529569889
6274.678894115888
3998.0247535842295
1251.68745146356
385.30158900836324
190.12945452508959
118.394918234767
104.56362962962962
150.5697096400836
228.8458191457586
588.8791972819591
3397.3318623058544
6930.002143070491
5882.764068100359
2785.4269638590204
675.8950294952211
370.7732112455197
360.33938732078843
152.97800194145756
221.31215255376338
185.09280129928317
154.2855529793907
991.1892846475507
4678.643746266427
7287.975530167266
6716.80571236559
3721.5319481780175
939.8944855137397
577.733266875747
295.9133848566308
152.22045810931894
152.85817577658304
150.18581978046592
151.15048349761048
806.9484292861409
3508.366760005972
7939.890512992829
5733.1117047491025
2776.4490703405017
1205.0574223416963
447.1095321833932
268.57017249103944
196.24840875149346
104.7350304286141
101.45886667413383
154.1415714605734
506.055345355436
2599.8146318697727
6531.734905167265
3792.9393219832737
1723.9290583930708
448.04361297789717
393.7152262544802
148.19762548536448
187.11907855436075
174.34385939366783
130.88450179211475
210.69488201911597
675.1971012544799
3132.8578591696523
5431.770004480287
4185.836566606929
2428.309165919952
665.8734707287931
