5.815785543612612
4.146132019120379
2.863575268821692
4.972431302270011
2.068884408606638
0.3997162485110588
4.487753882915173e-12
208.70855734767025
571.2514934289128
418.8739545997611
245.89008363201916
35.235140382317795
12.163007765830345
4.146132019120379
6.2237791218637994
3.1056227598611184
2.068884408606638
0.3997162485110588
10.45403972520908
229.98842592592592
378.584229390681
418.8739545997611
240.28711170848268
35.60868428912784
5.815785543612612
4.146132019120379
2.863575268821692
3.1056227598611184
2.068884408606638
0.3997162485110588
4.487753882915173e-12
149.7155017921147
320.3393817204301
242.28009259259258
18.14142771804511
32.248543906810035
5.815785543612612
4.146132019120379
4.730383811230586
10.199484767025089
2.068884408606638
3.759920101553166
4.487753882915173e-12
93.33818697729988
270.30839307048984
389.3794802867383
338.4808094384707
18.434326463560335
17.763104838709676
4.146132019120379
2.863575268821692
3.1056227598611184
2.068884408606638
0.3997162485110588
4.487753882915173e-12
132.54293608124254
327.43391577060925
223.61111111111111
130.89605734767025
51.6627464157706
11.042801672640383
4.519489247311827
2.863575268821692
3.1056227598611184
2.068884408606638
0.3997162485110588
5.227016129032258
85.87141577060933
325.1941457586619
541.3257915173238
293.30533154121866
15.820863201911589
5.815785543612612
4.146132019120379
2.863575268821692
3.1056227598611184
2.068884408606638
0.3997162485110588
4.487753882915173e-12
78.033527479092
328.55361409796893
322.1766726403823
18.14142771804511
30.754778972520914
5.815785543612612
7.133004778972523
2.863575268821692
3.1056227598611184
2.4422416367980886
5.626732377538829
4.487753882915173e-12
137.76993727598565
500.3050328554361
341.21677120669057
18.14142771804511
14.700642174432497
5.815785543612612
4.146132019120379
2.863575268821692
3.1056227598611184
2.068884408606638
0.3997162485110588
8.214083034647553
4.487753882915173e-12
387.1706989247312
447.6247013142174
18.14142771804511
14.700642174432497
13.65628733572282
4.146132019120379
2.863575268821692
3.1056227598611184
2.068884408606638
0.3997162485110588
4.487753882915173e-12
4.487753882915173e-12
319.21931003584234
381.913082437276
18.14142771804511
50.169504181600956
5.815785543612612
4.146132019120379
2.863575268821692
3.1056227598611184
2.068884408606638
2.6398521505376342
4.487753882915173e-12
113.12649342891278
513.7604540023895
406.9287634408603
244.77075866188764
18.434326463560335
5.815785543612612
4.146132019120379
2.863575268821692
3.1056227598611184
2.068884408606638
0.3997162485110588
1.4934363799283155
82.88418458781362
359.5437574671446
239.66435185185182
18.14142771804511
38.96882467144564
13.65628733572282
4.146132019120379
7.343947879330944
3.1056227598611184
2.068884408606638
0.3997162485110588
4.487753882915173e-12
184.43697729988054
387.1706989247312
521.9399641577061
266.42211768219835
60.62473864994026
5.815785543612612
4.146132019120379
5.850448028673835
3.1056227598611184
2.068884408606638
0.3997162485110588
4.487753882915173e-12
187.80055256869773
384.55906511350054
367.3521505376344
101.02561230585424
65.10416666666667
11.789426523297493
7.506335872162485
2.863575268821692
3.1056227598611184
2.068884408606638
0.3997162485110588
5.227016129032258
212.0676523297491
583.9120370370371
582.7949522102748
250.36962365591398
56.14135304659498
5.815785543612612
4.146132019120379
2.863575268821692
3.1056227598611184
2.068884408606638
0.3997162485110588
4.487753882915173e-12
97.82183393070491
379.70392771804063
505.47715053763443
257.4641577060932
37.47550776583035
5.815785543612612
4.146132019120379
2.863575268821692
3.1056227598611184
5.4290882616487455
9.73353494623656
4.487753882915173e-12
157.55824372759858
504.4224163679809
548.4505675029868
220.49917861409796
49.42286439665472
12.536103643966547
4.146132019120379
2.863575268821692
3.1056227598611184
2.068884408606638
0.3997162485110588
4.487753882915173e-12
98.565188172043
427.1199223416965
469.6688321385901
290.69407108721623
53.15830346475508
32.323962066905615
4.146132019120379
2.863575268821692
3.1056227598611184
2.068884408606638
3.0132205794504183
4.487753882915173e-12
173.23924731182797
276.65994623655916
247.87858422939067
123.05331541218638
15.447281959378731
5.815785543612612
4.146132019120379
2.863575268821692
3.1056227598611184
2.068884408606638
3.759920101553166
20.90804211469534
92.96632317801672
342.366711469534
415.8908303464755
282.47946535244927
38.96882467144564
