28.299357825567505
6.036028972520907
4.964605734767025
2.6691756272401435
1.2956167861409797
6.347707586618877
6.792152031063321
101.05398745519713
245.329674432497
223.0798237753883
113.71490442054956
55.94310035842294
9.831093189964156
12.48902329749104
5.194817801672641
3.6206914575866187
5.014202508960574
5.791554659498208
31.45739994026285
95.76463560334527
234.32945041816006
267.02807646356035
194.8319892473118
57.914799880525685
21.929958183990443
5.371117084826763
7.7683318399044206
6.642174432497013
4.904831242532856
13.421333632019117
42.07321535244922
108.57937574671443
226.6394115890084
210.27740442054957
93.6574074074074
33.82007915173238
14.316420250896057
8.272625448028675
5.4702807646356035
2.727452956989248
1.534938769414576
4.838709677419355
12.575268817204298
50.26183542413382
150.94795400238948
142.2595579450418
58.99716248506571
35.96120818399044
3.5742868876941456
6.924507168458781
6.939777479091997
4.095990143369175
3.62212141577061
8.266427718040621
32.300552568697725
52.551149940262846
163.63799283154123
129.4955943847073
104.3944145758662
39.58247461170848
23.362641875746714
11.018518518518517
5.246714456391876
2.9708370669056148
4.62631421744325
14.181078255675033
44.99439964157706
74.36603942652332
189.25029868578255
222.8767174432497
101.06033452807647
40.16468787335723
29.040023894862603
9.174283154121865
2.4242346176821985
1.5850806451612907
3.259651284348865
5.480585424133811
24.251194743130224
71.18316905615292
123.40315113500597
147.36820489844683
97.6840651135006
36.98323626045401
23.40621266427718
11.95504778972521
5.007467144563918
2.4685521206690564
3.0561678614097967
6.020571983273597
33.547192353643965
70.08400537634408
192.3409498207885
155.74858124253285
85.2318548387097
46.381795101553166
7.943287037037035
9.12212514934289
5.782332735961768
4.590031362007169
5.23256421744325
5.7289799880525685
33.8418458781362
76.24962664277179
138.3161589008363
209.95258363201913
99.15023894862605
44.06152927120669
21.533004778972522
5.328068996415771
3.681750298685782
3.3184289127837516
2.324630376344086
9.22252090800478
24.47879330943847
45.60454002389486
169.73752986857826
139.89396654719235
80.48947132616489
39.24055406212664
26.539725209080046
14.368690262843486
9.032519414575866
4.163780615292712
1.4427307347670248
4.240591397849462
43.378509557945044
106.12567204301075
212.55787037037038
205.9554211469534
255.24156212664278
32.861559139784944
29.72244623655914
17.236895161290324
6.002202807646356
3.7458930704898448
3.7899492234169654
5.928651433691757
36.8401284348865
60.56712962962962
203.66972819593786
186.6838410991637
46.935110513739545
41.037933094384705
13.743316905615295
11.78031660692951
1.452031063321386
4.079345878136201
2.865785543608124
9.141278375149342
29.450679510155318
100.44168160095577
175.1187275985663
257.78636499402626
132.15800477897255
53.611857825567505
24.91199970131422
11.1211917562724
5.543794802867384
4.013157108721625
2.781447879330944
7.9168906810035855
46.64239844683393
94.55645161290323
245.01792114695346
255.50925925925927
173.90568996415772
57.45034348864994
14.279159199522102
15.39684139784946
4.136126045400238
4.202124402628435
2.262877090800478
13.90076164874552
47.72886798088411
125.36813022700117
238.21721923536435
289.32422341696537
214.94138291517325
66.28957586618877
18.500821385902032
7.057123655913978
3.5037709080047796
1.8119474313022703
2.960121714456392
11.10827359617682
31.769713261648747
113.29189068100358
241.1361260454002
258.6730884109916
135.16353046594983
31.26291816009558
17.626792114695345
15.4375
4.061880227001195
3.294687126642771
5.379890979689367
4.141166367980884
52.018742532855434
134.34886499402631
219.3567054958184
269.321609916368
182.83602150537632
50.20123954599761
27.958183990442055
12.98248954599761
4.169026284348864
3.5880189665471924
3.0876381421744323
6.883848566308243
38.584266726403825
102.36708482676225
314.3477449223417
268.9195041816009
139.02143070489845
63.489396654719236
24.9689366786141
8.847035543608124
6.297677718040621
2.8326687574671445
4.342745669056153
6.192204301075269
26.962178912783745
81.83281063321385
172.61126045400238
151.77942054958183
86.63082437275986
20.93567054958184
19.537037037037038
4.173275089605735
8.177232676224612
7.565897550776583
3.9452508960573476
9.786290322580646
37.77344683393071
89.63635005973715
184.26747311827958
185.37261051373955
128.16457586618876
37.34942502986858
