1863.5252313022013
1523.4094338286993
1145.40644204591
1086.6642750542624
1370.4281676671628
1634.2845683919163
2210.116816005647
2985.7960613084383
3734.694396313774
4277.21229692092
3983.001254657338
2660.007674551122
1983.9484746528585
1469.306384826062
1187.2635315349755
1477.8439715469854
1155.8677071256432
1731.2794263517492
1863.098999622653
2496.4158520089204
3291.058431790826
3862.5056057326938
3617.2055599177493
2491.106707970459
1891.2343400539196
1509.2169649568727
1175.36661078276
1197.25141220851
1268.606828367917
1423.2297728686299
2086.3525768373283
2556.994917630341
3393.201266421267
3553.0072015689725
3961.3197831232733
2813.986215935126
1900.5441589487862
1653.8167000146716
1212.608080169861
1393.4425204257984
1162.3555230707295
1852.0861504197899
2282.7131179947446
2814.5760942834254
3771.002656445031
4770.529927738944
4331.379784669847
2802.3486911498862
2054.557742097893
1385.089815974344
1103.9250609936882
1290.688354854625
927.237974407293
1298.6892048947327
1939.9951811312221
2585.6471293859413
3888.1869916826536
4655.584923695154
3719.1631838280005
2570.4850287721656
1693.1499662349522
930.0352499133049
841.9989435606354
620.899420786843
582.1134630173029
937.7462751709429
1373.8297332753523
2156.0310226158335
2769.026927752866
3425.661978351854
3212.758391949004
2143.230507424072
1499.6208964138925
814.5892753267447
750.3436972227677
557.5670271386612
603.087173100528
1038.8887238001084
1294.5951981618869
1976.4382284176122
2520.9419704895245
2999.06054796668
2592.1571298298013
2268.8284762941803
1745.9245568003541
1209.6234933302928
1033.4512443303063
1033.524705412916
864.7873605141523
1361.3942221411046
1600.7466431272153
2058.262739177722
2860.8261635432814
3392.3064594935186
3061.8004994275934
2532.3724099180326
2476.351756120352
1413.8644823127884
1054.1897687688834
1151.875703553432
1246.533309210396
1625.0068778578213
2094.192832262161
3132.6572529218492
3342.3417369933595
4512.147914997604
4300.939646363574
3051.070618271708
2209.643737479318
1660.1838851609557
1415.1902413396008
1588.9950243001283
1469.976437312167
1771.429901615695
2084.566577796294
2371.4460314181597
3442.3855307386043
3836.47514450425
3313.624931973045
2569.981573647894
1959.7907221452726
1771.3611069949986
1208.465069911913
1580.1037749952104
1730.3616858164748
1754.621261752249
2272.21338411327
2851.2187282562004
3158.5879895612616
3888.3947780693634
3828.6451874822806
3375.8654785676886
2435.0546954143433
1799.2418163660816
1431.4210521419911
1749.9323278696672
1509.582379516377
1726.1989170500187
2181.8392562608883
2672.6724696074652
3527.075759582475
3861.0706828900093
3730.786524624995
3168.034026639639
2550.030581063968
2515.942313386355
1504.5406813090847
2004.30865617736
1948.4032304669204
2045.0870560765024
2942.798848881625
3602.2954896388005
4998.654931360146
4781.669751117702
4665.560792303874
3963.6041732715958
3130.805239130888
2139.364833489207
1428.438896443629
1669.296987679042
1666.9550902524832
2007.1314699578907
2130.99415239749
2871.359659288209
3296.2144853338214
4081.9299994853354
3242.4361240400376
2538.9787656976014
1853.9674306817242
1768.508318629721
1241.6100038229201
1391.313978283878
1081.1216171994083
1574.2303653367364
1598.3969680171244
2351.113795350318
2667.6424351360793
3298.8042364224752
3403.4853094838
2226.0522252708124
1679.9875891818579
1482.6285201725657
1351.5168333796646
1292.0817756213592
1448.481955009346
1622.0110196192793
1802.7923852000472
2175.046555875006
3177.977339020998
3712.079908964544
3595.1266726328554
2668.668380289967
2406.3143604920783
2082.472000372911
1637.5493040825027
1676.7421989474067
1361.5428401519464
1644.3093950743887
1865.9020712403685
2633.9092929960902
3709.8005184179046
3850.8132044257927
3839.4622021279242
3158.1203911156
2530.4686530924514
2751.3039286569538
1828.9936852507713
1818.2832024992344
1587.0119252778645
1674.7979387853154
2150.860034409501
3076.676879916347
4352.417128024616
5145.642258986233
4786.729312807284
3470.551410795739
2775.3265982869193
1780.542904482182
1511.6084364199455
1241.7910444912739
1209.7696073318089
1908.193973621355
2113.606636792732
2613.643219037971
3616.2350566812847
3537.787231555446
3568.205601572388
2494.8250037517955
1910.3854771015206
1153.1802335993043
880.5311478604115
1018.1502122299638
1087.7115079163186
1844.8659297066856
2023.003614062637
2135.2277006529002
3001.930182023392
3172.977460953578
2947.7577377973835
2062.244216640451
