4.851403823205228
4.378098864994026
2.586122311827957
2.5906137993103657
2.123842592592592
6.661827956989248
39.33691756272401
48.17801672640382
88.32138590203107
51.54233870967743
25.42637395459976
6.536626344086022
11.5901284348865
4.942913679808841
2.3887022103020024
5.480324074074074
1.7258064516401148
10.598879928315412
53.2444743130227
121.44937275985663
141.4986559139785
61.27949522102748
30.608198924731184
12.335722819593787
4.924641577060932
3.586036439665472
2.7867383512544803
2.9886499402628433
2.553688769414576
11.303031660692952
39.87455197132616
95.05301672640383
111.08870967741936
72.21886200716845
29.876045400238954
7.224014336917561
4.851403823205228
3.458669354865921
3.238873954599761
3.223454301075269
1.7258064516401148
5.094847670250896
35.17734468339307
61.01777180406213
99.74611708482678
56.36611409796894
22.75164277180406
6.67593339307049
4.851403823205228
3.9044578853046596
2.3887022103020024
3.326164874551971
1.7258064516401148
0.3334229390953121
51.65023894862605
70.72132616487455
121.67712066905615
57.51232078853047
26.258587216248507
6.632157258064515
4.851403823205228
3.458669354865921
2.3887022103020024
2.5906137993103657
2.9198775388291516
7.259199522102748
34.52247610513739
111.08870967741936
171.7928614097969
70.75156810035843
30.193399044205496
7.375672043010753
4.851403823205228
3.458669354865921
5.365964755077658
2.5906137993103657
1.9805443548387096
0.3334229390953121
39.33691756272401
67.5739247311828
92.46191756272401
91.51396356033453
30.063844086021504
6.345579450445371
4.851403823205228
3.458669354865921
2.3887022103020024
7.2038157108721625
3.9180854241338112
4.776373954599761
1.399454898446834
53.2444743130227
117.36111111111111
85.03248207885305
48.037634408602145
6.443492383512544
4.851403823205228
3.458669354865921
2.3887022103020024
2.5906137993103657
4.937163978494624
12.70573476702509
35.17734468339307
261.6636798088411
232.05645161290323
124.55981182795699
27.59931302270012
6.345579450445371
4.851403823205228
3.7961917562724015
2.3887022103020024
2.6765867682198325
2.2193473715651133
0.3334229390953121
64.71027479091995
93.64172640382318
190.54659498207886
93.07833034647551
35.022401433691755
6.609864097968937
8.630899044205494
3.458669354865921
2.3887022103020024
3.080981182795699
5.310857228195937
11.303031660692952
42.9136798088411
66.8570788530466
199.41009557945043
70.29233870967742
33.411364994026286
9.306824970131421
6.187985364396654
8.002053464755077
3.5668682795698925
3.990068697729988
2.063328853046595
11.993742532855435
55.5331541218638
121.67712066905615
101.23581242532856
86.58564814814815
22.320041816009557
6.345579450445371
5.392734468339307
6.041816009557945
3.735215053763441
2.626037186379928
1.7258064516401148
4.448939665471923
16.23618578255675
47.64411589008363
119.63485663082437
25.367756869773
29.876045400238954
6.345579450445371
5.249439964157706
3.458669354865921
2.3887022103020024
3.127949522102748
2.0123842592592593
8.551762246117084
51.194743130227
110.03584229390681
102.87858422939068
56.76560633213859
29.876045400238954
6.345579450445371
4.851403823205228
4.127352150537634
6.551635304659499
5.551859318996415
1.7258064516401148
2.5981705495818397
23.12313321385902
89.22117682198328
95.44877538829152
76.48633512544802
24.744997013142175
10.218413978494624
4.851403823205228
3.458669354865921
5.3499477299880525
2.6256391875746714
1.7258064516401148
0.3334229390953121
40.568996415770606
67.5739247311828
87.77628434886499
52.56907108721626
29.77150537634409
11.400462962962962
13.32997311827957
3.458669354865921
2.3887022103020024
2.6972856929510156
1.7258064516401148
8.453195937873357
58.43040621266428
117.80540621266428
109.72968936678615
68.32101254480287
22.03031660692951
6.345579450445371
4.851403823205228
3.458669354865921
2.3887022103020024
2.6503173536439664
1.7258064516401148
10.323715651135005
14.739770011947432
97.12888291517322
141.4986559139785
89.9719982078853
26.793608124253293
7.788045101553164
6.853419952210275
3.458669354865921
2.3887022103020024
3.6764112903225805
1.8213336320191158
9.886140979689365
53.263142174432495
119.57138590203107
148.86126045400238
73.91763739545998
24.15546594982079
11.898148148148149
4.851403823205228
3.458669354865921
2.3887022103020024
6.438806750298686
4.257168458781362
6.574462365591398
64.28838112305854
106.20146356033453
174.82078853046596
103.32325268817205
30.608198924731184
7.539650537634409
