334.88771020011956
288.98245370370364
132.141875
120.56949477299884
102.89706048387093
276.16460969235374
518.8289538530465
3359.163078703704
6119.288228046596
4573.489747610513
2453.2772961469536
865.3743951612902
426.15286439665465
196.22030129928316
149.53245295698923
142.60693977747914
104.78878591696535
214.0583561081243
785.7137331989248
3890.4634109916387
6493.075597371565
5757.853778375153
2543.275291218638
745.4132829301075
396.09233796296286
423.760929286141
214.3137738948626
152.4308274716248
82.7883129480287
190.38790770609316
1086.1262395459974
3929.4694033751503
8787.452561230586
5104.035786290322
1788.4498879928308
786.1714930555556
462.5909576612904
364.9162003061529
170.85693847072878
186.23500280017925
48.69356354540024
144.32700567502988
526.8360726553168
2332.287290919953
4663.79301075269
3160.438844086021
1866.301519563919
970.1527516427719
422.1339602001193
375.96950828853045
128.51766509856628
129.65123868727602
101.12795250896058
196.9466547192354
590.5834849163683
2981.0208744026286
5639.296161887694
4500.0735513739555
1990.29910020908
842.4016255973718
538.1223189217443
197.1343820937874
160.5833579749104
161.88335674283152
106.3746367607527
243.26956877240139
612.6141267174431
2361.742484318997
6654.627620967741
4470.261656212665
4496.495504778973
1421.9490143369178
569.4086966099163
249.28008624551975
108.68309543010751
192.37354525089606
188.7140701538232
125.50851493428907
441.23193511051363
2412.888186977299
5708.816599462368
4238.021807795701
1646.5183579749093
699.3200261350058
278.7027098267621
198.3149212216249
207.99256459080053
88.11931347072883
121.21955271804066
59.36271490442055
671.118203405018
2115.0946236559134
6033.755081391877
3218.2014150238947
2732.258251194744
718.1996901135007
528.1969444444442
233.57722147550768
157.00308355734768
103.19988691009559
87.92998360961771
212.31130787037043
605.0300365890082
3720.644201762246
5438.365322580645
4320.109057646356
1805.0277292413384
1203.4267622461168
458.4307321535245
178.59497274492233
121.00141928016726
119.95182833034646
107.51963881421743
743.8563590203106
826.219229390681
2725.9792376045407
4735.563470728793
4214.666465053763
2018.9500896057343
709.8093529719233
256.33761088709673
196.40323028673834
256.2751975059738
227.80642704599762
150.72239146505376
292.7798181750299
671.6696079749102
3634.286267921147
8938.689273446837
4668.374201015532
2706.624701314217
1011.6816569593788
376.39244436977305
354.9030555555555
141.3175534274194
129.87230219534052
250.58954002389487
190.62345318100364
538.0452266278376
2780.8655353942654
7825.430096326167
4836.853001792114
2202.026515830346
659.5055712365591
350.7096833930703
567.9818484916368
286.796766726404
229.4769294354839
113.11933150388293
202.8485375597372
1027.2636238052564
4304.9583706690555
8203.138343787337
5744.319627389487
2482.970430107527
998.3277703106334
402.64704786439654
271.81664202508966
172.6807302867384
92.26168100358421
127.29496378434888
332.752251344086
1070.9195153823175
3970.9231182795684
9237.558624551968
7226.992178166068
3800.5301075268817
1034.6899566905615
644.5357575418159
172.1610076911589
164.90430144862603
126.10236742084828
85.89453169802869
195.10324148745516
605.5308665621268
2752.0240852747893
5438.400354689366
3732.1474051672626
1708.1917861409793
627.2722438769415
417.6659599014338
147.08188407258066
140.03049432497016
174.49012283452808
134.45583527479093
160.29873917264038
337.87533602150546
2614.1037223715653
6569.722617980883
5218.128584229392
2353.652934587813
530.7927800179211
356.6746412037037
227.35563172043007
166.33563007765832
129.09702251344092
149.58432306600955
252.36339344384717
1150.3688321385905
3890.340509259258
7080.30757168459
4731.347909199522
3608.5766950418174
1077.7685670549583
265.8640639934289
160.39515419653526
102.52622084080046
252.8714968637993
74.04502196087218
164.33621042413384
288.5317768070491
2822.5619660991642
5341.508501344086
4100.311491935484
1411.1868914277175
790.0715684737155
641.4891409050181
209.88257168458782
107.98723797789727
145.80874264486263
74.999465651135
298.75091621863805
391.7029596027478
2074.532859169654
5117.614900686976
4020.036379928316
1946.3216285842302
358.4633467741935
365.54566121565125
320.86310894563917
173.07118727598572
74.95308363948627
187.04007317801674
217.44101366487456
764.4685823626047
3300.831582287934
7968.689699074072
6113.950970728791
2438.937918160096
819.0775627240143
