1357.6704336618202
703.2133988824631
576.1233177926243
665.0116466193763
639.0846043457767
1114.2486626272814
1384.2098454261957
2772.8369588592145
3147.8502841572626
4290.379075594754
3780.585036019344
2347.9896227291383
1158.5579952621772
982.0707964150703
838.9326474250596
643.5978402745835
775.3497665641138
991.6041986038409
1736.8084306262376
2512.861939225169
3125.3310609724276
4100.449639484185
3661.7234063932583
2170.4229788784637
1557.3041167862975
1241.3178162113527
830.5233573478739
812.4325539349139
912.5951917565072
1234.9391564558457
1835.4294921599092
2379.7111848047734
3351.62802120024
4261.518775643048
3760.0707165163462
2468.4526511203103
1781.5092799165284
1228.1740215499167
1018.0452736435769
1078.6136673792034
1120.4250548807654
1509.8031131587386
1654.6649295240152
2368.9280730767355
3260.5497629265137
4076.605383234761
3604.6178372385466
2272.371801962311
2113.491254642696
2117.5174780113816
1208.01891180014
1518.4791403982329
1267.565959024976
1806.9429369735856
1803.5254348274586
2698.1378962616873
3042.3818953564896
3432.1705718433027
3472.3822698495055
2634.331168258426
2234.2399005240804
2091.5188781988486
1804.9276958007786
1534.878423176329
1867.9877062222004
1739.8129089821741
2089.03917323951
2954.065756038772
3659.1493030515526
3573.2771590567518
4298.846018890465
2961.892507125387
2606.655913588326
1875.3516409181425
1478.357825060282
1719.3088528555065
1438.8885145730492
1775.875546156739
1990.598723027478
2878.3323069719736
3483.2529359913183
4111.741812900971
3660.7488263650484
2630.645792602422
1923.160376692827
1288.0678440620727
1139.6811767526472
1510.8986226769543
1225.491921072694
1622.4809186763493
1906.817317783726
2232.3886091000622
3223.3940473545117
4194.735820305944
3474.4307637645106
2662.9628370387013
2408.928555702191
1635.4139558790969
1355.6828765944504
1228.9961821973986
1389.5273820897273
1688.0008033357185
1818.8945385046936
3086.1198985311676
3664.287432184518
3496.176738175623
3406.9070896132766
2558.6956929431544
1980.5269289369048
1988.6799835779223
1208.9748702225168
1456.5574234936767
1367.1914462727407
2045.1594382793749
2148.571715191753
2878.0303429474307
3581.9781009297603
3925.56598231787
3655.7938761188043
2872.1869574591256
2163.342230508475
1662.733023064293
1322.1240405660346
1498.793601010743
1305.270945822449
1990.605013245679
2422.83424358161
2886.6999521211947
4270.190431317533
4192.339185178083
4892.927520218243
3179.7674200252745
3036.408753807413
2830.68521914386
1780.3258729305214
1703.0899294228334
1502.0735399106425
1729.3791324771398
2334.820752601986
2789.56882937449
3663.622160418795
4232.273490536367
3777.8702313155572
3090.025551430558
2975.20285182263
3184.990737818852
2606.954275245763
1846.6237099408008
1765.9182259866332
2354.082413752728
2468.020372925832
3109.7262804094103
3660.5460603924016
6005.577942575291
4221.64016805059
3530.297758994414
2454.0595476732997
2245.9131571152525
2279.181806389866
1570.5309489992342
2208.730719359413
2000.664948900543
2821.355073096415
3289.2686347959743
4059.2126782848372
5218.4424322810355
5418.425184673249
3796.2308863666563
3113.369446810756
2289.8360926739265
1906.7744826162293
2033.9051958017997
1809.0617643021556
2336.2930710565697
2484.0108233038623
3235.0840574470903
3964.1737710082393
4381.990056314948
4544.206938068029
3205.2028525109554
2847.3611741579625
1867.7954224276432
1663.007071581577
1856.9483142264967
1527.788872945427
1902.4282571491456
2327.17261369467
2774.4469441665224
3420.9666199349776
4021.6444624292994
3337.4285431525686
2731.918835785786
1841.1887955652558
1779.2490314362315
1197.1775821589667
1387.9169413309191
1599.2589568634157
1757.94048453078
2109.341695642997
2624.7100658455524
3409.4007125636645
4024.4699397901913
4360.088396871055
2836.9579433856115
1980.540778241795
1483.6089988481108
1169.6652018278328
1387.7139895362711
1167.0405322820461
1585.3846009716942
1838.3460290331561
2289.988946821962
2992.6814388071716
3001.3212837771543
2541.151243810865
1993.7878467276366
1836.1166184482079
1513.6967463280603
916.3217279372687
1064.7069345749055
941.9422212057632
1548.928031267711
1445.3517547736164
2614.4441225624632
2567.4814052475926
3144.939934661779
2659.269781679914
2261.702620985967
1729.1014605244593
1133.5731622134026
859.9034932905184
975.95349404
834.9749226415274
1624.97202289665
1710.9014149885636
2274.751838197703
3650.0779344128796
3965.551385684763
3819.3729185022826
2448.8462701052067
