337.39527255077655
177.0138134333931
146.8876642771804
279.04669974611716
98.25600287485064
179.06988392323777
731.0337395459975
3527.549787186381
6832.2347446236545
4409.438821684588
2693.6043197431295
667.1704405615293
231.22036439665482
283.2580499551971
189.3995978942652
87.53377990591397
182.0145396505375
142.30139486260455
506.2230652628435
1956.2978681302263
6215.148655913979
6214.43458408005
1572.648775388291
720.3649193548384
368.71483460274794
153.4916114097969
152.03234326463559
209.000029495221
176.7575888590203
224.4272920400239
574.0111200716843
3031.518152628435
7339.998409498204
5211.9273334826785
2640.1605996117096
1333.540315113501
471.3209333930705
307.72861783154116
88.08196430704902
187.54256175328553
174.8587251717443
174.46687724014348
676.1043156362006
3503.291468787335
8063.559397401434
6512.533908303466
3984.7207437275983
1203.6737231182797
394.6533169056152
213.40504106929515
152.1132743055556
118.78332429808843
203.97272181152923
154.42385416666662
505.3719911140978
2747.051631571087
5718.47488425926
5235.212903225809
3331.5603681302255
487.6829465352449
399.5146893667861
213.72903151135012
97.5041997087814
92.67372039277181
71.75263549133813
148.11127426821983
686.5505088859021
2374.6975059737156
7586.522965203108
5251.092435782555
2130.6381869772986
764.5086308990441
310.34012768817195
323.1395840800477
236.63715128434887
159.64865778076467
68.18081283602149
151.86329525089602
533.2582918906809
1977.1146953405014
3895.68792562724
2784.121516577061
2014.8759333930702
382.2184416069297
314.0072565710871
202.0968428912784
146.0952288679809
103.76130339008365
123.34638466995223
205.8298767921147
460.3354114396657
2540.726795848268
5809.453001792114
4117.933101851851
2377.1790546594984
466.6475679510156
264.81218040621275
165.24141726403826
93.28151317951016
154.36458744026285
97.21125604838711
195.16984953703704
1164.2250186678616
3707.744388440861
7181.91978046595
5688.175175477897
1511.570194892473
575.2707452210277
310.28223416965363
181.34027927120673
99.78823909796894
171.0302146804062
70.73861525537635
288.5463522998806
480.2396938470726
3076.515124701315
5931.168305704897
4478.030992383514
1880.0218376642772
1282.7458258661886
428.48878397550766
639.6507004181602
189.88992532855437
277.36507000448023
94.91734065113499
323.8815176971327
1218.4819481780166
3937.1942801672635
7750.265539127838
5904.658307198328
3653.4466285842295
1241.2452770310629
539.3274581839906
246.694442204301
127.41717200567503
152.48804890979687
107.37980913978492
112.15035707885306
576.801147326762
2049.550866188769
6970.475761648746
4641.483945639187
3650.029652031065
786.0011211917564
368.8830342741936
167.52032407407404
171.690723192951
96.54975451762246
99.78971845131422
134.56869250298683
441.08637432795706
2545.779898446834
5518.178957586618
4552.219470579454
2497.988623805257
841.7013291517324
466.87486073775403
305.5554136798087
117.04010965501794
179.94283676821982
123.86387462664278
268.5599036738352
526.8521255227001
3111.9773409498207
7487.478210872164
4906.735778823178
1962.7095616786144
874.2686185782559
422.6507601553165
204.00350134408612
177.53499626642773
85.34729215203107
105.47347155017921
218.53085834826774
504.90291106630815
1749.6935185185184
4551.225843787336
5545.38290770609
2034.108254928315
1137.3793869474307
294.9027266278376
239.23352038530462
136.21988571535246
145.74689852150541
67.21141328405018
86.77263859020309
658.132333482676
4014.510032108721
6176.315374850659
5706.958150388292
2853.3081989247316
1013.4625933393071
512.7244650164278
457.46309102449214
190.29937126642767
133.27710151583034
83.13659740890084
204.85621677120673
779.3542656063321
3254.3000634707287
6795.4586768219815
5475.019959677421
2583.4373170549593
1504.5618055555553
539.8948442727002
258.949715128435
174.54109218189967
135.9101339605735
115.80191562873357
185.17337141577056
605.7271124551971
2372.0743018219837
6007.936559139784
5131.732773297492
3109.611178315412
920.1039127837516
342.872395459976
180.3268197431302
138.01420848267617
109.74089392921148
352.6633986708483
213.63523372162484
1134.3847184886502
3166.406171594983
6916.811667413381
5245.188702210274
1640.8539351851853
922.1670138888891
251.0451426224612
404.3792200567504
118.77865236708483
225.90954838709672
147.77029196535244
774.0839691606931
850.9222860663083
3649.845250896058
8496.394239097966
6152.863257915174
3926.421385902031
1206.1047715053762
