16.9685633213859
5.575672043010752
5.516801075268818
5.335383064516129
3.141465053763441
2.5111521804062127
37.928912783751485
110.57683691756273
191.90412186379928
183.7809886499403
131.69242831541217
34.14430256869773
9.484655017921147
12.277255077658303
6.633811230585424
2.4358460274790925
6.23797789725209
7.666778673835125
25.61663679808841
77.4260752688172
206.84401135005973
240.77807646356032
80.53651433691756
36.235551075268816
21.596512843488654
6.078293010752688
4.544829002389486
1.6688582735961768
5.3697729988052565
11.806488948626045
33.809998506571084
101.4071833930705
237.65270310633213
223.85528673835125
133.9351851851852
72.32116188769413
27.337178912783756
11.35200119474313
2.3624813321385902
3.8932048984468333
4.450694444444443
7.94590053763441
36.9895086618877
103.67644862604539
276.15516726403825
281.362380525687
215.15905017921148
65.72281959378732
22.23375896057348
9.61402329749104
4.726254480286738
3.569687126642772
2.8141054360812423
5.553502090800478
29.814702807646356
85.4685633213859
181.53748506571088
223.9811081242533
165.4245071684588
26.256347072879333
20.14221176821983
6.261536738351255
3.942842741935484
3.225298685782557
2.3930294205495817
6.567839008363202
30.76067801672641
72.5455495818399
235.1803315412186
223.93630525686973
110.41293309438471
34.013179510155325
15.206541218637993
13.831653225806452
9.904681899641579
4.053957586618877
3.557814366786141
7.982974910394265
24.08113052568698
88.29599761051374
122.8670101553166
101.17234169653524
110.75903524492234
19.23540173237754
16.103419952210274
6.915583930704899
5.849761051373955
2.952445489844684
4.23646953405018
8.591771206690561
25.399118876941458
83.46587514934289
164.59080047789726
188.11155913978493
126.46393369175627
26.189441457586618
11.633325866188768
5.4017323775388295
3.96354913381123
4.426411290322581
2.8460050776583032
10.984057646356034
64.10730286738351
100.58841099163679
223.32026583034647
234.55757168458783
77.9876045400239
31.876344086021504
14.525350955794504
6.335610812425329
3.6509819295101544
4.758773894862604
2.1516390382317803
11.22162485065711
25.709864097968936
78.63239247311827
167.08557347670254
198.9889486260454
98.13134707287932
68.6025238948626
22.119847670250895
26.960872162485067
9.13803016726404
6.646957138590203
3.681716696535245
13.380899044205496
52.06615890083632
117.37380525686974
222.2909199522103
241.2320788530466
181.81787634408602
69.01097670250896
28.501456093189958
10.973155615292711
4.588937425328554
4.152971923536439
4.090352449223416
3.4907071385902033
29.70400238948626
71.66143966547192
191.141353046595
207.25395758661887
201.3235513739546
39.754368279569896
20.95146356033453
7.317390979689368
7.6245146356033455
3.247248357228196
2.909005376344086
5.2810259856630815
24.21247759856631
79.17712066905614
161.27202807646353
217.69414575866188
126.3142174432497
44.42390979689367
24.90274044205496
10.457511947431302
3.203244474313023
6.087066905615293
3.6806302270011946
13.491114097968937
28.474649044205496
93.45318100358423
219.85775089605738
221.05996117084825
89.20848267622462
43.63500597371565
19.942278972520906
8.446871266427719
7.155428614097969
3.5106033452807646
4.275033602150538
11.757093787335723
27.725657108721624
73.21423237753882
183.06526284348865
257.37641875746715
116.25186678614098
62.607153524492226
14.350059737156512
10.768107825567503
4.6325044802867374
3.6980174731182798
1.2869963410991636
3.636869026284349
33.770534647550775
129.54861111111111
202.26179808841098
248.0861708482676
151.95303166069294
52.02770310633214
22.877688172043012
18.52378285543608
6.141838410991637
2.994044952210275
1.2731108124253285
7.317801672640383
37.23290023894862
95.88485663082439
194.51724910394265
242.34841696535244
141.1712216248507
75.331541218638
26.99906660692951
9.407519414575868
4.58473715651135
6.049469832735962
1.289209229390681
8.971736857825567
29.092965949820783
80.59961170848267
168.80002986857826
208.90942353643968
163.08467741935485
47.84498207885304
15.784199522102748
6.657332735961768
5.553016726403823
2.2466435185185185
10.872349163679807
9.569108422939069
58.16532258064516
88.08505077658305
190.51784647550775
222.36671146953404
82.8950119474313
47.6015531660693
11.657967443249701
16.87044504181601
4.307030316606929
4.58759333930705
3.0881608422939064
33.316308243727605
43.786589008363194
109.11962365591395
298.6783154121864
272.70235961768225
209.67219235364396
62.674731182795696
