42.45575716845878
11.696983273596176
9.056190262843488
3.9876232078853047
4.547823327359618
11.322020609318997
38.08225059737156
88.89150238948628
146.86267921146953
162.46975806451613
114.5116487455197
30.33370669056153
10.719907407407408
11.252352150537634
3.781156660692951
4.068283303464755
3.375074671445639
6.937238649940263
31.182347670250895
89.61656212664278
264.52994324970126
260.1049133811231
166.66330645161287
60.62126642771804
23.70359169653525
6.770945340501792
3.248368428912783
4.388213112305855
4.134445937873356
10.578853046594983
47.755749701314215
104.4478046594982
175.75940860215053
209.0442054958184
67.22184886499403
49.61656212664277
22.09076314217443
5.064280913978494
5.449148745519714
3.1802045997610513
2.088971027479092
23.895609318996414
74.83758960573478
148.28703703703704
254.19504181600956
241.27613500597366
230.84117383512546
70.62387992831542
33.515008960573475
9.798125746714456
2.6249738649940264
2.5360737753882914
3.0215165770609316
4.501754778972521
20.610663082437277
80.04554958183991
209.97423835125448
256.8428912783752
121.71594982078851
40.73346027479093
35.92588859020311
23.540210573476703
3.154289874551971
3.6681003584229392
3.8088821684587812
8.305742234169653
35.18656660692951
84.32123655913979
248.44795400238948
264.559811827957
149.69907407407408
71.11521804062127
8.721848864994026
7.365964755077658
6.123730585424134
3.9447767323775387
1.9838635005973715
8.429734169653527
48.47259557945041
75.71161887694146
214.95781063321385
232.84610215053763
182.49775985663084
31.26471027479092
16.30518219832736
15.324298088410991
8.448887395459977
2.946516577060932
2.5699634109916367
5.650388291517324
44.867458183990436
104.37387992831542
205.65486857825567
205.77882317801672
173.83064516129033
79.50903524492236
37.354838709677416
20.037858422939067
8.385902031063322
4.96785394265233
3.1256459080047785
7.474051672640383
28.1844384707288
47.59520609318996
168.30570489844683
240.9602747909199
106.98178016726403
65.10379330943847
14.112007168458781
8.015793010752688
7.43473715651135
2.673178016726404
4.219276433691756
7.575455495818399
22.5238201911589
97.73148148148148
184.55122461170848
212.67286439665472
103.72125149342891
68.31429211469533
31.516726403823185
9.126344086021506
2.825993130227001
5.288119772998805
3.4505563022700114
9.846363500597374
26.526545698924732
65.91285842293907
215.46557646356038
193.273596176822
140.22028076463562
38.67409647550777
14.283639486260453
15.601366487455195
5.173125746714457
4.47366711469534
2.086215651135006
4.675739247311828
29.04681899641577
87.18115292712066
194.15397252090798
236.23357228195943
224.00948327359617
39.53158602150537
15.593413978494624
8.792749402628434
6.931264934289129
1.6204599761051375
3.014784946236559
9.346288829151732
38.96774193548387
149.1898148148148
228.97513440860214
266.9997013142174
96.12828554360811
50.31137992831541
20.323551373954597
9.924955197132617
5.256795101553165
4.00977449223417
2.9437089307048985
18.57261798088411
35.800291218637994
75.96699522102747
196.3888888888889
185.96811529271207
138.23514038231778
32.59221923536439
11.340389784946236
7.632093787335723
11.968003285543606
2.1821908602150537
1.702816233572282
10.540173237753883
31.637358124253293
105.95803464755078
276.5654868578256
284.39740143369175
91.8570788530466
58.48902329749104
13.347483572281963
6.741562126642772
4.784326463560335
5.00459229390681
4.559513142174432
11.069967144563918
27.22270758661887
136.43929211469532
232.4156212664277
213.05406212664272
123.97476105137396
42.19459378733573
15.292824074074074
4.657511947431303
4.83904569892473
4.294145758661887
3.713403524492234
7.567540322580645
32.800739247311824
97.58027180406212
130.92891278375149
186.04054659498206
90.90016427718041
49.71662186379928
14.690785543608124
12.460610812425328
5.25739247311828
4.368354241338111
3.82759109916368
7.702919653524492
37.52516427718041
82.59595280764636
185.86768219832737
144.1248506571087
85.73066009557944
32.88612604540023
22.857116188769414
8.375485364396653
2.5026247013142173
3.4301971326164873
5.432093787335723
8.517099761051375
47.601553166069294
87.08930704898448
204.5041816009558
194.62888291517325
100.02090800477899
39.45911738351254
19.022924133811234
12.168944145758662
6.17820340501792
3.837130376344086
1.6168048088410991
7.593077956989247
23.077658303464755
152.59819295101556
191.6532258064516
168.31690561529268
99.94212962962963
31.944444444444443
