6.422827060931899
3.4905111260454
2.516468787335723
2.741465053763441
1.7258064516401148
1.6934886499402626
21.334005376344088
65.15830346475508
130.7347670250896
60.37970430107527
26.21415770609319
6.345579450445371
4.851403823205228
3.595590651135006
4.748917264038232
2.5906137993103657
1.7608318399044205
15.611200716845879
45.411439665471924
116.1215651135006
132.9786439665472
115.46482974910394
42.445116487455195
7.9695340501792105
5.297192353643966
3.458669354865921
2.3887022103020024
2.5906137993103657
2.5071311230585422
6.701777180406212
43.57078853046595
138.35125448028674
261.6636798088411
93.31727897252091
28.683915770609318
9.477971923536439
5.586954898446834
3.458669354865921
2.3887022103020024
2.5906137993103657
2.063328853046595
8.847834528076463
43.458781362007166
186.08124253285544
211.52927120669057
94.89284647550777
31.53151135005974
10.445415173237752
8.947132616487455
3.458669354865921
5.242495519713262
2.5906137993103657
1.810188918757467
6.7854091995221015
30.281884707287933
123.08841099163679
135.27105734767025
63.691382915173236
40.217293906810035
6.364684139784945
6.212664277180406
6.921408303464755
2.3887022103020024
2.5906137993103657
1.7258064516401148
12.834916367980885
43.43264635603345
140.7706093189964
140.5428614097969
83.23663381123059
52.666890681003586
7.523745519713262
4.851403823205228
3.458669354865921
2.3887022103020024
2.5906137993103657
1.8213336320191158
9.328718637992832
41.91308243727599
142.648596176822
118.75
90.05787037037035
39.84206989247313
8.928726105137395
7.716061827956989
4.036589008363202
2.3887022103020024
3.0841547192353644
1.87665770609319
7.072147550776583
39.33691756272401
161.67861409796893
187.50373357228196
59.54338410991637
38.52523894862605
18.262395459976105
11.5901284348865
3.5748917264038234
2.3887022103020024
3.482190860215053
1.7258064516401148
9.308930704898447
61.12231182795699
158.61335125448028
168.30197132616487
142.60790023894862
32.130002986857825
10.934513142174433
4.937776284348865
3.5541965352449223
2.3887022103020024
2.5906137993103657
1.7258064516401148
8.13957586618877
76.02673237753883
141.81600955794505
174.82078853046596
96.99111409796893
35.34460872162485
12.62955495818399
4.886429211469534
3.518372909199522
2.3887022103020024
2.5906137993103657
1.7636200716845878
9.320131421744325
28.22729988052569
121.44937275985663
136.32392473118279
63.691382915173236
33.81235065710872
10.934513142174433
4.981160394265233
3.458669354865921
2.3887022103020024
2.5906137993103657
1.7994399641577061
0.3334229390953121
49.87679211469534
62.58960573476703
114.91562126642772
85.03248207885305
57.99843189964159
9.945340501792115
6.422827060931899
4.132131123058542
2.3887022103020024
2.5906137993103657
5.598640979689367
5.258751493428913
41.076762246117084
109.61768219832736
136.1036439665472
82.84087514934289
21.4616935483871
11.121938470728791
5.77482825567503
3.458669354865921
2.3887022103020024
2.5906137993103657
1.7258064516401148
3.9184737156511344
15.447281959378733
60.67054958183991
37.26291816009558
29.51836917562724
21.585274790919954
8.849126344086022
4.962850955794504
3.458669354865921
2.3887022103020024
2.5906137993103657
4.3089531063321385
17.687440262843488
81.8847072879331
215.3935185185185
214.94175627240142
102.8602897252091
29.77150537634409
12.62955495818399
6.164874551971326
3.458669354865921
2.3887022103020024
2.5906137993103657
1.7449111409796894
3.965890083632019
60.412933094384705
116.819743130227
168.35050776583034
93.15673536439665
35.022401433691755
6.345579450445371
5.532034050179211
3.458669354865921
6.763702210274791
2.5906137993103657
1.7258064516401148
5.380465949820788
20.916591995221026
75.40322580645162
83.44907407407408
61.27949522102748
23.663754480286737
9.235289725209078
6.001680107526882
5.369138291517324
2.3887022103020024
2.60971848864994
1.7258064516401148
0.48467368578255676
44.67965949820788
95.97147550776583
140.9199522102748
26.983273596176822
25.2942054958184
6.431951911589007
4.851403823205228
3.458669354865921
2.3887022103020024
3.756832437275986
2.48525238948626
1.9048461768219833
52.70683990442055
140.19563918757467
191.82347670250897
129.47319295101553
29.159572879330945
6.423592443249701
4.851403823205228
4.544466845878136
2.3887022103020024
3.3500597371565113
2.0123842592592593
10.57871863799283
37.53360215053763
54.64083034647551
52.70683990442055
33.02120669056153
30.98902329749104
6.460211320191159
