5.695228494623656
3.458669354865921
2.3887022103020024
2.5906137993103657
1.7258064516401148
14.971639784946236
54.4578853046595
191.11036439665472
232.05645161290323
154.78681302270013
37.04002389486261
10.172864396654719
9.38881421744325
3.458669354865921
2.3887022103020024
2.5906137993103657
2.978793309438471
7.095669056152926
62.76881720430107
114.93055555555556
211.3500597371565
93.99305555555556
31.647998805256865
7.241935483870968
4.851403823205228
4.039799880525687
2.3887022103020024
2.5906137993103657
1.7258064516401148
5.094847670250896
64.63560334528077
141.7749402628435
127.47535842293907
70.29233870967742
24.13343787335723
6.345579450445371
4.851403823205228
3.458669354865921
2.3887022103020024
2.5906137993103657
1.7544642323775388
7.899507168458781
66.70773596176822
115.4868578255675
176.77718040621266
56.676000597371576
33.81235065710872
6.380604838709678
4.851403823205228
3.458669354865921
3.2961842891278375
2.5906137993103657
1.7258064516401148
7.259199522102748
52.172939068100355
100.73924731182795
114.63186977299881
73.30533154121864
37.35364396654719
14.824148745519713
7.812649342891278
3.458669354865921
2.7867383512544803
2.5906137993103657
1.7258064516401148
3.4289277180406215
32.50336021505376
83.94190561529271
109.61768219832736
62.89239844683393
33.81235065710872
8.02923387096774
4.986734617682198
3.458669354865921
2.3887022103020024
2.5906137993103657
1.7258064516401148
7.895773596176822
54.88724611708483
108.72535842293907
86.07004181600956
74.33953106332139
26.258587216248507
16.47513440860215
9.309289127837513
3.6457362604540022
2.5160692951015533
2.5906137993103657
1.7258064516401148
10.626508363201912
41.31944444444444
95.02314814814815
122.78972520908005
81.28024193548387
30.067204301075275
7.495855734767025
5.910132915173237
3.458669354865921
2.937985364396655
2.686140979689367
1.7258064516401148
0.3334229390953121
34.42204301075269
115.4868578255675
134.45340501792114
50.530540621266425
18.66737604540024
6.429961917562722
5.064743876941457
3.458669354865921
3.077284946236559
2.5906137993103657
1.7258064516401148
9.997401433691756
64.71027479091995
163.65740740740742
172.50597371565112
78.19257765830345
49.58109318996416
11.042040023894863
5.122061678614098
3.458669354865921
2.3887022103020024
2.5906137993103657
1.7258064516401148
9.018458781362007
50.459229390681
85.26359020310633
108.72535842293907
60.01754778972521
43.537186379928315
10.958781362007167
7.00082138590203
3.5549917861409797
2.3887022103020024
2.5906137993103657
1.7258064516401148
6.386663679808841
36.52367084826762
95.05301672640383
128.61783154121864
59.506048387096776
52.26366487455197
12.713933691756273
4.851403823205228
3.458669354865921
2.496964605734767
2.5906137993103657
1.7258064516401148
4.994787933094384
28.22729988052569
179.26747311827958
172.50597371565112
72.3980734767025
38.88254181600956
12.379778972520908
4.851403823205228
3.856705495818399
2.3887022103020024
2.5906137993103657
1.7258064516401148
5.7067801672640375
45.803464755077655
181.01478494623655
138.35125448028674
146.5990890083632
30.39837216248507
6.345579450445371
4.851403823205228
3.458669354865921
2.3887022103020024
2.5906137993103657
2.3992682198327357
9.355600358422938
60.49880525686977
217.79047192353644
173.4281660692951
128.00216547192355
31.647998805256865
9.56160394265233
4.962850955794504
3.95221027479092
3.7499626642771804
2.87719160692951
1.795859468339307
8.13957586618877
49.87679211469534
136.32392473118279
186.08124253285544
125.75082138590203
35.520833333333336
8.034722222222221
4.851403823205228
3.458669354865921
3.181563620071685
2.718380376344086
4.579599761051374
12.250238948626045
25.46408303464755
62.76881720430107
85.26359020310633
50.46333632019116
23.64770011947431
7.0142622461170845
5.429323476702509
3.5864359318996417
3.253210872162485
5.05241935483871
4.806899641577061
2.3793085424133813
52.97565710872163
152.49402628434888
232.05645161290323
118.3546146953405
35.22326762246117
6.67593339307049
8.518481182795698
4.159199522102748
2.3887022103020024
2.5906137993103657
1.7258064516401148
15.076179808841099
54.84991039426523
121.67712066905615
232.76956391875746
131.07862903225808
43.537186379928315
9.56160394265233
10.897550776583035
3.630607825567503
3.069332437275986
3.4551224611708484
1.7258064516401148
10.593652927120669
49.245818399044204
179.26747311827958
181.01478494623655
102.09117383512547
49.123357228195935
11.107004181600956
