1597.8416702209597
1074.3937080222481
782.5761777089923
694.0362844628648
801.540522057844
1240.910318839945
1645.9673088371876
2421.3186755557504
3754.9269455969284
3726.3001478767137
3769.1078854817106
2269.564499521253
1526.6319871976605
811.3807090494794
725.2659060869472
761.7059040439979
661.6390855605298
1084.9649288905796
1465.1709231590937
2045.603228801036
3362.812493917468
3456.3829578832338
2923.7052985676896
2328.9919006227897
1377.7945588412556
982.7083926749131
660.2984424733219
653.3910403447109
667.9651835426483
1065.4372340394782
1237.7625940117612
1799.9436930186325
2534.134364539546
2240.4883096932267
1830.995197549797
1555.1643596029871
1244.415645657268
931.1064812273363
621.9735610539709
660.9034971283078
714.9076960097975
1165.9218284365163
1537.5527199959383
1857.0105066191495
2740.2210181535143
3547.4167631630767
3015.9283957809594
2073.5276263350706
1348.5370954431742
917.4082971571398
973.4346442150149
730.848151748293
692.9047538278431
818.6785630936577
1520.1638340583431
1382.5141992784136
2642.5803944604313
2684.286573934104
2314.970867519757
1832.6991864782592
1244.1951797952865
694.1214058272838
851.582489707588
585.6829086900686
580.7899415119269
816.6987397020063
1053.2088812741572
1718.8270575620704
2390.712277215232
2893.692668316012
2621.402059810414
1740.4072547359006
1003.449036348182
695.4339885883933
623.1028444748587
607.9412427151249
464.6654004004088
627.4688611955685
1493.2966994313012
2229.7925630950313
2824.246801732058
3581.5549102725363
3389.7682782766346
2476.874361897525
1374.148963162361
770.560657308787
684.8197553816794
627.7654162850783
660.7889633367325
941.7029579535301
1281.4800660662831
2116.35908774403
3258.733559749972
3646.7605365544496
3798.8441822232917
2155.450964278845
1356.8739335397074
921.9789685732427
751.9773098381778
760.1882259548661
1187.1546017731207
1277.9999520812387
1564.8614179849803
2334.82371424204
3088.961603331472
3617.508316729983
3015.1921478570043
2023.91273296705
1257.741067975137
931.4787888347907
903.7724695355387
919.1987593658395
705.3491661801481
932.8434996593029
1500.9237761236527
2223.3818998470715
2928.9177066645293
2988.4098816607598
2993.9203695477186
1903.794615015877
1775.2287560461077
1213.28841434267
788.1224089949479
830.5814220979586
973.3220953893546
1501.1478335861807
1710.9106959412268
2475.0243958189258
3727.4768373808533
4023.686556743197
3872.1285730856252
2586.936625521093
1981.59955428531
1226.446449729284
995.6558348480844
809.344088622355
948.9783188831631
1337.0991481581432
1825.3425155948191
2421.2642632155894
3208.6955960520086
3549.482010548313
3412.890691291662
2073.383451669506
1801.4841876947924
1060.5020617435832
634.0636241107567
700.3022120316002
515.3345846335865
915.9884636332533
1322.1850645327609
2396.7392844416686
3520.132511258592
4048.208318919376
3505.999375039837
2209.071093821176
1284.6008932527502
1050.4939322048585
634.7314950099372
704.9718458032958
711.4007271999137
1037.904944420256
1521.5293450498195
2030.875470966823
3014.373744593082
2976.3246754112624
2799.153492618292
1728.2057967609223
1750.9422813388337
1430.8365780383228
837.8655967141987
971.7292933973781
1182.3210608971383
1491.0366007758064
2107.9260450780566
2860.4834264733754
3639.85544663548
4041.3237256697853
3427.5562473571563
2818.9672939685424
2594.1934135546176
1598.6566825082891
1805.4846275851605
1355.4471818340241
1142.0526834292982
1635.3501310290753
2271.938453748435
2764.3874384914934
4188.025830657798
4812.444006933481
4274.871270153762
2783.960494985309
2055.4296669810265
1451.7028023442367
1095.983794823244
991.5322422568456
1145.2567178401182
1418.3346237930268
1609.7053343825435
2522.583598551645
3487.033183441799
4269.638025214328
3694.013725425416
2901.5433525851354
2342.1003623218407
1708.7648194872984
1229.8887195996374
890.572886265662
1020.0554475299551
1640.8668179669157
1960.85552612097
2815.0675571863585
3348.2955591775444
4056.8162434545743
3831.7816948263985
2321.4418939199904
2087.680985234348
1481.5312258680842
890.4206489348798
940.0094398019071
912.0031198766109
1096.766671500686
1558.8727408100553
2030.214593739285
2852.0190023204727
3315.1916894407514
3703.875516446939
2312.249219701617
2120.533371366753
1438.6370399015746
708.3644214565878
755.6457954139543
809.4392909210975
1174.7162246588955
1055.5852292060063
1822.4429970985389
2743.670975034145
3515.7694636417505
2947.0538474150662
2146.400780260523
