1.0590531660692953e-09
1.0590531660692953e-09
1.0590531660692953e-09
14.631854838709678
1.0590531660692953e-09
198.5359169653525
490.663082437276
1480.3255675029868
1757.933841099164
572.5694444444446
78.73655913978494
2.657090053763441
1.0590531660692953e-09
1.0590531660692953e-09
1.0590531660692953e-09
6.244194295101553
1.0590531660692953e-09
34.06021878733572
129.75425627240142
682.5182945041815
888.5147849462365
584.6878733572281
121.65005227001194
4.576045400238949
1.0590531660692953e-09
1.0590531660692953e-09
1.0590531660692953e-09
1.0590531660692953e-09
3.690427120669056
120.67245370370371
699.7711320191158
1239.7580645161288
1691.175701911589
768.1388142174432
195.4932048984469
31.41513963560335
1.0590531660692953e-09
1.0590531660692953e-09
1.0590531660692953e-09
0.3247502240143369
30.557874103942652
118.9877538829152
569.998133213859
2209.0490591397856
2207.179659498208
942.8408751493429
377.7113201911589
74.22845728793308
38.633464008363205
1.8304480286738352
1.0590531660692953e-09
8.028467741935485
1.0590531660692953e-09
75.2425328554361
631.2051971326165
1801.3788082437277
2423.5256123058543
1469.8136947431303
372.55488351254473
99.82620221027479
1.0590531660692953e-09
1.0590531660692953e-09
1.0590531660692953e-09
1.0590531660692953e-09
7.296444892473117
160.52886051373952
490.663082437276
1691.175701911589
1989.8297491039423
1191.3142174432498
198.5359169653525
29.335846027479093
1.0590531660692953e-09
9.641706615890083
1.0590531660692953e-09
1.0590531660692953e-09
1.0590531660692953e-09
51.77288679808842
637.6937724014338
1342.8502090800478
1825.5383811230581
669.8428166069295
190.8452434289128
35.4900649641577
4.373066009557946
1.0590531660692953e-09
1.0590531660692953e-09
1.5314990292712067
1.0590531660692953e-09
31.33547640382318
490.663082437276
1718.5569743130222
1748.984094982079
1135.0257616487456
222.02863649940264
43.640008960573475
25.301784647550782
1.0590531660692953e-09
1.0590531660692953e-09
1.0590531660692953e-09
1.0590531660692953e-09
92.91479988052568
393.3762694145758
1265.712738948626
1469.8136947431303
654.914127837515
64.34804360812427
27.84739023297491
20.062107974910397
9.725014560931902
1.0590531660692953e-09
1.8304480286738352
1.0590531660692953e-09
71.50063470728794
764.010976702509
1554.3417712066907
1757.933841099164
817.0221027479093
182.56306003584228
61.72789725209081
1.0590531660692953e-09
1.0590531660692953e-09
1.0590531660692953e-09
5.801407556750299
1.0590531660692953e-09
83.9760304659498
447.46490442054966
749.3167562724012
795.0138142174434
477.6840651135006
118.9877538829152
13.766771206690562
35.322293160095576
0.7676123805256869
1.0590531660692953e-09
9.858055182198326
1.0590531660692953e-09
135.33848566308242
453.1791367980885
1159.7181152927124
1342.445116487455
570.8490143369175
123.64609468339304
0.9890344982078854
1.0590531660692953e-09
1.5499454898446836
1.0590531660692953e-09
6.199929062126643
1.0590531660692953e-09
115.37455197132617
555.4017323775388
1784.4758064516132
1860.8658154121863
1006.5035095579449
169.02486559139788
25.959307795698926
1.0590531660692953e-09
1.0590531660692953e-09
30.14578853046595
0.5535569743130226
0.7380876642771804
55.283490143369164
388.44235364396656
1085.640681003584
1608.41472520908
656.503509557945
163.57272998805257
74.22845728793308
1.0590531660692953e-09
9.741618130227
1.0590531660692953e-09
1.0590531660692953e-09
1.0590531660692953e-09
81.74977598566308
669.0923685782557
1134.6191756272403
1762.841248506571
1159.7181152927124
173.52150537634407
47.34177120669056
59.77426821983275
5.461794354838709
1.0590531660692953e-09
1.4171232825567504
1.0590531660692953e-09
1.0590531660692953e-09
209.01456093189964
571.4198775388293
704.841696535245
372.55488351254473
45.71901135005973
1.0590531660692953e-09
25.261140979689365
1.586845504778973
1.0590531660692953e-09
1.0590531660692953e-09
9.209364172640385
121.39930555555556
576.7107228195938
1128.9075567502982
1196.732377538829
544.2114695340501
74.22845728793308
23.564206242532855
1.7049010603345285
1.0590531660692953e-09
1.0590531660692953e-09
1.0590531660692953e-09
1.0590531660692953e-09
45.71901135005973
514.3600657108722
855.2505227001196
1447.2681451612902
552.606780167264
145.4841696535245
31.389516129032263
0.8857086320191159
1.0590531660692953e-09
1.771342592592593
3.970945340501792
1.0590531660692953e-09
1.0590531660692953e-09
342.9068473715651
768.6006571087216
890.3554360812424
658.652927120669
120.06877240143369
1.0590531660692953e-09
1.0590531660692953e-09
5.048551373954599
5.461794354838709
13.21369847670251
4.546636051373954
93.17346176821984
454.340651135006
1300.6966845878137
1783.1197729988048
670.7724761051375
98.94642323775388
16.79331317204301
