446.5734158452806
264.05437836021514
137.0579196535245
153.6960166517324
103.19640964755077
226.19602299880526
764.0058183990437
1680.0956810035839
4585.969093488649
4745.0427158004795
1227.529864844683
740.6843201164876
270.0903823178017
220.1755268070489
184.3622520908005
106.78336238052572
162.6795766129033
160.4651351553166
953.6578405017923
3293.4730286738345
8105.671031212669
5089.550645908005
1943.5860252389482
860.5154823775388
490.0012279719235
262.4305141129033
169.874870818399
129.75768059289126
204.63319526583027
235.73583370669064
989.1776022998808
3842.5247871863776
7811.249152479092
6813.566771206692
3956.818294504182
1255.7094534050175
437.93953442353643
274.02084117383515
150.44174357825565
112.5311781287336
128.56423898596177
354.8986055107526
599.4900899790921
3540.55318847073
7408.9636051373955
7212.762305854243
2313.638313918758
1020.0220131421744
533.2783643219832
330.8351900388291
189.40984281660698
155.95209557945046
275.8188537933095
300.66042338709684
710.0982754629632
4414.070553315412
7528.382228195939
5378.377031063324
3381.7805966248507
1334.6212216248505
299.35439142771804
314.2715333781362
239.3676153673835
94.48590613799287
121.35388388590204
525.0737768817204
359.6979663231778
3078.2394563918756
5529.370478643967
4631.86264560932
1869.773189217443
881.5196617383515
347.7128826911589
216.18993615591398
317.2766562126643
265.24686170848264
85.26031056600957
705.5762033303464
1119.669000149343
2486.8090128434883
5288.146617383514
4530.874354091995
1375.8862679211475
802.3881268667859
254.96832623954603
237.315422267025
153.62021587514934
174.63506888440855
323.1771916069294
279.48550440561536
870.0691905615295
3428.314254778974
8613.564217443249
5971.43717144564
4115.105887843487
1332.1724499701318
326.26237716547195
288.22316233572275
173.7716356780167
185.51884333930707
68.66211332511949
253.51060521206696
787.1302012395458
3956.424973864994
7358.992077359618
5679.124828255675
3499.395881869773
766.0576792114696
749.2283938172044
296.48025313620076
115.99742641129033
87.46236618876942
119.37056873506567
243.85088747013143
681.5492544056153
2779.8150238948624
6774.332541816009
5150.42342816607
1925.1809737156507
611.9642727001193
318.7832045250896
237.12647998805258
128.09983527479096
152.27740225507762
168.6691522177419
191.11050552568696
394.7334871565112
2835.5717256571083
5839.214075567503
2623.7846512843485
2027.23941532258
590.4933695489843
328.0943611857825
242.23871938470725
255.27149156212664
145.2482146804062
39.863470056750295
205.5841842144564
428.91445751194743
2079.205111260453
6121.858210125445
4435.781220131421
2136.019851403824
654.9176232078851
493.9398760454001
164.424546744325
111.9730630227001
158.6291796594982
202.43132795698918
210.0206981780167
697.3288915023895
3610.435924432498
6615.014684139782
5988.959431003587
2682.4132168458777
1196.1250149342895
327.07937425328544
265.40682497013154
121.59752143070487
156.7298773894863
166.8387117308841
147.58040994623659
592.376024492234
4151.1323327359605
6603.385334528077
6341.957747162486
2730.200630973716
1026.0615815412193
336.11974910394247
223.5035412933093
131.60553614097972
108.83157627688173
87.24310954301076
244.4706388142175
879.0643335573475
2931.7697954002388
7473.180671296298
4830.772535842294
2406.4670661589007
559.7677953255676
324.4754932048984
243.91706541218647
244.11148932198324
124.48151370221025
177.10783986708486
166.23750933393072
732.4114139038231
1966.6874589307045
5696.680208333334
4170.63185857228
2661.0934214456397
856.4251870519713
518.6076706242534
302.9973603643967
111.61458475209076
123.56640834080049
42.986951612903226
116.29292405913976
467.1001243279569
4085.3880899044207
5464.353711170849
5082.929898446834
2186.0296669653517
680.1374137544805
295.7910263590204
135.56506235065712
136.10745515979687
183.74028487156508
105.79263761947428
238.9168021953405
894.9964717741938
3157.5475171744333
7287.764826015532
5598.356029719236
3466.0143443847064
558.1261406063323
203.11815337514938
278.51573700716847
128.78681537485068
162.94178371415774
138.24861096176824
312.4761671146953
551.7402800179211
2243.6930779569893
6712.005932646354
4677.658643219833
3522.9163119772993
1124.8392211768216
625.1648577508961
188.9192323775388
244.57040397252086
161.99492334976108
99.5293175776583
199.19679472819593
683.3078811977301
2737.927647102749
6895.851217144563
5284.404192801674
2035.9570004480295
1054.7744362305855
