22.814254778972522
9.745109020310634
5.079973118279571
4.321830197132616
3.773405764635603
8.00619772998805
38.83549880525687
42.89415322580645
144.28950119474314
208.34005376344086
72.22782258064515
38.61002837514934
11.552083333333334
9.208333333333334
6.337888291517324
4.232616487455198
5.789837216248507
6.739956690561531
47.643742532855434
110.22214755077658
227.10088112305854
225.88560334528077
100.08923237753883
41.2223715651135
24.001269414575866
8.831055854241338
5.9108049581839905
4.680742234169654
4.740292712066905
13.312089307048984
51.98924731182796
102.95661589008361
212.98088410991636
295.1459826762246
201.87836021505376
65.65412186379928
20.906660692951014
9.684625149342892
5.681824970131422
2.456526284348865
4.260125448028674
15.807123655913976
32.90363649940263
102.26217144563918
230.67801672640383
329.2290173237754
117.39433990442055
57.70758661887694
25.487343189964157
12.801597968936681
6.1897401433691766
3.544791666666667
9.189105436081242
14.472931600955794
39.816009557945044
129.95818399044208
213.65442054958189
227.46565113500594
181.6547192353644
72.11992234169654
13.725545101553166
12.514448924731184
11.722259557945042
2.9175440561529267
4.147972670250895
21.97319295101553
20.11133512544803
88.5211320191159
170.03434886499403
213.1709229390681
99.3574522102748
45.5880376344086
17.202359617682195
6.824186081242533
13.002240143369173
6.630675029868578
1.2157325268817205
30.819631123058542
57.908452807646356
106.4609468339307
161.68384109916371
189.5116487455197
72.84908900836321
40.550477897252094
12.980473416965353
9.234841696535245
4.336786887694146
3.7170586917562725
12.56795101553166
11.122983870967744
43.75522700119474
122.34991039426524
238.79890979689367
278.29338410991636
210.86208183990442
67.11245519713262
15.65449522102748
11.179659498207887
5.429024790919952
4.527404420549582
1.182393593189964
12.338709677419354
40.02370818399044
117.07885304659499
237.278972520908
255.43421445639189
186.9963410991637
39.774081541218635
37.711469534050174
11.654159199522102
4.161988500597372
3.544578853046595
3.754495221027479
13.041554659498209
38.99817054958184
79.08714157706093
186.82086320191158
210.29047192353644
102.56720430107526
38.23241487455197
16.056488948626047
9.808131720430108
4.722744922341696
4.14874178614098
4.044858870967742
6.342368578255675
22.14325716845878
101.59610215053763
147.84423536439667
99.85924432497015
104.50754181600956
25.322841995221026
15.502650836320191
9.023297491039427
10.004293608124252
2.9133699223416967
1.9427008661887695
6.119250298685782
19.56320937873357
57.479091995221026
185.59214456391877
181.58602150537635
102.95474910394265
34.08083183990442
27.047491039426518
6.558019713261649
3.922155017921147
4.3580122461170845
4.591304510155316
7.300813918757467
35.70097819593787
108.08654420549581
175.18891875746715
254.6277628434886
145.7362604540024
66.13388590203107
14.990143369175627
11.1836917562724
4.339340651135006
4.408531212664276
2.9275052270011948
5.800851254480286
31.340165770609318
126.15106033452808
190.3322879330944
266.70288231780165
141.2858422939068
58.28554360812425
17.03591696535245
8.427979390681005
5.119175627240144
2.721736857825567
4.0554547491039425
10.936902628434886
42.38761947431302
100.35767622461171
214.48700716845877
204.07855436081238
118.85379330943844
29.029569892473123
16.398185483870968
8.265905017921147
8.826052867383513
3.7140830346475506
3.567902479091995
8.13788082437276
39.61600209080048
93.84371266427718
158.81645758661887
190.6866039426523
139.46535244922342
42.677531362007166
24.945900537634408
10.383400537634408
3.5286663679808843
3.844231630824373
1.359834229390681
3.811193249701314
24.95269563918757
102.99395161290323
148.879554958184
221.1869026284349
109.7151284348865
35.9359692353644
15.223864994026284
5.870743727598566
4.3650985663082436
3.700280017921146
2.372535842293907
7.165285244922342
43.73021206690562
122.54629629629629
226.58751493428912
232.39172640382318
180.8094384707288
30.21229091995221
8.603158602150538
11.514112903225806
4.0593264635603346
3.6823290023894857
2.932691158900836
14.489284647550777
27.726515830346475
71.28248207885305
215.7784498207885
212.57280465949822
182.2184886499403
59.77449223416966
31.89172640382317
7.784722222222222
10.568249701314217
3.4172379032258067
3.2870930406212664
7.722558243727598
36.883251194743124
82.70982676224612
209.8969534050179
240.09259259259258
103.06414277180406
52.09901433691756
