0
0
0
0
0
108.56886292844679
774.6044487446699
1403.448702741072
1877.5411555570065
769.0645204643312
139.59741713784973
21.2973099233594
0
0
0
0
0
77.68261921927375
411.50190659650457
1326.8579097708039
1361.5903209620533
805.757280407668
65.17767790593528
0
0
0
0
0
0
41.07309508036177
610.2769118729988
1207.530902792982
1725.8437522319518
946.5116583933602
152.1269654843646
0
0
0
0
0
0
64.06446662951974
459.06262484164137
1423.2987400842062
1848.9886141344161
451.50672131033133
100.71477958497186
0
0
0
0
0
0
26.325847061273834
144.38467034922698
1069.2751763554247
1078.7741883884307
499.5834133828939
22.54558727344549
0
0
0
0
0
0
0.8014686918660985
138.81847038703583
961.0809755814577
891.3357235301542
715.4178683889031
108.63659310493594
0
0
0
0
0
0
0
542.9773711567836
848.178364208977
1157.9454801154523
742.5052804161794
0
0
0
0
11.531478234146718
0
0
0
130.28515633380232
599.7487937990106
1098.4569509483467
647.5804532288041
309.7269248176297
0.9266469021730543
0
0
0
0
0
3.63411207029381
411.02977299094425
1330.601318958145
1620.2060705527379
935.6715634881233
281.2955224537674
0
0
0
0
0
0
0
462.54314025482546
735.2224029836641
929.3982370653456
593.3995183540626
143.64835270571007
0
0
0
0
0
0
46.19299868658357
175.66638955932444
568.1731697410672
1904.4957821531286
579.7963543005942
98.1236226272078
0
0
0
0
0
0
0
322.0852139156245
595.7127606747177
599.0887145225946
300.22436770679724
0
0
0
0
0
0
0
126.42664596793017
406.33304125247935
1091.4741111689766
1456.5654186218876
1241.865212587815
358.914293579316
36.389585232459325
0
0
0
0
0
42.99119367223505
377.94978570954805
1514.193565017207
1811.9249303993436
889.0350138527134
0
0
0
0
0
0
0
51.68940165559607
541.9035544225444
1761.611337153871
1878.1311037385126
1042.3760486578442
286.5961053230743
0
0
0
0
0
2.0814322961646106
0
357.5352037666702
1348.847409476399
1856.5912541884325
815.8250854613476
183.6740325071942
0
0
0
0
0
0
0
462.96320772252915
1471.4697803063095
1071.0898504788915
1045.7419679949473
284.7318284201815
0
0
0
0
0
0
0
480.67281536562973
1435.5504677284448
2255.382226938888
758.3610785615366
132.42762986313716
0
0
0
0
0
0
0
494.62551898477034
1774.6457960794296
2083.3181644884185
885.5376788663398
117.37453520830914
0
0
0
0
0
0
82.272563691723
472.03810104905364
1350.6838658241961
1888.2325713863106
894.9088267088995
118.85487388141199
0
