312.23942353643963
156.0998782855436
116.64039288381122
127.80809725955797
111.70169675925929
332.1592898745519
797.0506645758661
3703.155077658304
7537.632463410989
4375.035244922343
1491.1145011947428
636.2061394862606
299.84540658602157
184.59096102150534
152.56921258960574
136.31660756421746
93.26372061678612
136.57899977598564
840.9105167264037
2186.7343301971327
5010.114471326165
5016.323316158901
1771.9841472520905
498.29036252986856
200.03960424133817
195.14377688172047
115.27620515979689
172.72892917413384
116.3715440188172
313.509567614994
1043.6622498506572
3020.267999551971
6869.696482974912
4822.0778001792105
1977.1680406212672
610.8937231182797
527.4178390083631
583.7144052419357
91.98297125149345
154.27485170250895
84.07153393817204
565.5921568847072
540.6616382915175
4043.1131533751495
6391.753897849461
4284.782489545998
2093.5145049283155
554.3492760603344
226.8297020609319
292.98571497909205
140.43221591248508
142.74654428016726
165.61926407556746
331.5848066009557
697.0446210424136
2305.776385155317
5291.165561529273
3446.330458482676
1489.6777665770612
481.22386051373974
386.3644366039427
289.72549731182795
167.52173760454005
291.94767099761054
90.23027094534052
208.44178838112302
922.3671505376346
2777.6683131720433
7205.518974014339
5844.121232825567
2174.2194519115897
709.4767152031061
501.9059348864994
273.43183505077656
170.09856742831542
146.94371871266426
87.13178718637992
205.91275836320187
652.090644414576
2269.479283154122
5898.364956690561
5236.048629778974
2180.742738201912
795.4217069892471
297.3826807048985
146.26197476105133
220.40530540621268
135.48036241786141
132.02799178614097
217.66385902031064
565.3167219235363
2646.503531959379
6214.519679659497
5057.917741935481
4055.2172192353637
1607.2946273894859
429.6293048088412
322.911678614098
118.00143391577062
145.74178909050184
163.75242794205496
134.34053576762244
560.9274522102746
2837.0014187574666
8268.438810483869
6858.162951762245
3930.3013627538817
983.6198517771802
570.831213784349
270.88611820489854
148.59171258960578
154.43312668010753
163.94685237455198
52.50269538903824
676.4635819892472
3024.9134893966543
6288.244265232975
5282.347853195939
3236.909136051374
1035.2870109020312
456.1082078853046
334.47995183691756
174.97615703405017
228.70833408004773
121.2785586170848
208.7570041816009
599.9118563321388
2430.767290173238
7081.937701612903
4840.84954077061
2131.9659236857824
1018.2037111708479
516.8753849313023
426.12398297491046
142.2138283676822
149.01813829151735
135.3165013067503
207.47106518817208
668.7908154121867
1579.0267174432493
3603.54829749104
3071.3478606630833
3105.028938918757
889.9438310185182
527.9747860663083
203.24551411290324
153.06945415173234
109.20184315262843
92.68125459229388
150.5793807123656
501.84867495519705
3812.2875298685776
6789.421848864994
5514.633213859021
4089.26524417563
880.7749716248504
338.8926235812427
294.07688582735966
264.05991823476705
133.94533557347668
142.40652915919952
206.38032220728795
597.1431388142172
3020.0114433990443
8926.943376642776
6678.046875000003
1816.8482900238948
775.8279879778971
467.1514934289129
157.4259920101553
219.8977199074074
114.04185577210276
102.05827228942653
148.02453927718045
788.3444955943846
3948.5733086917585
6901.971632317802
5051.755215800476
2917.4755749701303
618.5424003136201
317.3508538679809
247.46687910692933
241.31019750597366
135.04108673088416
154.99151321684587
313.6769235364395
635.8677516427717
2666.5554846176824
6842.547345430109
4159.308273596176
2363.004988052569
728.5852867383512
671.6161910095577
197.51066009557942
143.20296124551967
165.40179345878138
108.54875735513737
198.32726777180412
596.7632833034647
3751.9584416069297
6304.608953106333
6014.680029121864
3910.0029793906824
1456.4722110215055
270.6153841845879
205.45421408303466
183.71281175328556
174.8043154868578
164.2572398073477
184.19039687873357
499.27120183691756
2971.127695639188
7961.698540173238
6628.215707138595
3338.4553614097968
587.1308452807648
390.59035020908016
265.27264557198333
188.01851217144574
134.1898313918757
163.3794417936081
274.9121393369175
818.5833971774193
4036.8929510155317
5796.655857974911
5298.882112455197
2247.756884707288
672.7911163381126
457.4737272252091
165.9631074522103
81.46779028524492
88.14766412783749
110.70579973118284
172.2560763888889
624.9430044056153
3502.0517099761046
6888.478371415769
5132.69242831541
1932.4180294205496
776.3522315561532
