0.0
0.7467278972520908
0.0
0.0
0.0
0.0
0.0
33.975433094384705
147.85129181600954
123.95366636798086
91.47337962962963
1.8667764336917563
0.0
0.0
0.0
0.0
0.0
0.0
6.3471139486260455
10.453856780167264
173.23906063321385
224.76138739545996
54.8839605734767
8.2139075567503
1.1200899790919951
0.0
0.0
0.0
0.0
0.3733557347670251
6.3471139486260455
44.802830047789726
222.89366786140985
135.90247909199522
88.11137246117084
7.093738799283154
0.0
1.493414351851852
0.0
0.0
0.0
0.0
0.0
68.69631123058544
111.262208781362
118.72849462365589
148.96766726403823
1.8667764336917563
0.0
0.0
0.0
0.0
0.0
0.0
0.3733557347670251
51.52232676224612
101.92790471923539
93.71449372759857
20.908131720430106
0.0
0.0
0.0
0.0
0.0
0.0
0.3733557347670251
0.3733557347670251
32.1086096176822
160.91685334528077
85.87029569892474
85.12731481481482
5.600451762246117
0.7467278972520908
0.0
0.0
0.0
0.0
0.0
0.0
51.895721326164875
85.12731481481482
112.3786215651135
44.42947281959379
5.600451762246117
0.0
4.853823178016726
0.0
0.0
0.0
0.0
0.0
66.45937873357228
105.28573028673836
141.12802419354838
134.78192204301072
11.574025537634409
0.0
0.0
0.0
0.0
0.0
2.9868690262843485
0.0
53.390008960573475
178.83800029868578
136.64964157706092
99.68679062126643
5.226911589008363
0.0
0.0
0.0
0.0
0.0
0.0
0.0
73.92562724014337
103.79144265232975
222.89366786140985
152.70306899641574
0.0
0.0
0.0
0.0
0.0
0.0
0.0
0.0
15.307683691756269
141.50141875746715
96.32515681003584
29.86869026284349
26.881705495818398
1.493414351851852
0.0
0.0
0.0
0.0
0.0
0.0
8.960569743130227
97.07194593787335
110.51508363201911
95.20463709677419
8.2139075567503
1.1200899790919951
0.0
0.0
0.3733557347670251
0.0
0.0
1.8667764336917563
18.667764336917564
107.15344982078852
199.37361857825567
224.76138739545996
11.574025537634409
0.0
0.0
0.0
0.0
0.0
0.0
0.0
51.895721326164875
156.06507616487454
148.96766726403823
101.92790471923539
0.0
0.7467278972520908
0.0
0.0
0.0
0.7467278972520908
0.0
0.0
84.75392025089606
148.96766726403823
206.466472520908
102.67502986857825
8.2139075567503
1.1200899790919951
0.0
0.0
0.7467278972520908
0.0
0.0
0.0
33.975433094384705
145.98394563918757
100.43395310633214
84.38052568697731
0.0
0.0
0.0
0.0
0.0
0.0
0.0
6.7206541218638005
67.206541218638
116.48738052568697
100.06018518518518
128.06283602150538
39.57579151732378
4.480283004778973
0.0
0.0
0.0
4.853823178016726
0.0
0.0
35.46875000000001
135.90247909199522
156.4384707287933
130.67312574671445
0.0
0.0
0.0
0.0
0.3733557347670251
0.0
0.0
0.0
61.6034572879331
116.48738052568697
116.48738052568697
53.390008960573475
11.200899790919951
0.0
0.0
0.0
0.0
0.0
1.1200899790919951
0.0
61.6034572879331
119.84901433691756
120.96957138590203
40.32254330943847
1.8667764336917563
