4.701687574671445
14.415210573476703
3.7506795101553165
4.298771654719236
3.9595243428912785
15.016987753882916
39.250672043010745
123.98222819593788
217.5197879330944
256.5176971326165
199.41681600955792
61.81824970131421
22.663978494623656
7.4867458183990445
3.914549731182795
2.5007915173237754
5.477897252090799
10.052979390681003
33.93115292712067
119.30256869772997
200.8986708482676
254.96639784946237
172.2968936678614
41.59554211469534
24.234244324970135
5.625074671445639
3.022550776583035
4.2249850657108725
4.277482825567503
2.4155279271206687
27.591659199522102
97.8110065710872
175.3591696535245
180.42226702508958
81.62335722819594
37.55454749103943
17.54028524492234
8.543757467144562
5.182086320191159
3.9173947132616496
2.964803614097969
7.573178016726404
29.731257467144562
57.123655913978496
192.3077210274791
198.12873357228196
94.55346475507766
41.79629629629629
13.85834826762246
5.408938172043011
3.755152329749104
3.1476515830346474
6.259669952210276
10.108049581839904
36.56208930704899
131.2238649940263
240.24604241338113
265.15382317801675
173.83064516129033
94.97797192353643
22.219198028673837
4.875149342891278
8.426075268817204
2.9609916367980884
4.058904569892473
12.05148596176822
23.62014635603345
68.03054062126644
152.78636499402631
111.59274193548387
64.24133811230585
29.467443249701315
26.97797192353644
4.7494772998805255
3.708968040621266
2.2873469235364396
3.53214605734767
18.14400388291517
22.022401433691755
80.03845579450419
103.63500597371564
137.8431152927121
53.614097968936676
30.945489844683397
9.164949223416965
7.661925029868578
8.485924432497013
2.2680294205495817
3.896505376344085
15.195937873357229
30.63418458781362
87.2610513739546
207.46527777777777
197.20355436081246
109.28763440860214
42.13597670250896
28.392211768219834
8.712066905615295
5.364620669056153
2.0969944743130227
6.525425627240144
23.96479241338112
32.442316308243726
78.79741636798089
160.9494474313023
190.9102449223417
149.65912485065712
40.9634109916368
16.309139784946236
8.6288082437276
4.332590352449224
4.306014784946236
3.3398521505376335
5.562238649940263
27.15344982078853
65.98043608124253
214.94287634408602
212.4215949820788
75.80122461170848
37.841024492234176
22.768742532855438
13.372349163679809
4.706055854241338
3.9970504778972513
1.099451164874552
9.543496117084826
33.591659199522105
110.23148148148148
192.57467144563915
196.9590053763441
167.10498805256867
41.977001194743124
6.700903524492233
14.645721326164875
4.874178614097969
3.841718936678614
1.906899641577061
13.14083034647551
29.54215203106332
65.43346774193549
175.97371565113502
195.14262246117082
71.29890979689365
32.729166666666664
9.111521804062127
9.724126344086022
4.087205047789725
4.966300776583035
3.799817054958184
13.67361111111111
61.0674283154122
98.72050477897253
213.39680406212665
221.95676523297487
158.92809139784947
48.275836320191154
36.298499103942646
5.070041816009558
13.213597670250897
3.50880376344086
1.6838336320191163
6.834378733572282
27.60763888888889
75.38717144563918
205.26508363201913
193.49611708482675
104.45041816009558
84.41345579450419
20.36028972520908
15.568548387096774
3.8386312724014338
3.7082474611708482
13.543794802867383
5.089829749103942
30.28278076463561
97.45109020310632
207.02732974910396
214.71587514934288
151.8761200716846
40.29390681003584
22.159535543608126
6.875410692951015
2.2846624850657107
3.2497909199522104
3.828307945041816
6.0219907407407405
35.67066158900836
72.61387395459977
209.5609318996416
196.6737604540024
93.47483572281959
31.609580346475507
18.511686081242537
4.402482825567502
5.2044877538829155
3.102874850657109
2.3713971027479093
5.288082437275985
27.763590203106332
92.95773596176821
164.3189964157706
145.51821983273595
68.87059438470727
30.06418010752688
15.906250000000004
7.22517174432497
3.8139187574671447
12.721960872162482
1.738231780167264
5.972632915173238
27.557534348864994
73.64956690561529
155.04741636798087
141.34968637992833
61.17084826762246
36.56186529271206
21.929211469534053
5.3462514934289125
3.2995034348864993
2.0161252986857825
2.34428390083632
3.6980174731182798
5.562694145758662
45.58617084826762
49.43077956989247
91.16823476702508
42.26497162485066
24.751157407407412
8.706951911589009
10.839083034647551
10.641913082437275
3.7906847371565116
6.944817801672641
6.729652031063323
23.806414277180405
99.77337216248506
166.54047192353644
189.66099163679812
118.02942054958184
36.81037186379928
