431.368846699522
291.33738500597383
146.2881279868578
147.73163228046596
125.49830947580648
93.27932396206694
617.1555880376343
3638.987880824371
6972.387570937872
4623.2915770609325
2474.2161887694156
696.6498118279569
379.3707500746712
242.69106182795704
163.06967600059735
133.97446285095577
116.68932272998805
109.81544317502987
843.2826493428913
3662.4533900836327
8398.507545549583
5238.4367644862605
2794.8358572281963
680.817354764038
353.48522662783756
237.44834080047787
145.8908303464755
109.5186481854839
207.13688470728792
191.8745235961768
982.5052456690563
3553.4863313918763
7045.822427568698
4589.393630525687
2133.311995967743
800.7338112305855
195.53401097670243
173.01549951463562
81.37818466248505
101.31882261798089
363.588282183393
190.46500074671445
532.4837914426522
2350.306164127838
5438.523416965353
4780.924174880525
2347.5748469235364
648.5828199671449
328.2830962514935
262.9903091397849
155.8149667712067
175.22685752688176
147.0219986185783
254.97659946236564
355.3621422491039
2603.5963896356043
8114.978909050175
4409.278438620073
1861.2943324372764
1294.0688358721623
360.71688844086015
245.62927867383507
160.582995818399
181.80085894563916
153.22850761648743
215.1832216995222
700.854219310036
3651.0661775686985
5559.121968339307
6064.721774193549
3160.7253882915184
925.1699074074072
443.2180607825567
228.7563228046595
180.76585872162485
194.00167264038228
95.0337592667264
211.42895123954608
1228.6968339307048
2952.982108721624
7837.000003733572
4019.5310110513733
2256.9419877538817
675.5792783004777
590.6895784796893
138.20783228793306
136.6123905689964
135.48529894713258
243.72539127837518
190.05035207586613
717.3800694444445
3614.020519713261
7404.987387992833
3481.6451314217443
2569.419679659498
1292.0511238052566
691.9354782706095
294.97775761648745
244.75659834229373
158.2579839456392
145.69106451612902
111.93114030764634
584.788957959976
2633.0042152031065
6579.675011200717
4399.043477449224
2331.7258400537644
1193.0254218936673
641.5158982974909
258.6035846027479
223.0248708183989
172.9111371341099
106.89625567502986
245.28162746415765
609.2739370519713
3572.713926224612
8920.679080794507
5320.042700866189
2649.7186043906822
1152.162735215054
529.1561368727598
170.56449708781363
139.8698769041219
112.6255762768817
120.59652083333334
246.99801933990446
630.8702852449223
5205.2814740143385
8572.368585722821
5933.436073775388
1558.5381160394263
1199.3135267323778
346.2255129928315
258.25840315113504
170.3461910095579
117.45221916069296
64.67184580346475
211.06726478494627
495.7139643070489
2296.474828255675
4983.678629032257
4449.407538082437
1630.9267809139785
353.40211058841084
271.943188844086
267.2576616636797
97.0146132019116
129.46715147102748
131.25105409946235
127.94691502389487
635.7130309139784
2487.237892025089
5987.725645908005
4981.142902479092
1796.4481033452796
707.4779192801672
456.5589807347671
176.34373469235365
127.47141767473121
95.15962399193548
120.0167179659498
508.9370870669057
491.90613761947424
2735.5975993130232
8006.433042114692
4829.501138739547
3125.6873282556767
428.6271292562725
614.4310872162481
329.82894190561535
91.61509703554367
155.6790267323775
109.36292603793311
87.1438031660693
290.3925377090801
1642.0194541517324
3529.981410543608
1258.0475859543012
203.63812660543616
647.4030966248506
366.94516913082435
191.57377240143367
135.76521266427716
152.50920157556752
74.97668167562722
173.09756836170848
509.261102523895
2932.036462066905
6868.133949372758
3857.23592816607
2198.6232377538827
797.865358796296
392.61063545400236
234.71817951015527
160.58268567054958
117.87233385603348
112.4090728046595
137.9788911290323
489.82314068100357
2129.536032706093
4543.2868055555555
4755.606627090802
1769.2776807048976
618.915602598566
410.92176187275993
214.5099305555555
121.09290542861409
131.60660547341698
104.67916058094384
266.3435386798089
614.3007340203104
3047.649238351254
6829.767010155317
4227.888429659498
1629.328800776583
974.2827695639184
411.6367133363201
318.8148178016727
161.6539564665472
184.87056526284346
164.01684509408602
79.56818981481483
643.8387107974906
2921.1873767921147
6896.158553614098
4816.505503285544
2798.8614770011945
813.3472061678616
340.5495392771803
377.31086208183984
235.82407594086027
149.17354375746714
68.0174509408602
259.69734580346477
729.6006929510158
1939.8165471923533
3680.176691308243
2604.7793944145756
1631.9513478195931
652.3665180704901
