5.815785543612612
4.146132019120379
2.863575268821692
3.1056227598611184
2.068884408606638
0.3997162485110588
4.487753882915173e-12
112.75462962962963
471.93399044205495
295.293458781362
314.5852001194743
11.340352449223417
7.682594086021505
4.146132019120379
2.863575268821692
3.1056227598611184
2.068884408606638
0.3997162485110588
5.227016129032258
41.81608422939068
361.4116636798089
331.8828405017921
85.72095280764636
21.42096027479092
6.189142771804061
4.146132019120379
2.863575268821692
6.465826612903226
2.068884408606638
0.3997162485110588
6.347222222222222
85.87141577060933
370.369623655914
555.8870967741937
284.3473715651135
50.169504181600956
12.909647550776583
4.146132019120379
2.863575268821692
3.1056227598611184
2.068884408606638
0.3997162485110588
4.487753882915173e-12
82.88418458781362
148.96766726403823
216.88844086021504
91.31981780167264
7.606780167268525
5.815785543612612
4.146132019120379
2.863575268821692
3.1056227598611184
2.068884408606638
0.3997162485110588
4.487753882915173e-12
193.02755376344086
413.30533154121866
210.16987753882916
161.51022998805257
41.58232526881721
8.055921445639187
4.146132019120379
2.863575268821692
3.1056227598611184
2.068884408606638
0.3997162485110588
4.487753882915173e-12
142.6205943847073
338.6361260454002
178.0596624850657
75.63881421744325
7.606780167268525
8.802658303464753
4.146132019120379
2.863575268821692
3.1056227598611184
2.068884408606638
0.3997162485110588
4.487753882915173e-12
81.01627837514935
250.14822281959383
234.06548685782556
62.19739396654719
12.460237455197133
5.815785543612612
4.146132019120379
2.863575268821692
3.1056227598611184
2.068884408606638
3.0132205794504183
8.214083034647553
202.35775089605735
388.29039725209077
561.8608124253286
413.5267323775389
38.96882467144564
9.549357825567503
4.146132019120379
2.863575268821692
3.1056227598611184
2.068884408606638
0.3997162485110588
5.227016129032258
148.96766726403823
521.594982078853
644.7573178016727
310.10603345280765
15.820863201911589
8.055921445639187
4.146132019120379
2.863575268821692
3.1056227598611184
2.068884408606638
0.3997162485110588
6.347222222222222
184.43697729988054
500.3050328554361
435.3031660692952
133.88366188769413
45.68914277180406
5.815785543612612
4.146132019120379
2.863575268821692
3.1056227598611184
2.068884408606638
0.3997162485110588
4.487753882915173e-12
252.76433691756273
396.5046296296296
541.3257915173238
258.58385603345283
37.47550776583035
18.88332586618877
4.146132019120379
2.863575268821692
3.1056227598611184
2.068884408606638
0.3997162485110588
2.240135902031063
159.798013739546
252.01650238948625
298.6570340501792
130.51971326164875
21.42096027479092
17.016465053763437
4.146132019120379
2.863575268821692
3.1056227598611184
2.068884408606638
0.3997162485110588
4.487753882915173e-12
44.05596624850657
287.1135752688172
219.50418160095583
18.14142771804511
16.19392174432497
5.815785543612612
4.146132019120379
2.863575268821692
3.1056227598611184
2.068884408606638
0.3997162485110588
1.4934363799283155
79.89658004778973
275.16390382317803
222.11506869772998
99.53405017921146
21.794504181600953
5.815785543612612
4.146132019120379
2.863575268821692
3.1056227598611184
2.068884408606638
0.3997162485110588
4.487753882915173e-12
114.62253584229391
373.7287186379928
263.5599611708483
85.72095280764636
33.74182347670251
5.815785543612612
4.146132019120379
2.863575268821692
3.1056227598611184
2.068884408606638
0.3997162485110588
4.487753882915173e-12
134.4108422939068
339.3839605734767
278.8687275985663
101.02561230585424
27.021505376344088
5.815785543612612
4.146132019120379
2.863575268821692
3.1056227598611184
2.068884408606638
8.613799283154123
4.487753882915173e-12
134.4108422939068
363.27508960573476
328.5233721624851
242.90285244922342
22.541143966547192
5.815785543612612
4.146132019120379
2.863575268821692
3.1056227598611184
2.068884408606638
0.3997162485110588
4.487753882915173e-12
158.3019713261649
328.55361409796893
284.83982974910396
87.58400537634408
7.606780167268525
5.815785543612612
4.146132019120379
2.863575268821692
3.1056227598611184
2.068884408606638
0.3997162485110588
4.487753882915173e-12
143.74029271206692
242.31033452807645
222.11506869772998
71.15938620071685
7.606780167268525
16.64333183990442
4.146132019120379
2.863575268821692
6.092495519713261
2.068884408606638
0.3997162485110588
4.487753882915173e-12
187.42420848267622
526.4183841099164
749.6520310633214
377.68518518518516
44.19586320191159
