15.022364097968937
7.238463261648746
2.743107825567503
3.9331130525686984
1.4751717443249701
7.266390382317802
10.126605436081242
70.77658303464754
178.78210872162484
159.7894265232975
119.84692353643966
15.191681600955794
13.900089605734767
17.705719832735962
5.381115591397849
3.7135976702508953
3.0089493727598566
8.279831242532856
36.21807795698924
70.63769414575864
168.30719832735963
163.36842891278377
83.50433094384707
41.25224014336918
18.423723118279568
11.016017025089607
7.494250298685783
3.0673685782556754
4.13145908004779
8.869250298685783
40.12619474313023
92.49813321385902
194.1655465949821
253.98260155316603
187.1867532855436
47.205421146953405
23.921221624850656
10.785244922341697
5.410991636798088
2.884557945041816
2.431836170848268
1.1101743578255674
28.273596176821982
77.1867532855436
168.51403823178018
185.8348267622461
140.44840203106332
46.230958781362006
23.544690860215052
9.676747311827956
3.88401284348865
3.108639486260454
6.039799880525687
6.292002688172043
28.262358124253286
97.93384109916367
222.64336917562724
215.60857228195937
145.29308542413378
51.05585424133811
24.873469235364396
15.729913381123058
9.149902927120669
4.776426224611709
5.826049133811231
4.57261798088411
30.3277329749104
97.21139486260454
180.45997610513737
183.4815561529271
79.82004181600956
28.655913978494628
15.105286738351255
7.214456391875746
5.467368578255675
2.883538679808841
5.388067502986858
6.797939068100359
24.858049581839907
99.95631720430107
158.6226851851852
169.12410394265234
52.6930256869773
32.6099537037037
24.729465352449225
13.810969235364396
7.861671146953405
3.075242682198328
4.717853942652329
21.323999402628434
44.17450716845878
112.21027479091995
198.43488649940264
232.33982974910396
186.44489247311827
53.7865890083632
22.07138590203106
6.0797491039426514
4.64430256869773
3.1839717741935485
1.577202807646356
15.223977001194744
56.12044504181601
89.04047192353644
241.15031362007164
330.1922789725209
129.83833632019116
54.49596774193548
11.230809438470729
14.10013440860215
7.883437873357228
4.893858273596177
5.040106033452807
17.65725806451613
36.9910394265233
100.04853643966548
234.47244623655914
271.09692353643965
201.15516726403823
63.021580047789726
25.945825866188763
8.835200119474313
6.771804062126643
2.451142473118279
2.6314590800477897
5.118092891278375
30.111185782556745
98.40315113500597
203.20975209080046
231.9776732377539
164.53367682198328
61.347819593787335
28.39788679808841
5.583594683393071
3.811193249701314
3.712503733572283
4.356507616487456
7.7235663082437265
29.64262246117085
84.97871863799283
137.36036439665475
142.05533154121866
87.83900836320191
30.810782556750297
16.487305854241338
5.553054062126643
4.407041517323775
4.1577434289127835
2.8983086917562724
3.300679510155317
9.304995519713263
48.12051971326165
145.2008661887694
144.7905465949821
37.6152927120669
17.267809139784944
12.531847371565114
10.028636499402628
3.3738873954599766
2.0911290322580642
3.4026097670250897
8.341285842293907
26.975470430107528
86.51060334528077
195.48312425328555
161.03009259259258
96.75739247311827
33.8418458781362
14.95982676224612
13.05704898446834
5.4524342891278375
4.430219534050179
1.5265755675029868
5.370855734767025
31.37921893667862
69.44183094384708
203.1813769414576
184.889486260454
89.04868578255675
19.08658154121864
21.456093189964157
12.647177419354838
6.864135304659499
3.186682347670251
2.176217144563919
21.432347670250895
44.37724014336918
101.18951612903226
199.3014486260454
194.836096176822
116.97991338112304
55.12208781362006
29.277255077658303
10.284236857825567
2.6266203703703703
2.7657594086021504
0.8702650836320192
4.886350059737157
29.12130376344086
110.17323775388292
246.64202508960574
241.59796893667863
119.62104241338112
53.01037933094385
26.309587813620073
7.851067801672641
3.9203703703703696
4.429995519713262
0.7390442054958183
11.946311230585426
34.840613799283155
107.94653524492234
233.086917562724
190.65710872162484
106.2787485065711
23.17973416965352
13.413231780167264
7.37298387096774
4.686193249701313
6.160020908004778
3.113616338112306
14.803203405017923
49.371266427718034
110.68287037037037
191.87985364396653
143.2511947431302
96.18578255675028
36.336432198327365
15.935446535244923
11.830869175627242
5.1692428315412196
6.872946535244921
4.7478270609318995
11.492383512544805
56.34707287933095
135.55742234169654
156.1645011947431
223.309811827957
157.59968637992833
50.32108721624851
