1027.1555740441374
585.093125584972
569.1881662095894
592.196309104442
557.3089457436259
898.9348611039835
1225.5714157666976
2000.1971179093946
2702.754555363953
2825.8779555230694
2798.0630826143292
1827.715671862949
1250.6314532968242
1291.2364400829315
1003.4638302207588
579.551677640175
729.9551977917125
928.26381217911
1264.1209903633942
1549.539175634966
2284.3056353451875
2485.450460870091
1878.9820944159578
1955.2395410051072
1190.254848566465
1119.6394111934312
796.1020909201558
828.0941578775664
820.7556450121826
1252.668422062179
1520.1394944000522
2106.0413894045346
3118.84018144516
3103.127497267898
3248.5775862893424
2308.832990128675
1859.5919038711295
2051.2337624400006
897.7427997785826
958.1998344938997
866.6551765952214
1214.3219609783323
1504.6461041058553
2406.3880715833066
3138.5572487389395
3617.5306744534
3688.2642679434443
2413.1514838619523
1901.64417429622
1841.4665707533159
1061.059704810893
897.4258137853299
1298.9564552167321
1207.7354324932994
1712.17826058164
2788.5403118829536
3054.418629974172
4089.252038390496
3446.1908495986095
2706.6346180792148
2585.528121103531
2054.425546358944
2325.0294207111738
1794.4592341082296
1380.6793811027271
1433.3115871482426
2083.5522280483506
2501.939411952752
3638.3727312176215
3773.2447889850705
3475.435661960955
2756.458091056091
2318.0036249085156
1331.7536794486082
1040.3730879037707
1025.9679004212176
1305.6359350479597
1403.207492841327
1650.6361390221016
2299.3165288955092
3098.2203120367167
3858.1241680383655
2665.164036938523
2415.6406178712396
1852.7762182400195
1304.5531341606393
1215.9129528129822
1175.314509027014
957.7395943104484
1462.8894913316665
1526.1349906481225
2362.288612833635
3587.5512606161606
4309.867503400328
3501.2217583881666
2437.1694902645077
2424.270819740425
1276.0990103892525
936.9434538047258
971.512639784018
1077.2892381231804
1326.248204769411
1792.3609475548724
2642.5501105980725
3490.421191145092
4540.276573898442
3869.410935192726
2973.754720720932
1722.7697418102618
1316.1827202864042
916.6155960289677
904.5969172212756
857.6442501855248
1232.8524266306292
1649.9808064402594
2445.9847037598547
3187.4266299022834
3546.705207228263
3482.163425103273
2191.600002560679
1517.9962030293825
941.0373838767196
594.4857393787588
626.201243633204
634.3132289018994
1053.0667291954996
1193.2193802303545
1618.9721258069767
2532.7181754931603
2431.804948320259
2395.893022010356
1730.1424946967202
1379.2928338552033
1057.5270538212797
652.350626514751
627.4333508684724
687.874163417213
1123.408937584667
1144.871693462202
1879.9002175166647
2573.7707528620426
2446.0823316355295
2427.816542546143
1615.0709516695072
993.6557677425818
1204.5116271557695
953.296796900482
745.4976608069885
638.3779101264175
733.1543671577458
1090.1232701779215
1562.4715959410723
2336.7171140064993
2985.6794957413586
2333.338962106742
1901.2041060672939
1244.761970761711
614.1782146122658
432.425772937058
443.9486662931405
580.7980334275125
812.862359668165
1338.1482742612893
1649.1847115582218
2596.0160011641697
2705.2164391508104
2433.3268461129146
1667.4221871432399
1114.638924857351
904.6629706607835
710.6946513736965
724.428795973543
777.8721921695395
967.9273635446223
1501.6367566969325
2089.8832621961956
2694.780050876819
3672.306588573013
2770.830425971255
2027.505249464361
1434.9528930946412
1138.017360525015
788.3497455660445
865.8618883752421
826.8435626855705
1428.3342857483108
1500.4511889634882
2293.6778432107285
2745.169595592086
3266.519537100744
3073.5650425551958
2245.7026918192387
1814.5843488806688
1532.8813455043332
1045.8890136105795
983.8375428094137
1138.55759858982
1412.648209665189
1722.825582291742
2366.409819429782
3388.4181931490866
4161.378541940728
3777.48001126771
2715.7601387261134
1870.3540137555337
1901.3312509389114
1237.0029221085977
1059.8272078755783
1356.6229556691428
1735.7926751951134
1661.9264072440292
2219.454691296274
3634.9913402408633
3130.300525115266
2955.3876536077596
2272.1290205627624
2163.0549995712654
1731.714544267128
1396.0003681702444
1324.6594017194705
1536.2617683234453
2209.6909120920845
2510.364690108144
2690.061401534984
3552.5150185988464
3669.7814445184076
3453.4219620861268
2446.362712831843
2234.4502247120336
1637.1048266399257
1267.812405327556
1272.1037329886258
1275.8488245232477
1683.4958572753835
2064.999488465267
2708.2999303422666
3341.0609914618635
3607.4320233789085
3557.383745861901
2367.161719627309
