27.673947132616487
24.005899044205492
5.969048685782556
3.759677419354839
6.817166965352449
12.518481182795698
37.9887619474313
106.49716248506572
224.19802867383513
252.47125149342892
198.98820191158902
68.61932497013142
35.463635005973714
8.07989844683393
4.130148596176823
3.4889859617682197
4.220355436081242
8.769489247311828
13.800104540023892
74.71326164874552
183.27210274790923
188.76344086021504
134.76515830346477
61.18466248506571
30.76191009557945
10.616188769414574
10.193137694145758
7.392249103942654
4.126553166069295
4.397662783751493
30.457922640382318
90.27777777777777
220.78479689366787
212.16845878136195
99.4847670250896
38.314516129032256
24.877277479091994
11.168794802867383
8.298573775388292
5.371117084826763
3.247110215053763
5.317801672640383
44.31152927120669
90.61379928315412
221.377688172043
216.73275089605735
137.0710125448029
47.443249701314215
14.35125448028674
8.904831242532856
4.505977449223417
3.180066457586619
7.2367458183990445
15.943921744324971
36.943361708482676
110.49469832735961
238.35050776583034
226.13201911589007
74.63149641577061
40.92667264038232
24.33150388291517
8.21509109916368
8.333295997610513
2.068010752688172
18.037783751493432
8.524230884109915
32.81698028673834
79.57399940262843
186.30227001194743
101.48073476702508
71.1290322580645
38.97472371565113
8.176336618876942
8.59905167264038
6.863612604540024
3.5348827658303463
2.993290770609319
8.57799432497013
37.42965949820788
93.3001045400239
155.4159199522103
190.6884707287933
101.14396654719235
51.72827060931898
39.80996117084827
7.233086917562724
3.5227187873357226
4.379924581839904
1.5021393369175626
5.2424208482676224
24.16644265232975
85.12171445639187
183.4001642771804
144.6568847072879
114.53330346475508
54.394414575866186
11.474425029868579
16.53195937873357
7.3593189964157695
5.344048685782558
2.1902740442054958
10.717069892473118
21.523148148148152
53.4658751493429
173.49947729988054
156.2682945041816
94.31526284348864
27.975134408602152
22.66569593787336
9.217667264038232
2.1720803464755076
6.297043010752688
6.399977598566308
18.293645459976105
51.14471326164875
117.11096176821984
231.01478494623655
294.8136947431302
243.62231182795693
62.23379629629628
27.094086021505376
10.215688470728793
5.164725209080048
3.0030951314217442
5.123521505376344
5.614359318996415
38.283340800477895
78.23103345280765
207.96781660692955
188.43675328554363
97.27561230585424
30.755525686977293
19.563956093189965
8.631832437275985
9.101478494623656
2.7766651732377534
4.172681451612903
23.62925627240143
53.85902031063321
107.42943548387096
247.68779868578255
320.64814814814815
162.21923536439667
59.87455197132616
20.656586021505376
8.36559139784946
2.7241636798088407
5.016427718040621
2.303864247311828
6.848566308243727
20.841547192353644
88.66002090800477
147.2435035842294
179.89545997610514
80.51523297491039
37.68746266427718
22.242308841099163
6.2229316009557945
3.814732676224611
2.2626306750298686
1.9415322580645162
20.381981780167266
28.012208781362006
87.52912186379929
160.86618876941458
180.73850059737157
96.09767025089607
33.10902031063321
25.93637992831541
13.00265083632019
8.381272401433693
3.461764486260454
4.808542413381123
9.559102449223417
43.36581541218638
143.3086917562724
234.316009557945
246.22386499402634
159.18832138590204
66.72043010752687
17.395721326164875
11.177867383512547
3.8608908303464755
4.424906660692951
2.6758923237753884
10.247834528076464
37.304883512544805
104.69235364396654
207.33609617682202
210.78853046594983
119.98170549581842
37.160207586618874
14.805779569892474
5.856332138590203
5.388142174432497
0.6007403673835126
3.2585797491039434
8.734692353643968
22.645945340501793
85.42450716845879
218.24634109916363
202.023596176822
115.54248805256871
44.68376642771805
19.790994623655912
11.321423237753883
12.292600059737156
3.997267025089606
3.7260976702508968
8.631160394265235
38.3385976702509
110.70415173237754
231.28322879330943
205.64516129032262
130.99910394265234
51.51022998805257
17.345131421744323
7.5727299880525685
4.926896654719235
3.5864508661887693
2.4142809139784944
4.437126642771804
12.301709976105137
40.849163679808846
132.36484468339304
139.89396654719235
82.56235065710874
35.94366039426523
9.008475209080048
6.550813918757468
5.315076164874552
5.917114695340501
4.487331989247313
8.454413082437275
22.97965203106332
92.47573178016725
187.25619772998806
197.69153225806448
103.68876941457587
31.72147550776583
