5.815785543612612
4.146132019120379
2.863575268821692
3.1056227598611184
2.068884408606638
0.773073476702509
4.487753882915173e-12
125.82026583034646
270.30839307048984
286.70736260454004
101.02561230585424
7.606780167268525
5.815785543612612
4.146132019120379
11.824298088410991
3.1056227598611184
2.068884408606638
0.3997162485110588
4.487753882915173e-12
294.9522102747909
472.29054659498206
525.3039127837515
247.38164575866188
32.248543906810035
8.429289874551971
4.146132019120379
2.863575268821692
3.1056227598611184
2.068884408606638
0.3997162485110588
4.487753882915173e-12
157.93010752688173
572.3603643966547
390.12768817204307
18.14142771804511
7.606780167268525
9.175989396654721
4.146132019120379
2.863575268821692
3.1056227598611184
2.068884408606638
2.6398521505376342
4.487753882915173e-12
151.95489844683394
426.37432795698925
418.5024641577061
111.4796146953405
30.754778972520914
5.815785543612612
4.146132019120379
9.210797491039427
3.1056227598611184
2.068884408606638
0.3997162485110588
4.487753882915173e-12
79.15322580645163
336.3963560334528
156.77979390681003
87.9603494623656
7.606780167268525
5.815785543612612
4.146132019120379
2.863575268821692
3.1056227598611184
2.068884408606638
0.3997162485110588
4.487753882915173e-12
183.3169056152927
296.44377240143365
213.528972520908
90.57160991636799
49.42286439665472
5.815785543612612
4.146132019120379
2.863575268821692
3.1056227598611184
5.055757168458781
0.3997162485110588
31.73517771804062
160.9173387096774
399.4922341696535
227.34244324970132
136.87126642771804
7.606780167268525
14.029868578255678
4.146132019120379
2.863575268821692
3.1056227598611184
2.068884408606638
0.3997162485110588
4.487753882915173e-12
139.26149940262843
338.6361260454002
415.8908303464755
242.90285244922342
74.06660692951016
5.815785543612612
4.146132019120379
2.863575268821692
3.1056227598611184
2.068884408606638
0.3997162485110588
4.487753882915173e-12
112.75462962962963
347.22222222222223
257.96109617682197
118.57452210274793
37.10200119474313
5.815785543612612
4.146132019120379
5.850448028673835
3.1056227598611184
2.068884408606638
0.3997162485110588
4.487753882915173e-12
92.96632317801672
520.091472520908
290.81466547192355
213.03203405017922
19.181003584229387
5.815785543612612
4.146132019120379
2.863575268821692
3.1056227598611184
2.068884408606638
0.3997162485110588
4.487753882915173e-12
70.19041218637993
180.329674432497
201.58340800477896
20.75493204898447
34.11495669056153
5.815785543612612
4.146132019120379
2.863575268821692
3.1056227598611184
2.068884408606638
0.3997162485110588
4.487753882915173e-12
124.70019414575866
408.0783303464755
320.6851105137396
101.02561230585424
11.713720878136199
24.856966845878134
4.146132019120379
2.863575268821692
3.1056227598611184
2.068884408606638
0.3997162485110588
4.487753882915173e-12
74.29771505376344
404.3473715651135
526.013664874552
147.3252688172043
18.807459677419352
10.296158154121864
4.146132019120379
2.863575268821692
3.1056227598611184
2.068884408606638
0.3997162485110588
4.487753882915173e-12
27.255264336917563
310.6332138590203
251.9858870967742
101.02561230585424
14.32709826762246
9.922726254480285
4.146132019120379
2.863575268821692
3.1056227598611184
2.068884408606638
0.3997162485110588
4.487753882915173e-12
92.59445937873357
328.55361409796893
200.08773894862603
54.730510752688176
38.59528076463561
5.815785543612612
4.146132019120379
2.863575268821692
3.1056227598611184
2.068884408606638
0.3997162485110588
4.487753882915173e-12
235.2154271206691
396.5046296296296
163.49835722819594
63.69295101553166
7.606780167268525
5.815785543612612
4.146132019120379
2.863575268821692
3.1056227598611184
2.068884408606638
0.3997162485110588
4.487753882915173e-12
69.81892174432497
210.57160991636798
347.9398148148148
152.1759259259259
11.340352449223417
5.815785543612612
4.146132019120379
2.863575268821692
3.1056227598611184
3.1889523596176823
0.3997162485110588
4.487753882915173e-12
279.27120669056154
412.18563321385903
582.7949522102748
247.38164575866188
59.50526433691756
5.815785543612612
4.146132019120379
2.863575268821692
3.1056227598611184
2.068884408606638
0.3997162485110588
4.487753882915173e-12
69.44257765830346
157.93010752688173
225.85088112305854
96.91830943847073
34.48846326164874
5.815785543612612
4.146132019120379
2.863575268821692
3.1056227598611184
2.068884408606638
0.3997162485110588
5.227016129032258
114.62253584229391
347.22222222222223
279.6124551971326
94.6789127837515
15.447281959378731
