0
0
0
0
0
39.52077451745514
565.1581375140844
1205.3449841030792
1917.7606896071861
833.5929702851197
101.7884266957948
0
0
0
0
0
0.3619909018965899
0
576.769230371893
1721.544663056347
2262.1929195283615
761.9359691770826
203.28707157379665
0
0
0
0
0
0
63.06622530736294
199.14190589928296
1417.9434625301385
1452.4133460192872
921.8682145462874
125.99614111160477
0
0
0
0
0
0
89.86684864863562
372.72712603638456
1425.3215895465719
2105.5503674199604
933.082288813318
223.95410156824542
43.65524517781027
0
0
0
0
0
79.18281390715198
314.78700009833085
815.7850329862488
1258.4090450192552
276.8689569910183
91.55443583975375
0
0
0
0
0
0
0
189.59057313494503
718.3214923078614
1159.2830054895326
424.4195111607072
18.348286653322994
0
0
0
0
0
20.101890800750677
67.43914009079302
727.9183807147286
1395.8325607442218
1777.775229219395
353.53126607926174
74.40388739236317
0
0
0
0
0
0
10.556023997746273
482.907729511819
1715.132231672368
2361.3870584752285
856.9087835752794
158.98147977581385
0
0
0
0
0
0
0
52.38252090014383
1016.6429856248119
1418.4684660127136
407.3748191631531
0
0
0
0
0
0
0
26.713071193420085
572.8313720349927
1652.6641592560652
2177.2204443532787
996.5682011497615
248.32177713820704
0
0
0
3.215548061130548
0
0
33.426794982879905
617.6302859153578
1772.4010669931579
1644.7201698472736
606.8546726996385
198.50538039303814
0
0
0
0
0
0
95.5896491322388
727.0676661258992
1339.9929279387559
1927.8641028141121
850.7784298334398
135.3286077738977
0
0
0
0
0
0
59.90454322002098
548.3876260792416
1129.1148668440067
1122.2258875585662
655.5061922771818
132.7854106641427
0
0
0
0
0
0
17.302237579045048
819.4768167728695
1530.3225972752712
2130.6928515462973
1061.7836697666921
272.15236141028095
0
0
0
0
0
0
0
473.79274199721567
1146.5053037010634
1798.3510111459204
1154.961174105873
60.50022718687367
0
0
0
0
0
0
0
447.1513925360848
891.5389417344636
1218.7739005444657
751.3686935856008
98.60634284172224
0
0
0
0
0
0
11.128885382123755
423.6363708049665
1305.5610288128805
2347.812894087016
1152.3627117225458
88.50975554085059
0
0
0
0
0
0
62.5081230360028
385.57872934412455
1704.3333231645263
1672.6167699496405
1174.8182918231855
239.92449366242028
0
0
0
0
0
0
0
361.9649753766461
596.2982751714248
1664.499093401202
645.1471472056469
127.110272962192
0
0
0
0
0
0
0
717.2658489582532
2161.665048619895
1669.1902326766333
883.6883219299269
367.3067107989747
11.937102869782777
