345.50814516129026
203.52773596176826
158.66432907706087
162.9000617906213
124.28170993876945
386.8784348864993
755.5089153972522
3101.267962216248
6849.908938172041
4993.401773446835
2150.612638142173
813.4897625448025
353.72451687574676
282.4856780167264
96.39758501344086
118.49797117682198
139.5285089605735
182.01292002688172
652.2791558393068
2163.73043234767
4735.7194519115865
4179.542880077659
2230.5566942951014
756.7802292413385
457.63456951911604
532.3053976254483
181.8098558841099
167.65654532556746
204.58861335125454
333.4147502240142
1406.4665434587816
4079.016789874552
8608.150929659501
6342.67594832736
3868.861715949821
1360.8580757168456
509.4205170997611
281.55590464456407
145.5446304883512
210.94395019414577
156.41937163978497
268.6592349910394
1137.5112193847074
3588.585890830347
8557.939404121866
7344.240875149341
3952.5735327060947
1251.360401732378
539.4244806600957
163.3788172043011
116.63216360513739
120.32945344235361
69.97696034946239
91.91108482676225
559.748322879331
1967.7899044205485
6075.503419952211
3598.6521505376336
1393.2240479390682
501.2831712962962
382.50909460872157
182.47267883811227
88.06319758064515
124.56851721176824
144.25457235663083
127.09182272998801
463.3473525238947
1874.6062163978497
4153.808157855436
3585.1643107825566
1402.3330645161288
423.8701564366787
243.3876459826762
307.69138104838703
158.30165994623655
139.70304222670245
140.89061611409795
205.60783340800472
690.6609606481484
3151.3358422939077
6528.3274380226985
4829.10710125448
1746.3320489844684
824.6378614097971
286.01924096475506
303.66911066308245
81.31942977150537
154.91128741039418
136.2768007392473
425.28993690262837
523.5882194593788
2866.527019862604
6926.751258213862
4732.619870071685
1504.965565262844
373.5471337365592
323.7182030316608
151.28439139038232
206.4571206690562
113.55203028935185
113.75837626941463
149.12439292114698
391.2150451762244
2820.4331055854236
6132.884927568698
4861.480264336916
2508.2964680406208
710.1307638888887
308.782195713859
233.548972520908
175.20197468637994
144.85958239994025
170.82495855734768
262.0049686379928
699.5614146505372
3355.957788231781
6942.214295848269
5960.5739620669065
2615.5111148446836
955.7088026433685
571.9632803166069
451.4465770609319
180.69464829749103
152.04894735663083
186.56383941905614
241.13260678016744
1091.0496415770613
4186.05535020908
8557.386566606929
5973.026515830347
3505.191435185186
1353.7707362604535
340.7371871266427
200.998107078853
119.33990994623652
116.25106705495821
153.08255152329747
591.3045624253284
570.7072476105137
2341.1942801672635
6192.715654868579
4491.86361260454
1533.964049432497
895.9362791218634
269.8474014336917
269.9878890382318
202.1656522550777
225.6058277703106
99.88741570340501
209.8787992831541
730.2661152180406
3660.0447020609317
6912.811701015533
5449.242768070488
2688.5930966248516
1390.824884259259
336.95360812425326
192.14102673237755
132.43910054510147
121.75199040471925
117.77648080943847
125.49384819295108
353.85168496117086
2473.543268369177
6187.260536140978
4724.16053614098
3371.560610812424
769.6693787335722
417.78485625746714
331.1752456690562
108.92131436678615
145.77958195191158
102.46736966099165
118.58617495519714
494.93531996714455
2196.624234617682
5553.994280167264
3563.6645683990437
1767.6441494922335
540.7438780615295
383.6187724014336
394.1827340949821
240.80861185782555
143.83228909050177
82.19241980286739
135.6800802718041
391.30992458183994
2087.424566905616
4792.785125448028
4499.211925029868
2104.135566009558
713.0851183542411
625.9612443996415
193.11795250896057
154.31375373357227
153.64147072879334
125.5002143817204
232.80381944444449
624.8957075119474
3190.1797677718046
7244.479084528078
5178.062604540024
2359.016849611708
1051.9914015830343
299.9937806152926
284.17824260752695
141.04133359468335
141.88476907855437
80.06833251194742
249.61165807945045
553.6228210872165
2990.524589307049
6242.990946087216
6081.248375896057
2945.291707735962
707.5288564068102
431.3368764934289
215.3709188321385
205.57251717443253
189.19769194295097
403.03023521505366
244.65674544504176
657.8150100806449
4290.333725358424
7603.606022252089
5529.638089904422
3071.8161626344086
981.9135864695339
394.5209972371566
226.92788567801674
92.65797360364397
86.06805790770609
34.15621288829151
38.87583837365591
326.0914377986857
1556.2776769713269
3691.1364433990434
3419.74885379331
1190.2269414575862
681.0789848416964
