14.962925627240143
7.477486559139785
5.869997013142174
4.487238649940262
5.196748058542413
17.35999103942652
37.785954301075265
93.14030764635602
203.09961170848268
200.95392771804063
100.76799581839904
38.90688470728794
18.938806750298685
11.240703405017921
3.450257616487455
3.9576836917562725
3.7857340203106333
8.317876344086022
36.881683094384705
78.10409199522104
172.28457287933094
181.24365292712068
116.49417562724014
41.58729091995221
19.463859020310633
22.374029271206687
7.037709080047791
5.008471475507767
6.641203703703703
15.91618130227001
65.73588709677419
135.26321684587813
283.6939964157706
269.174880525687
203.17727001194743
70.96774193548386
22.778785842293907
12.642846475507765
4.287414127837515
4.042469384707288
4.269784199522103
11.955981182795698
60.22102747909201
104.41681600955795
266.94183094384704
330.71497909199525
209.68637992831538
68.52598566308244
26.256347072879333
6.569444444444445
5.227523894862604
2.3462141577060933
2.5939889486260452
2.9223491636798093
29.22886798088411
72.73857526881719
199.84916367980887
161.78614097968938
74.79278673835127
24.919280167264034
20.987007168458785
7.63332586618877
2.612350657108722
3.808109318996415
2.45998357228196
5.896766726403823
25.89430256869773
72.19310035842294
140.94496714456392
155.10379330943846
77.8479689366786
22.821348566308245
10.542450716845877
12.836133512544803
5.696236559139785
4.627053464755078
4.1330458482676224
8.984244324970131
39.40942353643967
115.91733870967742
197.44362305854239
200.23297491039426
92.89239844683394
45.94422043010753
12.361297789725208
12.991935483870968
2.897449970131422
3.020478643966547
4.721046146953405
21.02064665471924
28.407258064516128
92.28718637992833
186.5826612903226
205.7728494623656
77.8673835125448
17.09460872162485
15.169466845878135
5.007803166069295
8.167936081242534
3.2981593488649934
6.464755077658303
7.48812724014337
20.714419056152927
100.49096475507766
196.74133811230587
219.23984468339307
143.38672341696534
36.35569743130227
13.731444145758662
9.11491935483871
6.431190262843488
3.69173013739546
6.257653823178017
10.236783154121865
37.578554360812426
91.98663381123059
210.00336021505376
254.0628733572282
133.77352150537638
47.62171445639188
27.79655764635603
16.962066905615295
6.001157407407407
3.8763440860215046
5.561249253285543
13.03461021505376
52.82743428912785
138.96692054958183
281.92465651135007
254.71438172043014
180.3416218637993
71.3694743130227
14.98962066905615
8.046781660692952
3.9855884109916366
4.458030913978495
5.8372162485065715
24.140083632019113
32.475731780167266
95.29868578255676
184.8805256869773
192.5089605734767
86.84401135005973
47.98536439665472
12.954898446833933
11.184401135005976
7.914053166069295
5.219168160095579
0.9917488052568698
9.519974611708484
35.63153375149342
111.38067502986858
203.27434289127834
229.57063918757467
150.34460872162484
72.95512246117086
17.523409498207887
7.894115890083632
4.15863201911589
2.0716509856630827
3.9461506869772998
5.849163679808842
18.579226403823178
87.9778972520908
201.38440860215053
226.82497013142174
195.54771505376345
42.94504181600956
21.30622759856631
14.234318996415773
4.688844086021506
3.3506011051373954
3.2793570788530473
4.845728793309439
26.891913082437277
77.72700119474312
172.01575567502988
160.9173387096774
92.66801075268818
31.549581839904427
22.606556152927123
14.744026284348864
10.534759557945042
3.6353606630824373
2.5496154420549577
5.506048387096773
19.13862753882915
83.22841995221027
128.7488799283154
209.19466845878136
113.17129629629629
41.46538978494624
30.68107825567503
7.780353942652329
5.22442876344086
2.830958781362007
2.0567801672640385
10.8475582437276
31.7317054958184
102.07586618876941
222.64336917562724
212.9450418160096
126.74731182795699
57.32900238948625
15.196572580645162
11.260454002389487
4.495433841099163
3.6339045698924726
1.4123431899641576
13.519750597371562
28.42977150537635
112.63328853046593
214.67069892473114
279.5571983273597
165.0470430107527
36.187051971326156
23.6964605734767
8.145945340501791
8.95303166069295
4.467241636798089
12.095766129032258
10.527180406212665
35.650686977299884
148.65890083632019
225.64889486260455
233.56145459976102
168.3266129032258
50.03509557945042
20.533676821983274
8.64605734767025
3.7124327956989247
2.1326575567502988
1.7648148148148144
1.297043010752688
18.359655017921146
72.00007467144565
151.67674731182797
164.43436379928315
62.4906660692951
40.84285394265233
