4.976385155316607
3.458669354865921
2.3887022103020024
2.674996266427718
1.7258064516401148
9.997401433691756
41.39411589008363
140.5428614097969
156.45534647550775
92.56683094384707
31.824223416965353
7.138440860215054
4.937376792114695
3.458669354865921
2.3887022103020024
2.5906137993103657
3.41819743130227
4.206257467144563
13.036140979689367
95.97147550776583
114.85215053763442
70.29233870967742
23.818324372759857
6.532646356033453
4.851403823205228
3.458669354865921
2.3887022103020024
2.5906137993103657
2.220952807646356
9.997401433691756
47.54704301075269
124.46236559139786
134.21445639187576
96.99111409796893
49.45191158900836
14.876045400238946
4.851403823205228
3.458669354865921
2.3887022103020024
2.5906137993103657
1.7990442054958184
7.899507168458781
75.50776583034647
191.11036439665472
261.6636798088411
192.84684886499406
56.695415173237755
15.34087514934289
6.293869474313023
3.458669354865921
2.3887022103020024
2.5906137993103657
1.7258064516401148
0.3334229390953121
21.334005376344088
93.69399641577061
135.44653524492233
52.483198924731184
22.939441457586618
8.807385005973716
4.851403823205228
3.458669354865921
2.3887022103020024
2.5906137993103657
1.8340688470728794
6.323566308243728
30.107153524492233
58.691756272401435
100.73924731182795
62.6198476702509
26.835050776583035
11.006944444444443
4.851403823205228
3.458669354865921
2.3887022103020024
2.5906137993103657
1.7258064516401148
6.693936678614098
40.70340501792115
60.412933094384705
99.18608124253286
24.68936678614098
30.063844086021504
9.808318399044206
5.25739247311828
4.405988649940263
2.977785244922342
2.5906137993103657
1.7258064516401148
5.7067801672640375
54.53629032258065
140.7706093189964
132.9786439665472
77.20318100358423
29.159572879330945
6.598715651135006
5.174593040621266
3.458669354865921
2.3887022103020024
2.663851553166069
1.996464307048984
0.5181115591397849
59.05017921146953
104.16293309438471
164.060633213859
68.05966248506572
29.140531660692957
9.82433542413381
5.86398596176822
3.588425925925926
2.3887022103020024
2.5906137993103657
3.0858721624850656
0.8978270609318997
37.53360215053763
107.37380525686977
124.54450418160096
88.28815710872162
23.584229390681006
9.44108422939068
4.9660356929510145
3.458669354865921
2.3887022103020024
4.950828853046595
2.730398745519713
12.687813620071685
33.99006869772999
165.17697132616487
224.19354838709677
102.8602897252091
29.876045400238954
7.524118876941458
4.9425515232974915
4.466472520908005
2.3887022103020024
2.5906137993103657
1.7258064516401148
0.7617010155316607
34.6598715651135
65.42712066905615
100.73924731182795
59.506048387096776
15.35221027479092
6.345579450445371
4.851403823205228
3.458669354865921
2.3887022103020024
2.5906137993103657
1.7258064516401148
7.617249103942652
18.349014336917563
121.23282556750299
138.61260454002388
64.35222520908005
30.843413978494624
6.345579450445371
4.851403823205228
3.458669354865921
2.3887022103020024
2.5906137993103657
6.487231182795699
0.4607900238948625
27.073999402628434
75.05227001194743
81.34707287933094
51.66928016726404
28.619698327359618
9.19937275985663
6.84468339307049
5.369138291517324
2.3887022103020024
2.670221027479092
1.7258064516401148
0.3334229390953121
0.7801299283154123
77.36335125448029
113.66114097968936
42.76993727598566
22.85506272401434
6.345579450445371
4.851403823205228
4.466472520908005
3.948962066905615
2.5906137993103657
1.7258064516401148
5.555570489844683
14.742756869772998
72.08408004778973
122.75238948626045
62.336096176821975
31.647998805256865
6.345579450445371
4.851403823205228
3.458669354865921
2.3887022103020024
2.5906137993103657
1.761229838709677
5.109781959378733
27.073999402628434
63.810483870967744
96.90486857825567
59.07295400238949
31.369474313022707
6.345579450445371
4.851403823205228
3.458669354865921
2.3887022103020024
2.5906137993103657
1.7258064516401148
3.8675104540023897
32.011648745519715
95.44877538829152
88.54540023894863
93.31727897252091
26.858945639187574
6.361500522700119
4.851403823205228
3.458669354865921
2.3887022103020024
2.5906137993103657
1.8611372461170848
6.383303464755078
61.510603345280764
168.30197132616487
222.52837514934288
104.39852150537637
34.56466547192353
7.3597296893667865
4.949316756272402
3.458669354865921
2.3887022103020024
2.6769862604540022
1.7258064516401148
16.074163679808837
19.085274790919954
86.51060334528077
108.13918757467144
53.061902628434886
23.039874551971327
10.929286140979688
