13.370183691756273
9.986708482676224
5.162261051373955
2.9353457287933096
5.48991935483871
8.358273596176822
27.389299581839904
71.56847371565114
146.09020310633213
208.12985364396656
107.24387694145759
52.09901433691756
37.28027927120669
10.456503882915174
6.912746415770609
11.192465651135006
4.183381869772999
4.57057945041816
27.84651284348865
67.701986260454
155.26433691756273
178.92062425328555
98.78434886499403
36.68813470728794
26.326575567502985
10.74074074074074
5.68189964157706
3.8860961768219835
3.302583632019116
7.030503285543608
34.40400985663082
140.5219534050179
205.85274790919954
259.7995071684588
62.988351254480285
40.872909199522105
25.159311529271207
9.688806750298685
6.3627165471923535
2.098148148148148
3.1685110513739545
6.017361111111112
17.618242234169657
33.229390681003586
135.80719832735963
151.10849761051375
68.31130525686977
32.113649940262846
16.212962962962962
4.406410543608123
4.350056003584229
2.8659386200716845
5.274342891278375
14.732974910394265
13.272252090800475
101.17756869772998
206.4243578255675
169.376866786141
85.94907407407408
40.496751792114694
19.31966845878136
6.00089605734767
3.722259557945042
2.7082175925925926
4.199574372759857
7.504666965352449
23.426149940262842
72.63142174432497
175.31362007168457
119.24992532855435
83.68988948626045
26.891017025089607
16.725545101553166
10.920586917562725
15.398297491039427
8.345239695340501
3.108071983273596
21.940785543608126
30.557198327359618
91.0032108721625
188.13918757467147
185.74260752688173
102.51082735961768
36.11036439665472
15.715800477897252
11.02755376344086
3.231399342891278
2.0557795698924735
5.250896057347671
4.461350059737157
34.34867831541219
91.17047491039426
277.2610513739546
248.69810334528077
166.11596475507767
30.847334229390686
18.9321609916368
8.857900238948625
2.985304659498208
3.3494997013142176
4.051907855436081
8.81978046594982
35.16259707287933
96.91046893667861
192.08109318996412
250.69145758661887
81.17196833930706
41.603979988052565
13.994698327359615
10.263030167264038
7.714717741935484
4.015221774193549
3.7789837216248507
7.369212962962963
42.93813470728794
75.96699522102747
151.67674731182797
213.9915621266428
143.95123954599762
57.30100059737156
18.344646057347667
10.433430406212665
6.679024790919954
3.0012395459976107
2.719858870967742
11.085834826762246
31.088522998805256
92.76993727598567
203.6861559139785
187.56197729988054
60.8363201911589
31.199746117084832
22.39997759856631
8.989956690561527
7.41084229390681
3.092432048984468
3.8238761947431303
5.419354838709677
47.64934289127837
72.72961469534049
192.75052270011946
183.16457586618876
76.75216547192352
30.366114097968936
6.804323476702509
6.436529271206692
5.162361857825569
2.7490740740740742
2.6077172939068096
25.72479838709677
50.58579749103943
144.41681600955795
206.90412186379928
244.54749103942652
93.06712962962965
34.94097222222222
23.094235364396656
9.408788829151732
4.881085722819594
3.8665845280764635
3.801933990442055
7.093787335722819
45.6160394265233
95.46333632019117
181.74656511350057
203.36021505376348
136.33661887694146
42.185782556750304
25.346176821983274
10.013552867383511
3.6430518219832737
1.6167600059737153
2.1919541517323777
12.08001045400239
30.429958183990443
91.88284050179212
206.6468787335723
247.2192353643966
104.2189366786141
40.156959378733575
14.338000298685783
9.286925029868579
6.754442951015531
5.369735663082436
7.0586917562724025
11.955458482676226
41.94929808841099
84.67144563918758
209.38694743130227
197.63440860215056
99.81892174432498
51.17794205495819
14.592555256869776
6.633997909199522
10.3879554958184
3.704786439665472
3.270975209080048
14.016465053763444
15.94030017921147
81.545325567503
133.55398745519713
171.87014635603344
88.60775089605735
49.16479988052569
24.947692652329753
23.276135005973718
5.097856929510155
4.809460872162485
3.7302942054958184
9.445900537634408
37.21255227001194
87.1688321385902
205.49283154121864
216.24589307048984
197.82631421744327
58.580122461170845
21.831429211469533
5.725545101553166
5.347446236559141
5.677083333333333
3.5973491636798096
10.671333632019115
32.005376344086024
76.20034348864993
189.75993130227002
332.17480585424136
183.14814814814815
38.83370669056153
25.78942652329749
13.984431003584229
8.324596774193546
2.68431899641577
3.439628136200717
7.47778524492234
29.657780764635596
107.09117383512543
219.84094982078852
219.09236857825567
218.22954002389486
69.59640083632019
