0.0
0.0
0.0
0.0
2.240142249103943
0.0
0.0
33.22883064516129
184.06317204301075
179.21139486260455
101.92790471923539
11.574025537634409
0.0
0.0
0.0
0.0
0.0
0.0
0.0
31.735513739545997
114.24630376344086
138.89071833930706
97.44571385902032
27.25524566905615
0.0
0.0
0.0
0.0
0.0
0.3733557347670251
0.0
66.45937873357228
156.06507616487454
224.76138739545996
49.65464456391876
11.200899790919951
2.9868690262843485
0.0
0.0
0.0
0.0
0.0
0.0
85.12731481481482
222.89366786140985
169.13026433691758
94.08788829151733
0.0
0.7467278972520908
0.0
0.0
1.1200899790919951
0.0
0.0
0.0
29.12205047789725
111.262208781362
106.03251941457587
72.05794504181601
0.0
0.0
0.0
0.0
0.0
0.0
0.0
8.2139075567503
70.19026284348865
190.0396505376344
126.56851105137396
121.71255227001194
3.3602337216248506
0.0
0.0
0.0
0.0
0.0
0.0
0.0
45.54999253285544
97.81910842293907
155.31791367980884
127.68906810035843
11.947565710872162
2.6135043309438473
0.0
0.0
0.0
0.0
0.0
5.973573775388291
38.08262395459976
110.51508363201911
126.56851105137396
61.97681451612903
23.52158751493429
0.0
0.7467278972520908
0.0
0.0
0.0
0.0
4.853823178016726
68.32291666666666
98.93966547192353
148.96766726403823
78.77740442054959
11.574025537634409
0.0
0.0
0.0
4.480283004778973
3.3602337216248506
0.0
0.0
73.92562724014337
173.23906063321385
178.83800029868578
184.06317204301075
12.320687724014338
0.0
0.0
1.1200899790919951
0.0
0.0
0.0
0.0
77.65688470728793
142.24854390681006
170.25082138590204
142.24854390681006
32.85528673835125
0.0
0.0
0.0
0.0
0.0
0.0
0.0
33.22883064516129
120.2227822580645
206.466472520908
167.63597670250897
29.12205047789725
0.0
0.0
0.0
0.0
0.0
0.0
10.080734767025088
51.52232676224612
141.50141875746715
121.71255227001194
153.82362604540023
29.12205047789725
0.0
0.7467278972520908
0.0
0.0
0.0
0.7467278972520908
0.3733557347670251
29.86869026284349
120.96957138590203
92.96733124253285
35.09561678614098
3.3602337216248506
0.0
0.0
0.0
0.3733557347670251
0.0
0.0
0.0
76.90972222222223
121.71255227001194
141.50141875746715
103.79144265232975
0.0
0.0
0.7467278972520908
0.0
0.0
0.0
0.0
0.0
42.93514784946237
122.83310931899643
151.20911738351253
87.36458333333333
12.694190561529268
0.0
0.0
0.0
1.1200899790919951
0.0
0.0
0.0
44.802830047789726
113.12574671445641
224.76138739545996
113.12574671445641
0.7467278972520908
0.0
2.6135043309438473
0.0
0.0
0.0
0.0
0.0
48.911626344086024
119.84901433691756
145.98394563918757
114.24630376344086
12.320687724014338
0.0
0.0
0.0
1.1200899790919951
0.0
0.0
0.0
45.54999253285544
136.64964157706092
148.96766726403823
70.93738799283155
14.561017771804062
1.493414351851852
0.0
0.0
0.0
0.0
0.0
0.0
70.93738799283155
179.21139486260455
160.16969086021504
121.71255227001194
0.3733557347670251
