2017.742995818399
1274.7131832437271
1195.9880525686976
1096.5148334826763
1066.974671445639
1737.0213821684592
1870.833531212664
2485.6725246415776
3163.0885229988057
3807.226665173237
3050.796818996416
2261.1482601553175
1829.7520534647547
1278.4858273596178
995.0670474910396
1024.480339008363
914.567727001195
1422.939369772999
1643.1793496117089
2211.2045586917575
3222.870934139785
3421.9707661290317
3302.850993130227
2246.8192204301085
1811.500130675029
1815.2238164575863
1341.0342443249704
1427.2468899342894
1497.2876530764631
1761.1231070788538
2019.9497050477896
3312.6438396057347
3775.9696833930707
4318.082287933094
4379.68656660693
2844.8682235663086
2453.367495519713
2286.177064665472
1631.0262880824368
1696.5260080645162
1607.6657620221042
2146.0195900537633
2545.1724873058533
2945.638466995221
3787.2286514336924
4241.572729988054
4642.928987455197
2946.7465277777783
2452.2619586320207
2066.6954861111117
1493.9301933990441
1607.2211477001194
1767.8582959976104
1757.7643051821983
2168.0837402927136
3102.2121751792115
4055.2391353046582
4312.208669354838
4048.4825268817203
3242.241188769416
2383.8286962365587
1910.2610775089609
1609.0947879330947
1462.5263142174426
1542.3143257168458
1994.6394265232982
2456.092185633213
2914.8824820788527
3748.74270459976
4789.443025686977
4074.9837029569894
2813.8430779569885
2412.0617682198326
2086.8497386499394
1802.236014038233
1544.0503192204299
1629.220512246117
1682.8801803315419
2421.1259259259245
2793.8581578554363
3503.8312425328545
4075.6191756272397
3790.911738351258
2834.1272140083634
2445.3336842891276
1698.0665695937867
1289.9754106929508
1380.3860961768223
1417.2079077060928
1577.151808915771
1905.4869571385905
2653.317529121863
2909.7188022700125
3617.838635005975
3473.7580645161293
2420.1336245519715
2036.0816084229398
2534.7158788829156
1487.6564142771801
1660.570825866188
1619.5602673237756
1707.9715725806452
2130.6880973715656
2929.2801523297485
3868.9616562126657
4366.769638590203
4282.703255675027
3064.6328405017916
2782.9616786140987
2292.866102897253
1807.845590651135
1407.2084304062128
1435.794697580645
1622.368147401433
2111.963011499402
2920.8544130824366
3858.2116188769405
4768.992420848268
4467.315785543608
2962.896105884109
2707.679398148148
2943.8276844384714
2202.88794056153
1561.664814814815
1299.6602900985665
1532.9570280764642
1713.5059923835126
2455.3771617383513
2958.33064516129
3590.4240964755077
3396.920250896055
2288.1728270609315
2258.1424357825576
1172.3801411290324
833.349356705496
888.0723267622465
934.6194272700118
1306.7048013739545
1401.61292562724
2139.5432198327367
3128.1570415173233
4077.519899940263
3736.6720766129024
2584.3516278375155
1746.6096998207888
1011.4011088709676
877.1516726403823
728.3174047939067
663.4175672043012
994.4638814217443
1168.1509412335722
2020.5477971923538
2657.4391315710873
2831.0234094982084
2351.6417264038223
1430.1493802270013
1070.0191420250894
991.378625298686
808.6387320788531
714.2306750298686
799.9089923088412
986.0496083482673
1277.453882915174
1786.8500261350052
2220.66459453405
2167.57971176822
2412.7345094086013
1487.3661439665468
1286.1085088112309
759.0521654719237
508.09641950418154
924.5278449820788
677.7771244026286
876.2312350657111
1376.829838709677
1883.7215987156508
2699.153199671445
3143.4689740143367
2842.4978718637994
1788.1769451911584
1267.815841547192
809.741816009558
781.5943137694145
855.4332437275989
871.9687836021507
1025.9377725507766
1843.9947319295097
2168.7429958183984
2876.704360812425
3093.2231182795704
2941.4109169653516
1700.5008885902027
1372.2027964456395
800.7755002986859
727.8019227897252
799.6752352150537
842.8446087216245
996.4361409796892
1229.2428800776584
1990.7842405913987
2652.3317278972513
2865.0637320788537
2146.12249850657
1656.0554808841102
1108.3648932198323
968.2361671146954
672.7279159199524
740.4633191457588
786.8538056675623
1082.8769552718038
1252.9622737455197
1757.0368354241339
2648.8915247909194
2818.378509557945
2334.471378434886
1649.6419168160091
1172.279439217443
864.7325679510157
698.1745445041817
625.9230660095579
881.0837328255674
1275.8167413381127
1481.6077695639185
2373.273036140981
3088.525011200716
3348.813358721626
2876.5929286140968
1786.7357750896065
1215.5766603195934
702.7908415471926
654.1715203106329
554.9804771505375
704.0668309438471
883.6316002090799
1071.8645721326163
1809.4292786738351
2598.6807310334543
2817.249406362009
2697.2989471326173
1605.6151247013138
