23.370258363201913
16.35767622461171
8.36402329749104
3.374454898446834
3.4743876941457588
3.8433467741935483
26.629517622461172
93.52710573476702
162.03143667861409
174.72670250896056
77.87298387096776
32.347819593787335
22.964904420549583
7.9127837514934285
3.643357974910395
4.139672939068101
4.091689068100359
8.102523894862605
36.75082138590203
105.98864994026285
231.07153524492233
164.45004480286735
105.23110812425328
33.297677718040624
18.552718040621265
11.29491487455197
7.318361708482676
2.5904532556750297
7.624962664277182
9.428800776583033
28.763328853046595
85.00149342891278
206.47700119474314
214.30518219832737
81.06929510155317
32.94351105137395
12.353419952210276
14.405167264038232
6.495669056152927
6.931563620071684
3.4303390083632017
7.514187574671445
26.037858422939067
95.09520609318996
223.47819593787335
219.63784348864993
146.40531660692955
58.71714456391876
15.82452210274791
9.435185185185185
5.013761947431302
3.33050701911589
3.7951127538829152
6.059961170848268
27.10043309438471
68.54950716845879
140.54174133811227
146.45049283154123
87.59147252090801
31.874178614097968
33.03543160095579
24.83281063321386
7.712104241338114
7.4840203106332135
6.931526284348865
8.564852150537634
28.83008512544803
101.60842293906808
184.84169653524492
153.70034348864993
64.14538530465951
36.36182048984468
26.769414575866183
9.644862604540023
6.116636798088411
2.806347072879331
3.754596027479092
9.320079151732376
44.09610215053763
121.8910543608124
244.226403823178
231.39486260454004
166.94519115890083
71.52329749103943
11.089456391875746
14.088747013142175
4.8734692353643965
3.399540770609319
7.020945340501792
13.601590501792115
34.64471326164874
79.2278972520908
158.26650238948625
125.54174133811233
70.32594086021506
34.97737455197132
17.90274044205496
11.74454898446834
9.169653524492235
5.269220430107527
4.100765382317801
2.3771990740740736
37.73700716845879
90.51821983273598
139.62738948626045
180.52120669056154
181.89889486260455
53.95609318996416
16.92633661887694
13.933579749103945
3.819388440860215
3.6499215949820787
4.095512246117085
17.464493727598565
28.991114097968936
92.74492234169655
170.02688172043014
199.1797341696535
215.8352001194743
55.605585424133814
16.50918458781362
18.938806750298685
4.494063620071684
3.2963074970131423
3.182571684587813
3.1555144862604547
42.97117682198327
62.12701612903225
206.26157407407408
211.18690262843484
134.26075268817203
42.717107228195935
17.979614695340505
8.638552867383513
6.066830943847074
2.351956391875747
3.298010005973716
9.9778972520908
24.194332437275982
84.03636499402629
174.63336320191158
203.84968637992833
98.66412783751494
38.46688321385901
15.484767025089603
8.487455197132618
3.6315524193548385
2.964142771804062
4.460256123058542
7.791591995221028
37.962514934289125
61.549805854241335
173.65554062126643
193.7425328554361
82.21662186379929
45.61379928315412
19.86779420549582
9.554062126642771
5.218787335722819
3.8950567502986857
3.4606481481481484
26.00253882915173
40.53464755077658
113.60065710872162
187.52240143369178
254.10580943847077
204.5586917562724
56.76224611708483
17.5773596176822
8.11040173237754
4.1656623357228195
3.367749402628435
0.9384543010752688
9.209752090800476
53.17204301075269
104.04793906810036
232.2057945041816
268.78397550776583
146.6722670250896
53.68130227001195
12.619287634408602
12.360103046594983
3.9242831541218637
4.373794056152927
7.89060633213859
6.249253285543608
54.5870669056153
123.73357228195935
276.3302718040622
225.3214605734767
205.23260155316603
63.46662186379927
22.197169952210274
8.069183094384707
4.3180555555555555
2.492730734767025
4.4952919653524495
26.38403524492234
64.30779569892474
136.68048088410993
278.8358721624851
312.9073327359618
204.0430854241338
56.57183393070491
31.849201015531655
11.149902927120669
5.122871863799284
3.0376941457586617
1.0970243428912785
7.367271505376344
27.08934438470729
83.38000298685783
229.77262544802866
216.8623058542413
68.08057048984469
29.609094982078854
13.050365890083635
7.2424208482676224
4.629778972520908
4.76360513739546
1.8331914575866188
6.753061529271207
31.07866636798088
75.19041218637993
199.39665471923539
215.56526284348865
128.07609020310633
53.96692054958184
27.534050179211462
9.552755376344086
5.097147550776583
3.6822207287933093
3.0353158602150536
5.384408602150538
30.944631123058542
42.040285244922345
114.81481481481481
161.16076762246115
110.4596027479092
51.853345280764636
