6.335648148148148
3.458669354865921
2.3887022103020024
2.5906137993103657
2.037865890083632
8.551762246117084
54.0621266427718
94.76926523297492
98.61111111111111
51.66928016726404
30.87402927120669
6.425186678614098
4.851403823205228
3.458669354865921
2.3887022103020024
2.5906137993103657
1.7258064516401148
10.585065710872161
19.897326762246117
124.58183990442055
119.2465651135006
94.75843787335722
30.41106630824373
10.803464755077659
5.122061678614098
3.458669354865921
2.3887022103020024
2.5906137993103657
2.665135902031063
3.9841472520908003
42.86514336917563
148.86126045400238
165.46818996415772
98.17465651135007
50.43869474313023
8.691569593787335
4.8991674133811225
3.458669354865921
2.3887022103020024
2.8501269414575865
3.2972296893667856
2.9165695937873357
42.02508960573477
84.36379928315412
134.21445639187576
83.23663381123059
35.27180406212665
6.475336021505375
4.882449596774194
3.7707287933094387
2.3887022103020024
5.121975806451613
1.7258064516401148
6.367622461170848
6.85110513739546
85.12918160095579
164.060633213859
86.58564814814815
35.520833333333336
6.457026583034647
5.0719123357228195
4.218115292712067
5.135902031063321
2.6503173536439664
1.7258064516401148
9.997401433691756
33.14068100358423
98.77165471923536
174.82078853046596
64.08714157706093
31.087589605734767
11.042040023894863
5.042450716845878
3.506432945041816
2.4842293906810036
3.139896953405018
1.7576482228195938
5.803853046594981
18.679062126642773
116.819743130227
157.69862604540023
130.83968040621266
46.09655017921147
13.62940561529271
4.851403823205228
3.458669354865921
2.3887022103020024
2.695691457586619
4.6930256869772995
8.551762246117084
72.08408004778973
119.60125448028674
142.45071684587813
74.78755973715651
39.591173835125446
6.978419952210275
4.851403823205228
3.625836320191159
2.3887022103020024
2.6256391875746714
2.9756197729988054
4.644952210274791
21.906735364396656
133.24746117084825
99.18608124253286
56.62746415770609
26.258587216248507
14.385827359617682
4.851403823205228
3.458669354865921
3.500410692951015
2.5906137993103657
2.123842592592592
9.711036439665472
34.52247610513739
42.86514336917563
83.44907407407408
9.629256272428647
26.73237753882915
8.377053464755075
6.411663679808841
4.036589008363202
6.27759109916368
2.5906137993103657
1.7258064516401148
0.3334229390953121
47.88306451612903
108.68428912783752
132.9786439665472
61.80219534050179
32.68966547192354
6.839120370370369
4.867324895459976
3.9490367383512543
2.423727598566308
2.5906137993103657
3.0791143966547194
1.3921520310633213
58.43040621266428
130.7347670250896
141.7749402628435
102.82295400238948
23.25306152927121
6.345579450445371
5.340949820788531
3.458669354865921
3.238873954599761
4.11305256869773
1.8372535842293907
6.879495221027479
52.70683990442055
83.94190561529271
60.412933094384705
62.89239844683393
15.563545400238949
6.345579450445371
5.0384707287933095
3.458669354865921
2.3887022103020024
3.326164874551971
1.7258064516401148
4.922356630824373
59.28539426523297
142.64486260454004
191.11036439665472
75.4035991636798
34.29136798088411
8.171744324970131
4.931011051373955
3.458669354865921
2.3887022103020024
3.080159796893668
1.7576482228195938
0.6454823775388292
42.04002389486261
42.04002389486261
73.65218040621266
62.60491338112305
29.06810035842294
6.551751045400238
6.101217144563919
3.458669354865921
2.3887022103020024
2.6383773894862603
1.7258064516401148
7.617249103942652
33.29114396654719
120.15382317801672
108.13918757467144
88.28815710872162
26.835050776583035
6.457026583034647
4.851403823205228
3.458669354865921
2.5049245818399046
2.5906137993103657
1.7258064516401148
1.3412261051373955
46.33736559139785
138.35125448028674
141.7749402628435
98.38747013142175
15.300455495818403
9.434289127837514
4.851403823205228
4.023073476702509
2.3887022103020024
2.621659572879331
1.7258064516401148
15.611200716845879
43.458781362007166
73.21161887694146
140.7706093189964
88.96393369175627
33.411364994026286
6.839120370370369
8.33015979689367
5.284834229390682
2.5256235065710873
2.5906137993103657
1.7258064516401148
1.6946833930704899
61.12231182795699
139.45265830346474
135.44653524492233
113.5943100358423
47.14493727598566
6.993540919952209
4.851403823205228
4.159983572281959
2.3887022103020024
4.950828853046595
1.7258064516401148
5.746729390681003
19.544504181600956
77.70310633213859
82.93757467144565
52.54293608124253
15.133288530493163
6.657638888888889
