9.549357825567503
4.146132019120379
5.103711170848268
3.1056227598611184
11.776247013142175
0.3997162485110588
6.720318100358422
145.23633512544802
426.37432795698925
300.148596176822
18.14142771804511
7.606780167268525
5.815785543612612
4.146132019120379
2.863575268821692
3.1056227598611184
2.068884408606638
0.3997162485110588
4.487753882915173e-12
173.23924731182797
471.18391577060925
526.013664874552
181.67002688172045
34.862044504181604
13.65628733572282
4.146132019120379
2.863575268821692
3.1056227598611184
2.068884408606638
0.3997162485110588
2.240135902031063
192.65158303464753
308.3934438470729
440.531660692951
240.6634557945042
41.95545848267623
5.815785543612612
4.146132019120379
2.863575268821692
3.1056227598611184
2.068884408606638
0.3997162485110588
4.487753882915173e-12
193.02755376344086
640.6959378733573
515.9658751493429
246.26232078853047
76.67786738351255
12.536103643966547
4.146132019120379
2.863575268821692
11.692764336917563
2.068884408606638
0.3997162485110588
4.487753882915173e-12
202.35775089605735
478.6618876941458
548.4505675029868
287.70646654719235
28.88791816009558
17.763104838709676
4.146132019120379
2.863575268821692
16.546706989247312
2.068884408606638
0.3997162485110588
11.200679510155314
159.798013739546
353.19705794504176
397.2225955794504
156.28322879330943
7.606780167268525
9.922726254480285
4.146132019120379
2.863575268821692
3.1056227598611184
2.068884408606638
0.3997162485110588
4.487753882915173e-12
124.70019414575866
374.84879032258067
306.4956690561529
123.05331541218638
51.6627464157706
5.815785543612612
7.133004778972523
2.863575268821692
3.1056227598611184
2.068884408606638
0.3997162485110588
4.487753882915173e-12
97.4454898446834
256.49529569892474
335.2464157706093
18.14142771804511
27.021505376344088
16.269825268817204
4.146132019120379
2.863575268821692
3.1056227598611184
2.068884408606638
4.506656959378733
4.487753882915173e-12
92.21848864994027
356.55615292712065
249.74649044205495
206.3138440860215
34.48846326164874
17.39000896057348
4.146132019120379
2.863575268821692
3.1056227598611184
2.068884408606638
0.3997162485110588
2.240135902031063
163.15710872162484
361.4116636798089
287.8270609318996
155.91136499402626
37.47550776583035
5.815785543612612
4.146132019120379
2.863575268821692
3.1056227598611184
2.068884408606638
0.3997162485110588
4.487753882915173e-12
86.24365292712066
354.68862007168457
424.84879032258067
254.4765531660693
65.10416666666667
15.149604241338112
4.146132019120379
2.863575268821692
3.1056227598611184
8.416106630824373
0.3997162485110588
4.487753882915173e-12
4.487753882915173e-12
270.30839307048984
330.7627688172043
18.14142771804511
44.19586320191159
5.815785543612612
4.146132019120379
2.863575268821692
3.1056227598611184
2.068884408606638
0.3997162485110588
4.487753882915173e-12
93.33818697729988
377.8360215053764
296.78950119474314
181.67002688172045
60.62473864994026
5.815785543612612
4.146132019120379
2.863575268821692
3.1056227598611184
2.068884408606638
0.3997162485110588
15.307497013142175
137.39396654719235
509.2458183990442
435.3031660692952
176.4433990442055
50.54293608124253
5.815785543612612
4.519489247311827
10.704077060931901
3.1056227598611184
2.068884408606638
0.3997162485110588
4.487753882915173e-12
238.57452210274786
456.22461170848266
442.3965800477897
111.4796146953405
35.235140382317795
5.815785543612612
4.146132019120379
2.863575268821692
8.706167861409796
2.068884408606638
0.3997162485110588
4.487753882915173e-12
82.88418458781362
459.23200418160087
409.16778673835125
120.44205495818399
44.19586320191159
5.815785543612612
6.759636350059737
2.863575268821692
3.1056227598611184
2.068884408606638
0.3997162485110588
4.487753882915173e-12
85.87141577060933
246.41763739545996
411.0356929510156
18.14142771804511
12.087152777777776
25.230510752688172
4.146132019120379
2.863575268821692
18.039986559139784
2.068884408606638
0.3997162485110588
4.487753882915173e-12
181.453853046595
459.23200418160087
482.7273745519713
18.14142771804511
30.754778972520914
5.815785543612612
12.360215053763442
2.863575268821692
3.1056227598611184
2.068884408606638
0.3997162485110588
4.106940710872162
137.76993727598565
452.151284348865
291.1861559139785
211.1689814814815
85.64030764635605
5.815785543612612
4.146132019120379
2.863575268821692
3.1056227598611184
2.068884408606638
0.3997162485110588
4.487753882915173e-12
149.7155017921147
368.50209080047796
236.3048835125448
18.14142771804511
7.606780167268525
