24.40400985663083
4.989097968936679
7.853494623655914
2.9832959976105142
2.32759109916368
4.267099761051374
26.873431899641577
78.9064366786141
150.02165471923536
219.83236260454004
117.0504778972521
45.22438769414576
27.01922789725209
16.478121266427717
3.338377389486261
2.520120221027479
1.5911805555555556
8.114247311827958
63.79032258064516
103.22804659498208
201.85409199522104
229.86857825567503
106.07004181600954
32.00974462365591
22.389038231780166
9.499029271206691
4.371867532855436
4.1910095579450415
4.272916666666666
6.159610215053764
30.334117383512545
104.28875448028674
177.10834826762243
234.68675328554357
196.60020908004776
49.204749103942646
26.33930704898447
6.715165770609319
7.385005973715651
4.395575716845878
11.598118279569892
8.570228494623656
36.23838859020311
95.2288679808841
220.1960125448028
272.97117682198325
162.92525388291517
64.52546296296296
32.69160692951016
9.14967891278375
4.897401433691757
3.9331391875746706
5.334128584229391
8.890270310633214
34.67570191158901
100.10416666666667
221.42025089605735
317.9790173237754
134.8999402628435
41.226366487455195
21.792973416965353
5.308542413381123
5.480585424133811
2.8326575567502985
4.372128882915173
9.020721326164873
32.8599537037037
102.46602449223417
170.4316009557945
186.54980585424133
204.8159348864994
38.4739023297491
21.929958183990443
15.926672640382318
3.6933617084826764
3.2238799283154123
13.79062126642772
8.595430107526882
33.97696385902031
79.16479988052569
148.98558841099162
131.12828554360811
82.63590203106334
47.829301075268816
24.86581541218638
8.088224313022701
6.581354540023895
6.201351553166069
3.651146206690561
8.879256272401435
35.23596176821983
89.39852150537635
130.10715352449225
141.34221923536438
62.07063918757467
30.191718936678615
24.01930256869773
10.159311529271207
3.6568399044205497
3.4429808841099163
3.3825604838709675
8.792488052568697
25.42730734767025
42.92962216248507
154.03748506571088
123.0816905615293
97.27635902031065
8.985439068100359
30.46669653524492
10.161850358422939
5.282706093189965
3.3163679808841104
3.150294952210275
7.5871789127837514
38.16898148148148
90.20609318996415
192.7113201911589
189.0621266427718
121.95303166069293
50.19638590203106
10.783863500597372
15.734468339307046
7.597632915173238
4.398540173237754
3.3579711768219824
8.929360812425328
27.43914277180406
96.16076762246118
162.45706391875746
218.58124253285544
149.72595579450416
38.17517921146953
18.371042413381122
14.59759557945042
5.123693249701314
3.645318100358423
4.301332885304659
7.525836320191161
35.18693996415771
91.83803763440861
229.25776583034653
189.22304360812424
92.97491039426522
45.52232676224612
29.427942054958184
10.868018219832738
7.176859318996415
3.533445340501792
2.851131272401434
4.7430779569892465
23.57295400238949
87.9693100358423
195.8109318996416
229.96602449223417
98.36917562724014
66.97505973715651
15.661364994026284
8.237716547192353
5.053390083632019
5.1364209976105135
4.667850209080048
25.372610513739545
54.908527479091994
85.7709826762246
217.26105137395456
218.84296594982078
137.25769115890083
31.41151433691757
19.820004480286737
8.313134707287935
5.007915173237754
3.6976403823178017
2.001941457586619
8.949111409796894
24.918533452807647
94.51090203106332
197.29913381123058
234.26373954599762
82.29428016726403
58.47595579450418
25.88422192353644
10.612119175627239
15.551075268817204
10.378061529271205
4.007597819593787
14.3528972520908
39.516315710872156
82.94914874551972
175.461096176822
230.0250149342891
121.32131123058542
48.72871863799283
19.468637992831543
8.922939068100359
5.3382243130227005
3.349686379928315
3.1775425627240144
7.832287933094385
14.17827807646356
83.77053464755078
154.56167861409799
134.9346624850657
95.293458781362
33.833109318996414
11.399529569892474
6.268518518518518
3.5432795698924724
3.1720280764635604
2.338817951015532
5.255936379928316
35.800291218637994
87.29577359617682
188.33930704898447
204.47393966547193
97.89165173237753
23.484169653524493
27.475657108721624
6.009744623655913
5.2051971326164885
4.230753434886499
7.474537037037037
6.294840203106332
23.64799880525687
113.70221027479091
247.29913381123058
218.42107228195937
145.2176672640382
47.02919653524493
13.062089307048982
5.4890979689366795
3.9103083930704905
2.6034684886499404
2.0110812425328555
5.304136798088412
26.1379554958184
71.08572281959378
133.7242383512545
165.7452210274791
92.23939665471923
8.052830047789726
