0
0
0
0
0
47.869863525818346
53.31162467059573
503.5853514865918
687.1300892487628
572.9515425670792
125.75504855959404
0
0
0
0
0
0
0
352.48495617834453
793.0377186119031
1417.4258944387557
497.91603190109697
94.96919522971068
0
0
0
0
0
0
75.21650159171183
619.6728198777777
2670.0540509411303
1416.1902277397173
898.2768913682706
99.57872773048172
2.34713828428702
0
0
0
0
0
27.305207370260504
440.26483511643227
913.9427813028442
1236.016317240748
359.5764644405584
309.94950927433865
6.015609574464996
0
0
0
0
0
38.498114086363444
285.13896395735117
591.1595102861293
387.61416748042603
338.73253225983547
2.9823778947119237
0
0
0
0
0
0.844483727748873
10.472055609428821
535.1937690728184
1414.0991954141934
1922.9534803999265
498.51748009738577
111.27432458641738
4.933914917521889
0
0
0
0
0
66.71228823894117
509.56077916156266
725.4409090118443
1262.701304488212
429.55501159897506
30.238975504669042
0
0
0
0
0
0
0
348.8060270028584
1117.2458069411848
1426.1966462888488
677.8530040053871
0.5462199191829598
0
0
0
0
0
2.6837938079779526
65.25914940601662
384.3410782478141
853.4672090417771
1154.2767844117584
560.7559422216957
0
0
0
0
0
0
0
0
127.06483230978353
1423.6296610481802
1574.272415679444
618.6784162035248
4.180610770226181
0
0
0
0
0
0
41.41798375229447
722.964067277365
2008.8642539704574
2266.3607015079674
1238.4074654117053
164.6173128900513
0
0
0
0
0
1.052474995726726
75.7621028359425
633.4139922907738
1316.1615360630092
2264.883965418652
667.2031610162358
245.9330731263469
0
0
0
0
0
0
30.156036648933778
535.3947945380229
1634.900783809359
2172.7896569731415
485.98296945758807
2.1334916079897397
4.371141385386451
0
0
0
0
0
36.963154544397504
499.0538030333236
1917.6572000231802
1633.1054859548988
442.57257358987005
82.41509289176244
0
0
0
0
0
0
0
566.1930556172875
1669.330124489594
2652.9373313370793
1602.8225839027662
125.5721357890242
0
0
0
0
0
0
0
385.15579815137744
799.2573557129583
592.8804566973931
486.5169164051946
144.05541691579631
0
0
0
0
0
0
62.438659874357924
499.305800315122
1202.2168681199294
1999.29997592692
903.3319470869424
263.6305739398948
0
0
0
0
0
0
0
444.2495776117469
1766.3748404883015
1766.0889921718626
1565.5653796368056
118.9062738296844
0
0
0
0
0
0
0
420.67651958214185
941.5118355059531
1261.9819189687048
587.3969978627554
35.62905283077025
0
0
0
0
0
0
8.387445710838875
709.1505562461862
1152.4427517262275
968.5607523898951
479.33422993470595
235.8329951478397
0
