5.815785543612612
4.146132019120379
2.863575268821692
3.1056227598611184
2.068884408606638
0.3997162485110588
4.487753882915173e-12
7.093862007168458
379.70392771804063
239.66435185185182
18.14142771804511
24.034460872162484
5.815785543612612
7.87970430107527
5.850448028673835
3.1056227598611184
2.068884408606638
1.8931526284348865
2.986872759856631
111.2585872162485
342.7430555555555
345.7000448028674
133.88366188769413
14.32709826762246
5.815785543612612
4.146132019120379
2.863575268821692
3.1056227598611184
2.068884408606638
0.3997162485110588
4.487753882915173e-12
183.3169056152927
360.66345579450416
284.83982974910396
155.53539426523298
45.68914277180406
8.429289874551971
4.146132019120379
2.863575268821692
3.1056227598611184
2.068884408606638
0.3997162485110588
4.487753882915173e-12
224.76142473118279
504.4224163679809
435.3031660692952
253.35685483870967
42.32900238948626
5.815785543612612
4.146132019120379
2.863575268821692
3.1056227598611184
2.068884408606638
0.3997162485110588
7.840501792114695
159.04980585424133
360.66345579450416
537.9618428912785
205.94198028673836
60.62473864994026
11.41633064516129
11.239994026284348
2.863575268821692
3.1056227598611184
2.068884408606638
0.3997162485110588
4.487753882915173e-12
138.14180107526883
396.5046296296296
435.3031660692952
223.48640979689367
28.88791816009558
5.815785543612612
4.146132019120379
3.983643219832736
6.092495519713261
2.068884408606638
3.759920101553166
4.487753882915173e-12
4.487753882915173e-12
237.82706093189964
239.29211469534056
96.17495519713263
20.674320489844682
5.815785543612612
4.519489247311827
2.863575268821692
4.972431302270011
2.068884408606638
0.3997162485110588
7.840501792114695
113.12649342891278
423.7597072879331
372.95512246117084
161.51022998805257
28.51482228195938
5.815785543612612
4.146132019120379
9.583893369175627
3.1056227598611184
2.068884408606638
0.3997162485110588
4.487753882915173e-12
157.55824372759858
353.568921744325
290.81466547192355
177.9394414575866
22.167637395459977
5.815785543612612
4.146132019120379
2.863575268821692
3.1056227598611184
2.068884408606638
0.3997162485110588
4.487753882915173e-12
163.52859916367981
297.19160692951016
279.6124551971326
18.14142771804511
22.541143966547192
5.815785543612612
4.146132019120379
2.863575268821692
9.825940860215054
2.068884408606638
0.3997162485110588
4.487753882915173e-12
188.1724163679809
531.6427718040621
409.54413082437276
284.3473715651135
75.18630525686977
17.016465053763437
4.146132019120379
2.863575268821692
5.345758661887693
2.068884408606638
0.3997162485110588
4.487753882915173e-12
123.58049581839907
282.25843787335725
328.5233721624851
18.14142771804511
10.593652927120667
15.896244026284347
4.146132019120379
8.464120370370368
3.1056227598611184
2.068884408606638
0.3997162485110588
4.487753882915173e-12
4.487753882915173e-12
259.85439068100357
351.67114695340496
161.8817204301075
7.606780167268525
5.815785543612612
4.146132019120379
2.863575268821692
3.1056227598611184
2.068884408606638
0.3997162485110588
4.487753882915173e-12
118.72983870967742
385.30241935483866
213.90120967741936
177.9394414575866
64.73192951015531
5.815785543612612
4.146132019120379
2.863575268821692
3.1056227598611184
2.068884408606638
0.3997162485110588
4.487753882915173e-12
4.487753882915173e-12
202.35775089605735
259.8241487455197
133.88366188769413
7.606780167268525
18.88332586618877
4.519489247311827
2.863575268821692
3.1056227598611184
2.068884408606638
0.3997162485110588
1.1200679510155316
212.0676523297491
353.19705794504176
366.2320788530466
135.00336021505376
11.713720878136199
16.64333183990442
4.146132019120379
9.210797491039427
6.465826612903226
2.068884408606638
0.3997162485110588
4.487753882915173e-12
85.87141577060933
428.988201911589
307.9872311827957
188.7649342891278
65.10416666666667
14.029868578255678
4.146132019120379
2.863575268821692
3.1056227598611184
2.068884408606638
4.88008885902031
4.487753882915173e-12
180.329674432497
458.83475209080046
531.6349313022699
220.49917861409796
32.248543906810035
5.815785543612612
4.146132019120379
2.863575268821692
5.345758661887693
2.068884408606638
0.3997162485110588
4.487753882915173e-12
123.58049581839907
276.65994623655916
294.17376045400243
192.1244026284349
34.48846326164874
5.815785543612612
4.146132019120379
2.863575268821692
9.452844982078853
2.068884408606638
0.3997162485110588
4.487753882915173e-12
177.34655017921148
493.9336917562724
397.2225955794504
18.14142771804511
34.48846326164874
