5.8559961170848265
3.9303315412186386
4.299171146953405
2.5906137993103657
1.7258064516401148
6.481123058542414
42.04002389486261
27.073999402628434
45.411439665471924
68.91465053763442
27.989471326164875
9.21023745519713
4.851403823205228
3.458669354865921
3.0573850059737158
4.206578554360813
2.215352449223417
9.7267174432497
53.95385304659498
148.1070788530466
190.54659498207886
94.75843787335722
34.14239844683393
6.978419952210275
5.344944743130227
3.458669354865921
2.4484057646356034
2.5906137993103657
1.7258064516401148
0.3334229390953121
50.38829151732377
124.58183990442055
165.17697132616487
72.55114994026285
35.022401433691755
9.930630227001195
4.851403823205228
3.458669354865921
2.461939964157706
2.5906137993103657
1.7417275238948626
9.711036439665472
43.57078853046595
111.08870967741936
93.71266427718041
81.71333632019116
27.050104540023895
6.767473118279568
5.524865591397849
3.9068473715651133
2.9260379330943844
5.471923536439665
2.1739844683393073
3.300642174432497
40.834080047789726
107.54554958183991
118.80973715651135
80.08176523297492
25.378584229390682
6.345579450445371
7.125709378733572
3.458669354865921
2.3887022103020024
2.6192715800477897
1.7258064516401148
10.323715651135005
47.046744324970135
103.65516726403823
101.23581242532856
67.06279868578255
32.68966547192354
10.089232377538828
4.942152031063322
3.56215651135006
2.7262246117084827
2.5906137993103657
3.0623879928315407
6.485229988052569
51.194743130227
119.3847072879331
174.82078853046596
85.1370221027479
39.591173835125446
10.461096176821984
6.045474910394265
3.8925104540023896
2.3887022103020024
2.5906137993103657
1.7683953106332138
5.6668309438470725
37.26291816009558
88.32138590203107
82.02284946236558
63.583109318996414
24.108796296296298
6.512746415770609
4.851403823205228
3.458669354865921
2.3887022103020024
3.740890083632019
5.018667861409797
15.808333333333334
18.79405615292712
135.44653524492233
119.63485663082437
70.29233870967742
31.6819743130227
9.851366487455197
4.851403823205228
7.621602449223417
2.3887022103020024
3.0841547192353644
2.6042413381123053
0.7636798088410992
50.38829151732377
132.9786439665472
160.84229390681003
105.46632317801672
26.023372162485067
11.042040023894863
9.162933094384707
3.6457362604540022
2.462335722819594
6.0533527479092
1.8213336320191158
6.481123058542414
44.67965949820788
85.12918160095579
161.9586320191159
76.1391129032258
44.790919952210274
11.440412186379929
4.851403823205228
3.458669354865921
2.3887022103020024
2.5906137993103657
2.358646953405018
11.90787037037037
66.8570788530466
141.4986559139785
136.91756272401435
72.21886200716845
21.374327956989248
6.882915173237754
5.520086618876942
3.458669354865921
2.8981854838709675
2.5906137993103657
2.5071311230585422
0.3334229390953121
83.94190561529271
179.86857825567503
232.05645161290323
175.09744623655914
49.123357228195935
12.148670848267622
4.93578629032258
6.339979091995221
2.3887022103020024
2.5906137993103657
1.7258064516401148
0.6375224014336917
78.65890083632019
176.77718040621266
190.54659498207886
103.34192054958184
48.45355436081243
6.817241636798088
6.475358422939068
4.159983572281959
2.3887022103020024
3.139896953405018
1.7258064516401148
7.895773596176822
36.235439068100355
95.02314814814815
82.93757467144565
53.20004480286738
30.87178912783752
6.835946833930705
6.250858721624851
4.127352150537634
2.3887022103020024
2.5906137993103657
1.9104950716845879
9.945131421744325
54.88724611708483
99.18608124253286
95.97147550776583
71.1398596176822
29.876045400238954
9.477971923536439
6.187985364396654
3.458669354865921
2.3887022103020024
4.927867383512544
1.7990442054958184
6.136514336917562
62.76881720430107
137.78375149342892
167.49178614097968
124.54487753882916
27.620221027479097
12.497386499402628
8.518481182795698
3.7814702807646356
2.3887022103020024
2.6065348715651133
3.2482452210274784
0.3334229390953121
46.99820788530466
114.11290322580645
121.23282556750299
63.50097072879331
25.262843488649942
12.398820191158903
5.790733273596177
3.458669354865921
2.977785244922342
2.5906137993103657
1.7258064516401148
11.223506571087217
33.14068100358423
64.71027479091995
91.2410394265233
25.48499103942652
26.73237753882915
6.345579450445371
4.851403823205228
3.458669354865921
2.4046232825567504
2.5906137993103657
1.7855100059737157
11.000612305854242
64.12783751493428
121.21042413381123
156.45534647550775
70.29233870967742
26.357526881720432
14.824148745519713
