0
0
0
0
0
17.6064600013261
97.39002968851688
576.2440283085751
295.2887660707461
129.55070624688793
68.95057574000025
6.843120855259066
0
0
0
0
0
0.01770733157962212
288.47088061084156
741.551383486455
1807.5337946777045
407.80775830492007
117.59684606603084
0
0
0
0
0
0
103.31872680079186
443.8645014787334
825.7081728049296
1694.413047333505
632.4133160994534
48.06924445688555
0
0
0
0
0
0
64.06446662951974
599.8683297400883
1660.7464700722587
2275.9181242897334
1021.1632326603911
215.55464666979864
0
0
0
0
0
1.5105274353149767
76.53776462399783
111.00410732652682
1069.6817623769298
975.659269033592
377.6677174450207
97.27975692697001
0
0
0
0
0
0
52.07233936092227
572.2819560501183
1078.8837682935248
1922.9534803999265
784.5647471224754
135.10493241198495
0
0
0
0
0
0
66.71228823894117
430.0595844184324
1935.1937465267786
2206.241104368738
1126.1354327459285
193.0705540590298
5.18819805458201
0
0
0
0
0
0
430.287881841568
1377.9245703820452
1843.689925858741
852.0730607556858
60.81813598847803
0
0
0
0
0
4.845842045731828
0
601.8653464676468
1538.5041714073684
2178.467719298258
951.8760139062834
209.51345106786533
0
0
0
0
0
0
46.2561192818311
569.1299084746581
1198.1924597339623
2251.5872304942586
834.4803875296898
294.4508467319944
0
0
0
0
0
24.22838079675693
106.38893655994084
698.9549573609971
1617.5877456072558
2486.7557134553986
1078.7203387689337
136.66207842171195
0
0
0
0
0
0
0
311.3541804628168
1033.6021722637258
773.7022897914118
397.1852398692823
58.54900054570173
3.9820221490951155
0
0
0
0
0
0
494.2877903564221
1438.8714379312225
1681.1140297329991
948.9197974145773
142.77476998313904
0
0
0
0
0
0
21.16114588250982
565.0745616952112
1633.3695656145783
1222.3404769943254
1667.2597002326418
109.69608154170268
0
0
0
0
0
0
27.701013065393
604.6962664894498
1160.104094023644
1810.357806247474
949.9682678932088
139.9723374019274
0
0
0
0
0
0
8.726727621802397
540.4951798718077
1064.2875976484422
1167.1475564584446
577.2606440037607
125.68310508783935
0
0
0
0
0
0
0
503.4470786902712
1234.4558914174204
2257.0452716258455
782.0879208025935
173.4285876794408
0
0
0
0
0
0.8445931480861724
0
0
1347.7756768084928
1000.4849001766418
799.7006842963035
132.42762986313716
4.620174234530907
0
0
0
0
0
0
312.21885829181934
1315.1117459002182
1213.7841143092064
578.3046292844999
310.3236839538288
0
0
0
0
0
0
0
540.7787671183487
2156.7651083570518
1367.8155313624159
431.2678470195327
127.25507549431516
2.1748194169751116
