19.629965651135006
4.146132019120379
2.863575268821692
5.345758661887693
2.068884408606638
0.3997162485110588
26.88168309438471
123.2086320191159
467.8199671445639
429.3279569892473
56.22379032258065
30.754778972520914
5.815785543612612
4.146132019120379
2.863575268821692
3.1056227598611184
2.068884408606638
0.3997162485110588
4.487753882915173e-12
296.44377240143365
557.0452508960573
515.9658751493429
167.10909498207886
42.32900238948626
5.815785543612612
4.146132019120379
2.863575268821692
3.1056227598611184
6.175825119474312
0.3997162485110588
4.487753882915173e-12
202.35775089605735
474.14725209080046
490.2053464755078
192.1244026284349
40.462141577060926
12.536103643966547
4.146132019120379
2.863575268821692
3.1056227598611184
5.055757168458781
0.3997162485110588
4.487753882915173e-12
223.26538231780168
501.0584677419354
307.9872311827957
157.40292712066903
75.18630525686977
5.815785543612612
4.146132019120379
2.863575268821692
3.1056227598611184
2.068884408606638
2.266524790919952
4.487753882915173e-12
114.2461917562724
526.4183841099164
363.9926821983274
247.38164575866188
44.19586320191159
5.815785543612612
4.146132019120379
2.863575268821692
3.1056227598611184
2.068884408606638
0.3997162485110588
4.487753882915173e-12
92.21848864994027
352.8210872162485
322.1766726403823
18.14142771804511
59.50526433691756
5.815785543612612
4.146132019120379
2.863575268821692
6.092495519713261
6.175825119474312
0.3997162485110588
4.487753882915173e-12
207.9607228195938
424.8790322580645
521.9399641577061
115.96326164874552
67.71505376344086
5.815785543612612
4.146132019120379
3.983643219832736
3.1056227598611184
2.068884408606638
0.3997162485110588
13.814180107526882
198.62641875746715
407.33049581839913
415.8908303464755
273.51702508960574
59.50526433691756
5.815785543612612
4.146132019120379
2.863575268821692
6.092495519713261
7.295900537634409
0.3997162485110588
4.487753882915173e-12
76.53748506571087
355.80869175627237
327.4036738351254
87.58400537634408
38.59528076463561
5.815785543612612
4.146132019120379
2.863575268821692
3.1056227598611184
2.068884408606638
0.3997162485110588
33.975545101553166
212.0676523297491
428.988201911589
638.7836021505377
288.0779569892473
40.462141577060926
5.815785543612612
4.146132019120379
2.863575268821692
3.1056227598611184
2.068884408606638
0.3997162485110588
4.487753882915173e-12
149.34363799283153
514.1136499402628
511.8484916367982
245.89008363201916
40.089045698924735
9.175989396654721
4.146132019120379
5.850448028673835
3.1056227598611184
2.068884408606638
0.3997162485110588
4.487753882915173e-12
86.24365292712066
404.3473715651135
498.0398745519713
242.90285244922342
12.833796296296295
15.149604241338112
4.146132019120379
2.863575268821692
3.1056227598611184
2.068884408606638
0.3997162485110588
4.487753882915173e-12
159.798013739546
500.3050328554361
511.8484916367982
259.7035543608124
7.606780167268525
16.64333183990442
4.146132019120379
2.863575268821692
3.1056227598611184
2.068884408606638
0.3997162485110588
4.487753882915173e-12
136.65023894862605
407.33049581839913
555.1329151732377
373.950119474313
75.55779569892474
5.815785543612612
4.146132019120379
2.863575268821692
3.1056227598611184
2.068884408606638
0.3997162485110588
29.495221027479094
163.15710872162484
285.24604241338113
479.36342592592604
59.9575119474313
30.381645758661886
5.815785543612612
4.146132019120379
2.863575268821692
3.1056227598611184
2.068884408606638
0.3997162485110588
4.487753882915173e-12
149.7155017921147
640.6959378733573
490.2053464755078
270.90576463560336
17.687238649940262
5.815785543612612
4.146132019120379
2.863575268821692
3.1056227598611184
3.562320788530465
0.3997162485110588
4.487753882915173e-12
181.82571684587813
455.86805555555554
520.7892771804061
179.05876642771804
14.700642174432497
5.815785543612612
4.146132019120379
2.863575268821692
3.1056227598611184
2.068884408606638
3.386589008363202
4.487753882915173e-12
157.93010752688173
339.3839605734767
398.71415770609315
167.10909498207886
62.86439665471922
5.815785543612612
4.146132019120379
2.863575268821692
3.1056227598611184
2.068884408606638
0.3997162485110588
4.487753882915173e-12
118.72983870967742
344.2349910394265
354.28651433691755
135.00336021505376
7.606780167268525
11.042801672640383
4.146132019120379
2.863575268821692
4.599059139784946
2.068884408606638
0.3997162485110588
4.487753882915173e-12
282.25843787335725
550.3173536439665
498.0398745519713
396.7256571087216
77.79719235364396
