24.975134408602152
11.787149044205496
9.164986559139784
2.842256571087216
3.4741151433691755
7.1680854241338094
49.44929808841099
98.5005973715651
218.26986260454004
229.56578554360811
96.40344982078852
36.96621117084827
17.69948476702509
7.596662186379929
9.153076463560334
3.3002912186379936
6.980585424133813
9.725545101553166
37.80032855436082
99.05727299880526
240.17995818399044
159.08863500597369
144.79353345280762
47.12029569892473
10.483422939068099
8.661439665471924
8.377314814814815
3.464433990442055
3.7033938172043013
13.121527777777779
30.57343936678614
92.08221326164875
246.2275985663083
234.70318100358418
138.23775388291517
43.07261798088411
24.176672640382318
11.102785244922341
5.315561529271207
6.7172192353643965
3.2552232676224606
5.871714456391876
36.20676523297491
125.108646953405
270.70527180406214
292.91330645161287
123.03502090800478
55.35356929510155
21.489359318996417
12.281511350059736
6.691158900836319
4.431470280764636
3.465781810035842
6.884893966547192
40.23435633213859
77.80913978494624
196.80443548387098
220.0003733572282
100.38941158900836
27.163903823178018
12.589307048984468
16.692727001194744
5.447841995221027
4.276825716845878
2.627632168458782
7.4272326762246115
18.80581690561529
65.67316308243727
193.15822879330943
156.87350657108723
85.2318548387097
45.128434886499406
21.824783452807647
10.381085722819593
6.6017025089605745
3.63931078255675
4.313250448028675
11.411327658303465
45.82549283154122
127.85879629629628
194.7252090800478
263.9796146953405
80.28823178016727
64.97983870967742
12.70497311827957
8.479614695340501
11.274156212664277
3.6803539426523297
1.9231033452807649
9.438844086021506
28.407407407407412
95.46296296296298
189.4115890083632
255.12544802867384
135.43794802867384
41.411813022700116
21.559102449223417
9.262246117084826
4.792010155316607
2.787302120669056
4.5630376344086025
8.705309139784946
14.589269713261652
82.72998805256869
168.37701612903226
152.21326164874552
76.97804659498208
58.32735961768221
22.71426971326165
10.30055256869773
3.5712738948626037
4.12991711469534
4.801493428912784
3.927942054958184
51.83579749103943
81.4135304659498
223.74327956989248
262.4436230585424
170.32818100358423
63.1347072879331
31.52120669056153
13.02374551971326
4.867868876941458
2.319851403823178
4.080383811230585
11.736969832735962
11.1636798088411
41.24731182795699
186.4613201911589
188.898596176822
145.03621565113502
30.313918757467146
18.459789426523294
12.058542413381124
4.495333034647551
5.245347968936678
2.665718339307049
6.367308841099164
32.45011947431302
63.08878434886499
181.1036439665472
223.9426523297491
90.11984767025089
35.94590053763441
19.972147550776583
10.614658004778974
2.456332138590203
2.9879666965352447
3.3048611111111112
6.676784647550778
33.546893667861404
97.57691158900838
214.36305256869773
186.4613201911589
131.14359318996418
13.739359318996414
18.318324372759857
8.700082138590203
4.550216547192353
5.003024193548388
3.722550776583035
8.722670250896059
33.44929808841099
72.76769713261649
212.72476105137395
232.56309737156508
169.12410394265234
41.23192951015532
9.328666367980885
15.946535244922341
3.0675179211469534
3.345127688172042
2.831455346475508
12.832474611708482
58.63425925925926
76.34781959378734
192.26814516129033
244.540770609319
103.35610812425328
48.37141577060932
13.919616188769414
7.854241338112306
4.835935633213859
4.266976553166069
4.210771356033453
5.281810035842294
34.38048835125448
79.66920549581842
222.12178912783747
197.59856630824376
131.12567204301078
37.79525089605734
25.721774193548388
9.076575567502987
2.4644825268817203
4.102777777777778
1.9825791517323776
21.940225507765835
47.22147550776583
95.08064516129033
211.56959378733572
292.36820489844683
127.66315710872162
44.22528375149343
14.562350657108725
23.646692054958184
11.21486708482676
3.912843488649941
9.505301672640382
13.65524193548387
13.672864396654719
169.5403972520908
280.16091696535244
261.31533751493424
210.78367682198328
74.40225507765831
31.65527927120669
12.989732676224612
4.736633811230586
4.154622162485066
4.927606033452808
6.266166367980884
32.25813918757467
88.04622162485065
216.084229390681
236.18354241338113
199.53778375149344
42.53378882915173
26.88612604540024
18.04237604540024
6.28304211469534
3.6665733273596177
0.7390442054958183
11.261984767025089
32.720952807646356
104.07892771804062
229.4164426523297
299.6695788530466
282.8483422939068
84.80921445639189
