16.42544056152927
9.059289127837514
5.219272700119474
3.649824522102748
1.8668906810035841
5.845504778972521
42.97192353643967
48.354390681003586
197.4342891278375
194.01097670250897
88.31914575866189
37.00474163679809
14.555107526881718
4.212395459976105
7.814665471923536
3.48978494623656
1.7800365890083631
17.1360513739546
34.97838261648746
70.17734468339309
220.76911589008364
263.85603345280765
178.4192054958184
50.253509557945044
24.77255077658303
4.613086170848268
4.749775985663083
4.429894713261649
4.104991786140981
1.8546184289127838
25.60483870967742
95.02240143369175
163.68764934289126
190.32743428912784
181.19138291517325
42.37791218637993
32.77139336917562
9.272737455197133
7.323850059737157
2.7641502389486257
3.8150350955794505
7.458818697729988
21.049843189964157
86.07377538829152
139.5601851851852
142.6176075268817
134.6863799283154
35.34785692951015
30.756011051373953
7.408938172043011
5.362604540023895
5.65255376344086
5.592107228195938
6.580570489844684
18.869212962962962
80.1097670250896
203.80413679808842
193.8138440860215
86.87275985663081
28.65031362007169
22.443287037037038
20.38093637992832
7.001157407407407
4.1291816009557945
3.4454301075268816
25.424283154121863
27.26810782556751
77.86925029868577
181.02673237753882
158.7996565113501
79.58146654719235
33.953293010752695
7.996751792114694
9.84386200716846
1.8875485364396656
3.0900126941457584
8.46326164874552
9.271430704898448
68.2538082437276
89.15658602150538
227.33982974910396
228.2302867383512
189.4011350059737
28.829525089605735
25.43570788530466
4.633340800477897
2.7297640382317803
4.454263739545998
2.391356780167264
11.85666816009558
46.303763440860216
80.16315710872162
228.2075119474313
253.03054062126648
180.98977001194743
67.47461170848268
22.94866338112306
5.097520908004778
3.64933169056153
2.913911290322581
6.058206391875747
7.631944444444445
32.67379778972521
53.53606630824374
189.3936678614098
260.977449223417
154.96079749103941
28.091509856630825
12.582549283154123
9.913269115890083
2.304065860215054
0.7953464755077658
2.5194929808841096
4.595056750298687
23.029644563918755
91.18242234169654
196.11036439665475
200.11798088410993
89.51612903225806
67.24163679808841
13.544504181600956
14.855137395459977
4.756907108721625
2.633818697729988
2.4772588112305853
9.30245669056153
19.95157556750299
34.18122759856631
93.57078853046596
115.82437275985666
92.20728793309438
56.226851851851855
16.396169354838708
17.6048013739546
3.8431526284348867
3.102871117084826
5.030984916367981
5.061939964157706
27.9192054958184
68.94899940262843
147.67137096774192
228.56742831541217
136.23730585424133
75.19414575866189
17.55719832735962
12.151209677419354
11.8309811827957
2.9416928016726405
5.139523596176821
4.732153524492235
63.489396654719236
104.82377538829152
234.56765232974914
235.53763440860214
136.74768518518522
50.70863201911589
13.671296296296296
15.204674432497013
5.76288082437276
4.3025836320191155
2.2337738948626047
7.421706989247313
35.58430406212664
118.37888291517324
182.22147550776583
259.55309139784947
229.97461170848268
56.28136200716846
32.10125448028674
11.709117383512547
6.822468637992832
3.7327396953405025
2.1870557048984467
10.414015830346475
40.42607526881721
98.17876344086021
181.72043010752688
230.55555555555554
78.2246863799283
38.881048387096776
27.444332437275985
9.424208482676224
7.342405913978495
3.7970952807646356
12.88493130227001
18.355884109916364
37.2035170250896
98.29861111111113
195.72169952210274
162.79980585424133
79.9895459976105
23.52777777777778
8.912858422939069
5.36667413381123
6.349611708482677
8.225657108721625
2.4733497610513737
7.7576538231780185
23.412821087216248
80.04965651135007
214.15322580645164
226.59535543608123
95.56787634408602
35.24499701314217
23.13444593787336
11.30215800477897
5.6460200119474315
2.9317764336917564
5.653726105137396
22.697393966547192
31.635491338112306
93.04472819593788
244.07071385902032
277.73222819593786
197.1057347670251
65.92331242532856
22.065972222222218
6.2807646356033455
5.545773596176822
6.220004480286738
2.7953293010752693
12.357900238948627
38.450492831541226
78.89672939068099
226.13201911589007
247.01426224611708
147.0038082437276
27.450156810035846
19.793010752688172
3.289889486260454
3.723521505376344
2.9525201612903227
3.7497423835125447
4.845586917562724
37.96068548387097
78.85267323775388
236.31235065710877
228.2250597371565
132.3644713261649
56.84849163679809
