751.2968951612897
249.50710834826768
170.1329659498208
121.61785498805256
104.11169425776582
155.39798013739545
490.1760338261649
2373.8816084229397
6004.239422789724
4578.532459677419
2423.6132765830334
1284.8060334528072
600.3961443399044
246.53424581839917
150.5989650537635
148.25631649492232
155.0831422117682
239.84459304062122
739.269102075866
2108.99060073178
6774.155346475508
5662.491229838709
3350.529147998806
1406.3752800179213
451.62903748506574
284.92015718339314
144.70572289426516
168.22182653823177
216.64864221176825
428.47295213560335
1417.0600657108723
4030.614363052568
7843.391748805257
6918.319649790921
3707.14675925926
829.1815255376346
388.56952770310636
346.2825806451613
175.78292338709673
167.1631291442652
186.4154454898447
299.8993137694147
194.75314926821983
3545.2786028972523
7194.210140382316
4580.147222222223
2592.807713560334
757.6619705794501
340.7412806152928
206.6025940860215
114.70640990890087
102.57423416965352
131.36052759109918
161.97050104540023
606.2708613351256
3449.106141726403
6396.838526732377
5027.731048387098
2749.9580831839903
1254.4899604241336
360.2727706839904
211.14089269713259
193.00144265232984
160.04997218488649
162.18398794056154
280.1999313022701
770.0069496714457
3854.712294653525
7234.962593339305
5261.7123954599765
3723.862193847073
1361.711350059737
294.10472184886504
313.26931040919953
168.12516726403823
172.74659304062126
177.9550097072879
529.3181261200717
985.7990778076463
4340.907631421743
7264.170975209082
5820.8261014038235
2782.4134445937875
895.7500634707286
466.9585819892473
240.78400724313013
94.63780563022696
140.62528233273594
80.85559264486261
117.07836689814813
285.6402815113501
2420.710297192353
3132.793458781363
4089.4671296296297
2371.267697132616
586.0468443847074
233.2513836618877
201.27558355734766
90.02221751792115
111.54474596774192
85.85847423835126
120.1899843189964
469.19616300776585
2630.547491039426
3657.2377053464747
3732.942443249702
1525.6759770758663
701.1328737305855
389.6420310633213
222.52419653524493
129.2157859169653
87.29899499701314
83.71485741487454
87.05523219086022
408.60749589307034
2076.981862305854
3984.681055854242
5296.099047939068
2187.078998655914
1409.5226702508958
623.3527299880524
506.5281895908002
267.36234393667866
140.49723988201913
142.48744922341692
362.1633337066905
1156.7954151732372
3147.9629480286744
6622.565106033453
5221.080342741938
4186.174481033454
1189.9078591696534
198.95830906511355
184.01109879032262
200.89152703106336
165.39306074522105
162.83734330197134
217.69210536140972
1167.3996079749102
3219.967316308244
7292.775810185184
6699.589512395459
2651.8219870071694
900.8558064516133
299.9574286887696
268.54115218040624
160.62695975209078
175.0164679286141
135.16227658303467
188.79352710573477
794.8212903225809
2805.78545400239
4874.070855734766
3775.2727374551973
1737.9976665173226
935.6612492532854
527.5491677867384
297.4568626792114
172.98127202807652
135.59298738052564
133.11667861409796
171.63054472819596
907.0898446833933
2770.480925179211
5481.777579898447
4715.768615591397
1554.6121677120668
957.3390531660697
513.3031839904421
175.02196012544803
437.6913317652331
113.37853520758661
107.09443107825565
69.03022603046597
916.5660648148151
3156.3736783154113
7500.128352747908
5270.294321236561
3191.1089344384714
795.6376713709676
445.665708258662
545.108959453405
173.8983613351254
159.55935043309435
135.8363757467145
165.99929136798093
621.7054696833933
3766.6119175627246
6888.916644265231
6194.84122610514
2503.812787485065
382.59201874253284
587.37554958184
282.4392129629629
253.47972558243728
166.78271359767024
117.78806884707286
285.60113313918765
286.21777516427716
2989.8850657108724
6793.496721923535
4677.523402031064
2796.4888963560325
1120.1644003882914
483.3403349014336
172.79079973118283
137.78669317502982
95.81294216696536
116.51104260005975
252.488340800478
316.69363985961763
1584.0469354838715
4104.984061379929
1213.9993593189963
568.0051370221029
753.4805607825564
297.2362264784947
268.49565897550775
143.49000784050176
138.75049137544804
177.99681720430107
498.03471027479065
711.0624238351254
2992.0465987156513
5159.620486111112
4121.86081242533
3105.929696833932
868.3321400836323
350.1890266577063
205.2060162783751
188.8809864097969
142.01890875149337
289.1638112305855
182.698151135006
1370.6085386798093
3054.765464456392
7258.733919504181
5289.1925477897275
3187.6936305256863
1022.5424731182794
