41.17984617682198
8.144974611708482
5.491860812425329
3.0045064217443245
3.084300328554361
7.3452807646356035
28.914239844683397
88.01821983273597
180.90203106332137
190.63956093189964
127.99581839904418
69.08228793309438
31.375
9.550067204301076
6.021916069295102
4.047304360812426
4.688284050179211
11.156996714456392
38.447841995221026
97.5825119474313
233.77090800477902
247.10722819593786
181.23319892473117
74.54898446833931
28.46990740740741
11.55798237753883
4.669978345280764
3.6177195340501793
4.563033900836321
18.196161887694142
79.70878136200717
123.36992234169651
251.57407407407402
292.1934737156512
199.28203405017922
40.176971326164875
17.24996266427718
15.036066308243731
7.461730884109916
4.749439964157706
6.574708781362007
14.135603345280765
11.845355436081242
78.20527180406212
232.52240143369175
192.69750597371566
137.26067801672642
39.7484692353644
15.964755077658303
7.448476702508961
4.420422640382318
2.81215651135006
3.8930032855436076
5.435782556750299
30.040807945041816
95.85312126642772
205.75082138590204
220.13104838709674
138.6017771804062
66.70810931899642
14.937985364396654
8.550963261648747
8.646953405017923
3.3457213261648744
4.8323738052568705
15.402740442054958
40.96176821983274
124.28016726403821
213.69548984468338
223.87544802867384
193.2265531660693
71.08833632019116
12.828927718040621
12.754405615292711
6.217480585424133
3.952598566308244
4.953744772998805
22.065972222222218
51.0200119474313
147.0019414575866
231.413903823178
232.13560334528077
142.80465949820788
46.99671445639188
22.8307945041816
8.385379330943849
3.1277479091995226
4.423293757467144
1.227968563321386
4.3765232974910395
15.445863201911592
92.28009259259258
110.5324074074074
185.04778972520907
115.5492084826762
30.81548685782557
12.211581541218637
7.584341397849462
4.556824970131422
3.0356518817204297
4.811230585424134
3.6085984169653527
26.62854689366786
114.39665471923536
136.30675029868578
181.16898148148147
93.28853046594982
36.887955495818396
18.857190860215052
7.296781660692951
4.751306750298686
3.494941009557945
3.10423013739546
2.8287933094384705
20.410394265232974
91.80816905615293
164.53442353643968
244.61096176821982
117.00194145758663
76.93697729988052
30.539725209080046
22.288978494623656
10.524305555555555
4.4682721027479095
7.300477897252091
15.961058841099163
56.47326762246117
119.56429211469536
223.44982078853047
240.257243130227
219.56055854241333
58.68242234169654
7.076948924731183
8.642249103942651
7.975470430107527
4.635678016726404
6.0238612604540025
8.591472520908004
60.94235364396655
119.06548685782556
238.84445937873352
297.12104241338113
142.9879778972521
43.98297491039426
15.024417562724016
11.6913082437276
6.110737753882915
3.9336320191158896
2.4132317801672643
8.824708781362007
40.452322281959376
92.10088112305856
184.43697729988054
171.5419653524492
86.10439068100358
46.270161290322584
28.467667264038234
9.604166666666666
5.575156810035843
4.1352747909199525
6.667376045400237
9.540733273596176
47.83938172043011
90.4965651135006
197.27299880525692
195.00970728793308
87.22110215053763
53.08691756272401
23.960013440860212
6.804398148148147
19.802045997610517
2.8849873058542412
3.5105398745519714
3.1099723715651137
41.57108721624851
86.80928912783752
212.24201015531656
239.9663978494623
163.48827658303466
39.1890307646356
24.125522700119475
26.577508960573482
7.411663679808841
5.333284796893667
3.7561417264038233
8.551709976105137
33.610513739546
108.54054659498208
232.2983870967742
255.49768518518513
130.2221475507766
16.022924133811234
28.448028673835125
12.86689814814815
10.99268219832736
3.7670138888888896
2.99010976702509
7.7367084826762245
14.67189366786141
104.87007168458781
221.40867682198328
214.33467741935488
146.46916069295102
59.04756571087216
26.699708781362006
7.3694743130227005
5.85110513739546
3.422072879330944
3.3526396356033445
9.837141577060931
16.02632168458781
49.55757168458782
148.58721624850656
32.26851851851852
23.77945788530466
37.63593936678614
15.350657108721625
9.831205197132617
5.107153524492233
3.277281212664277
4.127904719235365
22.84248058542413
38.11600209080048
101.5905017921147
168.91950418160096
197.28009259259258
171.286215651135
44.794280167264034
19.13978494623656
5.833295997610514
6.418272102747909
4.058904569892473
13.159535543608122
9.756683094384707
61.932870370370374
84.92196833930704
182.4794653524492
223.8829151732377
174.65613799283153
55.30913978494624
