8.960569743130227
0.0
0.0
0.0
0.0
0.0
0.0
8.960569743130227
126.94190561529271
163.53132467144565
107.9002016129032
19.041304510155317
0.0
0.0
1.1200899790919951
0.0
0.0
1.8667764336917563
0.0
64.21792861409797
160.16969086021504
205.34595280764637
170.25082138590204
33.22883064516129
1.8667764336917563
0.0
0.0
0.0
0.0
0.0
0.0
40.32254330943847
121.33919504181601
205.34595280764637
150.0885976702509
8.587029569892474
0.0
0.0
0.0
0.0
7.840404719235366
0.0
0.0
53.390008960573475
123.20687724014337
133.6613649940263
101.92790471923539
13.814392921146954
0.0
0.0
0.0
0.0
0.0
0.0
0.0
91.09961170848267
148.22087813620075
128.06283602150538
125.44795400238948
17.921139486260454
0.3733557347670251
0.0
0.0
0.0
0.0
1.493414351851852
0.0
37.70911738351254
125.44795400238948
147.85129181600954
119.84901433691756
34.72207287933094
0.0
0.0
0.0
0.0
0.0
0.0
0.0
61.6034572879331
158.67540322580646
156.06507616487454
107.52684438470726
0.0
0.0
0.0
0.0
0.0
0.0
0.0
0.0
16.05430854241338
103.79144265232975
107.52684438470726
43.30854241338112
11.200899790919951
2.240142249103943
0.0
0.0
0.0
0.0
0.0
0.0
33.22883064516129
92.5939366786141
148.96766726403823
70.56399342891278
20.534595280764634
0.0
0.0
0.0
0.0
0.0
0.0
0.0
7.093738799283154
87.73797789725211
128.06283602150538
0.0
35.46875000000001
0.0
0.0
0.0
0.0
0.0
0.0
0.0
37.70911738351254
151.5825119474313
153.4502314814815
179.21139486260455
0.0
1.1200899790919951
0.0
0.0
0.0
0.0
0.0
0.0
53.390008960573475
125.0745594384707
99.68679062126643
136.64964157706092
10.453856780167264
0.0
0.0
0.0
2.6135043309438473
0.0
0.0
0.0
50.028001792114694
125.44795400238948
140.00709378733572
99.68679062126643
8.2139075567503
0.0
0.0
1.493414351851852
0.0
0.0
4.853823178016726
6.3471139486260455
48.53823178016727
101.92790471923539
123.95366636798086
0.0
0.0
1.493414351851852
0.0
0.0
0.0
0.0
0.0
0.0
47.417712066905615
177.71706989247312
142.6219384707288
121.71255227001194
0.0
3.733557347670251
0.0
0.0
0.0
0.0
0.0
10.453856780167264
59.73573775388293
177.71706989247312
156.4384707287933
97.07194593787335
0.0
1.1200899790919951
0.0
0.0
0.0
0.0
0.0
0.7467278972520908
54.8839605734767
101.92790471923539
184.06317204301075
95.20463709677419
7.840404719235366
0.7467278972520908
0.0
0.0
0.0
0.0
0.0
0.0
48.53823178016727
109.7679211469534
92.96733124253285
30.615330047789726
8.587029569892474
0.0
0.0
0.0
0.0
0.0
6.7206541218638005
0.0
40.32254330943847
103.04842443249701
68.69631123058544
16.05430854241338
0.0
0.0
0.0
0.0
0.0
0.0
0.0
0.0
44.802830047789726
105.28573028673836
121.33919504181601
121.71255227001194
10.080734767025088
