2005.8180815112823
932.8175618155576
794.4227540232093
843.1498335966763
588.3464942800657
1051.1869578781768
1459.98699596383
2012.6821126823932
2410.0828297068447
2085.823856060704
2081.819045129261
2049.448385423284
1504.5456222036348
689.5621009252258
638.0889160929211
837.3089170368296
795.6656144583794
1081.1741683619055
1289.8905468150065
1517.5360132992425
2652.8212454108975
3074.749706688489
2029.163874583221
1733.134765766159
1243.402544952367
829.6968036665496
407.66647637415844
651.9503526206962
623.1874699823139
927.0258220024414
1496.9818853797415
2184.601484983984
2355.0770094021505
2801.416886455473
2220.130491008578
1667.4808022553157
1195.0795457468737
967.4928835570852
641.6835356656796
823.6946634962885
758.0481305976111
915.7884801688944
1073.115302134529
1645.7225548569027
2590.680624634997
2510.2079071296234
2637.7487138813185
1641.5349964067548
1379.6348777012379
717.2837265179521
848.922686441717
660.0789126503239
725.9034822179265
969.7692116151632
1196.5100586700512
1663.565606835164
2630.7423269574438
3065.180353802683
1943.8099393536882
1584.8615968725235
1041.9257204165528
939.7210959407843
534.8468826287351
743.1276518202959
728.3192369868368
710.6141978113252
1304.2262237174068
2030.0645762299307
2569.5184898795096
3275.275553620671
2605.6583695475724
1955.3023002854834
1534.9592327340843
865.049083421129
637.3035463864478
660.8285336350772
576.2242639010062
844.5715194990335
1227.4842068984456
1469.220273668509
2487.714013500278
3036.3551641554495
3020.3551958393596
1722.8878774291857
1202.3001168361964
754.7124830256332
471.74412814153635
585.3865236626173
675.12597199862
899.4471339541276
1304.436151789102
2006.914818777482
2833.726032868251
3424.746759672728
2583.858257790795
1994.816593012417
763.3865978168873
1222.993977533816
886.8793251831603
808.9341488939343
905.4181509069319
1083.2631913285509
1503.0553359957335
2254.370271888397
2513.949514024422
2553.746257291513
2635.770366196312
1860.5444832657356
1234.3660045044078
1328.9181369530704
924.0040742249055
1045.0442029142266
1137.3804098330747
1172.422670059542
1794.1829681786098
2764.0540212628434
3232.4391784387217
4060.3105313023357
3877.168502761577
2161.21376450811
1798.3065711596091
1711.724656128811
1190.2690103240993
1361.4514489796788
1308.1306583373832
1699.2776162922744
1865.3507090087296
2843.3459161295573
3136.6247988503874
3848.1103918686463
3424.014475116689
2472.72907623794
1984.9626628575927
1438.352569054254
1103.4546475720983
1101.9828580369312
947.8186638652417
1769.7000367483472
1769.4511849496578
2884.970692427059
3392.7818042359972
3306.470249795625
3348.678139021651
2373.200842649197
1822.2344229098453
1209.2185977352199
820.4528564882958
685.4035971869171
702.2326323486402
1085.8729267455597
1498.0096538398097
2088.562533396269
2897.371411348197
3226.453913304083
2564.051570380339
2260.55082799083
1958.030702093849
1105.4523932263644
692.8329451294118
613.047805331372
716.565355709472
1018.5245105791562
1092.1027993508944
1708.9973459668233
2491.042994891768
3264.0633626872486
2378.350737241948
2004.7539225076366
1457.822344062847
1166.0982006488368
768.7677659196942
691.4316642157773
702.5501028624903
1203.6153866180994
1358.6451460338503
1589.48659254267
2466.69374561995
2319.084030329286
2026.865842637921
1785.5961619494249
1489.8554199763626
791.3365697544054
638.6262158468095
758.7303393161021
826.5159379842562
1053.643739526686
1339.0807476552445
2078.1766932704654
2210.866914887188
2450.59573931102
1757.5252725432492
1752.352747822822
1860.3668010909428
1104.2712312570204
1065.5496467871023
834.6301731110865
805.3189591035592
1265.693347060649
1598.0536430742986
2527.374473700988
3157.5025980176683
3650.880856755545
2633.652621781449
2236.7749236723503
1437.5265570649724
1208.1317811061756
1043.8203392232929
1430.0361557549097
1181.9974912874222
1869.0123899501887
2109.3522219095007
2823.762438458759
3446.507753024615
3216.0864047448963
3678.129402413018
2675.025899296335
2343.244157277359
1795.7251289445474
1792.9018503984391
1766.1193188341642
1548.5177181442352
1631.5962015559426
2042.6322976350277
2930.967853147888
3047.4801283658717
3700.4080499544903
3446.982893985769
2579.798122031366
2306.190741438438
1652.1095682767236
1626.0872410503753
1234.9055736397618
1077.7323337825073
1393.9366894886448
1932.2901171988378
2295.763513078229
3027.4436826207643
3182.7758480503535
3621.7049450853165
2516.3534758997107
