11.200899790919951
1.1200899790919951
0.0
0.0
0.0
0.0
0.0
47.043944145758665
132.1674507168459
152.70306899641574
126.56851105137396
3.733557347670251
0.0
0.0
0.0
0.0
0.0
0.0
0.0
18.667764336917564
107.52684438470726
118.35510005973715
87.36458333333333
4.480283004778973
0.0
0.0
0.0
0.7467278972520908
0.0
0.0
0.0
49.28539426523297
125.44795400238948
114.24630376344086
99.68679062126643
19.41442652329749
0.0
0.0
0.0
0.0
0.0
0.0
0.0
49.65464456391876
120.2227822580645
151.5825119474313
95.20463709677419
0.0
0.0
0.0
0.0
0.0
0.0
0.0
8.2139075567503
7.840404719235366
141.12802419354838
146.35734020310636
77.65688470728793
11.574025537634409
0.0
0.0
0.0
0.7467278972520908
0.0
0.0
0.0
38.455607825567505
132.54084528076464
97.07194593787335
109.7679211469534
10.080734767025088
0.0
0.0
0.0
1.1200899790919951
0.0
0.0
0.0
84.38052568697731
184.06317204301075
159.7959229390681
94.83086917562724
10.080734767025088
0.0
0.0
0.0
0.0
0.0
0.0
0.0
38.82937574671445
114.24630376344086
126.56851105137396
66.45937873357228
29.12205047789725
0.0
0.0
0.0
0.7467278972520908
0.0
0.0
0.0
15.681186529271207
200.86790621266428
243.42928614097968
157.554846176822
22.774962664277183
0.0
0.0
0.0
0.0
0.0
0.0
8.960569743130227
48.53823178016727
103.79144265232975
107.15344982078852
93.71449372759857
6.3471139486260455
1.1200899790919951
0.0
0.0
0.7467278972520908
0.0
0.0
0.0
38.82937574671445
110.51508363201911
125.44795400238948
141.87481332138591
12.320687724014338
0.0
0.0
0.3733557347670251
0.0
0.0
0.0
1.1200899790919951
38.455607825567505
121.33919504181601
113.12574671445641
0.0
14.93414351851852
0.0
0.0
0.0
0.0
0.0
0.0
1.1200899790919951
49.65464456391876
114.99309289127838
103.79144265232975
113.12574671445641
11.574025537634409
6.7206541218638005
0.0
0.0
0.0
0.0
0.0
0.0
54.8839605734767
138.89071833930706
142.99570639187573
107.52684438470726
0.0
0.0
0.0
0.0
0.0
0.0
0.0
7.093738799283154
33.22883064516129
155.6913082437276
243.42928614097968
59.73573775388293
9.707194593787337
2.9868690262843485
1.8667764336917563
0.0
1.1200899790919951
0.0
0.0
8.2139075567503
40.32254330943847
142.24854390681006
148.96766726403823
52.64288381123058
10.080734767025088
0.0
0.0
0.0
0.0
0.0
0.0
0.0
38.455607825567505
107.15344982078852
148.96766726403823
89.97909199522103
29.12205047789725
0.0
0.0
0.0
0.3733557347670251
0.0
0.0
0.0
29.12205047789725
138.51732377538832
190.0396505376344
0.0
4.853823178016726
0.0
0.0
0.0
0.0
0.0
0.0
0.7467278972520908
42.93514784946237
125.44795400238948
122.0863201911589
114.61969832735961
0.0
0.0
0.0
0.0
0.7467278972520908
0.0
0.0
0.0
43.30854241338112
133.6613649940263
152.70306899641574
103.04842443249701
21.281257467144563
