0
0
0
0
0
51.91111949953398
205.70790603260286
330.8994195869501
829.7835390695511
529.374780320962
108.89946313546024
0
0
0
0
0
0
111.9428492073263
398.74317003736496
1043.258746090995
1237.6596160636068
810.0867308258279
117.59684606603084
0
0
0
0
0
28.70694823785568
37.585005175941205
205.68092172962946
1081.5325455647862
1578.044693092167
654.5911088115204
119.81069457635982
0
0
0
0
0
0
18.94738180275752
310.02289963256135
419.16791571144637
932.0359558309515
490.2223724453374
150.9888611261905
0
0
0
0
0
0
0
322.95530953680156
1047.6402450531546
1159.681446452947
429.3101158918546
69.68130262589469
0
0
0
0
0
0
0
356.80032522574555
1661.2041834667623
1909.59811899013
800.3137017222364
85.09589716706256
38.84195703221721
0
0
0
0
0
20.26829182317055
430.5613765331278
1541.2507208398013
1637.830486089168
1299.8354028773504
110.43782556440618
0
0
0
0
0
0
0
110.91557001361116
668.6477633330608
908.4274557273194
256.81163602450295
63.72804488931436
0
0
0
0
0
0
0
363.91171743538865
740.1857723631626
1018.8985735395959
494.1422922814327
220.3937527405057
0
0
0
0
0
0
20.89011719103062
389.39872567895924
1368.6893982046915
1013.2516570175558
587.0222035392476
0
0
0
0
0
0
4.967467564976772
0
471.1708325103399
1035.0739313898125
1191.6362391423756
336.80314940214737
73.36906766902379
12.38325270432756
0
0
0
0
0
11.625603433314083
365.23746899328285
1638.0914195755536
1160.5115789192494
932.1385702157577
52.9601041896683
0
0
0
0
0
0
0
109.03162996215677
1379.4964379312228
270.4361250137634
354.9110608554374
14.6088873666516
0
0
0
0
0
0
26.283868403417806
297.620111277051
1377.9652197364421
1854.3435385235969
1025.2450646292964
138.27769743178632
0
0
0
0
0
0
72.11555159585892
612.2675777200352
1436.0158323748985
1878.1311037385126
788.046224882456
73.31459397301467
0
0
0
0
0
0
0
418.83598034970487
1027.7489925110465
1109.7924190629847
592.7303273968313
86.91589331961947
0
0
0
0
0
0
125.06810282537346
798.5307107093871
1386.9417038427491
2258.2329209687364
722.0390110056996
200.7052827212568
0
0
0
0
0
0
23.270257145919146
281.13174607052827
1704.3333231645263
2016.9036576437863
1066.9860038900913
82.17117078308935
0
0
0
0
0
0
0
485.7485775271838
1317.59681161109
1429.158218251859
564.0356627373073
235.5693156742589
0
0
0
0
0
0
58.59936327356287
492.2501679546688
1696.5313867322013
1869.8126191760355
912.1863058008945
10.115514562415541
0
