341.4618294504183
287.77635155316614
241.14786813022704
166.36844914874553
87.89639411589006
170.63146841397855
404.43419504181594
1959.662936827958
4291.241244772997
3735.289478793311
1916.7503658900844
646.6039400388291
193.7815796744324
172.32025052270012
149.03125672043012
150.0242959976105
180.26457056451613
163.47673237753878
1104.20469683393
2062.5509072580644
6304.923779121861
5157.169851403825
2795.656776433691
1078.1258027180415
291.80326650238953
156.59497311827963
183.99429510155315
146.31921527777774
109.77360928166068
97.75228849313021
481.2232299133812
3056.5975843787332
8176.115852747907
5593.017913679808
2241.5670288231786
899.085060857228
634.5754498954602
232.5602471624851
157.43000448028673
90.62051482228195
103.5287296893668
191.963322879331
481.7698506571088
1687.340394265233
3540.9472968936684
4428.720318100359
2392.661234318996
646.6340147102748
612.1214852150538
208.71412821087222
298.5512261051375
130.76913470728792
95.22380395011945
163.51538941158904
531.4609920101552
2564.472356630824
6105.404771505375
5310.848088410993
1786.3752202807655
479.6631376941459
342.3106470280764
271.09877202807644
142.5774521356033
113.03887160244925
145.54163803016732
172.84024305555553
853.0566326911589
2099.619556451613
7562.418339307049
4741.970474910394
2382.123663381123
1122.455689964158
539.883020086619
332.6293548387098
178.29685707885307
203.28340606332137
176.21568623058545
266.6377856182797
777.0198521505378
2562.5979278673826
8103.255675029867
6561.85479390681
2376.692435782556
978.8347744922345
492.46099126344086
633.5724103942653
196.65418272102752
72.55990072431302
138.1477276732377
196.2414351851852
498.71940412186365
2480.3166293309437
5780.73913903823
4162.171621117085
3223.7274417562726
1311.4016987753876
278.1336043906809
252.91467555256875
322.55923013739556
122.72857441009562
124.85903285543608
134.118199484767
724.9052008661888
3254.7736409796894
6343.1255525686975
4639.606944444445
2520.817174432497
888.5229737903226
298.33341248506565
159.84198215352453
114.86347778524491
220.52029928315403
72.76400669802867
186.27114433990448
535.6609038978495
2285.3666778673837
6356.110969235364
4273.176026732378
1667.383060782557
340.7096945937872
272.7614631869773
226.92048797789724
168.461488948626
153.35002202807647
87.48382063918757
173.56544653524497
497.1319593787335
3252.1398446833937
7757.4270758661905
3603.1407295400245
1800.5059961170846
1247.3450082138588
789.2274970131422
254.93332287933094
220.0914728942652
129.06432045250898
80.51581604689366
142.22467704599757
542.2394720728794
3121.5197244623664
5169.966577060934
5533.7172453703715
2491.567286439664
658.2550056003585
401.9407455943847
244.53098752986858
120.94216207437275
166.44623446833927
139.37997117682198
208.58279644563922
515.9033598416964
1802.927998058542
3486.701034199523
4727.3877762843495
1784.0135379330948
722.2080006720432
343.1096150686976
366.87895646654704
110.33180652628434
61.93293406511351
125.39876403823179
206.97168309438476
462.6953587962961
1897.8319519115887
4301.80439814815
4056.2008661887703
1539.0107190860217
598.9173973267623
370.9994952210274
182.50764504928316
193.81286066308238
156.86218384109918
154.1490362903226
171.60299208482675
263.6913709677419
2234.5565300179214
5999.586917562724
4598.348282556749
1665.8455831839904
747.3745038082435
320.6911286589009
270.406840651135
116.39623618578256
111.33314568399045
92.12333445340502
170.37908191457586
577.5747080346474
2548.6476926523305
5669.717562724012
3799.345366636796
3202.952822580647
729.946626344086
308.94352710573474
239.5130757168459
163.4599111409797
133.45084979838708
162.2286019265233
260.69544130824374
752.1162836021508
3426.987126642773
8828.222584378733
6346.114079301077
3131.8561043906807
1485.3708258661889
731.9232638888884
214.26370407706088
119.5350528673835
137.43761533004778
109.48856627090802
198.88824559438467
304.0818675328555
2580.8808766427724
7905.575922192356
5108.801930256869
3133.0824671445635
700.0135379330945
409.4306526284348
164.11927531362008
139.14917051224612
92.93672621714457
161.2605359916368
90.69176743578257
506.38695601851833
2933.4729278673835
5769.34351851852
3635.250406959379
1940.8711432198324
1295.853237007169
237.78052718040618
323.265736260454
138.44883337066904
75.42964456391876
157.5902677718041
158.00949298088418
655.0792973416961
3257.028307945042
6315.109072580645
3846.0585349462367
1054.1160412933093
604.4825
