8.429289874551971
4.146132019120379
2.863575268821692
3.1056227598611184
2.068884408606638
0.3997162485110588
4.487753882915173e-12
112.75462962962963
212.0676523297491
251.9858870967742
167.10909498207886
14.32709826762246
5.815785543612612
4.146132019120379
2.863575268821692
3.1056227598611184
2.068884408606638
0.3997162485110588
23.14799880525687
148.96766726403823
336.3963560334528
435.3031660692952
205.56563620071685
38.59528076463561
11.042801672640383
4.146132019120379
2.863575268821692
3.1056227598611184
2.068884408606638
0.3997162485110588
4.487753882915173e-12
188.1724163679809
520.091472520908
472.28270609319
247.38164575866188
64.35595878136199
12.909647550776583
4.146132019120379
2.863575268821692
8.332638888888889
2.068884408606638
0.3997162485110588
4.487753882915173e-12
88.11118578255675
352.44922341696537
426.7166965352449
301.89142771804063
21.42096027479092
8.055921445639187
6.3862679211469535
5.850448028673835
3.1056227598611184
2.068884408606638
0.3997162485110588
4.487753882915173e-12
229.98842592592592
270.30839307048984
498.0398745519713
247.38164575866188
14.700642174432497
9.922726254480285
6.3862679211469535
2.863575268821692
3.1056227598611184
2.068884408606638
0.773073476702509
4.487753882915173e-12
73.92622461170848
352.44922341696537
429.3279569892473
223.48640979689367
53.15830346475508
5.815785543612612
4.146132019120379
2.863575268821692
3.1056227598611184
2.068884408606638
0.3997162485110588
4.487753882915173e-12
116.86193249701317
379.70392771804063
437.91778673835125
87.21251493428913
34.48846326164874
5.815785543612612
4.146132019120379
2.863575268821692
3.1056227598611184
2.068884408606638
0.3997162485110588
36.58908303464755
79.89658004778973
407.33049581839913
422.9812574671446
155.16353046594983
18.807459677419352
16.64333183990442
5.639568399044205
2.863575268821692
3.1056227598611184
2.068884408606638
0.3997162485110588
4.487753882915173e-12
148.96766726403823
348.713784348865
319.9369026284349
260.4517622461171
19.554099462365592
5.815785543612612
4.146132019120379
2.863575268821692
3.1056227598611184
2.068884408606638
0.3997162485110588
4.487753882915173e-12
85.87141577060933
250.14822281959383
291.1861559139785
18.14142771804511
7.606780167268525
5.815785543612612
4.146132019120379
8.464120370370368
3.1056227598611184
2.068884408606638
0.3997162485110588
4.487753882915173e-12
74.29771505376344
471.18391577060925
355.77844982078847
153.29562425328555
35.60868428912784
36.8042861409797
4.146132019120379
3.983643219832736
3.1056227598611184
2.068884408606638
7.49357825567503
4.487753882915173e-12
134.4108422939068
194.14725209080046
470.37821087216247
177.9394414575866
7.606780167268525
5.815785543612612
7.133004778972523
2.863575268821692
3.1056227598611184
2.068884408606638
0.3997162485110588
4.487753882915173e-12
114.62253584229391
198.254554958184
271.39784946236557
130.89605734767025
7.606780167268525
5.815785543612612
4.146132019120379
2.863575268821692
6.465826612903226
2.068884408606638
0.3997162485110588
4.487753882915173e-12
132.54293608124254
385.6791367980884
353.91017025089604
18.14142771804511
37.10200119474313
15.149604241338112
4.146132019120379
2.863575268821692
9.825940860215054
2.068884408606638
5.2531735364396654
16.427680704898446
137.76993727598565
455.86805555555554
595.4554958183991
177.191233572282
61.36846624850657
18.88332586618877
4.146132019120379
2.863575268821692
3.1056227598611184
2.068884408606638
0.3997162485110588
4.487753882915173e-12
114.2461917562724
412.18563321385903
408.0480884109916
154.41532258064515
7.606780167268525
5.815785543612612
4.146132019120379
2.863575268821692
3.1056227598611184
2.068884408606638
0.3997162485110588
21.28113799283154
163.15710872162484
562.6680107526881
531.6349313022699
226.84998506571088
60.62473864994026
15.523148148148149
4.146132019120379
2.863575268821692
3.1056227598611184
2.068884408606638
0.3997162485110588
4.487753882915173e-12
76.91345579450419
426.37432795698925
505.47715053763443
181.67002688172045
19.927643369175627
5.815785543612612
4.146132019120379
2.863575268821692
3.1056227598611184
2.068884408606638
0.3997162485110588
4.487753882915173e-12
137.39396654719235
448.03726105137395
249.37051971326164
199.96714456391877
60.62473864994026
5.815785543612612
4.146132019120379
2.863575268821692
8.332638888888889
2.068884408606638
0.3997162485110588
4.487753882915173e-12
188.1724163679809
467.8199671445639
485.69071087216247
298.53233273596175
37.47550776583035
