0.0
0.0
0.0
0.0
0.0
0.0
0.0
38.08262395459976
107.52684438470726
97.07194593787335
111.262208781362
1.493414351851852
0.0
0.3733557347670251
0.0
0.0
0.0
0.0
0.0
56.37828554360812
156.4384707287933
151.95627986857826
162.78416218637992
17.5475993130227
0.0
0.0
0.7467278972520908
0.0
0.0
0.0
0.0
43.30854241338112
107.52684438470726
140.00709378733572
134.78192204301072
8.587029569892474
0.0
1.8667764336917563
0.0
0.0
0.0
0.7467278972520908
0.0
34.72207287933094
140.00709378733572
135.15568996415772
45.54999253285544
22.774962664277183
0.0
0.0
0.0
0.0
0.0
0.0
0.0
48.53823178016727
114.99309289127838
167.63597670250897
82.88620071684589
7.093738799283154
10.080734767025088
0.0
0.0
0.0
0.0
0.0
0.0
33.22883064516129
224.76138739545996
178.83800029868578
152.70306899641574
11.947565710872162
0.0
0.0
0.0
0.0
0.0
0.0
0.0
39.57579151732378
148.22087813620075
172.49189814814815
50.775164277180416
10.827396953405017
1.8667764336917563
0.0
0.0
0.0
0.0
0.7467278972520908
0.0
45.54999253285544
139.26030465949822
139.26030465949822
102.30167264038232
15.307683691756269
0.0
0.0
0.0
0.0
0.0
0.0
0.0
84.75392025089606
99.68679062126643
170.25082138590204
69.44347371565114
31.735513739545997
0.7467278972520908
0.0
0.0
0.0
0.0
0.0
0.0
2.6135043309438473
97.07194593787335
91.09961170848267
0.0
15.307683691756269
8.2139075567503
0.7467278972520908
0.0
0.0
0.0
0.0
0.0
30.615330047789726
132.1674507168459
100.06018518518518
51.148558841099174
12.320687724014338
0.0
0.0
1.1200899790919951
0.0
0.0
0.0
0.0
27.62833408004779
113.12574671445641
131.0468936678614
70.19026284348865
8.2139075567503
0.0
0.0
0.0
0.0
0.0
0.0
0.0
84.00675776583033
142.24854390681006
120.96957138590203
65.71221624850656
0.0
0.0
0.0
0.0
0.0
0.0
0.0
0.0
68.32291666666666
184.06317204301075
190.0396505376344
102.67502986857825
20.534595280764634
0.0
0.0
0.0
0.0
0.0
0.0
0.0
49.28539426523297
132.1674507168459
121.33919504181601
126.94190561529271
10.080734767025088
0.0
0.0
0.0
0.0
0.0
0.0
0.0
21.281257467144563
87.36458333333333
156.06507616487454
126.94190561529271
11.200899790919951
0.0
0.0
0.0
0.0
0.0
0.0
0.0
43.30854241338112
118.72849462365589
153.82362604540023
96.32515681003584
13.067312574671446
0.0
0.0
1.493414351851852
0.0
0.0
0.0
0.0
47.417712066905615
118.72849462365589
100.80734767025089
41.06933243727599
23.14804734169654
0.0
0.0
0.0
0.0
0.0
0.0
4.853823178016726
38.455607825567505
102.30167264038232
53.76340352449223
40.69593787335723
1.493414351851852
0.0
0.0
0.0
0.0
0.0
0.0
0.0
33.22883064516129
120.2227822580645
175.10259856630825
135.15568996415772
29.86869026284349
