10.132840501792115
9.045586917562725
6.057160991636799
2.664762544802867
4.0697132616487455
9.04879778972521
25.4761798088411
72.20766129032258
140.80607825567503
167.56795101553166
86.90860215053762
30.98248954599761
16.882579151732376
8.09550477897252
7.075978195937872
1.559076314217443
2.5629442951015533
8.513702210274792
32.278300477897254
100.23185483870968
159.40262843488648
131.5994623655914
126.29181600955795
31.378136200716845
14.714008363201911
9.368652927120669
6.5895683990442055
4.57589605734767
3.816845878136201
9.358385603345281
26.533191457586614
82.78636499402629
184.14687873357227
166.4277180406213
44.17084826762246
23.00336021505376
18.820527180406213
7.0327060931899625
5.07160991636798
3.579495221027479
2.964198775388292
17.706989247311828
31.056675627240143
79.7054211469534
230.95094086021504
206.43742532855435
104.17338709677419
82.79009856630825
23.941644265232974
10.893630525686977
4.174339157706093
4.647203554360813
2.0679584826762247
4.139990292712067
25.160954301075268
100.90763142174433
179.4948476702509
154.392174432497
72.9136798088411
49.56653225806451
16.707250597371566
18.14094235364397
2.6571199223416966
4.926821983273596
1.5529719235364399
7.359804360812426
27.792488052568693
81.6819743130227
242.684811827957
272.722894265233
177.78673835125448
71.5438321385902
49.6049880525687
12.926299283154123
6.0317727001194745
5.1332511947431305
2.190520459976105
27.79771505376344
25.669354838709683
103.56332138590201
197.4342891278375
174.42614994026283
108.36170848267622
66.17122162485066
12.050253882915172
8.202508960573477
8.624365292712069
4.31078629032258
3.821759259259259
14.096774193548388
34.7919280167264
97.35513739545999
189.7983870967742
296.5834080047789
99.43548387096773
30.266315710872163
20.495669056152927
11.90531660692951
12.60577210274791
4.071124551971326
3.176011798088411
8.243540919952212
37.8199298088411
53.24596774193548
189.59789426523295
176.9190561529271
96.31832437275985
46.21639784946237
16.97520908004779
12.4961917562724
10.529756571087217
6.666517323775389
5.416031959378733
6.811417264038232
35.21975806451613
73.41733870967742
204.26336618876937
186.66479988052566
86.44190561529271
35.940001493428916
27.70086618876941
5.516577060931899
5.057795698924732
2.0716509856630827
2.8766353046594983
5.184438470728793
20.176037933094385
88.06563620071685
165.150462962963
131.19548984468338
93.4655017921147
33.08505077658303
12.978270609318997
6.195937873357229
5.314628136200717
4.663560334528076
2.6182385005973714
5.37959229390681
27.591659199522102
71.06929510155317
166.13201911589007
178.2441009557945
31.577434289127837
36.18119026284349
15.604390681003585
6.062201314217444
5.222296893667862
2.9133699223416967
3.171333632019116
19.108273596176822
40.161364994026286
79.41345579450419
191.67450716845877
193.31989247311827
110.29532556750299
39.634968637992834
20.551859318996417
11.185035842293907
10.274230884109917
3.5161178315412185
3.901680107526882
6.905092592592594
26.373805256869773
71.94033751493428
133.70221027479093
179.5661589008363
94.3742532855436
29.6564366786141
18.092107228195935
11.70680256869773
4.701982526881721
2.1500261350059735
4.107803166069295
11.792450716845877
39.047005675029865
70.85834826762245
194.77785244922342
233.34677419354838
125.8643219832736
33.387768817204304
13.401881720430104
6.492906212664277
5.315598864994026
4.089493727598566
3.179905913978494
4.350810185185185
32.07116188769415
101.42921146953405
224.51015531660693
187.25881123058542
135.20982676224608
47.41039426523297
14.614359318996419
8.113239247311828
5.762694145758662
1.2221139486260455
4.123640979689367
13.720467443249705
34.09494474313023
88.83923237753883
202.5268817204301
232.31966845878136
131.7558990442055
44.76030465949821
16.07638888888889
22.205458482676228
4.79621042413381
3.2655428614097968
3.005820639187575
4.751922789725208
30.2519041218638
43.04786439665472
192.99357825567503
177.45855734767025
153.29861111111111
50.78330346475508
18.472744922341693
12.990964755077659
2.816879480286738
3.8252202807646363
3.4483534946236567
10.167712066905615
37.815188172043015
67.59333930704898
167.86514336917563
202.64448924731184
37.27833781362007
33.69892473118279
20.340576463560335
9.77396953405018
8.185073178016728
4.214120370370369
2.9757317801672643
10.392211768219832
40.26161140979689
98.44310035842292
185.16801075268816
206.1409796893668
152.47573178016725
46.462813620071685
