0.3733557347670251
6.3471139486260455
0.3733557347670251
0.0
0.0
0.0
0.0
0.0
104.91196236559139
47.417712066905615
0.7467278972520908
0.0
0.0
0.0
0.0
0.0
0.7467278972520908
0.0
0.0
94.08788829151733
126.1951164874552
87.36458333333333
142.24854390681006
1.1200899790919951
0.0
0.0
0.0
0.3733557347670251
0.0
0.0
0.0
38.82937574671445
129.55675029868578
92.5939366786141
92.5939366786141
1.8667764336917563
0.0
0.0
0.0
0.0
0.0
4.106933243727599
0.7467278972520908
29.49514635603345
72.05794504181601
136.64964157706092
43.682310334528076
16.05430854241338
0.7467278972520908
0.0
0.0
6.7206541218638005
0.0
0.0
0.0
35.842293906810035
95.20463709677419
130.67312574671445
53.76340352449223
8.960569743130227
0.0
1.493414351851852
0.0
0.0
0.0
0.0
0.0
52.64288381123058
135.90247909199522
122.83310931899643
69.81686827956989
16.427848715651137
10.080734767025088
0.0
0.0
0.0
0.0
0.0
0.7467278972520908
35.842293906810035
132.91423984468338
100.06018518518518
92.96733124253285
32.1086096176822
0.0
0.0
0.7467278972520908
0.0
0.0
0.0
0.0
20.908131720430106
158.67540322580646
155.31791367980884
61.97681451612903
14.187481332138592
0.0
0.0
0.0
0.0
0.0
7.093738799283154
0.0
29.86869026284349
126.94190561529271
141.87481332138591
50.028001792114694
20.161469534050177
0.7467278972520908
0.0
0.7467278972520908
0.0
0.0
0.0
0.0
54.8839605734767
138.1439292114695
116.11402329749106
54.8839605734767
2.6135043309438473
0.3733557347670251
0.0
0.0
2.6135043309438473
0.0
0.0
5.973573775388291
43.30854241338112
97.07194593787335
57.87219982078853
34.34897700119474
0.7467278972520908
6.3471139486260455
0.0
0.0
0.0
0.0
0.0
0.0
45.54999253285544
95.20463709677419
101.92790471923539
14.93414351851852
1.1200899790919951
0.0
0.0
0.0
0.0
0.0
0.7467278972520908
0.0
32.85528673835125
100.80734767025089
106.03251941457587
92.96733124253285
10.827396953405017
0.0
0.0
0.0
0.0
0.0
0.0
0.0
17.5475993130227
120.2227822580645
163.53132467144565
84.00675776583033
8.587029569892474
0.0
0.0
0.0
0.0
0.3733557347670251
0.0
0.0
33.975433094384705
155.6913082437276
177.34367532855435
100.43395310633214
11.574025537634409
0.0
0.0
0.0
0.0
0.0
0.0
0.0
53.01627837514934
114.61969832735961
169.13026433691758
159.7959229390681
8.960569743130227
0.0
0.0
0.0
0.0
0.0
0.0
0.0
85.12731481481482
153.4502314814815
154.57075119474314
126.56851105137396
9.707194593787337
0.0
0.0
0.0
0.0
0.0
0.0
0.0
53.76340352449223
120.96957138590203
100.80734767025089
99.68679062126643
11.574025537634409
0.0
0.0
0.7467278972520908
0.0
0.0
0.0
0.0
53.76340352449223
109.7679211469534
177.34367532855435
107.52684438470726
17.174473566308244
1.8667764336917563
0.0
0.0
0.0
0.0
5.600451762246117
0.0
17.5475993130227
148.22087813620075
134.03513291517325
135.90247909199522
13.814392921146954
