0.0
0.0
0.0
0.0
0.0
0.0
0.7467278972520908
32.1086096176822
107.52684438470726
137.7701612903226
100.80734767025089
17.921139486260454
0.0
0.0
0.0
0.7467278972520908
1.493414351851852
0.0
0.3733557347670251
45.54999253285544
125.44795400238948
186.30424880525686
100.06018518518518
13.814392921146954
0.0
0.0
0.0
0.7467278972520908
1.1200899790919951
0.0
0.0
62.35058243727599
121.33919504181601
84.75392025089606
11.200899790919951
0.0
0.0
0.0
0.0
0.0
0.0
0.0
0.7467278972520908
70.93738799283155
116.48738052568697
54.8839605734767
32.85528673835125
7.093738799283154
1.1200899790919951
1.493414351851852
0.0
0.0
0.0
0.0
0.0
20.534595280764634
151.20911738351253
119.84901433691756
125.44795400238948
20.908131720430106
0.0
0.0
0.0
0.0
0.0
0.0
0.0
67.206541218638
94.83086917562724
152.70306899641574
76.90972222222223
0.0
2.240142249103943
0.0
0.0
0.0
0.0
0.0
0.0
45.54999253285544
129.55675029868578
157.554846176822
153.4502314814815
33.975433094384705
0.7467278972520908
0.0
0.0
0.3733557347670251
0.0
0.0
0.0
35.842293906810035
113.12574671445641
156.4384707287933
141.50141875746715
30.615330047789726
1.493414351851852
0.0
0.0
1.1200899790919951
0.0
0.0
0.0
85.12731481481482
151.5825119474313
170.25082138590204
102.30167264038232
0.0
0.0
0.0
0.0
0.0
0.0
0.0
1.1200899790919951
34.34897700119474
93.71449372759857
158.67540322580646
121.71255227001194
8.2139075567503
0.0
0.0
0.0
0.0
0.0
0.0
0.0
52.64288381123058
141.87481332138591
142.24854390681006
97.07194593787335
12.320687724014338
0.0
0.0
0.0
0.0
0.0
0.0
0.0
70.93738799283155
106.77968189964157
114.24630376344086
95.20463709677419
0.0
0.7467278972520908
0.0
0.0
0.0
0.0
0.0
0.0
62.35058243727599
222.89366786140985
155.6913082437276
95.20463709677419
29.12205047789725
0.0
0.7467278972520908
0.0
0.0
0.0
0.0
0.0
12.320687724014338
121.33919504181601
130.67312574671445
68.69631123058544
2.240142249103943
0.0
0.0
0.0
0.0
0.0
0.0
0.0
38.08262395459976
118.35510005973715
134.78192204301072
38.08262395459976
31.735513739545997
0.0
0.0
1.493414351851852
0.0
0.0
0.0
0.0
34.34897700119474
146.7307347670251
92.5939366786141
49.28539426523297
16.427848715651137
5.226911589008363
0.0
0.0
0.0
0.0
0.0
0.0
46.29678166069295
152.70306899641574
154.57075119474314
65.71221624850656
6.3471139486260455
0.0
0.0
0.0
0.7467278972520908
0.0
0.0
0.0
43.682310334528076
107.52684438470726
148.96766726403823
136.64964157706092
0.0
0.0
0.0
0.0
0.0
0.0
0.0
0.0
51.148558841099174
125.0745594384707
109.7679211469534
17.174473566308244
11.574025537634409
0.0
0.0
0.0
0.0
0.0
0.0
0.0
61.6034572879331
146.35734020310636
90.35285991636798
33.975433094384705
11.200899790919951
