5.729838709677419
3.458669354865921
2.3887022103020024
2.5906137993103657
1.7258064516401148
0.3334229390953121
5.990143369175628
0.44817801672640384
77.36335125448029
48.66002090800478
49.27718040621266
9.82433542413381
8.518481182795698
3.458669354865921
2.3887022103020024
3.4407855436081243
1.7683953106332138
0.5204898446833931
42.93981481481482
132.1423237753883
187.50373357228196
64.23648446833931
32.72214755077658
7.735476403823178
4.851403823205228
3.458669354865921
2.3887022103020024
2.5906137993103657
1.7258064516401148
8.863888888888889
41.39411589008363
148.1070788530466
130.7347670250896
79.40598864994026
19.59117383512545
9.22688918757467
4.851403823205228
3.458669354865921
2.462335722819594
2.5906137993103657
1.7258064516401148
1.7233198924731183
13.036140979689367
122.78972520908005
172.50597371565112
78.19257765830345
26.357526881720432
6.345579450445371
5.432534348864994
3.458669354865921
2.50333408004779
2.5906137993103657
1.7258064516401148
18.75374850657109
55.28300477897252
114.11290322580645
183.21759259259258
86.58564814814815
49.123357228195935
13.107825567502987
4.8892174432497
3.458669354865921
2.487414127837515
2.5906137993103657
1.7258064516401148
26.603210872162485
55.35394265232975
178.19967144563918
189.2659796893668
112.50784050179212
26.21415770609319
11.121938470728791
6.8912783751493425
3.8925104540023896
2.3887022103020024
2.5906137993103657
2.903972520908005
9.308930704898447
65.41218637992831
176.77718040621266
211.3500597371565
106.75813918757467
49.555331541218635
15.130301672640382
5.551933990442055
4.043757467144564
2.3887022103020024
2.5906137993103657
1.7258064516401148
3.5494474313022693
55.28300477897252
102.87858422939068
135.44653524492233
105.07803166069297
47.38575268817204
12.379778972520908
8.72423835125448
3.458669354865921
4.299171146953405
2.5906137993103657
1.7258064516401148
16.043548387096774
53.580495818399044
185.07691158900838
186.08124253285544
124.55981182795699
33.55361409796894
11.718936678614096
6.250858721624851
3.5733012246117086
2.5757691158900835
2.686140979689367
1.8165546594982078
9.355600358422938
46.99820788530466
128.57676224611708
136.96983273596177
92.12626941457587
36.425104540023895
9.22688918757467
4.851403823205228
3.6560894563918755
2.4937798685782555
2.5906137993103657
2.3252314814814814
16.071923536439666
47.136350059737154
124.58183990442055
199.41009557945043
87.33236260454002
35.22326762246117
10.888963560334528
6.388590203106332
3.458669354865921
2.3887022103020024
2.5906137993103657
1.8770571983273592
15.076179808841099
60.67054958183991
121.44937275985663
121.6995221027479
63.583109318996414
23.81011051373954
7.046109617682198
6.197916666666667
6.559363799283154
2.3887022103020024
2.861271654719235
5.358273596176823
10.593652927120669
87.77628434886499
161.9586320191159
232.76956391875746
128.37925627240142
40.013440860215056
9.82433542413381
7.983796296296297
4.995855734767025
2.5598491636798086
2.6674320489844683
1.7258064516401148
1.8558617084826763
43.458781362007166
109.61768219832736
87.77628434886499
75.04144265232975
20.05861708482676
7.595392771804062
7.502165471923536
3.458669354865921
2.461939964157706
2.5906137993103657
1.8169541517323775
6.379569892473119
65.77434289127838
157.69862604540023
179.86857825567503
130.86208183990442
31.087589605734767
6.978419952210275
5.586954898446834
3.458669354865921
2.3887022103020024
2.6256391875746714
2.665135902031063
8.930719832735962
33.14068100358423
76.17980884109916
90.33004778972521
9.629256272428647
33.411364994026286
6.766278375149342
4.851403823205228
3.8925104540023896
2.5797491039426523
3.139896953405018
1.7258064516401148
7.230451015531661
19.085274790919954
128.61783154121864
103.96505376344086
74.33206391875747
24.058393070489846
7.95758661887694
4.851403823205228
3.458669354865921
2.3887022103020024
2.6972856929510156
1.7258064516401148
7.423103345280764
52.172939068100355
148.86126045400238
185.07691158900838
78.81608422939068
35.22326762246117
10.934513142174433
4.851403823205228
3.8925104540023896
2.586122311827957
2.5906137993103657
1.7608318399044205
6.485229988052569
70.68399044205496
158.59468339307048
129.15919952210274
91.51396356033453
21.4616935483871
6.345579450445371
4.851403823205228
3.458669354865921
2.4842293906810036
2.5906137993103657
1.7258064516401148
2.364896953405018
49.245818399044204
138.35125448028674
124.46236559139786
106.63866487455198
31.824223416965353
9.446273894862605
