5.815785543612612
4.146132019120379
2.863575268821692
3.1056227598611184
2.068884408606638
3.386589008363202
4.487753882915173e-12
139.26149940262843
252.76433691756273
150.80495818399044
18.14142771804511
27.021505376344088
5.815785543612612
4.146132019120379
2.863575268821692
3.1056227598611184
2.068884408606638
0.3997162485110588
32.482265531660694
223.26538231780168
426.37432795698925
372.20691457586616
154.41532258064515
24.40800477897252
7.682594086021505
4.146132019120379
2.863575268821692
3.1056227598611184
2.068884408606638
0.3997162485110588
8.960722819593787
241.5621266427718
568.6417264038232
638.7836021505377
220.49917861409796
34.48846326164874
6.935853494623656
4.146132019120379
2.863575268821692
3.1056227598611184
2.068884408606638
0.3997162485110588
4.487753882915173e-12
124.32870370370371
486.4964157706094
513.7085573476703
233.94041218637992
65.10416666666667
5.815785543612612
6.3862679211469535
2.863575268821692
3.1056227598611184
2.068884408606638
0.3997162485110588
4.487753882915173e-12
151.58340800477896
627.2401433691756
531.6349313022699
181.67002688172045
56.14135304659498
17.39000896057348
4.146132019120379
2.863575268821692
3.1056227598611184
2.068884408606638
0.3997162485110588
4.487753882915173e-12
85.87141577060933
327.43391577060925
391.2473864994026
212.2886798088411
59.50526433691756
9.922726254480285
4.146132019120379
2.863575268821692
3.1056227598611184
2.068884408606638
1.5197841995221024
4.487753882915173e-12
79.89658004778973
288.60513739545996
240.7836768219833
18.14142771804511
7.606780167268525
5.815785543612612
6.3862679211469535
2.863575268821692
5.345758661887693
2.068884408606638
0.3997162485110588
4.487753882915173e-12
183.3169056152927
370.369623655914
422.9812574671446
155.16353046594983
14.32709826762246
6.935853494623656
4.146132019120379
2.863575268821692
3.1056227598611184
2.068884408606638
0.3997162485110588
4.487753882915173e-12
229.98842592592592
444.67331242532856
505.47715053763443
256.7159498207885
40.462141577060926
9.922726254480285
4.146132019120379
2.863575268821692
3.1056227598611184
2.068884408606638
4.506656959378733
4.487753882915173e-12
114.62253584229391
310.6332138590203
264.30779569892474
132.38761947431303
11.713720878136199
5.815785543612612
4.146132019120379
2.863575268821692
3.1056227598611184
2.068884408606638
0.3997162485110588
4.487753882915173e-12
143.36880227001194
415.1732377538829
253.85379330943846
254.4765531660693
15.820863201911589
5.815785543612612
4.146132019120379
2.863575268821692
3.478979988052568
2.068884408606638
0.3997162485110588
4.487753882915173e-12
163.15710872162484
458.83475209080046
279.6124551971326
216.76784647550775
7.606780167268525
5.815785543612612
4.146132019120379
2.863575268821692
3.1056227598611184
2.068884408606638
0.3997162485110588
4.487753882915173e-12
104.91188769414576
279.27120669056154
583.9038231780168
268.28965053763443
53.15830346475508
5.815785543612612
4.146132019120379
5.103711170848268
3.1056227598611184
2.068884408606638
0.3997162485110588
4.487753882915173e-12
276.65994623655916
529.7823327359617
530.5283004778971
288.0779569892473
56.14135304659498
5.815785543612612
4.146132019120379
2.863575268821692
3.1056227598611184
2.068884408606638
0.3997162485110588
4.487753882915173e-12
123.2086320191159
444.67331242532856
396.8458781362007
85.34460872162485
7.606780167268525
5.815785543612612
4.146132019120379
3.610274790919952
3.1056227598611184
2.068884408606638
0.3997162485110588
4.487753882915173e-12
85.87141577060933
377.8360215053764
322.1766726403823
250.36962365591398
17.31414277180406
5.815785543612612
4.146132019120379
2.863575268821692
3.1056227598611184
2.068884408606638
0.3997162485110588
4.487753882915173e-12
157.18227299880525
296.44377240143365
306.4956690561529
175.69967144563918
10.593652927120667
12.909647550776583
4.146132019120379
2.863575268821692
3.1056227598611184
2.068884408606638
0.3997162485110588
14.187724014336917
181.82571684587813
420.40023894862605
291.9343637992831
141.3500597371565
30.754778972520914
9.175989396654721
4.146132019120379
2.863575268821692
3.1056227598611184
2.068884408606638
0.3997162485110588
4.487753882915173e-12
29.495221027479094
342.7430555555555
408.0480884109916
273.51702508960574
39.34195788530466
5.815785543612612
4.146132019120379
2.863575268821692
3.1056227598611184
2.068884408606638
0.3997162485110588
4.487753882915173e-12
102.30062724014334
423.7597072879331
548.4505675029868
121.93361708482676
7.606780167268525
