1.1200899790919951
0.0
0.0
0.0
15.307683691756269
0.0
0.0
49.65464456391876
99.68679062126643
134.03513291517325
84.38052568697731
11.947565710872162
0.0
0.0
0.0
0.0
1.493414351851852
8.2139075567503
0.0
48.911626344086024
135.15568996415772
132.1674507168459
72.05794504181601
10.080734767025088
0.0
0.0
2.6135043309438473
0.0
0.0
0.0
0.0
84.75392025089606
166.14202508960574
155.6913082437276
100.06018518518518
0.0
0.0
0.0
0.0
0.0
0.3733557347670251
0.0
0.0
54.8839605734767
130.67312574671445
167.63597670250897
97.07194593787335
29.86869026284349
0.0
0.0
0.0
0.0
0.0
0.0
7.093738799283154
42.93514784946237
205.34595280764637
175.10259856630825
159.7959229390681
18.667764336917564
0.0
7.093738799283154
0.3733557347670251
0.0
0.0
0.0
0.0
23.14804734169654
102.30167264038232
126.56851105137396
102.30167264038232
29.12205047789725
0.0
0.0
0.0
0.0
0.0
0.0
0.0
34.34897700119474
100.80734767025089
102.30167264038232
0.0
0.0
0.0
0.0
0.0
0.0
1.1200899790919951
6.7206541218638005
0.0
42.93514784946237
103.04842443249701
126.1951164874552
69.06970579450419
0.0
0.0
0.0
0.0
0.7467278972520908
0.0
4.106933243727599
0.0
49.65464456391876
120.2227822580645
120.96957138590203
96.32515681003584
11.200899790919951
1.8667764336917563
0.0
0.0
0.0
0.0
0.0
0.0
41.06933243727599
106.40628733572282
91.84677419354838
97.07194593787335
0.0
0.0
0.0
0.7467278972520908
0.0
0.0
0.0
0.0
38.08262395459976
97.07194593787335
89.97909199522103
118.72849462365589
20.908131720430106
0.0
6.3471139486260455
0.0
0.3733557347670251
0.0
0.0
0.0
70.93738799283155
128.06283602150538
90.35285991636798
86.24406362007169
0.0
0.0
0.0
0.3733557347670251
0.0
0.0
0.0
0.0
61.97681451612903
126.1951164874552
186.30424880525686
134.408527479092
24.64175627240143
10.080734767025088
0.0
5.226911589008363
1.8667764336917563
0.3733557347670251
0.0
0.0
51.148558841099174
138.1439292114695
173.98622311827958
110.88847819593788
15.307683691756269
0.0
0.0
1.493414351851852
0.0
0.0
0.0
0.0
32.1086096176822
131.7936827956989
109.7679211469534
99.68679062126643
8.960569743130227
0.0
0.0
0.3733557347670251
0.0
8.2139075567503
0.0
0.0
33.975433094384705
138.89071833930706
114.99309289127838
100.06018518518518
0.0
0.0
2.240142249103943
0.7467278972520908
0.0
0.0
0.0
0.0
67.206541218638
87.36458333333333
114.99309289127838
97.44571385902032
0.0
0.0
0.7467278972520908
0.0
0.0
0.0
0.0
0.0
61.97681451612903
154.57075119474314
110.88847819593788
107.52684438470726
0.0
0.0
0.0
0.7467278972520908
0.0
0.0
0.0
0.0
18.667764336917564
110.88847819593788
138.1439292114695
148.22087813620075
8.587029569892474
0.0
0.0
0.7467278972520908
0.0
0.0
0.0
0.0
0.0
119.84901433691756
224.76138739545996
92.96733124253285
7.467278972520908
