1635.7823885602668
870.1934018693206
616.7101674043325
677.4879444091017
763.0168400088592
972.2043257097187
1499.3785991597688
2123.2054288412937
2992.7579641154475
3134.4948163354948
2448.5398560611625
1899.079179927465
1186.31436473649
911.5649197722988
676.9528621054658
698.9667019083945
677.2685415790484
982.5074393445819
1732.6478907516853
1900.4955413757073
2744.7640806856894
2802.340395159219
2411.6926417576547
1756.0809463217138
1138.6191780168829
954.1332806677447
620.566383034851
719.6228466469807
633.0813543909162
1155.5632884002907
1855.8698707441374
2265.393338329266
2584.324205489368
3805.9956274948986
3708.2487705784715
2191.595870953047
1358.330075914138
1080.1799131269775
660.0133258389175
723.0764361964077
463.1685121686983
1348.6349071402199
1233.276980748627
2177.2838041101886
3046.4708314749014
3074.343435803459
3440.613468958977
1739.3256923446281
1445.1226315841539
1179.710354355467
835.3682024214065
716.4675304818655
944.0348509007217
1333.5069150948527
1473.4908688552368
2608.210760658341
3397.1830714317584
4013.7884780559693
3588.5404986428166
2566.612306251258
1657.8821944308904
1482.7020285871406
1058.1896731006593
876.2453377521957
962.1016231128827
1344.2412113268565
1612.529654870334
2695.2203968691188
3596.162747645342
4308.814681458187
3494.352627313402
2586.5073518087797
1979.2350429192697
1768.5202341081078
1648.4088443255148
1873.0783058871682
1410.5591067176126
2259.9108228144455
2215.9507167550764
2947.1658344510656
3568.9422729088797
4492.764811706228
4298.03317523004
2849.3092483969267
2230.6987951516094
2064.9771820997075
1740.4857827487654
1969.209759923072
1963.3516612160636
2169.404776576589
2392.8005969802603
3186.0624068897882
4060.2263278204628
4425.413389003674
4313.503045723887
3324.989968908473
2539.4343800749516
2147.6850766974962
1534.76867408549
1599.0859634100627
1475.8934645270033
1860.9492020065672
2610.4737014377883
3239.9099112253148
4042.9904899802164
4722.587020433687
3953.2621523372923
3293.6424522024145
2652.15183933117
2307.4068354297733
1901.8123328867935
1262.5195538700202
1398.4094383575675
1632.8928869800918
1947.3933213745481
2644.1131946499395
3746.223545971579
4632.804968279639
3771.798729762771
2716.313775708827
2354.4845654845794
1675.9419313677588
1004.8985253330596
980.8445941409695
1092.8321924622335
1121.8066534039826
1596.9502568731277
2291.091644922866
2796.002233139516
3481.569434580713
2556.9488389159706
1975.9492449954048
1654.9270819137448
1407.0633030745648
1455.3393585936035
1337.2086271528208
988.9422533216334
1307.0947709179998
1765.000759322417
1977.891260676759
2924.919965078291
3683.0113564264484
2904.748964887839
2150.3294828821718
1341.4399709982572
775.7911671796645
602.914606040267
719.000961284886
734.7805900846015
1110.3048861242935
1637.6313085590448
2378.439202303079
2934.262910004111
4165.693683316026
3489.6918780266938
2314.0603784687273
1655.8233805586033
1352.9083333398648
984.1454973994233
980.7828971772503
1024.549260279364
1466.9345016185828
1690.4634661669036
2375.4061795988423
3023.2838289718156
3661.153528457857
3138.465208568114
2386.036889950887
1762.4250770377578
1370.8126346392785
1223.1376546592398
1204.7018964439737
1206.0877163630882
1728.612549103165
2123.6599571150923
2899.021897202167
3907.4473783857798
4128.901047951746
4136.377633259188
2931.9404607845513
2988.7017282200895
2442.8737972036292
2588.1691593951955
1916.285548022793
1929.1906150302543
2295.655167618084
2465.535422087741
3047.456020480741
3823.9681843017647
3891.7793190601237
4133.73630151577
4092.689026944687
2813.3461096333563
2745.026114769565
1909.677720301141
1961.3698199151493
2081.353201561744
2086.8763350385448
2426.5028403562587
3024.459983706961
3787.9003840093046
4948.812084354112
5049.0169736333
3110.4454359184665
2361.4118729251877
2094.620793202949
1659.1819730345235
1850.960797331971
1536.718505325654
2031.098389054132
2450.808852733873
2693.8639468219612
3572.0742255455243
3769.2509059396407
3573.1007285778896
2712.342991590242
2221.0562801865594
1671.3021226721457
1612.3708617484992
1508.9316732248458
1427.5949620211757
1968.6161249057043
1879.9731354486464
2765.7416061347453
3650.4103553670684
4556.7294358565205
3810.8863064708326
2973.606888459083
2430.0708564324636
1539.0862073149547
1274.774808254676
1233.7233461905385
1003.136267100906
1701.4546655191111
2038.9005450662216
3070.4245980543337
3679.771788952902
4169.205582220005
3850.6769432932037
2851.9592106667355
