2527.73026789121
2099.355367968484
1450.2448567711187
1504.514051039926
1352.4362082884288
2503.6246034874957
2156.2461842852163
3100.9420925211025
3819.655888249256
4805.186572607898
4141.214180284582
3091.6616881413256
2416.5342609431814
2315.725403643267
1593.8384643306754
1520.8082113916687
1277.4798221943408
1595.5815619550954
2193.1564406322113
2565.8655719909993
3345.8636923941713
3927.6681654698505
3346.6611714768906
2873.294151966875
1926.6691630825944
1710.6487040548411
1513.0599351555204
1423.3130758883192
1469.5268554363163
1654.2777037228714
2223.952207213674
3048.064391943364
3935.89073774743
4947.306111365866
3924.505491008578
3189.545803748745
2026.0812631901235
1505.1144934734534
1327.8967226429784
1396.0599524747827
1380.51467032282
1467.8919550046166
1968.1238296136207
2575.9982268999124
3310.563838494017
3989.76995910095
3878.3554791142933
3075.167388879873
2050.069245234094
1462.2687922288242
1295.3418434010955
1355.3545884269074
1126.4865362352502
1392.053392842762
1967.1599735446034
2545.905205102785
3324.606764681459
3470.932855296112
3486.5033122628874
2559.631086119836
1680.45819129469
1371.4880276910828
873.0402592715074
1327.993556838217
1233.571783283133
1395.5273776948377
1528.2176701033081
2470.8089124007797
2667.5436765581235
3182.5316393434914
2890.8528139920163
2171.6609509724603
1779.6088967125784
1414.2378901714278
851.9567460578936
1042.8310649970842
1055.4912703227508
1358.729107835353
1361.355898953404
2120.2723532682685
2533.4960960868966
3120.368044979823
2858.2248194952745
1905.4328184387432
1783.8484553965313
1196.635549035191
1053.2271030519307
1080.2539019481605
926.995375000412
1656.6016926458826
1569.249308897824
2076.5744513939694
3036.694950879005
3324.578935598655
3171.866845007042
2138.6143566026194
1552.545487452491
960.7886011897307
868.8313980998267
766.6761254471
757.0354022510174
1065.5861266630784
1497.052397674347
2169.6148694093035
2398.9208252550084
3441.229829573472
3212.7678273671618
2178.739106921649
1165.8244461113372
1176.2590270367023
840.1074792428273
686.8168806322668
966.2066829812236
1039.8739939842724
1248.1345288118243
1915.6525987718042
2494.000640505627
3220.0396232975586
2718.059549655245
2080.7568499322447
1423.41177575937
1148.40150424709
741.3995894011599
762.2650093142068
731.5347660136077
1066.2272268806846
1508.6419870105221
2316.5187581247783
3294.997551239874
4001.202723111179
3987.261114901634
2307.9738492367455
1686.688073550544
1184.101504986154
867.4803830858382
943.6152542436216
791.2633651794595
1327.3515712465542
2007.0668435518085
2167.690009930045
2867.7554377485426
2989.9957874300326
2487.7200670383754
1786.3601168427447
1304.6920095287232
1195.0421901784698
845.1660994691802
816.9315317747308
991.0318968349006
1085.380505897292
1395.6433941325215
2044.879334471538
2387.4382534927604
2619.2330725036045
2465.627809926336
1618.366635935873
1433.003062458246
1031.2254480352046
751.915946174812
688.2307962961272
684.3088346521243
1006.1119751102199
1331.5186632995208
1712.4211848258435
2547.345171564409
2228.4856670480613
1696.0176279229518
1432.902223732248
729.9834141046632
745.1659873871874
752.2440838707093
661.2924430389553
790.0893217991688
697.709797460393
1150.7794127602544
1483.950126742193
1976.540534747787
2296.111038991173
2194.6042610967024
1712.821677182401
1124.093167138848
1306.4358641092447
748.4847171908957
817.0683661231516
928.3564696449495
967.8531331945471
1117.7983555554836
1861.665455217897
2917.453530030557
3517.1072013779262
2443.9306339530463
1900.3940448658332
1081.3215240598802
815.3180726548699
681.2201262151199
727.7943270836073
611.5415920187326
775.8290037960126
1262.7840530205358
2050.118727733247
2568.7657401921006
3723.3686479741827
3573.4395020084507
2180.8158100224086
1273.3595058403605
889.1372358552794
778.4717729150492
598.2558354144071
571.1344185574345
1152.6998040780263
1167.8547682057977
1871.9293963440643
2392.5321444523333
2561.98686770786
2144.6364924667796
1601.209184093228
1580.5306716142763
872.344957946937
595.9687332389415
757.6250722690511
596.3982576454291
651.8690460526576
1171.3763015179413
1779.0503725624633
2159.5094481090023
3041.7641954144647
2548.0571547384575
1711.3526993909836
1467.529839407374
781.592789602889
764.8594894076031
758.2138774778729
772.9603408016228
919.2699507640334
1391.8732787878466
2018.2829948583953
3195.9381756016483
4088.517148826936
3227.63426856202
2430.462122853116
