0
0
0
0
0
88.08484261781355
580.7439350051238
2363.1578574603077
2148.4771621280943
1134.9452701656455
373.58591773522136
28.818628621089395
0
0
0.12392192748330899
0
0
35.10264610099418
0
673.6209026023452
1072.8358406753152
341.7873730002606
153.225131609639
0
0
0
0
0
0
29.965792212978215
381.49517650860207
1285.6868914429224
1162.227414119646
504.80802936110223
160.76316620121048
2.34713828428702
0
0
0
0
11.35048012375973
0
265.9930310543057
1044.933298029248
927.9297730352525
508.00575058153805
0
0
0
0
0
0
0
32.11120399078398
575.2249481270047
1424.0940980997489
1824.7161686751695
846.0831893685571
104.0693327931588
13.428854113624553
0
0
0
0
0
34.82443016140013
511.0748921313608
1232.79207175828
1823.4048692888161
614.2944364892616
124.50797153982239
0
0
0
0
0
0
67.43914009079302
539.0903490540359
1681.0001981396817
1742.7931503663483
848.9677206790227
83.1314486229486
0
0
0
0
0
0
44.521749804197874
621.3825652346386
1098.6914461287597
1212.0146719758256
446.2318869205603
97.7009018188245
0
0
0
0
0
0
0
0
604.3845477514544
894.665075929082
0
0
0
0
0
0
0
0
16.205454705964904
461.80463965745383
1316.287964512935
1574.272415679444
796.0992644711475
95.45002534609235
0
0
0
0
0
0
19.782455078459343
382.6907697863257
891.5266643647232
1373.4313406955416
441.6799415168427
88.49249956866535
0
0
0
0
0
0
0
407.6601840470462
846.8182714274056
1354.78091882367
845.9427070138463
123.5818933175058
0
0
0
0
0
0
0
476.5271870111412
762.8525460554761
1005.2519478930944
592.2934533285556
107.3487693857675
0
0
0
0
0
0
58.08550370807732
499.8669750763342
1286.8791235596202
1151.5269315940866
468.8558023831793
127.78143100406834
0
0
0
0
0
0
88.85285745010027
716.4797939685419
2002.7982397823057
2244.0529227349284
1000.2146836638176
99.50915042462756
0
0
0
0
0
0
94.27070910328386
581.2060520342926
1388.5666448407958
1894.9525893138805
729.8875854613476
150.0894670950078
0
0
0
0
0
0
54.5492856210724
294.7291874118961
1076.8461243923311
1084.8827865601343
407.0229566448875
70.39894311552206
0
0
0
0
0
0
14.887341972681398
578.3042371099547
1431.1403721489944
1910.934048922161
1155.737123961776
0
0
0
0
0
0
0
30.51188615383154
692.3771617565744
2237.75623514753
3225.1707630547257
1403.3068694278693
230.86956955717406
0
0
0
0
0
0
36.876991708449395
460.98598037999733
1197.1444393008987
1020.4200713863107
521.7547048451002
111.90785327209294
0
