5.815785543612612
4.146132019120379
2.863575268821692
3.1056227598611184
6.549257019115888
5.626732377538829
4.487753882915173e-12
297.19160692951016
518.9848416965352
638.7836021505377
365.3636499402628
45.68914277180406
38.671146953405014
4.146132019120379
2.863575268821692
3.1056227598611184
5.055757168458781
0.3997162485110588
4.487753882915173e-12
187.80055256869773
640.6959378733573
525.3039127837515
226.1021505376344
56.14135304659498
8.055921445639187
4.146132019120379
12.570937873357229
3.1056227598611184
2.068884408606638
0.3997162485110588
4.487753882915173e-12
4.487753882915173e-12
480.52195340501794
525.6571087216248
201.45833333333334
11.340352449223417
5.815785543612612
4.146132019120379
2.863575268821692
6.092495519713261
2.068884408606638
0.3997162485110588
4.487753882915173e-12
157.18227299880525
426.37432795698925
467.76807048984466
183.5383064516129
56.14135304659498
5.815785543612612
4.146132019120379
2.863575268821692
3.1056227598611184
2.068884408606638
0.3997162485110588
4.487753882915173e-12
76.16562126642772
235.2154271206691
239.29211469534056
18.14142771804511
47.18245967741935
5.815785543612612
4.146132019120379
2.863575268821692
3.1056227598611184
2.068884408606638
12.720579450418162
4.487753882915173e-12
148.96766726403823
480.52195340501794
381.913082437276
150.68436379928315
7.606780167268525
5.815785543612612
4.146132019120379
6.970515979689365
3.1056227598611184
7.669429510155316
0.3997162485110588
4.487753882915173e-12
194.8906063321386
472.29054659498206
470.775462962963
205.94198028673836
7.606780167268525
19.629965651135006
4.146132019120379
2.863575268821692
3.1056227598611184
14.016203703703704
0.3997162485110588
26.13504330943847
210.57160991636798
529.7823327359617
638.7836021505377
300.3998655913978
80.03696236559139
12.536103643966547
4.146132019120379
2.863575268821692
3.1056227598611184
2.068884408606638
0.3997162485110588
4.487753882915173e-12
198.62641875746715
472.29054659498206
525.6571087216248
246.26232078853047
80.78517025089606
33.071049880525685
4.146132019120379
2.863575268821692
3.1056227598611184
2.068884408606638
0.3997162485110588
14.187724014336917
157.18227299880525
348.713784348865
359.5135155316607
129.40001493428912
7.606780167268525
14.029868578255678
4.146132019120379
2.863575268821692
3.1056227598611184
2.068884408606638
0.3997162485110588
4.487753882915173e-12
268.0689964157706
502.16509856630813
470.37821087216247
290.69407108721623
59.50526433691756
5.815785543612612
4.146132019120379
3.610274790919952
3.1056227598611184
2.068884408606638
0.3997162485110588
14.934363799283155
138.14180107526883
444.67331242532856
334.1218637992832
176.07153524492233
18.06081989247312
9.175989396654721
4.146132019120379
2.863575268821692
3.1056227598611184
2.068884408606638
0.3997162485110588
4.487753882915173e-12
109.01919056152927
268.0689964157706
213.90120967741936
99.15770609318996
7.606780167268525
5.815785543612612
4.146132019120379
2.863575268821692
3.1056227598611184
6.922341696535243
0.3997162485110588
4.487753882915173e-12
159.04980585424133
360.66345579450416
284.09610215053766
150.68436379928315
7.606780167268525
5.815785543612612
4.146132019120379
2.863575268821692
3.1056227598611184
2.068884408606638
0.3997162485110588
4.487753882915173e-12
124.70019414575866
352.44922341696537
366.6084229390681
247.38164575866188
7.606780167268525
5.815785543612612
4.146132019120379
2.863575268821692
3.1056227598611184
2.068884408606638
11.227262544802866
4.487753882915173e-12
78.033527479092
342.7430555555555
291.1861559139785
104.01284348864993
7.606780167268525
5.815785543612612
5.266199970131421
2.863575268821692
3.1056227598611184
2.068884408606638
0.3997162485110588
4.487753882915173e-12
150.8352001194743
471.18391577060925
398.71415770609315
254.4765531660693
34.862044504181604
5.815785543612612
4.146132019120379
2.863575268821692
8.706167861409796
2.068884408606638
0.3997162485110588
4.487753882915173e-12
92.59445937873357
224.76142473118279
291.1861559139785
110.35991636798089
7.606780167268525
5.815785543612612
4.146132019120379
2.863575268821692
8.332638888888889
2.068884408606638
10.480174731182796
4.487753882915173e-12
208.70855734767025
493.9336917562724
638.7836021505377
366.11148446833937
77.425701911589
17.016465053763437
8.999589307048984
2.863575268821692
3.1056227598611184
11.402703106332137
2.266524790919952
4.487753882915173e-12
132.54293608124254
478.6618876941458
511.8484916367982
206.68570788530465
37.10200119474313
