5.440486857825568
3.458669354865921
2.3887022103020024
2.5906137993103657
2.512283452807646
5.4282556750298685
37.53360215053763
129.15919952210274
176.77718040621266
102.8602897252091
52.42868876941458
10.218413978494624
11.211917562724015
4.716435185185185
3.342368578255675
2.5906137993103657
1.7258064516401148
15.076179808841099
54.64083034647551
93.23103345280765
128.57676224611708
99.95930406212665
35.22326762246117
7.827844982078852
4.851403823205228
4.382093787335723
2.8790695937873356
2.5906137993103657
1.7258064516401148
0.7394115890083631
14.930555555555555
51.194743130227
121.6995221027479
77.20318100358423
30.608198924731184
7.5921818996415755
4.851403823205228
3.5446423237753883
2.3887022103020024
2.5906137993103657
1.7258064516401148
0.6200007467144564
67.5739247311828
158.59468339307048
211.3500597371565
126.99036738351255
28.619698327359618
11.898148148148149
4.947726254480287
6.937425328554363
2.882243130227001
2.5906137993103657
1.7258064516401148
1.5274940262843488
33.99006869772999
94.76926523297492
141.67040023894862
105.60073178016727
29.64531063321386
7.735476403823178
4.851403823205228
5.650948327359617
2.461939964157706
2.5906137993103657
2.3944892473118276
15.780704898446833
35.30540621266428
78.28554360812426
121.21042413381123
67.06279868578255
29.77150537634409
6.345579450445371
5.344944743130227
3.458669354865921
2.3887022103020024
4.2622834528076465
4.97886798088411
12.70573476702509
53.95385304659498
135.52867383512546
158.61335125448028
102.82295400238948
37.35364396654719
12.335722819593787
9.547864396654719
3.458669354865921
2.3887022103020024
2.5906137993103657
1.8221288829151732
13.189605734767024
70.72132616487455
224.19354838709677
317.07362604540026
124.54487753882916
47.636648745519715
16.465053763440856
5.8559961170848265
3.458669354865921
2.3887022103020024
2.5906137993103657
3.3497610513739544
10.4528972520908
53.580495818399044
142.648596176822
140.19563918757467
101.43033154121864
34.29136798088411
10.218413978494624
5.86398596176822
3.458669354865921
2.977785244922342
2.5906137993103657
1.7258064516401148
11.804450418160096
46.99820788530466
140.7706093189964
135.52867383512546
61.27949522102748
33.48230286738351
7.269003882915172
5.042450716845878
3.458669354865921
2.4205439814814813
3.100097072879331
1.8213336320191158
0.3334229390953121
44.784199522102746
130.7347670250896
131.47774790919954
103.32325268817205
49.65576463560334
7.868018219832736
6.5437948028673825
3.458669354865921
2.711503136200717
2.695691457586619
1.9232265531660693
0.3334229390953121
19.085274790919954
73.60737753882916
81.34707287933094
73.91763739545998
29.140531660692957
6.345579450445371
4.851403823205228
3.458669354865921
2.3887022103020024
2.902673237753883
2.4064366786140976
3.434117383512545
11.701762246117084
30.96326164874552
91.2410394265233
53.453927718040624
21.183169056152927
6.345579450445371
4.851403823205228
3.458669354865921
2.3887022103020024
2.5906137993103657
1.7258064516401148
9.018458781362007
62.76881720430107
110.89083034647551
126.17234169653524
74.78755973715651
30.843413978494624
6.345579450445371
4.851403823205228
3.458669354865921
2.3887022103020024
2.5906137993103657
1.7258064516401148
8.938560334528075
46.33736559139785
119.3847072879331
178.19967144563918
85.03248207885305
45.41517323775388
6.345579450445371
4.8991674133811225
3.458669354865921
2.3887022103020024
2.5906137993103657
2.689030764635603
10.626508363201912
60.77882317801673
141.7749402628435
185.07691158900838
113.5943100358423
32.48730585424134
9.312798685782555
7.946908602150538
3.458669354865921
3.2309214456391877
2.5906137993103657
1.7258064516401148
7.18452807646356
37.53360215053763
102.87858422939068
114.85215053763442
60.37970430107527
32.912933094384705
13.084304062126643
4.851403823205228
3.458669354865921
2.3887022103020024
2.5906137993103657
1.9447281959378733
1.0928688769414576
49.245818399044204
109.72968936678615
110.03584229390681
88.96393369175627
27.487679211469533
10.803464755077659
5.133210125448029
3.458669354865921
2.4746751792114696
2.670221027479092
2.679472819593787
7.095669056152926
40.70340501792115
116.1215651135006
181.01478494623655
103.32325268817205
37.04002389486261
9.426672640382316
7.946908602150538
3.7890232974910396
2.3887022103020024
2.5906137993103657
1.7258064516401148
5.258751493428913
49.316756272401435
142.648596176822
176.32541816009558
93.57116188769415
41.40307646356033
14.15173237753883
