346.62585274790916
289.1676978793309
161.99652180406216
147.2300814292115
85.05298958333333
305.4259449671446
533.1232724761047
1420.533077882318
2660.848327359619
3769.1335088112305
1634.7042488052566
1331.4087141577065
461.56061230585425
267.8388560334528
187.69247685185186
180.6387878957586
127.16376314217447
181.54633139187573
664.2229708034648
2180.190442054959
6429.24265606332
5275.583079450419
3012.7521430704887
704.7742320041814
544.4279274940262
195.24504442951013
125.29037906959381
85.4986443025687
120.33560323327362
260.0643623058542
857.1324260752692
3602.5422976403815
7495.847084080042
6449.972976403825
3230.609643817205
1055.1863164575866
320.82502240143384
320.6594388440861
127.21509968637993
115.03620071684585
156.72296572580643
232.84225022401452
490.6755645161292
2300.332497013142
7380.115120967741
4851.74118130227
1803.0742682198327
708.2854988052569
284.80565038829144
208.96244175627237
241.82791741338116
182.54848566308243
108.81513455794503
170.70947057945048
658.6254099462365
3146.0475657108727
7191.37804659498
5801.84252165472
1852.6050477897252
493.61989994026277
397.5273435633215
258.27620295698927
191.1427878584229
153.47340277777778
129.39693504330947
183.83327172939067
548.6690987156512
2663.5559401134997
5852.9569257765825
3881.81964605735
1624.3997386499402
718.5559401135007
401.0976691308243
155.5824751344086
164.56374962664276
126.50798260155312
87.9720571236559
271.4143544653525
513.7251411290325
1902.8116226105142
6012.2164389187565
5060.227508960574
1889.7962029569896
663.4451515830348
409.12468152628446
280.6848790322581
160.56463149641576
163.1452133736559
246.8229032258065
145.74900836320197
202.29615442054953
3197.304637096776
6208.371520310633
4368.99926075269
1858.7054622162493
1081.4210013440857
464.1842357377539
554.6781810035845
134.82868018219833
123.28505014187576
86.0057064665472
175.24481630824374
463.4717656063323
4372.314038231781
6255.2355249402635
6445.119089755079
2857.3598790322585
725.2145609318995
714.5065012694148
181.45338560334523
143.95315710872163
129.71016954151733
179.35377964456396
82.75276265681002
766.4216132765829
1975.6743279569891
4699.934277927121
4304.001754778972
3435.949712514933
736.6185987903227
396.5287178912783
393.09902703106314
128.55418720131425
170.62057317801674
130.18194059886503
150.55571609916362
771.0225985663084
3176.619418309438
6546.5624887992835
6823.2912373058525
2391.4256197729983
1225.2718637992837
398.73762656810044
315.1292921146954
111.99601261947436
189.67983012246117
133.954533938172
218.51434875298682
1559.870732526882
3338.276146206689
6426.932504480286
4633.8326799581855
3278.4742383512544
1318.6029159199522
730.9750645908007
234.08144153225803
243.33836954898447
192.3648947132617
114.38077471624848
198.45945527180396
527.3067234169655
3898.369683393071
7328.311305256869
5723.108968040619
3951.4447954002376
523.3379932048986
486.27383027180423
263.4580114994027
132.96803464755075
82.60564288381123
139.20836103643967
411.58661514336933
713.8232713560332
3561.8109318996394
7592.193036887693
6080.898756720429
3202.207470878137
953.4170135155313
351.56399828255684
101.17917771804059
113.0728465128435
163.56726508363204
150.7598362455197
210.6628091397849
1204.4330197132615
3898.4504032258055
6933.193298237754
4361.023204151732
946.9925078405018
525.0594328703702
240.56557198327354
146.35375709378732
105.83817159498204
158.1624738276583
141.24092861409798
184.96193921744327
575.5809356332139
2826.7501829450425
6042.404637096773
4346.063620071684
2662.207956242533
979.4521654719239
333.93835685483884
261.46423760454013
156.35366524790928
96.26872367831542
122.33608083183996
135.160427120669
770.2478293010759
2308.754211469534
6071.507493279571
4828.833437873356
1798.82388739546
685.5354853643968
519.3278823178017
331.4414068100358
193.36125933393072
124.18337877090802
256.8099369026284
489.60490703405026
781.3907971176822
3455.568104091996
6839.188422192352
5337.10272924134
4335.136350059737
1105.0464120370366
750.2214994026286
300.706951911589
238.07278524492244
238.73475309886493
130.67125952060934
713.3032455943846
604.9879353345283
3011.047834528076
5725.48252688172
3638.0822468637994
969.532134856631
641.7848618578255
286.9374607974911
244.8578602897252
121.82240165770605
134.60344160692952
120.70787216248509
213.20528860513744
999.5802979390679
2380.011111111111
4272.2611521804065
3798.535670549581
2012.5478419952221
454.90639672939056
