5.279681899641577
5.1510603345280765
2.3887022103020024
2.5906137993103657
1.7258064516401148
4.429151732377539
49.75731780167265
71.80406212664278
106.2313321385902
73.82803166069296
31.53151135005974
6.632157258064515
7.828666367980884
3.642547789725209
2.3887022103020024
2.5906137993103657
1.7258064516401148
6.379569892473119
43.82467144563919
98.45430107526882
50.75044802867384
59.506048387096776
31.39374253285544
9.808318399044206
8.062761350059738
3.458669354865921
2.3887022103020024
2.5906137993103657
4.590464456391876
17.687440262843488
53.87171445639188
129.15919952210274
148.58124253285544
138.24708781362008
47.14493727598566
12.395459976105139
5.332213261648746
3.458669354865921
2.3887022103020024
2.5906137993103657
1.7258064516401148
5.746729390681003
42.04002389486261
73.21161887694146
181.01478494623655
60.37970430107527
27.050104540023895
8.037970430107526
4.851403823205228
3.665636200716846
2.3887022103020024
2.5906137993103657
2.0283042114695338
0.3334229390953121
43.57078853046595
117.44698327359617
176.32541816009558
75.4035991636798
30.87178912783752
10.218413978494624
4.851403823205228
3.458669354865921
2.586122311827957
2.5906137993103657
1.7258064516401148
7.988366188769414
62.76881720430107
106.2313321385902
97.00940860215053
55.43272102747909
24.510902031063324
9.44108422939068
6.853419952210275
3.458669354865921
2.3887022103020024
2.5906137993103657
1.7449111409796894
8.055197132616486
53.580495818399044
114.11290322580645
121.21042413381123
79.40598864994026
30.98902329749104
6.345579450445371
4.978770908004779
3.493694743130227
2.3887022103020024
2.5906137993103657
3.409460872162485
11.414292114695339
65.77434289127838
161.9586320191159
165.46818996415772
73.91763739545998
24.108796296296298
8.928726105137395
5.908564814814815
5.147812126642772
2.3887022103020024
2.5906137993103657
1.7258064516401148
9.308930704898447
64.12783751493428
189.44519115890083
179.86857825567503
117.17480585424134
54.24992532855436
11.967219235364395
7.382765830346475
3.458669354865921
2.9260379330943844
2.686140979689367
1.7258064516401148
0.3334229390953121
55.35394265232975
124.54450418160096
124.54450418160096
117.76844384707287
44.790919952210274
6.345579450445371
7.211618876941458
4.466472520908005
2.3887022103020024
2.5906137993103657
1.8404383213859021
8.938560334528075
54.84991039426523
142.64486260454004
181.01478494623655
126.44899940262843
37.35364396654719
8.606294802867383
5.249439964157706
3.5541965352449223
2.3887022103020024
2.5906137993103657
1.7258064516401148
9.886140979689365
53.263142174432495
91.2410394265233
106.2313321385902
85.8090651135006
26.258587216248507
13.532332735961768
10.12134109916368
3.6238463261648746
3.9075567502986863
5.480324074074074
1.7258064516401148
5.658990442054957
51.65023894862605
163.90008960573476
171.30749701314218
87.76172341696535
43.36058841099164
6.345579450445371
6.897289426523297
4.127352150537634
3.2850582437275984
2.761760752688172
4.70306899641577
4.7084229390681
37.73521505376344
121.21042413381123
136.91756272401435
74.2648596176822
31.811155913978496
6.345579450445371
4.851403823205228
3.458669354865921
2.3887022103020024
2.803953853046595
1.7258064516401148
4.181615890083632
41.31944444444444
111.08870967741936
161.67861409796893
60.37970430107527
19.829749103942653
6.345579450445371
5.388739545997611
3.5836506869773
2.3887022103020024
2.8947132616487457
3.039277180406213
3.6753061529271207
34.52247610513739
118.75
163.3811230585424
102.8602897252091
25.227374551971327
14.942876344086018
5.908564814814815
3.458669354865921
2.3887022103020024
2.5906137993103657
1.8054136798088412
11.223506571087217
32.011648745519715
63.810483870967744
154.0359916367981
47.16285842293907
23.173536439665472
10.01265681003584
6.211469534050179
3.458669354865921
2.479849910394265
2.5906137993103657
1.7258064516401148
5.885991636798088
36.235439068100355
81.34707287933094
133.24746117084825
62.89239844683393
34.56466547192353
14.824148745519713
4.851403823205228
3.458669354865921
2.3887022103020024
2.5906137993103657
1.9168533452807646
9.583721624850657
45.43757467144564
118.80973715651135
126.17234169653524
61.39523596176822
15.133288530493163
7.026209677419355
4.851403823205228
3.458669354865921
2.3887022103020024
2.9886499402628433
1.7258064516401148
13.432661290322581
59.02777777777778
128.57676224611708
117.80540621266428
112.50784050179212
30.067204301075275
6.345579450445371
