31.94115890083632
7.784572879330944
6.067876344086021
4.168865740740741
3.632448476702509
11.47879330943847
45.644787933094385
96.87350657108722
237.7938321385902
230.81541218637992
127.86962365591398
68.40800477897253
30.200194145758662
10.785282258064514
8.793496117084828
3.463784348864994
5.749253285543608
19.000410692951014
62.89986559139785
119.7155017921147
249.82116188769413
279.04420549581835
213.9915621266428
54.33915770609319
22.567689665471924
5.662783751493429
4.481556152927121
2.0603270609319
7.100358422939068
14.01646505376344
28.205383811230586
82.9872311827957
196.28920250896059
236.90860215053763
176.13052568697734
51.01627837514934
40.76120071684588
8.955234468339308
3.671509109916369
3.107810633213859
3.514613201911589
10.865255376344086
27.20221027479092
100.98528972520909
116.38142174432497
187.55712365591398
3.916181302270012
37.3468115292712
18.304958183990443
9.076575567502987
10.232788231780168
3.5515979689366786
4.457250597371565
31.62641875746714
63.30234468339307
71.96535244922342
201.98700716845877
182.3338560334528
129.8327359617682
45.55779569892473
18.335984169653525
11.083295997610513
3.308878434886499
3.2448626045400237
4.3539874551971325
5.443473715651135
39.696535244922345
75.6335872162485
179.944743130227
112.36932497013142
163.79517622461168
40.618988948626054
16.977374551971323
14.651583034647551
7.85383064516129
3.3912373058542404
2.6996677120669053
11.695937873357229
38.00806451612904
45.96191756272401
171.84438470728793
131.51097670250897
98.31279868578254
21.442017622461172
17.025388291517324
12.353419952210276
7.509445937873357
5.779159199522103
2.917200567502987
3.272983870967742
26.3675701911589
102.76583034647551
177.11133512544805
193.4072580645161
7.613317652329749
31.390568996415777
19.138179510155314
10.80230734767025
3.954868578255675
2.7377912186379927
2.8947095280764636
3.4790621266427717
24.32803166069295
99.20362903225806
218.32362604540023
211.653972520908
146.4796146953405
44.785319593787335
15.950044802867383
5.3620818399044206
5.390494324970131
3.1956317204301077
2.972550776583035
8.797752389486261
33.21128285543608
68.25156810035843
257.50037335722817
208.1690561529271
127.0213560334528
65.71460573476703
15.892547789725208
10.176747311827956
14.138254181600956
5.134445937873358
2.0191718936678615
9.32444743130227
23.415882616487455
76.56100657108723
154.65763142174433
147.53136200716847
33.855958781362006
34.78744772998805
14.94306302270012
6.6295922939068115
3.770795997610514
5.614508661887694
4.12719160692951
3.463870221027479
27.428912783751493
79.18682795698925
185.23185483870967
189.9462365591398
80.87776284348867
32.574074074074076
31.480286738351253
28.12630675029868
5.0065710872162486
2.0416733870967745
1.5617973416965352
8.541591995221028
18.977411887694146
91.93287037037038
139.13157108721626
119.02105734767028
92.89053166069296
34.9457138590203
10.401284348864994
6.819220430107527
7.69026284348865
5.830103793309439
2.9865516726403825
3.6784311529271214
31.687014635603344
38.47278225806452
92.7116935483871
140.7082586618877
63.107825567502985
27.30484617682198
18.934065113500598
15.123357228195937
4.7632915173237755
2.1606294802867385
4.985147849462366
10.059139784946236
31.84378733572282
106.38627538829154
236.90636200716847
209.63037634408602
157.84162186379928
73.23327359617682
27.812238649940262
11.652889784946236
5.482302867383513
3.3135341995221026
2.1287671744324967
8.945975209080048
20.269974611708484
95.96326164874553
216.80219534050178
207.30585424133807
153.04920848267622
35.52438022700119
15.648484169653525
5.603233273596177
5.003957586618876
3.777841248506571
1.5617308841099162
7.685259856630824
42.84572879330944
88.80227001194743
224.99141278375149
158.23775388291517
110.60446535244922
55.89307048984468
18.713074970131423
3.994179360812425
5.37134109916368
2.68789949223417
3.184998506571087
12.567801672640382
42.1875
108.99790919952208
168.35200119474314
224.92794205495818
182.32116188769413
65.64142771804062
29.25074671445639
8.075306152927121
2.869668458781362
4.957623954599762
2.977288679808841
14.994586320191159
40.69724462365591
104.69944743130227
251.17159498207886
277.14456391875746
164.0419653524492
53.35909498207885
26.62589605734767
10.608908303464755
5.179062126642771
4.268720131421745
4.555999850657109
18.05324074074074
33.979652031063324
107.13074970131422
290.3662634408602
227.74118876941458
100.08923237753883
35.281772700119475
