8.056264934289128
3.5573812724014338
2.3887022103020024
3.3500597371565113
1.7258064516401148
10.427508960573476
50.38829151732377
94.76926523297492
136.96983273596177
95.699298088411
27.050104540023895
13.271356033452808
8.678688769414574
3.8889262246117084
2.3887022103020024
2.5906137993103657
1.7735700418160096
9.945131421744325
57.80689964157706
214.94175627240142
168.30197132616487
125.11611409796893
55.702284946236546
12.335722819593787
6.5437948028673825
3.458669354865921
2.8695116487455197
2.664247311827957
1.7417275238948626
7.34731182795699
53.87171445639188
168.30197132616487
222.52837514934288
124.54487753882916
49.123357228195935
7.655092592592593
9.898446833930706
3.531907108721625
2.541543458781362
3.3500597371565113
1.7258064516401148
0.5244698327359617
8.119772998805256
104.40188172043011
47.136350059737154
48.66002090800478
22.788231780167266
6.345579450445371
5.388739545997611
3.458669354865921
2.3887022103020024
2.663851553166069
4.941830943847073
6.693936678614098
51.40755675029869
93.19369772998806
154.0359916367981
57.17629928315412
27.634781959378735
11.400462962962962
4.92503733572282
4.483982974910394
2.3887022103020024
2.5906137993103657
1.7258064516401148
9.320131421744325
53.95385304659498
130.7347670250896
145.58318399044205
50.19825268817204
33.411364994026286
9.879666965352449
4.851403823205228
3.458669354865921
2.3887022103020024
2.5906137993103657
1.7258064516401148
15.076179808841099
54.53629032258065
178.19967144563918
217.79047192353644
87.91479988052569
29.06810035842294
6.345579450445371
4.851403823205228
3.458669354865921
3.0573850059737158
2.5906137993103657
5.469459378733572
0.3334229390953121
41.5621266427718
76.95639187574672
108.03464755077658
48.84296594982079
21.895534647550775
7.870034348864992
5.395908004778972
4.239994026284349
2.3887022103020024
3.100097072879331
2.275089605734767
13.369563918757464
34.6598715651135
100.73924731182795
137.17891278375149
72.76396356033453
45.26471027479092
12.89165173237754
5.050410692951016
4.302494026284349
3.9111409796893666
2.5906137993103657
1.7258064516401148
0.3334229390953121
41.31944444444444
78.65890083632019
171.7928614097969
63.583109318996414
27.050104540023895
6.542999551971326
4.851403823205228
3.458669354865921
4.888366188769415
2.5906137993103657
1.7524742383512544
3.5447804659498208
42.02508960573477
105.8355734767025
140.7706093189964
91.57370071684588
26.102897252090802
6.345579450445371
5.035282258064516
4.084378733572282
2.4484057646356034
2.5906137993103657
1.7258064516401148
0.3334229390953121
39.03076463560335
110.89083034647551
117.44698327359617
73.91763739545998
25.123581242532854
7.173461768219833
4.851403823205228
7.770198626045402
2.3887022103020024
2.7896206690561525
1.7258064516401148
8.13957586618877
33.14068100358423
93.69399641577061
168.35050776583034
70.40807945041816
24.7703853046595
6.345579450445371
4.851403823205228
3.458669354865921
2.4173599910394263
2.5906137993103657
1.7258064516401148
3.538284050179211
47.54704301075269
46.99820788530466
64.12783751493428
44.8066009557945
22.320041816009557
11.270908004778972
4.851403823205228
3.458669354865921
2.834490740740741
3.498095878136201
1.7258064516401148
5.746729390681003
41.18130227001195
43.458781362007166
134.45340501792114
64.91226105137396
34.21856332138591
13.911663679808838
4.931011051373955
3.458669354865921
2.883848566308244
3.4344384707287934
1.9319780465949816
9.945131421744325
47.88306451612903
146.8563321385902
222.52837514934288
113.79218936678615
38.88254181600956
6.345579450445371
4.851403823205228
3.458669354865921
2.3887022103020024
3.291928016726404
1.7258064516401148
4.592308841099164
63.1347072879331
136.32392473118279
183.21759259259258
100.87029569892474
33.411364994026286
6.345579450445371
4.851403823205228
3.458669354865921
2.6593600657108722
2.743455047789725
1.7258064516401148
12.250238948626045
33.29114396654719
95.02314814814815
186.08124253285544
104.68227299880526
33.411364994026286
10.929286140979688
4.851403823205228
3.5669317502986857
2.595669056152927
2.7896206690561525
3.8752240143369177
7.520176224611707
53.87171445639188
156.45534647550775
232.76956391875746
129.78307945041817
52.666890681003586
11.718936678614096
5.937201314217443
3.458669354865921
2.3887022103020024
2.872420101553166
3.965800477897252
7.899507168458781
49.44369772998805
148.1070788530466
141.7749402628435
72.21886200716845
31.64613201911589
7.495855734767025
