417.0363788082436
267.3130951314217
182.29784684886496
177.93152292413384
215.16047789725204
274.09781175328555
498.8247113948628
3693.7111223118263
6541.981671893668
3864.386133512545
1301.9042189366787
971.7964568399044
371.0919690860215
238.6871949671445
123.41539426523295
231.909793234767
135.60411335125448
325.0269380973716
436.0783273596178
2200.775179211469
5347.359024044204
5401.381612156512
2407.510110513739
1236.2403412485066
704.9394078554363
530.2698472968939
242.12390270310632
225.0784826388889
175.36378136200716
232.61481294802863
345.02540341248505
2318.3137022102756
7738.151351553164
4032.0694556451613
3477.7969496714454
1436.3401060334527
711.0371008811228
373.1670000746715
212.50596848865004
176.0120187425328
160.22208714157708
484.49709304062134
862.4464893219837
4008.1050365890083
7640.944388440858
6415.182134856628
3608.1050776583043
1080.2089008363203
483.45051597968927
486.4453957586618
245.03831429211473
166.4810839307049
119.55993981481483
244.50129629629626
431.5015568996415
3700.8488351254473
6532.771046146952
4965.376859318998
3153.719492980884
1283.2838186977303
303.1760069444445
176.67655839307048
145.9039396654719
202.19307224462364
137.25174693847077
289.303805630227
801.8566692801672
3381.5447617980885
8952.651825716846
6255.6952210274785
3112.739243578256
986.8295176224611
347.9403755973716
235.42222595579446
147.88993245967742
103.0264815934887
116.15778334080049
107.3151032706093
840.3158206391876
2717.363844086022
6089.555835573476
3447.1345430107526
1495.5530167264033
548.3033161589009
265.4284266726404
405.2440221774194
182.1314658004778
79.8441608422939
45.31224619922341
113.77284647550772
424.31260678016724
2607.610024641577
5193.45302792712
2921.5790919952215
1665.8642510453994
557.8734136051373
277.2808086917562
136.65408004778976
136.9809722222222
136.2791121191756
78.43296202956986
171.4225522700119
703.7078543160098
2374.2415359916367
5525.306141726403
4863.420235961766
2034.8733124253279
656.5563646206692
454.31995594384716
258.5604820041815
162.91362081839904
98.88152956989245
116.38716797341694
143.52239172640384
598.580630227001
2074.109468339307
7239.355876642773
3772.4270385304667
1761.6069668458786
630.4964661738354
298.4733430406213
255.56867271505376
130.0402087440263
141.5895434961171
128.17772177419354
209.07940636200726
657.4046927270012
3257.4793010752687
6819.452770310635
5308.617521654719
2338.334994772999
1324.9876568100349
498.921022625448
199.20109767025093
207.80801336618873
152.21971751792108
148.60967727001193
128.4003080197133
1044.9047457437275
1786.4088571535249
5517.999809587812
4591.371139486261
2320.1123842592588
714.1406791367982
275.1366905615293
194.01979614695338
125.78605996117085
131.6899817054958
85.79333060782554
163.24119885005976
419.8309755824372
2162.4224089008367
7313.862518667861
5529.509300328554
1908.0259296594988
899.210476403823
506.47874290621274
235.62832922640382
210.32189852150543
95.1243848566308
138.94153830645163
486.8943944145757
201.15606966845877
3659.863466995221
7801.659796893668
6122.045747461171
2755.3913978494625
878.9028785842294
421.3818854540023
355.66479428016737
119.36035730286736
128.58226135005972
272.5392160244923
207.70036589008367
610.3074346624851
2923.833225059737
6586.486652479093
3604.926280615293
2204.1785916965364
861.4615008960575
352.12730398745515
185.6586200716846
137.42431899641576
112.81250989396655
110.04466875746715
332.86136088709685
506.32762582138565
1917.5938022700116
3954.2414463859013
3319.1418048088412
1256.4280465949823
526.6306369474311
312.00968301971324
177.61091584528077
102.29515740740744
85.57789209976104
103.70218085424129
78.34053759707291
372.4742618727597
2368.642887544804
3519.438847819594
4003.6789389187575
1621.2022588112306
1048.8401284348865
483.28038754480286
111.31058982974909
157.37958781362008
184.5140679136798
71.60603688769416
154.87973752986852
455.4513642473118
3085.5149865591393
7419.628920250894
3629.148894862605
1755.55407332736
1095.8129106929512
356.7303849313023
242.20688508064526
115.10404241338112
195.70867570191155
135.9674156586022
120.83896430704898
576.2521468040624
2668.757097520908
5921.182862903225
4921.287298387097
1753.8031287335723
1066.767025089605
295.3577143070489
254.92126680107523
342.03366636798086
157.75324402628434
108.32006795101553
283.37355548088414
917.7952553763445
4124.043899342891
7302.852087066905
5615.92416741338
1903.8799843189954
750.6338444593787
