1.493414351851852
0.0
0.7467278972520908
0.7467278972520908
0.7467278972520908
0.0
0.0
29.12205047789725
95.20463709677419
76.1667413381123
84.00675776583033
24.64175627240143
0.7467278972520908
0.0
0.0
0.0
0.7467278972520908
0.0
0.0
50.775164277180416
111.63560334528077
173.98622311827958
148.22087813620075
12.320687724014338
0.0
0.0
0.0
0.0
0.0
1.493414351851852
6.7206541218638005
15.681186529271207
97.07194593787335
100.06018518518518
118.72849462365589
18.29467965949821
0.7467278972520908
0.0
0.0
0.0
0.0
0.0
0.0
96.32515681003584
127.68906810035843
142.99570639187573
138.1439292114695
17.921139486260454
0.0
0.0
0.0
0.0
0.0
1.1200899790919951
0.0
48.911626344086024
156.4384707287933
120.96957138590203
121.33919504181601
0.0
0.0
0.0
0.7467278972520908
0.0
0.0
0.0
0.0
45.54999253285544
142.24854390681006
177.71706989247312
151.5825119474313
4.480283004778973
0.0
0.0
0.7467278972520908
0.0
0.0
0.0
0.0
38.08262395459976
148.96766726403823
135.90247909199522
25.014878285543606
0.0
0.0
0.0
0.0
0.0
0.0
0.0
0.0
34.72207287933094
82.88620071684589
96.32515681003584
69.81686827956989
5.226911589008363
0.0
0.0
0.0
0.0
0.7467278972520908
0.0
0.0
29.12205047789725
142.6219384707288
160.16969086021504
84.75392025089606
8.960569743130227
0.0
0.0
0.0
0.0
0.0
0.0
6.3471139486260455
34.72207287933094
138.89071833930706
177.71706989247312
116.48738052568697
20.534595280764634
0.7467278972520908
0.0
2.240142249103943
0.0
0.0
0.7467278972520908
0.0
72.05794504181601
133.6613649940263
153.4502314814815
65.71221624850656
18.667764336917564
1.8667764336917563
0.0
0.0
0.0
0.0
0.0
0.0
13.067312574671446
160.91685334528077
136.27624701314218
163.53132467144565
15.307683691756269
0.0
0.0
0.0
0.0
0.0
0.0
0.0
32.1086096176822
173.98622311827958
135.90247909199522
20.908131720430106
12.694190561529268
1.8667764336917563
0.0
0.0
0.0
0.0
0.0
0.0
64.21792861409797
178.83800029868578
206.466472520908
93.71449372759857
37.70911738351254
0.0
0.0
0.0
0.0
0.0
0.0
0.0
52.64288381123058
96.32515681003584
84.00675776583033
49.28539426523297
11.574025537634409
0.0
0.0
0.0
2.240142249103943
0.0
0.7467278972520908
0.0
29.12205047789725
94.45747461170848
92.5939366786141
87.73797789725211
5.973573775388291
0.0
0.0
0.0
0.0
0.0
0.0
5.973573775388291
29.49514635603345
91.09961170848267
121.33919504181601
40.32254330943847
8.2139075567503
0.0
0.0
0.0
0.0
0.0
0.7467278972520908
0.0
29.12205047789725
125.44795400238948
125.44795400238948
44.42947281959379
0.0
0.0
0.0
0.0
0.0
1.1200899790919951
0.0
0.7467278972520908
47.79110663082438
123.95366636798086
132.54084528076464
37.70911738351254
0.7467278972520908
0.0
0.0
0.7467278972520908
0.0
0.0
0.0
0.3733557347670251
29.12205047789725
84.00675776583033
103.79144265232975
48.53823178016727
8.2139075567503
