234.3568443847073
345.08827770310637
119.11037410394265
169.20064497461166
152.54701758512547
150.38650313620073
1354.6373282556744
2295.040699671445
6466.3757616487455
4886.408142921147
2610.18704077061
802.3491801075266
523.8317342443252
219.29071796594985
135.6873073476703
97.31680697431301
118.77057803166066
161.6412261051374
627.2516401583034
2076.8247349163676
4818.663859020309
4419.040371117085
2421.740628733572
1345.7178128733572
462.0200981929509
183.44616263440864
87.37168936678614
181.15703901583038
67.23451392622462
178.79097184886496
763.9822016875744
3028.012387992831
7225.523566308242
6065.995463709678
2768.7607825567497
873.1257747162482
420.49145721326164
253.40489060633217
114.8750037335723
108.92233561081242
284.38230406212665
161.05709901433693
642.4321113351256
3367.1047752389495
6518.010659348865
3203.2602635902035
1140.9939553464749
520.8355932646358
312.25347259557935
215.96462514934294
131.04610338261648
373.96721923536427
71.19677949522105
211.23266465053754
481.3128184737155
2289.3091621863805
4195.167995818399
4271.308807497013
1878.839396654719
853.8728782108718
528.6132108721625
230.16580010453993
214.9819209229391
162.2572860663083
109.43027886051378
164.57052904719245
990.5515681003584
3061.2814008363202
7068.057974910393
5225.043346774193
3074.4878621565103
831.0218540919949
382.13731817502986
234.406201090203
232.28081727897253
124.03496296296304
194.8757663157109
200.95042413381123
497.7145881869774
2779.589504928316
6100.6146729390675
5228.977419354841
1636.5136686081246
722.5469298835127
305.0838515531661
219.63855510752688
103.9235301299283
112.13528722371565
154.9721677494026
244.47047341696532
909.2720993876943
2208.987503733572
5298.698398297491
3267.551362753883
1405.0556750298686
395.76716099163673
377.0155984916368
199.18131496415776
227.03998282556753
161.94149014336918
107.30986447132614
122.03391726403828
139.6997252090801
1921.3071647252095
4056.0375149342876
4233.094100955791
1885.3259371266429
441.21937126642774
267.63902852449223
240.98296370967736
85.8845287858423
116.34767286439666
146.43886611409795
160.07523334826755
452.1372091547191
5113.762556003583
7086.125978195936
4834.242495519713
3794.1881347072867
741.3861854091995
291.0969295101553
225.58305518219836
103.14986480734765
173.6857984617682
152.18886402329755
679.0040826612905
1254.72092667264
4972.527643369174
8295.794548984471
6050.980660095579
3611.061514336918
1695.6562462664274
666.9547670250897
245.34070788530462
107.68004592293907
123.43603434886501
104.31231447879331
331.66253210872156
762.1894739396656
3318.525888590204
7630.278543160097
6055.5010416666655
2439.271456839904
1150.234363799283
265.57309774492245
143.03030727299884
148.7450063470729
131.6343810483871
226.3011485215055
195.1191860812425
510.5672390232975
3386.7872797192354
7273.8068660394265
6738.468234767024
4106.716633064516
1340.294112156511
498.91125074671464
360.67122834528067
135.90583378136205
146.10187821087217
102.62414265979689
238.92809401135003
689.932681078256
2338.782545549582
6872.956040919954
3801.918959080047
1304.8583295997612
898.253021953405
482.9613922491039
338.35381123058545
141.46118402777776
168.10870501045406
172.698040807945
342.8966830943847
916.3477128136204
3215.5042674731185
7142.6718899342895
4411.170258363202
2600.383882168459
886.9493175029872
423.85681488948626
434.9859647550776
142.10572655316608
179.06933206391875
127.60496023745513
308.9648767921147
568.5587660543607
3194.5546893667856
6924.089422789723
5900.517316308243
3000.5428726105147
1076.5361857825571
520.2079147998803
362.34108236260454
122.51891476254482
197.12072965203106
161.82704136798085
153.18574298088413
733.6523611111111
2114.1000709378736
5867.721415770609
5591.483725358425
1961.552542562724
933.5873409498209
242.29302195340503
233.91240292712064
196.46396281362007
156.45057422341696
160.21729398148145
192.57606780167265
463.8055626493431
3016.1576276881724
7607.869638590201
6041.211962365589
3295.2940785543624
603.0680876642773
307.39103793309454
250.63805331541215
126.14996934737155
109.22708452807647
69.87546363500596
188.27855846774196
614.4980439814813
2926.5289165173235
4497.983990442053
3016.612399193549
1653.5632653823175
741.4413067502984
388.0245318100358
270.7670146356034
163.79037970430102
148.7417822207288
155.99561633811228
349.2252572431302
746.9306877240147
3594.05134035245
6878.255704898444
5498.8288791816
3876.525765382317
1208.115053763441
