1543.1155352149856
1279.21396638545
1033.0483999312146
949.5372290566524
1174.3717795249884
1419.0701624032667
1926.5113575229707
2750.1585202391425
3633.6874033328886
3310.9221983546095
3326.408718068331
2309.304850103689
1993.9150218452114
1233.4064658445807
831.5402534585126
1431.66490568677
1052.9882921764201
1714.9145405990619
1715.6881050587351
2021.7162888368775
2595.531759150444
2900.7693452786925
2437.2445757480964
1910.7454848521802
1669.9320663084006
1298.3378841623678
853.5313098568338
825.9162494247585
776.9165429363158
1208.25212875274
1424.3645130679135
2141.7899370449168
2232.385189659019
2420.103255183071
1783.3070217732138
1817.1880080498206
1377.80591223433
889.6505821831311
670.3957295127524
643.5470654153446
731.4406720402634
994.8001221939835
1201.4223264774212
1810.4705685964486
2025.522604137684
2650.726205367378
2895.2722428538386
1812.5275628643408
1480.2452346307482
959.937318214487
856.8089207607139
857.07658290122
711.1212980333388
964.2329362268724
1379.1970408235757
1927.910159553204
2489.156421192809
3219.2527477692297
2311.7814260621703
2272.5072435272446
1608.8457174296962
1238.0712863529711
767.1286067924154
890.36143766259
859.0656288625836
1195.7853664194495
1285.678348120035
1695.295288595523
2043.4754977946836
3367.0721859384735
2659.859235736342
1700.6567320357815
1308.9988422024235
914.843908689946
673.3257536743806
739.0779362635118
664.114116424901
1096.6848438717932
1341.6734915459965
1894.4378251918063
2387.351856988927
3710.505141754017
2694.2752600568015
1744.415319185458
1532.9105895064472
1299.3631177329212
756.8278422992424
849.9065191823304
723.5840910249046
953.5447720216305
1232.3507351224362
2139.4251757069915
2901.246959540893
2813.181272814904
2687.463693872037
2263.396984290792
1710.026308091678
1658.786790407173
1274.762931851321
971.496357675296
1289.7762038489866
1640.7336027682163
1697.4143525727936
2465.7056026829014
3261.6562755238238
3877.9816963596113
3154.6346881795853
2768.9402045919
2628.1232588353523
2751.050421152593
1397.441458484165
1337.365820297739
1324.7267994686786
1580.530021463365
1917.8972789611673
2668.720900743129
3753.5308712403958
4278.6840752091475
4006.339612379258
2576.6037734686843
2351.913269188283
1774.7085158958369
1266.7759110857482
1295.8618917813517
1353.1437575757343
1932.572116740303
2410.6657063952284
2904.419669116415
3982.599709244653
4229.339334520977
4365.722995128636
2875.9686222355494
2702.3681325409857
2135.2834792991766
1454.9642764550135
1446.291213771698
1531.3103215713354
2170.3113569395055
2365.4082862041373
3413.6577257305235
4112.208663554995
5740.465732173162
4467.337562558089
3558.993928073331
2364.2745700125934
1962.4412866539774
1834.1941124620116
2409.1741538625442
1623.8589166975046
1814.107950267065
2542.468707752594
3262.3378731513467
4838.519925386428
4472.407617007785
5528.744708074484
3243.2759922680107
2406.7704795729414
2080.9374216015135
1538.8796185165086
1891.7383306449915
2024.642188893463
2177.662435459683
2111.1206891358415
3249.5785847661064
3814.3730613493544
4443.193701695612
3820.9797321642873
3990.64460351122
2460.5852062193594
2240.5512883131137
2153.835302508702
1929.8351737737225
1912.8501767872226
2416.4814891419946
2167.676415866587
2759.903815511607
3295.342334329627
3984.1239795527003
3858.1105334981353
3280.476896716452
2395.6792185128015
2143.6840234581096
1481.9898545863555
1513.9732795042746
1505.3739177482944
1986.3916072835557
2065.4853250148626
2723.0050124162235
3553.486224923029
3890.893006336111
3494.929849902866
3070.1843226436113
3088.423245236702
2040.3229076309754
1893.0769325173897
1581.6439003362948
1437.016701039043
1770.5827631299444
2263.1444689404884
2754.4431602302598
3926.9439211956833
4311.483903350527
5248.349373573565
3078.1123639351945
2656.354887411448
1835.505735705936
1463.5621701671407
1559.9573475111808
1648.0682167205164
1733.122716637764
2358.7504447290953
3247.9086899521885
4009.4083578633254
5039.364481208454
4006.6522892111016
3193.65586494747
2454.5518185676815
1792.9984376363047
1304.0774067007105
1478.4320727170807
1428.7685395301369
1911.1489056703392
2008.0780376290534
2761.0669085541
2933.334996944127
3897.8426004323874
3619.800770329855
2589.6064404304107
2320.755612256837
1842.513432524036
1441.1921282964927
1410.6025307783511
1331.2194634121367
1723.1373305430063
1999.274290585935
2746.463468275361
3630.661988325662
4284.82901411965
3834.0344328392002
2511.2963522437963
