354.57993988948624
231.056997461171
207.38082847968946
151.4313561081242
105.02146759259261
238.2071426971327
424.29711282855453
2692.763198178017
6857.34972744922
3675.9592480585425
4063.108844832736
1312.0926672640383
585.78226291816
277.25604614695345
109.09125515232974
105.88338030167264
61.24040583930705
85.713520609319
836.0485737753885
2150.2272849462365
5770.609322729989
4821.120934139785
2534.9708930704905
908.4269455645159
278.51002016129024
434.2103166069296
136.91261618876942
143.09741188769414
160.0869381347073
245.14331391875746
496.8777303614097
2326.345359169653
5590.841117831541
4115.7037335722825
2094.505010454002
526.2301986260455
414.895016427718
193.50312425328562
193.74083109319005
394.75694257765844
87.11680477150537
233.2652105734767
865.184154719235
2414.671845131421
8323.813377389488
5039.669963410991
2958.0436977299883
525.703344160693
647.1301164874553
185.39940934886502
161.263334192055
121.94956137992835
109.40571553912781
114.6363277329749
576.7312402927118
3018.572733721624
6323.099234617682
2877.9369063620074
1411.3604540023896
754.5512839755081
314.85903599163674
202.9682465651135
145.97012212514937
123.03190464456394
114.54175784050183
124.06309774492236
854.9918906810034
2614.3903151135
4465.546703255675
4675.146789127837
3196.2514000896062
1082.374193548387
486.29884632616506
470.0386234318998
152.7145314366786
300.72974286887694
90.33857153524492
220.15086805555555
592.3993910543611
3446.2071759259265
7374.59028151135
4633.729704301076
2404.545781063322
1260.8119436977297
441.5791356780167
191.553210125448
196.50968600657114
138.6451571087216
101.34955906511352
246.28490106033453
594.9346942204302
3158.1976889187576
6748.421639784943
4614.747248357228
3332.8060073178017
1098.2139635603346
299.97569817801667
151.65133997909192
208.83576836917564
141.24935528673834
109.90453983721628
157.66821038679808
303.01256757765833
2544.5708258661894
6575.992585125451
3211.9510341995237
1415.9213784348865
702.2507877837511
401.72848192951017
222.31855846774204
143.78687649342893
164.16894048685782
84.09341017025092
203.9588593936678
327.61038455794505
3616.7940262843495
7933.466259707285
7112.591338112307
3797.0082213261658
588.7139960424133
442.2316087962963
117.9242006795102
89.94444224163678
138.70011581541223
160.33529009856628
124.25612119175629
673.302847222222
1738.9671333632023
6415.01171594982
5534.911607676225
2294.1087962962965
569.602205421147
352.58766689068113
224.76679622162476
241.52301261947431
181.265988687276
119.9198672715054
256.64297715053766
521.7039867084827
2550.8403748506566
5389.768985215053
4371.38254181601
1652.1841173835132
664.7865408452809
273.9857653823177
333.4587346923537
274.16228606630824
255.13640150836315
102.05130753434885
258.3532638888888
476.36522289426534
2897.1871117084825
4840.0672304360805
4261.84435483871
1884.9726851851863
862.6549051672644
357.6297901732379
278.391570713859
170.56762059438472
133.3806680480884
117.15066308243728
148.34687126642777
389.51573290023896
1545.8053875448022
5192.429958183989
3782.8215763142166
2034.441379181602
533.1113395683992
404.7101116338112
270.2403509557945
156.35402068399043
113.21729666965354
86.02964187574672
372.5260745221028
541.4791192502985
4780.053117532856
7304.72740442055
6467.857508213858
3236.0251605436083
1018.9121609916369
541.7351564366786
264.23567502986856
211.1053845579451
123.3652691905615
91.69564176373954
144.60868918010758
812.6547446236557
2533.252785244923
6772.516610663081
6018.071520310631
3369.3362865890076
832.5759147252093
258.12436529271207
233.74178726105143
120.81929864844682
144.7548562574671
268.34759098715654
135.69819750597378
1530.3320116487455
3446.4459752090806
7625.286484468341
5922.47354017324
5131.371740591397
691.2130820639187
245.04488649940268
295.1457930107527
115.20667790471924
148.6745962514934
136.8903995669056
302.31007243130233
458.128098864994
3095.8972446236567
8733.513653673832
6240.878390083631
3805.636282855435
863.7515501792117
367.69188918757465
184.41909199522098
190.95809513142171
148.1745103793309
105.77604080794504
125.9258445340502
1093.7922603046597
2671.2238500597373
6957.824357825568
4815.526008064517
2096.0721923536435
1046.9956615890083
441.58219907407414
431.04001866786143
189.98123879928315
207.35635980436084
131.09292219235363
324.7406526284349
1027.123954599761
4589.924488500596
7766.39764411589
6461.1272214755045
4252.54267099761
1295.7534236857825
