20.037858422939067
9.53946385902031
8.583893369175627
4.745060483870968
3.919728195937873
12.32097520908005
21.108796296296298
75.24081541218638
232.6799581839904
140.71460573476705
208.730958781362
66.67002688172043
30.41808542413381
13.19306302270012
3.4724649044205496
3.4050552568697725
2.8447095280764634
2.7226926523297497
46.89964157706093
96.15404719235364
165.68436379928315
205.73514038231775
138.8134707287933
41.87331989247313
14.47972670250896
18.26788381123059
5.192764336917562
6.151807048984469
5.060409199522102
12.350694444444445
26.45403972520908
79.92084826762246
166.63157108721626
171.56996714456392
122.88493130227002
29.599387694145758
21.093451314217447
9.131981780167264
5.6412783751493425
10.591547192353644
1.4819332437275985
10.267099761051373
50.449148745519715
81.27874850657109
274.78046594982084
227.8300477897252
157.79420549581837
24.542040023894863
34.510341995221026
6.3052568697729985
5.586798088410991
3.712462664277181
2.2470990143369174
3.950220280764635
32.52508960573476
96.30264336917563
197.76321684587816
146.24327956989248
58.581242532855434
38.92096027479092
16.336357526881724
5.3298237753882916
4.079413082437276
3.0637134109916366
5.0426709976105135
5.038978494623657
48.00365890083633
80.63134707287934
144.33393070489842
198.98596176821982
159.43697729988054
58.1156660692951
25.372610513739545
19.436155913978496
4.949970131421744
6.1952023596176815
3.862529868578256
11.212029569892474
35.320601851851855
95.37410394265233
222.06989247311827
207.14008363201913
124.46535244922342
64.64717741935483
23.2021729390681
7.620557048984469
7.621677120669056
3.7625634707287934
1.230872909199522
12.324783452807646
30.175216547192353
89.08751493428913
213.38597670250897
191.65845280764634
159.34363799283153
56.26568100358423
13.92730734767025
4.962701612903227
8.415322580645162
2.4162261051373957
2.7438358721624847
4.649193548387097
15.610775089605731
76.44041218637993
194.03823178016725
115.95990143369175
74.0983422939068
36.07239396654719
21.116935483870964
8.76739844683393
5.122647849462366
3.876836917562724
1.5194967144563918
6.671781660692951
15.892211768219832
121.22983870967742
284.472072879331
306.33923237753885
197.62544802867384
29.50026135005974
21.642771804062125
3.33121266427718
2.6287223715651136
4.162746415770609
5.744324970131422
3.1379816308243726
31.04498954599761
55.12880824372759
189.89695340501794
249.76403823178018
121.21266427718041
31.373618578255677
16.3620445041816
8.12040770609319
9.856742831541217
5.087716547192354
4.883340800477897
13.669242831541219
28.038493130227
101.57930107526882
140.71460573476705
185.37298387096774
90.41517323775388
37.1964605734767
15.144713261648745
13.415285244922341
11.058542413381122
6.817570191158901
1.9239135304659498
12.930294205495818
26.63493130227001
111.949298088411
153.1063321385902
184.57511947431303
89.07370071684589
43.09177120669056
17.254890979689367
10.481182795698924
6.466211170848269
4.801022998805257
5.809923835125448
5.335386798088412
21.875560035842295
69.35543608124253
129.6217891278375
152.28195937873357
98.66860812425328
27.044093488649942
20.83083183990442
11.292040023894865
5.434214456391876
3.4336730884109916
3.423816457586619
18.10304659498208
29.359318996415777
139.47169952210277
198.34192054958186
265.52867383512546
167.0038082437276
49.17898745519713
27.687163978494624
9.23629778972521
8.294429510155314
4.6506869772998805
1.6141390382317802
3.9572505973715653
43.83400537634409
79.08714157706093
209.55607825567506
268.01187275985666
170.73028673835125
44.56683094384707
12.011872759856633
7.7541816009557945
4.234434737156511
3.54466472520908
6.18974761051374
4.63508064516129
73.39419056152926
108.81048387096774
215.0548835125448
271.261574074074
279.2678464755078
37.8782482078853
9.42547789725209
12.198103345280765
2.4062014635603344
3.4141875746714456
5.026388888888889
13.499365292712067
23.875672043010756
98.60028375149344
314.0326314217443
266.29965651135007
196.87163978494627
44.552083333333336
16.626978793309437
8.009371266427717
7.565524193548387
4.2773894862604545
5.053688769414577
6.792973416965354
52.3988201911589
79.86447132616487
215.69257765830346
200.9636350059737
108.47110215053763
54.046072281959376
25.36043906810036
17.958893369175623
5.514411589008363
4.29912261051374
3.70954674432497
13.724798387096774
50.00448028673834
130.92405913978496
200.66830943847071
272.43727598566306
225.13814217443255
68.32549283154121
