0.0
5.973573775388291
0.0
0.0
0.0
0.0
0.7467278972520908
32.1086096176822
107.52684438470726
145.98394563918757
153.82362604540023
29.12205047789725
0.0
0.0
0.0
0.0
0.0
0.0
0.7467278972520908
43.682310334528076
110.51508363201911
82.88620071684589
84.38052568697731
1.8667764336917563
0.0
0.0
0.0
0.0
0.0
0.0
0.0
46.29678166069295
159.7959229390681
140.75425627240142
43.30854241338112
0.0
0.0
0.0
0.0
0.0
0.0
0.3733557347670251
0.0
43.30854241338112
175.475993130227
175.10259856630825
33.975433094384705
11.574025537634409
6.7206541218638005
0.0
4.480283004778973
0.0
0.0
0.0
0.0
32.1086096176822
99.68679062126643
104.91196236559139
23.14804734169654
10.080734767025088
0.0
0.0
0.0
0.0
1.1200899790919951
0.0
6.7206541218638005
49.28539426523297
91.47337962962963
118.72849462365589
70.56399342891278
0.0
1.8667764336917563
0.0
1.1200899790919951
0.0
0.7467278972520908
0.0
0.0
61.6034572879331
131.0468936678614
99.68679062126643
38.455607825567505
11.947565710872162
10.080734767025088
0.0
0.0
0.3733557347670251
0.0
0.0
0.0
46.29678166069295
120.96957138590203
94.08788829151733
91.47337962962963
29.12205047789725
2.240142249103943
1.8667764336917563
0.0
0.7467278972520908
0.0
0.7467278972520908
0.0
42.18798536439665
107.52684438470726
106.40628733572282
105.28573028673836
8.2139075567503
0.0
0.0
0.0
0.0
0.0
0.0
0.0
91.47337962962963
153.82362604540023
151.20911738351253
200.86790621266428
10.453856780167264
0.0
0.0
0.0
0.0
0.0
0.0
0.0
37.70911738351254
141.50141875746715
175.10259856630825
59.73573775388293
0.0
0.0
0.0
0.0
0.0
0.0
0.0
0.0
61.6034572879331
132.1674507168459
145.98394563918757
50.775164277180416
25.761540471923535
0.0
1.1200899790919951
0.0
0.0
1.8667764336917563
0.0
0.0
24.64175627240143
90.35285991636798
92.96733124253285
7.467278972520908
11.200899790919951
0.0
0.0
4.480283004778973
0.7467278972520908
0.0
0.3733557347670251
0.0
36.21580047789726
106.40628733572282
151.5825119474313
49.28539426523297
0.0
0.0
0.7467278972520908
0.0
0.0
0.0
0.0
0.0
95.20463709677419
97.07194593787335
103.79144265232975
116.11402329749106
0.0
0.0
0.0
0.0
0.3733557347670251
0.0
0.3733557347670251
0.0
48.164463859020316
117.98133213859022
173.98622311827958
126.94190561529271
25.761540471923535
0.0
0.0
0.0
0.0
0.0
0.0
0.0
48.53823178016727
150.0885976702509
170.25082138590204
169.13026433691758
9.707194593787337
0.0
0.0
0.0
0.0
0.0
0.7467278972520908
4.853823178016726
53.76340352449223
142.24854390681006
172.49189814814815
87.73797789725211
20.161469534050177
0.0
0.0
1.1200899790919951
0.0
1.8667764336917563
0.0
0.0
45.54999253285544
107.15344982078852
92.5939366786141
104.91196236559139
11.947565710872162
0.0
1.1200899790919951
0.0
0.0
0.0
0.0
0.0
47.79110663082438
84.38052568697731
120.96957138590203
151.95627986857826
0.0
