1309.6202469832049
1054.9654411465012
755.1707005584544
758.7588087310851
708.5320718636976
1158.7742536517733
1514.9153524453125
1928.8717333514498
2848.2339759135357
2636.1415830619007
3044.4158305235273
2063.0869009549456
1670.9249904832045
826.1639527770777
639.6655812661589
768.7879679627554
660.4644675497772
989.9971537263026
1682.038370142367
2010.6157512024688
2738.1955845686034
3840.430262244045
3304.109345760044
2129.5373381974596
1344.7759171148514
844.7062234694174
888.0834230587458
751.8407379253558
923.0147138592552
1276.4265537826084
1521.7688776139112
1981.2685698107475
2546.5498551309424
3388.225578211746
3126.8250474601905
1903.87809168184
1209.0354373239345
1246.5299989991404
925.4693368902912
1064.828952624126
944.2408463980892
1290.4539296909966
1834.0901789266436
2320.6031813503314
2909.580023529858
2686.7567795907953
3191.1437855659055
2186.042426215597
2148.2614756701746
1346.3615864343196
691.0621353664485
683.1647773456647
697.7432585321438
1043.7497951725106
1407.2738400320584
1747.1740745770996
2471.4669610673614
3154.496251353459
2017.9464973734011
1962.10704191434
1514.6920659960033
984.7650886229828
837.3353682918181
928.9369260138443
931.1467825364185
1227.7656453172995
1686.6245324091635
2346.4293761104564
3174.474146241516
3772.735977754482
3665.9983113038456
2508.169874210215
2013.7771912167598
1802.3030484748929
1195.8504437878812
1697.6858701046121
1327.0809925449735
1835.5540090450315
2115.401063977299
2764.175478268269
3740.2341822577455
4464.722547667995
4529.164186281414
3037.291734209353
2670.344957039303
1696.427925080591
1294.3779543064102
1255.7530730951146
1354.3084891431843
1767.9560534583095
2032.1485808512302
3177.2020835624285
4222.894263901703
4170.515502205586
4149.186625472993
2980.740092116359
1732.34442338439
1514.013672127603
1516.0171918572944
1474.5616966836594
1439.6140884069323
1886.936498153522
2182.1332705835475
2741.3544938119326
3145.923756109249
4059.9865500035785
3203.8930140457733
2735.7894056074324
1980.9080967983148
1695.9893511107773
1199.6205990158262
1279.5843836191248
1140.004597781104
1347.75850413959
1686.12970316965
2576.317002893668
3700.312091371818
4101.857536977366
3576.9428083171324
2666.852630995566
2061.022106553876
1587.0628617739715
1588.3890420594635
1556.212175532845
1500.0966559478968
1566.2556711011143
1967.605969238718
2677.3452851558413
3234.035357392802
4071.109309132684
3482.558269919555
2727.002224386086
2120.398598490806
1679.481825326656
1132.0357370284905
1436.6914079174562
1413.1292896119567
1750.2676816109515
1958.0452261682956
2412.264517098504
3202.080038256307
3189.9664079497475
2843.2445219368237
2498.9604901999737
2258.3919945944335
1967.3948260805012
2129.601613208726
1521.2201555799877
1680.7691336180558
1838.687622086061
2134.1792648015785
3088.1792822015254
4098.713933002915
4904.317861930125
4596.623702996826
4096.807876975297
3465.283707619534
2242.8757989909996
1733.6532856312042
1357.3192733719932
1277.1530588158037
1588.1725918963607
1773.5182619405002
2579.388120309715
3061.032794772295
3655.12347320099
3515.0721380782693
3004.7185618445546
2300.8135552336958
2388.140106264129
2010.5554525983077
1573.9671798221095
1584.7792788630877
2447.584700387514
2334.771620794902
2600.425918259517
3710.9332169461145
4514.540160854973
4035.816626688099
2935.4852076483494
2676.711902204557
2530.093110973044
1962.5754691323532
2246.7455241279304
1774.2650568611982
1854.7973528779403
2319.4168176970607
3208.6779477507516
3974.14175807715
4834.057470195131
4482.517663522936
3096.277288593433
2000.2327210431527
1876.1403695485374
1676.9121113555018
1565.996149066881
1553.9479502923282
1831.623563981199
2905.5873833670116
3128.608497745193
3868.11425049676
4826.786733398315
4475.7719392844365
3107.6588095743805
2453.9753287196913
1930.8323523427348
1562.710400453878
1540.4875819795204
1869.1647291906488
2013.1995240601073
2159.3060002846496
3518.3457269892256
4431.872313956515
5564.4376218894595
4117.155873440493
3039.5622642903613
2295.873323944026
2009.7357136219673
1614.7540980089536
1710.6907346047747
1540.8947316597666
2114.4068100162176
2691.4062335669264
3206.5177896771584
4172.255819076745
4783.159730062018
4556.635933113609
3382.0154644746153
2901.239374950982
2229.8889850927335
2072.83664367881
2607.806861722198
2088.895481557299
2169.3261018243684
2672.741629295611
3313.9540895417886
4114.626060159596
4791.558180786313
4438.6303109754
3577.585778767093
