0.0
0.0
0.7467278972520908
0.0
0.0
0.0
0.0
69.44347371565114
156.06507616487454
206.466472520908
70.56399342891278
1.1200899790919951
1.1200899790919951
0.0
0.0
0.0
0.0
0.0
0.0
47.417712066905615
205.71931003584228
119.84901433691756
101.18111559139787
0.7467278972520908
1.1200899790919951
0.7467278972520908
0.0
0.0
0.0
0.0
0.0
56.37828554360812
159.7959229390681
153.4502314814815
87.36458333333333
8.960569743130227
0.7467278972520908
0.0
0.0
0.0
0.0
0.0
0.0
22.401422491039426
126.1951164874552
162.78416218637992
173.98622311827958
32.1086096176822
1.1200899790919951
0.0
0.7467278972520908
0.0
0.0
0.0
0.0
8.960569743130227
135.90247909199522
142.24854390681006
112.3786215651135
18.667764336917564
0.0
0.0
0.0
0.0
0.0
0.0
0.0
85.87029569892474
101.92790471923539
173.98622311827958
29.12205047789725
0.0
0.0
0.0
0.0
0.0
0.7467278972520908
8.960569743130227
11.574025537634409
50.028001792114694
122.83310931899643
134.78192204301072
40.32254330943847
18.667764336917564
0.0
5.973573775388291
0.0
4.480283004778973
0.0
0.0
0.3733557347670251
34.72207287933094
106.77968189964157
147.85129181600954
143.36910095579452
6.7206541218638005
0.0
1.8667764336917563
0.0
0.0
1.8667764336917563
0.0
0.0
45.54999253285544
106.03251941457587
102.30167264038232
96.32515681003584
9.707194593787337
0.0
0.0
0.0
0.0
0.0
0.0
0.0
69.06970579450419
153.4502314814815
160.16969086021504
93.71449372759857
10.080734767025088
0.0
0.0
0.0
0.0
0.0
0.0
0.0
34.72207287933094
153.4502314814815
178.83800029868578
158.67540322580646
25.014878285543606
0.0
0.0
0.0
0.0
0.0
0.3733557347670251
6.3471139486260455
35.09561678614098
106.03251941457587
190.0396505376344
138.1439292114695
29.12205047789725
7.467278972520908
0.0
4.853823178016726
0.0
0.0
0.0
0.0
26.881705495818398
139.63369922341695
87.36458333333333
94.83086917562724
18.667764336917564
0.0
0.0
0.0
0.0
0.0
0.0
6.3471139486260455
36.21580047789726
148.96766726403823
205.71931003584228
102.30167264038232
0.7467278972520908
0.0
0.0
0.0
0.0
0.0
7.467278972520908
0.0
85.12731481481482
152.70306899641574
84.75392025089606
99.68679062126643
23.14804734169654
2.6135043309438473
0.0
0.0
0.0
0.7467278972520908
0.0
0.0
36.21580047789726
169.13026433691758
224.76138739545996
147.85129181600954
13.814392921146954
0.0
0.0
0.0
0.0
0.0
0.0
0.0
71.3111559139785
99.68679062126643
160.91685334528077
123.20687724014337
1.8667764336917563
10.080734767025088
1.1200899790919951
0.0
0.0
0.0
0.0
0.0
29.86869026284349
99.68679062126643
39.57579151732378
49.28539426523297
0.0
0.7467278972520908
0.0
0.0
0.0
0.3733557347670251
0.0
0.0
70.56399342891278
91.84677419354838
153.82362604540023
131.0468936678614
32.1086096176822
0.0
0.0
0.0
0.0
0.0
0.0
0.0
46.29678166069295
152.70306899641574
121.33919504181601
175.475993130227
1.1200899790919951
