423.0417689665471
164.68083034647552
185.49987753882914
109.94320008213857
95.56179472819592
166.36436865292708
579.0428068996417
1851.8788306451615
7371.428741039428
6691.546423237755
3376.8612455197126
1351.3939478793309
456.091946684588
180.771156660693
114.01642667264038
129.42650526433692
90.3270753808244
137.11192540322577
669.6238425925924
2720.964523596176
6491.1785356929495
4334.854039725211
2624.3151396356043
468.5362727747909
541.5386245519713
231.4033982974911
178.33042152031058
140.32941670400234
69.76288104838711
115.97238313918753
943.6078546893673
3185.164161439665
7597.935610812426
6160.745702658302
4261.388269115889
1221.2415695937875
319.5707299133811
216.66285020908
147.6567678464755
103.43191573327358
84.96811529271208
103.70591173835128
517.5153054062127
2950.5368503584236
7568.431802568699
3514.6087738948627
1533.2782892771804
565.3653614097972
242.48760528673822
212.83021020011947
157.40023820191158
158.95343249701315
109.37055637694145
211.57399193548386
691.1252523894863
1953.7013552867388
3661.2037858422946
3441.856447879331
471.082833781362
483.7695355436082
321.35636910095576
286.06226665173244
181.70539127837517
178.9948704450418
104.18869694593786
547.5659845430109
807.2257007915172
1836.2208183990438
4852.774887992832
3765.2728083930683
1409.3848454301078
852.3806190262843
426.37899268219843
339.3041199970132
104.14511144713263
169.07419089755075
244.86048312425328
406.7924645310632
787.0342682198329
3339.663175776583
7235.467383512543
4445.190464456394
2156.860196385902
994.9065449522103
674.7609154719235
259.89421370967744
131.63083139187572
126.30975190412184
168.2060263590203
163.49850993130232
279.5233363201912
3418.4012806152928
7139.418623058543
4684.19211469534
2277.6287335722814
594.8908247461171
499.17481182795717
238.96762768817214
176.0778912783752
131.6635427494027
102.52592812873357
178.5894268966547
724.4848039874548
2277.0146990740736
6187.35453255675
3972.8775761648753
1752.1052083333336
502.64571945937854
491.55704562425336
195.27122237156513
179.43133624551973
130.0652535842294
88.54702535095579
194.41077247610517
934.5764971624852
2135.881391875746
4698.553468488649
3567.9215016427725
2024.588328853047
1055.5249477299878
283.4126631571088
249.7359050179211
138.4684641577061
166.44810117980887
96.0106475881123
90.9466307497013
506.1623107078853
2742.060711618876
6979.57800925926
4808.105887843489
1700.4769750597372
954.8695041816015
392.73470430107534
436.90751792114713
140.59591136499407
372.0401262320788
93.43329114396654
156.22033602150537
902.3071684587816
4110.0612753882915
6594.334042712067
5990.297337962961
3508.0230622759873
1186.679260005974
306.13418272102746
267.1300283751493
178.81175216547197
187.40218899342895
446.0343824671445
283.59987081839904
411.1640647401434
2647.5939628136202
6383.550168010751
4868.074507168458
1953.399174880526
373.23983198924725
334.3627856182795
169.69390531660687
212.78690561529277
132.119082175926
153.4432337216249
205.34072580645164
263.31807086320185
2995.9931264934294
6335.860304659497
5468.750739247311
2120.5078554360816
299.75628957586616
397.84916330645177
202.0022487305854
130.51023726851847
109.5606677120669
130.36072621714453
336.34092853942656
471.87281324671454
3138.380227001194
6783.472935334529
3860.611902628434
1761.0402292413373
595.5106548685784
325.63083744026295
180.98834864097975
207.04908154121858
178.98395915471923
132.12164041965354
181.99444183094394
578.580778823178
2675.211495669056
5953.979577359618
3557.2270347968924
3359.8988052568698
693.8179024790923
250.37345803464746
254.1313030167264
125.3027221475508
116.22872442502985
107.7842743055556
122.87814542264037
576.2556119324971
1700.0278994922346
7126.478104091993
6471.426064068101
3138.346882467145
969.9465875149338
730.0826986260452
278.4110808691757
205.16024268219832
168.11540826612907
85.34776000597373
197.7131141726404
294.34595766129036
3554.536671146953
8038.455294205494
5047.853001792115
2663.4711730884096
680.8503823178016
587.7426497162486
185.34285767622455
179.8569362305854
118.86735461469533
177.99632056451617
90.67229771505376
376.66875261350066
2906.1686529271215
4241.518600657108
3427.5278561827945
1774.4172304360816
723.3356604689369
433.36186529271214
360.80995594384717
157.79666218637996
124.44601519563919
105.16287156511349
190.8537608273596
867.5085801224614
3271.595176224611
6115.228345280764
3761.6600246415783
1443.8075828853043
652.9847901732378
