2888.366894235297
1957.6561927146013
1283.5623373565434
1397.8300714252305
1383.665731884606
1767.5521199152142
2104.6543216060054
2847.446307724209
3492.9426602026624
4399.027522428683
4271.159744800707
2592.3710258056017
2007.1055721737657
1635.919795817699
1011.8584464095286
1228.780747233962
1311.105924344878
1399.7507480363386
1870.0429176334058
2705.875895318359
3982.1198490548645
4571.309891873675
4089.959480168649
2389.6475196490737
2124.498542562881
1457.54945450287
744.3825718042654
1084.0381132240423
904.8164929064477
1257.674862474365
1622.487272924545
2425.6982367760993
3614.503570035364
4452.53404595368
4626.218640650156
2593.5026809888877
1443.9390588890485
1163.2696943396415
812.1070235689061
720.6405326719153
922.961524414815
984.8155168325736
1587.9463505216263
2026.0568141161616
2876.0561436015423
3649.5492676433637
2778.1773914500154
2046.921204590745
1077.084138453927
796.339883178645
736.1430568120877
829.6006308402884
827.2408212561587
1031.5842530578147
1202.3054223199913
1659.4903380179592
2346.0735881581622
2085.8950715446176
1862.9051667282397
1490.2704256508996
1197.7393442218104
804.2032643995658
634.4807722643387
696.9060456375003
793.1379459175417
1291.1329489313969
1380.91554570068
1706.9095695095018
2263.383495106511
2794.8717304426555
2389.655681375529
2021.0491752854844
1602.3890303744665
1095.5799264617501
447.20242631476304
794.2166086052083
917.7715570611015
1245.7038970378621
1639.3130786129027
2058.3753699946737
2621.2340739841475
3334.392947906944
3125.5327944056685
2012.3007731878472
1409.6055603845844
831.1251137006631
560.3392707639972
608.3855029039553
650.1929937280112
1125.5485049218696
1200.9473935752435
1876.2915250200156
2711.335900699793
3100.5619105090486
2640.3611699771736
1749.9979699538737
1340.3016889160513
817.319574905381
619.8432185896714
435.52896669560675
634.8662729200744
796.9356513793272
1304.5831921785282
1877.9457983220877
2550.496904257397
3253.933010577056
2309.7286248582004
1700.3480973637043
1182.9701263682073
774.7966502445881
522.1959574387648
711.197047896305
669.9481891042818
1073.5999419382754
1278.7710058130192
2023.6665100621256
2355.1353365928444
2802.829721863866
2357.0171437412637
1429.3751369692814
1028.1647812850574
693.5662107883089
631.4268071430959
617.8297726057248
389.3196947023773
954.5695196674238
1421.0771273928399
1578.749141936009
2411.025922655645
3040.2170600287423
2193.894765588611
2306.1831532988704
1498.2491734609378
1142.7176153505507
544.5536395075825
876.314078168353
621.6613199285632
878.1971058941056
1276.3920600989998
1946.9170559276558
2206.8468990687334
2762.9300765578714
2671.515952641722
1412.1854229956718
943.4062120376838
840.0245938523049
481.98794086702895
770.1746209324366
885.964117563694
873.5464557180808
1416.2228818864044
2195.173420493043
3012.609710332664
3517.2932576887883
2861.1518868752605
1615.6117113540333
1257.1098388919377
912.4447207353248
666.2891876622671
688.1001537483378
787.940904544597
877.7186675385353
971.6875327738337
1958.437011438746
2460.8565066898564
3077.7542975737488
2057.3002593446954
1962.2402576330846
1138.074091374675
916.2968864313933
599.4437254477705
701.1582696518587
601.7097705745573
796.1387065105724
1221.596161565511
1915.2115738748098
2634.3923865996394
2767.1035195765976
2170.3430043762737
1728.3249067224249
1045.557306177079
633.1681109730439
739.6991399806209
590.8341591339041
821.1036358635871
964.0620291772227
1278.1420939814088
1816.7652498714222
2592.691530329242
3667.8582094424423
3118.496158146595
1903.0289575002425
893.7756376351487
764.7446892916681
616.3126814719894
665.8311027705846
543.4992574159844
773.4786603073632
1521.2206345617537
1824.6282110068428
2655.8771873247165
3852.8776832191043
2837.174343704986
2118.4969965516802
1746.130682662344
1161.6654504610144
629.4503948535199
643.5672116091506
653.1215765622134
994.4028021365688
1480.9737814226432
1987.2454021684373
2682.409877427243
2621.4734268476454
2352.775833117915
1987.490915724053
1612.2766505569286
999.9404365909032
927.639130117676
921.2168994793267
827.8415058533143
1326.7554879582729
1354.8042361057555
2134.327541767959
2977.989518300161
2775.294773371454
3180.0081329343952
2179.306044671749
2135.372973367948
1746.8729904690772
1447.600666976301
1506.2916474151489
1450.6767173697237
1649.4157893243666
2172.3571049527204
2847.1914177974636
4074.582870195438
4055.8906180623007
3848.1070508200823
2675.814138982148
