1.712400313620072
9.675013067502986
6.007937574671445
1.0590531660692953e-09
1.0590531660692953e-09
79.11846624850656
316.5114247311828
784.9723715651135
1108.996042413381
496.90001493428906
36.60035842293906
4.982078853046596
36.60035842293906
6.539396654719235
1.0590531660692953e-09
1.0590531660692953e-09
13.109823028673835
51.77288679808842
474.01732377538826
1104.8338560334528
1656.0207586618876
991.9007616487457
169.02486559139788
1.0590531660692953e-09
1.0590531660692953e-09
13.667051224611708
1.0590531660692953e-09
0.915227001194743
1.0590531660692953e-09
83.9760304659498
243.5275537634409
977.4686379928314
1414.2032556750298
526.3235513739547
120.96710722819594
1.0590531660692953e-09
1.0590531660692953e-09
0.35059177120669055
0.1476160394265233
1.0590531660692953e-09
1.0590531660692953e-09
12.236656212664279
603.0790770609318
1480.3255675029868
1943.1858572281963
902.9596027479093
377.7113201911589
56.29749103942651
39.132231929510155
1.0590531660692953e-09
1.0590531660692953e-09
1.0590531660692953e-09
1.0590531660692953e-09
88.9649790919952
571.4198775388293
1144.3391577060931
1423.3736559139784
679.864844683393
98.94642323775388
23.003016726403825
1.9115919952210272
1.0590531660692953e-09
0.7233146654719236
1.0590531660692953e-09
1.0590531660692953e-09
99.56111857825566
513.6215651135007
1239.7580645161288
1713.1511350059734
618.5267323775388
171.66259707287932
38.633464008363205
3.690427120669056
1.0590531660692953e-09
1.0590531660692953e-09
1.0590531660692953e-09
6.495116487455198
129.75425627240142
632.9103195937874
1372.745669056153
1784.4758064516132
978.0055256869773
126.55600358422937
39.773148148148145
1.0590531660692953e-09
1.0590531660692953e-09
0.5535569743130226
1.0590531660692953e-09
1.0590531660692953e-09
78.15307646356034
807.3674581839906
1414.2032556750298
1793.9351851851852
861.0300925925926
123.64609468339304
48.338933691756274
33.131974313022695
1.0590531660692953e-09
1.0590531660692953e-09
1.0590531660692953e-09
1.0590531660692953e-09
105.29920848267625
572.1658452807648
1793.9351851851852
1938.1130525686976
780.7026583034649
144.72748655913978
69.54681899641577
29.074066606929517
1.0590531660692953e-09
0.7380876642771804
1.0590531660692953e-09
9.907924133811232
39.34872311827957
377.7113201911589
474.01732377538826
685.7750896057348
207.02042264038226
12.170026881720432
45.71901135005973
0.2804700567502987
1.0590531660692953e-09
1.0590531660692953e-09
5.557765830346475
1.0590531660692953e-09
45.71901135005973
361.24701314217447
1412.385752688172
1191.3142174432498
665.8015979689368
158.75810185185185
71.201986260454
34.06021878733572
1.0590531660692953e-09
1.0590531660692953e-09
1.0590531660692953e-09
1.0590531660692953e-09
38.633464008363205
294.04715501792117
579.3264635603346
1364.971251493429
514.3600657108722
184.89624402628434
13.667051224611708
5.461794354838709
0.2804700567502987
0.35059177120669055
1.0590531660692953e-09
0.1476160394265233
135.99992532855435
465.9378733572281
1248.357601553166
1727.8550627240143
871.7943548387096
112.17312574671446
0.1476160394265233
2.5094832735961767
1.0590531660692953e-09
1.0590531660692953e-09
1.398673088410992
1.0590531660692953e-09
129.75425627240142
658.7167712066905
1711.461693548387
1958.0544354838705
1087.373431899642
391.2798685782556
78.15307646356034
10.490005227001193
1.0590531660692953e-09
1.0590531660692953e-09
5.388015232974911
1.0590531660692953e-09
75.2425328554361
380.7231929510155
768.1388142174432
1415.0526433691757
693.9952956989246
129.3837738948626
38.633464008363205
2.8933430406212666
1.0590531660692953e-09
0.6827228942652329
1.0590531660692953e-09
0.7676123805256869
89.79655764635605
495.9001642771804
1748.984094982079
2249.6094683393067
1191.3142174432498
284.478270609319
45.71901135005973
9.741618130227
23.804155465949822
1.0590531660692953e-09
1.771342592592593
10.490005227001193
104.86667413381123
437.0198626045401
558.9273446833931
1391.221251493429
422.9887246117085
145.24742383512546
44.18932945041816
35.4900649641577
1.0590531660692953e-09
1.0590531660692953e-09
1.0590531660692953e-09
0.6790341248506571
52.78042861409797
313.94007616487454
768.6006571087216
1364.971251493429
735.1960125448029
254.66659199522098
93.40191905615293
19.105465949820786
1.0590531660692953e-09
1.0590531660692953e-09
18.224936529271204
11.329980585424133
2.450377090800478
568.9049432497013
1489.4380973715647
1860.8658154121863
1241.2399193548388
322.62821087216247
36.067708333333336
20.71110364396655
1.0590531660692953e-09
1.0590531660692953e-09
1.8304480286738352
1.0590531660692953e-09
113.747722520908
682.6863052568697
996.3153375149343
1477.42346176822
735.1960125448029
207.02042264038226
1.0590531660692953e-09
