23.94847670250896
5.448140681003585
3.281847371565113
2.4577359617682197
4.584128584229391
14.83266129032258
36.00675776583034
75.74074074074073
187.45893070489848
177.6291816009558
100.29868578255675
28.544765531660694
22.15512992831541
7.721662186379929
6.507989844683392
3.8180630227001195
11.076127538829153
7.783415471923536
29.69754330943847
80.12694145758663
208.14628136200716
176.27986857825567
125.27889784946237
35.006496415770606
22.518257168458785
8.392697132616487
10.77299880525687
3.7042637395459974
3.0256235065710873
14.530876642771805
36.881683094384705
83.21385902031064
224.81854838709677
188.85640681003582
127.35812425328554
42.9045325567503
22.8938545400239
14.878621565113498
5.798387096774194
3.1194145758661893
1.9891319444444449
8.322954002389487
45.91547192353644
119.93988948626045
268.25978195937876
237.25582437275986
207.4346624850657
72.49253285543608
25.160207586618878
11.494586320191159
5.4722595579450415
2.5318175029868577
4.471695788530466
6.314628136200717
20.225545101553166
93.72610513739546
193.75336021505373
212.0844534050179
102.20840800477897
65.70900537634408
13.427270011947432
10.599275686977302
7.941270908004777
3.5956018518518524
3.7816830943847073
17.684513142174435
45.42712066905615
141.90673536439667
216.13388590203107
220.1213410991637
134.15845280764637
60.580197132616476
14.862865890083633
5.9322729988052565
2.9603233273596175
1.3307646356033453
2.852075866188769
4.723640979689367
26.879181600955796
73.65180704898447
137.1875
146.06220131421745
23.627986857825565
38.026695041816005
20.05417413381123
10.674096475507765
4.433870967741935
4.45039949223417
1.91783527479092
7.1382541816009555
30.203629032258064
92.18003285543607
219.15322580645162
253.8127240143369
138.00067204301075
40.376157407407405
14.11854091995221
8.255899044205496
4.578517025089606
3.5354465352449216
1.4580421146953404
11.399529569892474
29.04681899641577
78.63911290322581
184.56242532855435
197.96370967741936
109.04831242532856
31.30436081242533
25.100545101553166
5.906996714456391
4.25585050776583
2.9658452807646354
10.65449522102748
3.5553614097968937
8.409460872162486
32.31444145758662
154.90068697729987
87.73484169653523
14.274044205495818
28.538157108721624
10.090501792114697
8.876642771804061
13.298499103942651
7.6705122461170845
5.219825268817204
9.28965053763441
34.77299880525687
96.30563022700119
251.39971624850656
190.4887246117085
98.58385603345282
64.40113500597373
29.738351254480282
9.382093787335723
3.662126642771804
1.9573588709677419
4.09929435483871
7.044392174432497
40.057198327359615
96.56884707287932
174.81332138590201
161.52031063321385
115.7993578255675
47.56869772998805
19.20852001194743
14.457474611708482
6.983908303464755
4.393869474313023
2.231399342891278
10.542114695340501
31.86368727598566
53.096998207885306
167.20019414575867
182.2244623655914
69.6415770609319
22.10155316606929
14.316494922341697
12.01739844683393
8.76751045400239
5.895273297491039
6.533191457586621
28.51456093189964
67.17592592592592
102.7833781362007
284.609468339307
251.10401732377534
200.16166367980887
60.022401433691755
28.70344235364397
15.721139486260451
4.3694743130227005
7.380114994026284
2.2199074074074074
11.008027180406213
42.926373954599754
109.94698327359617
208.9598267622461
234.6426971326165
148.0779569892473
41.411813022700116
21.586581541218635
10.817278972520908
8.534796893667862
2.753042861409797
4.653431152927121
3.190162037037037
54.53703703703704
113.9251045400239
263.7414127837515
247.01911589008364
152.13037634408602
70.70415173237754
22.615591397849464
8.996826463560334
7.169317502986856
3.9462701612903226
2.4997759856630823
5.3455794504181595
24.746341099163683
108.86312724014337
246.03606630824376
293.633885902031
186.81115591397847
71.54420549581842
37.78961320191159
8.7610513739546
4.353076463560334
3.1972147550776584
3.3973752986857826
8.47162485065711
32.88172043010752
93.19145758661887
220.31847371565112
229.78307945041817
178.99529569892474
69.87940561529271
28.39165173237754
15.982788231780168
4.733609617682198
3.489527329749104
4.650474163679809
11.246901135005974
35.840539127837516
93.97737455197132
208.04659498207886
235.5058990442055
161.15031362007167
50.07616487455197
21.662074372759857
8.724051672640384
5.030129928315413
3.9847147550776585
3.718279569892473
7.0308019713261665
36.40072431302271
134.15919952210274
300.8583482676225
268.9195041816009
183.6954898446834
58.335200119474315
