5.036092443249701
4.466472520908005
3.036663679808841
2.5906137993103657
1.7258064516401148
7.988366188769414
30.377464157706093
75.21654719235364
106.2313321385902
57.27337216248507
18.718339307048986
6.882915173237754
8.436454599761051
4.163978494623656
2.3887022103020024
2.5906137993103657
3.0623879928315407
5.370758661887694
45.452508960573475
105.8355734767025
158.59468339307048
104.65240442054959
31.39374253285544
6.345579450445371
4.851403823205228
4.848566308243727
2.3887022103020024
2.689325716845878
1.7258064516401148
8.453195937873357
23.391950418160096
93.64172640382318
135.44653524492233
60.08848566308244
26.793608124253293
6.345579450445371
4.851403823205228
3.496482974910394
2.4046232825567504
2.5906137993103657
1.7258064516401148
1.586409796893668
57.80689964157706
141.7749402628435
186.08124253285544
96.1398596176822
51.36872759856631
11.81600955794504
8.678688769414574
3.458669354865921
2.3887022103020024
2.5906137993103657
1.7258064516401148
8.930719832735962
54.778972520908006
109.61768219832736
136.32392473118279
74.78755973715651
24.686006571087216
8.629106929510154
5.057575418160096
3.458669354865921
2.466715203106332
2.5906137993103657
1.7258064516401148
9.945131421744325
49.245818399044204
118.75
164.060633213859
68.91465053763442
31.64613201911589
10.125074671445638
5.249439964157706
3.458669354865921
2.3887022103020024
2.5906137993103657
2.4263366188769413
12.834916367980885
60.66308243727599
131.47774790919954
170.88933691756273
103.32325268817205
27.328629032258064
10.23446833930705
4.851403823205228
3.458669354865921
2.4484057646356034
2.5906137993103657
1.7258064516401148
7.895773596176822
77.36335125448029
135.44653524492233
171.7928614097969
92.12626941457587
27.050104540023895
11.054360812425328
8.104465352449223
3.458669354865921
2.3887022103020024
2.5906137993103657
1.7258064516401148
10.49433990442055
54.84991039426523
171.7928614097969
185.59587813620072
84.4388440860215
29.06810035842294
13.084304062126643
7.716061827956989
3.458669354865921
2.4683094384707287
2.5906137993103657
2.7558990442054956
4.181615890083632
36.235439068100355
45.452508960573475
65.72207287933094
29.52658303464755
16.379890979689367
10.803464755077659
4.88165359916368
3.458669354865921
2.3887022103020024
3.1900388291517325
1.7258064516401148
4.791308243727598
34.6598715651135
135.27105734767025
114.11290322580645
73.43974014336918
30.41106630824373
13.242607526881718
8.193287037037036
3.458669354865921
2.3887022103020024
2.5906137993103657
1.7258064516401148
4.112918160095579
28.22729988052569
55.5331541218638
130.7347670250896
58.94601254480287
32.912933094384705
7.735476403823178
5.440486857825568
3.4889191308243728
2.4265158303464753
2.5906137993103657
1.7417275238948626
13.432661290322581
44.67965949820788
119.57138590203107
165.46818996415772
93.15673536439665
25.95206093189964
6.361500522700119
5.122061678614098
3.458669354865921
2.3887022103020024
2.741465053763441
1.7258064516401148
12.834916367980885
63.1347072879331
163.90008960573476
187.50373357228196
113.79218936678615
52.666890681003586
13.907930107526882
5.937201314217443
3.458669354865921
2.3887022103020024
3.1717443249701316
1.7258064516401148
7.617249103942652
36.52367084826762
73.60737753882916
135.52867383512546
76.1391129032258
27.59931302270012
10.125074671445638
5.1634632616487455
3.458669354865921
2.462335722819594
2.5906137993103657
1.8085946833930702
9.010244922341695
47.54704301075269
167.49178614097968
215.41218637992833
123.74215949820788
42.445116487455195
10.803464755077659
5.865554062126643
5.818884408602151
2.3887022103020024
2.7816606929510157
2.81160394265233
10.4528972520908
41.91308243727599
53.580495818399044
133.24746117084825
50.19825268817204
29.117756869773
10.65710872162485
8.33015979689367
3.458669354865921
2.3887022103020024
2.5906137993103657
1.7990442054958184
5.467084826762246
30.13142174432497
73.65218040621266
130.7347670250896
80.08176523297492
39.591173835125446
15.367756869772998
6.76187275985663
3.458669354865921
2.3887022103020024
4.416778673835125
2.8920250896057347
0.5977075866188769
54.53629032258065
142.648596176822
178.19967144563918
128.5211320191159
46.09655017921147
9.879666965352449
6.915546594982079
3.458669354865921
2.3887022103020024
2.78803390083632
1.7258064516401148
11.303031660692952
65.42712066905615
95.44877538829152
141.4986559139785
80.08176523297492
35.03061529271206
6.345579450445371
