1387.572737455197
1328.2308019713266
1069.543623058542
908.3944220430109
1018.869205495818
1257.5903337813622
1795.470400238949
2191.3320415173234
3163.9243652927125
4162.983796296296
3131.968600657109
2224.1264635603343
1463.6247386499401
1460.4604913381122
1240.5031063321385
1408.622035543608
1496.2601478494626
1878.8959976105136
1872.2634931302266
2798.1704002389474
3325.4847558243728
4080.194817801674
3454.491450119475
2252.5829973118284
2015.6528524492235
1011.3550403225803
586.9732078853046
698.108460274791
770.0774044205496
1185.7003136200715
1262.4310035842293
1939.2052867383513
3239.4828255675025
3337.495445041816
2764.908004778973
1992.3680182198327
1454.265606332139
876.3027479092002
524.5120146356036
501.4821837664276
597.9187615740738
867.5834913082439
1307.2889075567493
1742.1650574970124
2524.7276135005977
3830.6896281362006
3570.790322580646
2015.8550253882918
1440.1163381123058
1059.9918010752688
664.2735177718041
472.0746688321387
694.3267827807647
888.4705794504182
1126.2191532258066
1546.519974611709
2496.904278673836
3576.0235215053776
2977.963373655914
1796.131795101553
1099.9216584528074
1026.2474051672634
658.2393219832737
793.3705719832732
741.1442208034648
1182.7811081242537
1557.230320340501
2254.2659386200708
2748.7982713560345
3467.2023969534057
2787.5921445639196
1906.3236633811239
1347.1625112007166
813.9581877240141
622.1923808990443
664.7165359916366
604.7754047192353
782.0399253285544
1274.4965539127836
1779.2356369474312
2086.590598864994
2655.5016054360813
1990.880283004778
1443.366300776583
1057.2076426224617
1158.5441756272398
893.3667690412187
953.3561902628433
916.9804920848268
1128.5121251493429
1493.9535879629623
1785.5910132915176
2620.15925925926
3639.029793906809
2992.9394414575854
2011.9131795101557
1405.2843563321387
903.1081541218637
631.9885364396655
680.0063776881719
872.2853830645159
1181.4189217443245
1604.6305256869773
2076.100037335723
3577.560786290321
4004.683131720431
3829.5529793906817
2207.768540919951
1493.0158116786145
772.7167936081245
547.3738724611709
487.4341883213859
787.5337962962959
728.9224159946236
977.660842293907
1975.8395609319005
2526.844504181601
3145.651377688172
2769.7027740442045
1669.008568548387
1305.425657108722
888.1251754778971
883.6132205794503
1068.9537522401436
793.6285506272402
1044.0034162186382
1415.32033676822
2188.02427942055
3214.92887544803
3569.784983572282
3335.514784946236
1999.410842293907
1398.7981257467147
1054.9922789725201
856.6989023297489
745.531320937873
693.1680704898447
1123.210828106332
1401.2671781660697
1810.0389000896062
2814.5955421146955
2645.388552867383
2263.789911887694
1469.1372461170847
1239.0968862007176
1156.136346326165
706.9457362604543
713.3052258811229
803.2888179510152
1164.8561939964159
1613.4355697431306
1947.5868951612904
2722.0556078255677
3213.8249327956983
2570.7713784348866
1962.8323588709666
1320.8697095280766
1329.4467144563919
1029.6231419130825
1186.5890232974907
1125.765038829152
1546.8460237455192
1842.7001680107526
2773.7085536140976
3677.382791965351
4154.507989844684
4022.740255376345
2598.7573551373957
2084.586297789725
1693.2304062126636
1153.1859356332138
1374.945333034648
984.1985177718044
1452.2242943548383
1896.6229091995228
2484.9179995519708
3182.675253882915
3225.4681526284344
3225.0320340501785
2152.1586021505377
1709.7877837514934
1697.9871789127842
1186.0391304510154
1295.0050813918754
1418.913586469534
1767.1459005376344
2375.9151881720422
2841.5433654420544
3958.928561827957
4666.356332138588
3995.8386350059745
2822.520198626046
2144.6832063918764
2065.7596363500606
1403.7317614994022
1502.0443884408598
1456.2624331690567
1641.3170896804054
2150.250737753882
3237.9668533452814
4082.2301373954606
5119.361148446833
5050.764747610513
3394.0948700716854
2780.540471923536
2274.10372983871
1336.7335648148148
1447.1303020459977
1438.5266935483876
1823.2653001792119
2504.3005824372767
3394.4406399342897
4484.274678912784
5619.4420549581855
4909.766091696534
3410.7940188172042
2358.2637358124252
2259.6055443548385
1617.1097446236556
1461.4964792413375
1572.3399940262848
1717.0246565113507
2054.361981033452
2628.696897401433
3719.148913530467
4593.332698626044
3957.2159871565113
2547.748618578256
2192.6959005376343
2198.934767025089
1444.3441196236563
1859.8226814516129
1519.7166502389478
1838.5401456093193
2489.0759632616487
3573.593029420548
4235.253434886498
5294.737679211469
4672.034199522102
3606.6146206690546
