0
0
0
0
0
16.432960897383467
142.12461003499243
746.9997033384437
708.0287600970304
388.4369069637339
108.87721104465977
0
0
0
0
0
0
0
392.5517871221916
1174.250009531855
1376.8449505916828
502.86786881865964
291.1585993515745
0
0
0
0
0
0
69.13690183066046
649.5712667117083
1128.507605301943
1806.2981279786661
468.8690359321892
0
0
0
0
0
0
0
64.52668287802634
528.0526935393714
2496.529773537014
1641.7648984832813
770.7084835564484
148.8927963113757
0
0
0
0
0
0
22.363630812767255
432.8951990230621
1381.9241458894744
1575.4987254254681
599.7637449241126
62.19511684333797
0
0
0
0
0
0
29.310839958293826
517.7874817370956
821.8639056889845
821.6385162422208
721.944152737768
94.74404531521071
29.826873400198096
0
0
0
0
0
115.06470012663536
442.36357187362955
1689.949944256767
2176.4957339983675
892.7244411091305
285.351990737644
0
0
0
0
0
0
63.948385108857416
261.32447084993134
715.6287967858684
1127.154307579171
399.64885227300954
0
0
0
0
0
0
0
0
310.025068689869
744.6851003201521
1086.671124316179
479.5458914451125
144.93004306308632
0
0
0
0
0
0
0.6151395924642955
548.5418708402497
1036.516832493819
934.1144855719167
1265.477251328973
277.5406391453755
0
0
0
0
0
0
0
345.0537476835777
1086.1301589883792
2349.6888078401057
759.5827939660662
124.17171103819942
0
0
0
0
0.5313216929520443
0
5.94515988492698
411.3269253851585
902.4089225624117
1857.3862055620216
1366.769319917072
163.28384224223703
9.429304108473858
0
0
0
0
0
10.732724223605217
83.07434202906241
803.9434958762647
1114.494406077085
432.2512639617695
277.580885574537
0
0
0
0
5.660612143110754
0
16.169807770203967
421.62511426390887
1081.6259873589036
1391.457487149642
582.050620184852
127.78143100406834
0
0
0
0
0
0
0
567.2750448645993
1471.7797212637875
2127.2563277528498
795.0784082755265
92.62757933741133
0
0
0
0
0
0.7746857310511146
0
448.38459146081595
1342.1266060116438
1779.344017031921
1152.623547229567
148.4156693052826
0
0
0
0
0
0
95.0390929687426
690.7473325731864
1397.4535766026056
1849.5475117692147
658.8247786281611
146.7242119327264
0
0
0
0
0
0
0
379.611734123097
776.1343984333434
1699.6605274167853
425.04305287455935
23.23927114151229
0
0
0
0
0
0
24.48026279660334
539.598263907112
1403.218078038808
1383.3021101276058
1012.3660092128152
299.5926505010211
0
0
0
0
0
0
23.370233942619052
388.18990809803796
1254.500696768043
2120.8072428319506
673.8216104603928
168.83277113350272
0
