4.851403823205228
3.5430518219832736
2.3887022103020024
3.264075567502987
1.7258064516401148
6.574462365591398
18.79405615292712
77.36335125448029
73.65218040621266
53.0880376344086
30.87178912783752
10.461096176821984
4.851403823205228
3.458669354865921
2.4364658004778974
3.2592965949820787
1.823719384707288
0.7314590800477897
42.86514336917563
118.3729091995221
137.78375149342892
64.16554659498208
48.424432497013136
10.803464755077659
4.851403823205228
4.819929808841099
3.0144115890083634
2.5906137993103657
1.8054136798088412
11.804450418160096
67.5739247311828
114.11290322580645
179.00985663082437
61.036813022700116
20.170624253285546
10.125074671445638
4.851403823205228
3.458669354865921
3.062163978494624
2.761760752688172
1.9168533452807646
11.458721624850655
56.04838709677419
245.17995818399044
163.3811230585424
90.05787037037035
35.022401433691755
7.002314814814815
7.940113500597372
3.458669354865921
2.4842293906810036
2.5906137993103657
1.7258064516401148
7.520176224611707
47.046744324970135
138.61260454002388
157.1609916367981
73.82803166069296
26.835050776583035
10.803464755077659
4.851403823205228
3.8248581242532858
2.3887022103020024
2.5906137993103657
1.7258064516401148
8.284438470728793
55.28300477897252
85.12918160095579
85.12918160095579
85.65598864994027
30.063844086021504
14.876045400238946
4.851403823205228
3.458669354865921
2.3887022103020024
2.5906137993103657
1.7258064516401148
16.593876941457587
48.17801672640382
168.35050776583034
214.94175627240142
102.13971027479091
48.424432497013136
6.345579450445371
5.586954898446834
3.722954002389486
2.3887022103020024
3.179696833930705
4.229353345280765
11.804450418160096
30.96326164874552
75.21654719235364
114.63186977299881
55.08176523297491
21.123431899641577
6.345579450445371
4.851403823205228
3.458669354865921
2.7867383512544803
3.990068697729988
1.7258064516401148
0.3334229390953121
35.74223416965352
78.13246714456392
110.89083034647551
62.873730585424134
35.22140083632019
10.171370967741936
4.851403823205228
5.284834229390682
2.8603643966547194
2.5906137993103657
1.7608318399044205
5.955062724014337
58.691756272401435
106.20146356033453
96.42323775388292
138.24708781362008
48.037634408602145
6.68310185185185
4.911107377538829
5.074634109916367
2.3887022103020024
4.592629928315412
2.8920250896057347
4.206257467144563
39.33691756272401
111.08870967741936
232.05645161290323
89.9719982078853
33.48230286738351
10.218413978494624
6.941756272401434
3.458669354865921
2.3887022103020024
5.090277777777778
1.9096848864994027
6.686842891278375
45.803464755077655
93.64172640382318
185.07691158900838
148.24186081242533
37.35364396654719
13.62940561529271
5.695228494623656
3.95221027479092
2.4046232825567504
2.5906137993103657
1.7258064516401148
7.259199522102748
14.51202210274791
84.36379928315412
114.11290322580645
58.94601254480287
48.424432497013136
12.698999402628434
5.004245071684587
5.732974910394265
2.675280017921147
5.6768966547192345
1.7258064516401148
7.895773596176822
47.046744324970135
111.08870967741936
140.7706093189964
73.43974014336918
34.21856332138591
10.461096176821984
4.851403823205228
3.458669354865921
2.3887022103020024
2.5906137993103657
2.739956690561529
5.467084826762246
61.12231182795699
148.58124253285544
211.3500597371565
93.99305555555556
30.98902329749104
13.084304062126643
8.193287037037036
4.382093787335723
2.3887022103020024
2.5906137993103657
4.812089307048985
4.946624850657108
49.87679211469534
136.32392473118279
178.19967144563918
128.37925627240142
36.467293906810035
9.426672640382316
5.341771206690561
3.458669354865921
2.3887022103020024
2.5906137993103657
1.7258064516401148
15.808333333333334
73.21161887694146
141.7749402628435
185.07691158900838
81.28024193548387
36.44638590203106
6.345579450445371
5.586954898446834
4.0031735364396654
2.3887022103020024
2.5906137993103657
1.7258064516401148
5.467084826762246
43.57078853046595
82.46341099163679
170.88933691756273
59.07295400238949
24.7703853046595
12.148670848267622
4.988325119474313
3.649716248506571
2.3887022103020024
2.5906137993103657
1.7258064516401148
9.308930704898447
59.02777777777778
142.648596176822
140.7706093189964
115.46482974910394
51.36872759856631
11.898148148148149
5.610849761051374
4.805182198327359
2.3887022103020024
2.5906137993103657
1.7258064516401148
9.333572281959379
44.67965949820788
128.57676224611708
211.52927120669057
83.23663381123059
39.002389486260455
10.01265681003584
