0
0
0
0
0
30.237993752819534
515.5363483862469
1619.1457606861138
1418.6373323789896
728.6825760198867
154.84312352972552
0
0
0
0
0
0
34.27103021091057
305.38108819746043
1425.7863745258815
1851.4846608664739
985.2969309453026
117.73207605408341
0
0
0
8.753250948470246
0
0
43.181069990756015
259.9893521358422
1185.8627426974028
1529.2666913000523
863.9194391579956
0
0
0
0
0
0
0
59.741101934179255
552.9332192263488
1236.6339402036806
2018.1728285908077
889.5070199961141
75.41579511663258
0
0
0
0
0
0
0
554.554398545165
1134.4980706206575
2179.144558758801
539.4893273613886
287.7438399616176
30.805347542537348
0
0
0
16.299062326526055
0
4.252745573586523
332.35662749575744
1179.7409964894628
1448.7935341633677
901.3053385203249
148.64391090660854
0
0
0
0
0
0
33.47569176343341
350.00806112094136
1412.3416706605897
1183.8213761728
747.999978743539
74.40388739236317
0
0
0
0
0
0
42.24285195473551
500.66833285709987
1843.924421039154
2175.1314581168053
1381.6888761678722
105.94403204582572
7.373555504323583
0
0
0
0
0
43.42096242871672
492.87191755486305
1271.714670212625
1400.4013363830845
707.3755658776095
281.2955224537674
42.957187008675305
0
0
0
0
0
0
0
1001.7961037005099
1087.3290913066842
499.33776506851893
56.03309732936597
0
0
0
0
0
0
0
591.4474902164332
1306.103277267949
1535.3978132164498
649.2139170246087
106.84797298563069
0
0
0
0
0
0
18.614290709299738
300.30093972207607
541.0121931717308
1248.660473781854
792.9733969780041
245.9330731263469
0
0
0
0
0
0
55.64244644582743
422.9787999143671
1032.4351326743529
1717.1153738190203
597.7560429342903
264.2104031969981
0
0
0
0
0
0
44.35510496255758
267.05925404885517
1342.9812740972545
1469.2770809369774
1021.082878249368
262.82306033501214
0
0
0
0
0
0
65.66255727088877
432.04655024094325
1358.974315051123
1671.0873462713685
1074.292117952946
79.90621583681394
0
0
0
0
0
0
0
343.89646422067256
1261.1980665851204
1606.7267828622673
465.61040505513483
0
0
0
0
0
0
0
0
0
1182.601052707743
684.9865798695727
658.8247786281611
89.71192847991873
0
0
0
0
0
0
53.87442381258582
478.0160053297875
888.2565609184093
1200.2735799854827
170.55085604062867
126.74867974366283
4.074288631185624
0
0
0
0
0
10.683929164584228
282.54218565143697
1179.4927196158694
1153.8755868301148
441.5349160228512
67.56565677342257
0
0
0
0
0
0
21.12071930701572
702.9546930442748
1392.8056549520336
1375.574641278784
883.8918016192937
89.09094765680022
0
