5.815785543612612
4.146132019120379
2.863575268821692
3.1056227598611184
2.068884408606638
0.3997162485110588
4.487753882915173e-12
230.73663381123058
407.33049581839913
406.9287634408603
163.37776284348865
7.606780167268525
5.815785543612612
4.146132019120379
2.863575268821692
3.1056227598611184
2.068884408606638
0.3997162485110588
5.600545101553165
60.10827359617682
288.60513739545996
336.7376045400239
220.1269414575866
61.36846624850657
12.536103643966547
4.146132019120379
2.863575268821692
8.706167861409796
2.068884408606638
0.3997162485110588
4.487753882915173e-12
4.487753882915173e-12
294.9522102747909
174.70056750298687
78.24970131421745
47.18245967741935
5.815785543612612
9.746677120669057
2.863575268821692
3.1056227598611184
2.068884408606638
0.3997162485110588
4.487753882915173e-12
241.5621266427718
428.988201911589
492.06541218637994
75.2665770609319
14.700642174432497
19.629965651135006
4.146132019120379
2.863575268821692
3.1056227598611184
2.068884408606638
0.3997162485110588
6.347222222222222
194.14725209080046
328.55361409796893
398.71415770609315
112.97565710872165
50.54293608124253
5.815785543612612
4.146132019120379
7.343947879330944
3.1056227598611184
2.068884408606638
0.3997162485110588
4.487753882915173e-12
137.39396654719235
350.5813172043011
308.73506571087216
132.38761947431303
18.807459677419352
5.815785543612612
4.146132019120379
2.863575268821692
3.1056227598611184
2.068884408606638
0.3997162485110588
4.487753882915173e-12
136.65023894862605
222.14568399044205
176.9403375149343
136.87126642771804
16.940598864994026
5.815785543612612
4.146132019120379
2.863575268821692
3.1056227598611184
2.068884408606638
0.3997162485110588
4.487753882915173e-12
93.33818697729988
311.3810483870967
367.3521505376344
71.15938620071685
15.820863201911589
8.055921445639187
7.133004778972523
2.863575268821692
3.1056227598611184
2.068884408606638
0.3997162485110588
4.487753882915173e-12
177.34655017921148
370.369623655914
250.11798088410987
141.3500597371565
14.32709826762246
5.815785543612612
6.3862679211469535
2.863575268821692
3.1056227598611184
2.068884408606638
0.3997162485110588
4.487753882915173e-12
32.482265531660694
297.19160692951016
284.83982974910396
131.26792114695337
7.606780167268525
15.149604241338112
4.146132019120379
2.863575268821692
3.1056227598611184
2.068884408606638
0.3997162485110588
4.487753882915173e-12
111.63493130227002
387.1706989247312
372.20691457586616
123.80114994026285
21.42096027479092
13.65628733572282
4.146132019120379
2.863575268821692
3.1056227598611184
2.068884408606638
0.3997162485110588
4.487753882915173e-12
123.2086320191159
285.24604241338113
303.50806451612897
25.235289725209086
7.606780167268525
15.523148148148149
4.146132019120379
2.863575268821692
4.599059139784946
2.068884408606638
0.3997162485110588
4.487753882915173e-12
93.33818697729988
246.41763739545996
239.29211469534056
111.4796146953405
34.862044504181604
5.815785543612612
4.146132019120379
2.863575268821692
3.1056227598611184
2.068884408606638
0.3997162485110588
4.487753882915173e-12
134.4108422939068
328.55361409796893
249.74649044205495
94.6789127837515
44.19586320191159
5.815785543612612
4.146132019120379
2.863575268821692
3.1056227598611184
2.068884408606638
0.773073476702509
4.487753882915173e-12
88.11118578255675
311.3810483870967
191.873133213859
91.31981780167264
17.31414277180406
5.815785543612612
4.146132019120379
2.863575268821692
3.1056227598611184
2.068884408606638
0.3997162485110588
4.487753882915173e-12
103.79218936678615
399.4922341696535
319.9369026284349
101.02561230585424
7.606780167268525
9.922726254480285
4.146132019120379
3.610274790919952
3.1056227598611184
2.068884408606638
0.3997162485110588
4.487753882915173e-12
136.65023894862605
181.82571684587813
209.798013739546
18.14142771804511
23.287783751493425
5.815785543612612
4.146132019120379
2.863575268821692
3.1056227598611184
2.068884408606638
0.3997162485110588
41.81608422939068
105.6597222222222
338.6361260454002
483.47744922341695
337.3607377538829
30.381645758661886
5.815785543612612
7.87970430107527
2.863575268821692
3.1056227598611184
2.068884408606638
0.3997162485110588
4.487753882915173e-12
248.28068996415772
352.8210872162485
253.85379330943846
285.4666965352449
7.606780167268525
5.815785543612612
4.146132019120379
2.863575268821692
3.1056227598611184
2.068884408606638
0.3997162485110588
4.487753882915173e-12
111.63493130227002
319.21931003584234
397.2225955794504
246.26232078853047
14.32709826762246
