12.602710573476704
15.074148745519713
8.791816009557945
4.60150462962963
3.429241338112306
9.6451986260454
35.18425179211469
91.02710573476703
197.16547192353642
249.81556152927126
200.06795101553163
41.3418458781362
22.608684289127833
7.619922341696537
7.383960573476703
3.7013664874551973
2.7163642473118284
9.782482078853048
35.76497162485066
90.11984767025089
218.14628136200713
197.13784348864993
184.0744474313023
74.38060035842294
26.706167861409796
12.012246117084826
4.192868876941457
2.565983422939068
4.588896356033453
4.394534050179211
21.517323775388295
28.917413381123065
130.77508960573476
182.7673237753883
91.45310633213857
36.417898745519715
28.81362007168459
14.298536439665472
3.1371005077658305
2.9691868279569893
1.4708243727598567
13.97883064516129
26.86506869772999
104.50231481481481
212.74604241338113
271.48558841099157
82.8950119474313
26.256571087216255
34.73536439665472
15.107078853046595
5.815561529271207
4.415173237753883
6.117010155316607
24.70221027479092
61.195489844683394
129.0061230585424
181.6009557945042
99.91860812425328
102.87933094384705
39.58744026284349
13.141091696535245
8.0127688172043
6.571945937873357
3.8218413978494623
4.106503882915173
10.156063321385902
23.492756869773
86.41017025089606
221.98327359617682
213.73469235364402
99.24096475507767
46.79136798088412
9.623581242532856
10.507840501792115
3.6765344982078854
3.300392025089606
4.064568399044205
2.391726403823178
26.4028151135006
82.06279868578255
133.0880376344086
146.84027777777774
99.01769713261649
33.5421146953405
22.934438470728793
6.348006272401434
4.624551971326166
5.341285842293907
3.6670400238948626
7.934438470728793
23.392286439665472
80.85050776583034
196.36835424133812
198.273596176822
150.4793906810036
47.51008064516129
17.09460872162485
10.821460573476703
9.227747909199522
4.911880227001195
5.919918608124253
9.667226702508959
28.23517771804062
105.87925627240143
213.44384707287932
152.42794205495818
107.22558243727599
52.8125
12.780279271206693
7.253397550776583
5.182534348864995
3.511827956989247
3.2940673536439666
8.031847371565116
15.013627538829152
53.245221027479104
179.13381123058542
142.50037335722823
42.11122311827957
29.48338560334528
15.895646654719235
14.091733870967742
7.653039127837514
4.843339307048985
3.050746714456392
3.8550701911589016
30.127501493428912
66.35715352449223
178.81085722819594
180.55704898446837
79.57325268817205
47.059065113500594
7.523596176821985
13.357377538829152
3.941647998805257
3.862361857825567
2.3713851553166068
5.554883512544803
18.12888291517324
78.48603643966547
112.40367383512545
171.65173237753882
29.772812126642773
20.560894563918758
14.78875448028674
9.150164277180407
1.1212738948626046
4.310375597371565
2.9288007765830346
4.632463410991636
29.32347670250896
70.54136798088412
167.11469534050178
108.51366487455198
158.99118876941458
21.596512843488654
19.76549432497013
10.171146953405017
6.826202210274791
8.55417413381123
3.049432497013142
12.130936379928317
27.042450716845877
95.76650238948628
170.00784050179215
161.3422192353644
86.76859318996416
47.04711768219833
16.498394563918755
10.11745818399044
5.201986260454002
3.5620109020310635
1.9419728195937873
6.524156212664277
32.52161738351254
76.00881123058542
184.26747311827958
177.98125746714453
45.91117831541218
39.35562275985663
25.052158004778974
19.126493428912784
15.772140083632019
4.454065860215054
3.2580607825567505
22.009669952210274
36.55391278375149
81.13201911589009
172.793458781362
193.14665471923539
120.9024044205496
43.73991935483871
15.895646654719235
4.374581839904421
9.44769265232975
2.3677830047789725
4.613384856630824
15.323215352449223
41.41211170848267
97.58923237753882
222.64336917562724
188.97476105137397
95.57945041816009
31.01011798088411
14.15983422939068
4.187686678614098
4.899059139784947
4.923178016726403
4.941132765830346
10.746789127837516
65.20123954599761
95.51373954599761
258.9743876941458
245.02128136200716
210.0197879330944
48.07795698924732
25.13332586618877
5.076948924731183
8.780129928315413
4.477423088410991
2.9157071385902036
7.375298685782555
37.275948327359615
119.72446236559139
221.68048088410987
269.52807646356035
145.06347072879328
51.230958781362
20.352897252090802
9.70758661887694
6.166479988052568
4.7073364695340505
2.448245221027479
17.667749402628434
54.205122461170845
79.48738052568697
220.0657108721625
265.7623954599762
160.11648745519716
54.98245221027479
