263.2881772700119
167.7578182224462
162.96678688769416
133.7358646953405
125.47895034348862
215.78893369175623
496.71517286439666
1995.919037485065
4852.518593189964
3518.786842891279
2232.1951612903217
613.3309012843488
383.1561749551971
230.14185035842297
167.17470355436083
97.70291110364396
73.79996736857827
110.38466760005973
465.46153524492246
3282.6427531362006
4320.417980884109
3018.5632355137395
1546.913429659498
804.4854252538826
320.7149548237754
265.330549955197
174.37442876344085
126.4544941009558
117.6309078927718
552.9983897102749
329.4203472222221
2357.5464456391874
4585.242264038232
4503.009655017921
2230.145064217443
1012.5199746117083
324.22219534050186
182.97607676224615
123.54695501045398
190.94477049731185
120.92024570639191
123.12805413679806
497.3822352897252
1445.944407855436
6061.414475059738
3741.525832586619
1637.5825380824372
604.8712570937872
197.64666218637996
281.1259431003584
231.6499783452807
151.48441270908006
111.70347789725211
96.43186002837514
926.9994892473122
2812.682250597372
6010.043705197132
3733.3097483572287
1800.3548909796898
708.3116685334529
490.2645773596177
370.46912335722817
113.11441382915173
188.0172566457587
87.56965318847072
166.64230436081246
375.7189956690563
2150.630943847073
5502.664699074074
3450.4529495221022
2224.978636499403
1073.0077732974914
382.86209416069306
403.2525365890083
114.30418148894861
107.25267305107525
115.3518074223417
97.83970415173238
375.7319287634408
1532.2687873357222
4546.23229913381
3213.5642435782565
1269.3317988351253
628.8246874999998
277.4837402927121
241.19892249103944
191.11295474910395
330.61914139038237
128.2718048461768
129.58668048088416
409.97188657407406
2775.3892249103938
6631.419814068102
5292.636880227003
1756.478199671446
709.1009647550776
324.82349910394265
221.5881287335723
105.22940666069296
132.34607093787335
133.95404073327362
242.06288306451603
633.0693723864994
2844.2272065412185
6479.479596027479
5760.971535244922
3765.1343974014335
1398.1415546594983
657.8865143369179
319.9896636051374
163.4335935633214
219.7545691457586
103.05414254778971
259.85968824671454
602.6624354091992
2818.43594683393
6747.755439814818
5662.913974761051
2669.3720467443245
782.2220990143365
352.0048006272401
210.55717965949822
145.5306074522103
253.0354660244923
107.71317260304662
218.59928464755086
955.8118764934287
3289.1466771206697
7002.086137246117
5057.008497610516
2464.173013739546
882.0612455197135
285.85225619772996
212.55049693847067
170.10780391278382
155.47141659199517
114.84291748805256
194.82178950119481
439.20199854390677
2521.6017995818397
5227.685577210275
3532.450978195939
1950.0777703106344
670.7335980436083
250.04280241935479
347.9393518518519
141.47001176075264
168.56087731481483
184.82190374850657
197.62910431600952
628.8347655316605
3601.40382691159
7447.251821983269
5872.6342405914
2861.491438918756
1262.8964904420545
289.8761506869773
258.8320497311828
131.78306339605734
209.54064333183987
77.0743093637993
152.8074260752688
528.9036910095577
2044.7604390681004
4472.813228046595
4314.723080943847
2174.7544280167276
591.1158632019117
381.66188358721627
224.56285282258057
111.69631294802868
156.73275280017918
98.8010659348865
167.61906922043016
668.2552755376345
2888.0650425627236
8645.127971923535
5030.332676224614
1219.5710536140982
1170.8403487156506
295.3853617831541
214.68912817353643
138.29618436379928
161.8242429808841
135.4794095355436
250.79251008064517
649.9523222819594
4149.869795400239
7570.042525388289
6667.159367532854
3849.000806451614
1104.5958632019117
415.93626642771824
212.56598267622465
136.0194108422939
107.265061827957
158.8686248506571
293.9807900238947
858.0943802270008
3030.8216061827966
6902.996490442052
6245.501288082434
3579.3240218040605
900.4321494175628
277.19992271505373
313.74300739247315
203.4573431899642
105.75106925776582
56.489666420250906
434.5209483273597
359.59730286738346
2675.734802867384
6628.6981892174435
5083.479805107526
2076.240804211469
1262.7012880824363
310.2114773745519
232.49367420848264
130.2888768294504
102.34019575119473
66.70546391129031
155.76837477598568
450.989445564516
2283.966203703704
4500.829950716845
4443.898566308241
1949.80539874552
592.4541483721624
267.7324141278375
438.71317017622454
82.46543727598566
259.0428404271207
87.71406046146954
220.51020049283153
776.4175362156514
3194.4453965053767
6675.713829151732
5627.015983422941
3350.1962440262837
785.2881772700124
