4.988325119474313
3.458669354865921
3.062163978494624
7.033564814814815
1.7258064516401148
7.895773596176822
54.64083034647551
60.66308243727599
47.136350059737154
50.46333632019116
29.876045400238954
6.345579450445371
4.851403823205228
4.091509856630824
2.3887022103020024
2.920967741935484
1.7258064516401148
6.485229988052569
35.17734468339307
114.11290322580645
64.19877538829152
46.892174432497015
22.75164277180406
10.508512544802867
4.851403823205228
3.458669354865921
3.4140158303464756
3.080981182795699
1.7258064516401148
10.626508363201912
39.33691756272401
54.53629032258065
54.53629032258065
71.1398596176822
26.73237753882915
9.638440860215052
4.851403823205228
3.458669354865921
2.4794504181600954
2.72753509557945
2.097965203106332
0.3334229390953121
65.77434289127838
114.93055555555556
171.30749701314218
54.30891577060932
27.989471326164875
7.353382616487456
6.160916965352449
6.34837962962963
3.17002688172043
4.950828853046595
3.5519713261648747
9.945131421744325
43.57078853046595
75.05227001194743
80.34274193548387
27.907332735961766
20.228121266427717
6.380604838709678
4.851403823205228
3.474590427120669
2.3887022103020024
2.715595131421744
1.7258064516401148
5.803853046594981
37.29540023894862
100.73924731182795
91.2410394265233
56.62746415770609
36.467293906810035
7.224014336917561
6.540546594982079
3.458669354865921
2.8790695937873356
2.5906137993103657
1.7258064516401148
4.946624850657108
26.269787933094385
15.738500597371566
103.65516726403823
60.01754778972521
24.108796296296298
6.345579450445371
5.0384707287933095
3.458669354865921
3.328031660692951
2.5906137993103657
1.7258064516401148
8.373670848267622
34.318623058542414
142.648596176822
173.4281660692951
88.28815710872162
26.357526881720432
7.0142622461170845
4.92503733572282
3.458669354865921
3.725283751493429
2.6224555704898447
1.7258064516401148
13.819832735961768
42.93981481481482
96.90486857825567
137.78375149342892
70.1280615292712
41.80107526881721
8.845243428912784
4.851403823205228
7.621602449223417
2.3887022103020024
6.706130525686977
1.7258064516401148
2.159587813620072
41.5621266427718
85.12918160095579
131.47774790919954
80.08176523297492
43.537186379928315
6.345579450445371
4.880061603942653
3.458669354865921
2.5049245818399046
3.840427120669056
1.7258064516401148
11.223506571087217
64.28838112305854
148.21908602150538
167.49178614097968
108.81533751493428
29.876045400238954
10.65710872162485
4.851403823205228
5.920474910394265
3.0454375746714457
2.5906137993103657
2.147700119474313
11.804450418160096
100.73924731182795
135.44653524492233
174.82078853046596
63.583109318996414
30.608198924731184
7.353382616487456
5.520086618876942
3.458669354865921
2.3887022103020024
2.5906137993103657
1.7258064516401148
10.57871863799283
91.2410394265233
171.30749701314218
190.54659498207886
120.52008661887695
44.790919952210274
7.682160991636796
6.941756272401434
3.518372909199522
5.2700119474313025
2.5906137993103657
2.8760827359617687
0.3334229390953121
45.452508960573475
101.23581242532856
134.21445639187576
67.06279868578255
27.050104540023895
7.2992458183990445
4.851403823205228
3.458669354865921
4.663007765830346
3.4407855436081243
1.7258064516401148
4.0770758661887685
44.14202508960574
119.3847072879331
190.54659498207886
92.56683094384707
18.612044504181604
12.398820191158903
9.226403823178016
3.474590427120669
2.3887022103020024
2.5906137993103657
3.41819743130227
1.211857825567503
66.50985663082437
191.82347670250897
189.2659796893668
134.211096176822
48.27396953405018
15.723192951015532
6.467368578255675
3.458669354865921
2.3887022103020024
2.5906137993103657
1.7258064516401148
8.847834528076463
49.91412783751493
75.50776583034647
127.47535842293907
83.23663381123059
31.824223416965353
11.678987455197133
4.851403823205228
3.487327135603345
2.711503136200717
3.521990740740741
2.23528972520908
11.223506571087217
43.57078853046595
137.9965651135006
176.77718040621266
83.2814366786141
38.52523894862605
9.851366487455197
5.133210125448029
3.474590427120669
2.3887022103020024
3.7846848864994027
1.9104950716845879
7.458198924731182
36.235439068100355
114.91562126642772
136.91756272401435
102.82295400238948
30.063844086021504
7.961544205495817
4.851403823205228
3.458669354865921
2.3887022103020024
2.5906137993103657
3.6760752688172045
10.49433990442055
52.97565710872163
115.4868578255675
177.24761051373955
93.57116188769415
47.14493727598566
16.50649641577061
