9.175989396654721
4.146132019120379
2.863575268821692
3.1056227598611184
2.068884408606638
0.3997162485110588
5.973640979689367
143.74029271206692
458.12537335722817
526.7633661887693
330.2662037037037
36.728419952210274
5.815785543612612
4.146132019120379
2.863575268821692
3.1056227598611184
2.068884408606638
3.759920101553166
4.487753882915173e-12
154.57063918757467
337.1397102747909
435.3031660692952
298.53233273596175
67.71505376344086
5.815785543612612
4.146132019120379
2.863575268821692
3.1056227598611184
2.068884408606638
0.3997162485110588
4.487753882915173e-12
91.84662485065711
315.86021505376345
319.9369026284349
131.26792114695337
37.10200119474313
5.815785543612612
4.146132019120379
2.863575268821692
3.1056227598611184
2.068884408606638
0.3997162485110588
4.487753882915173e-12
142.6205943847073
347.22222222222223
320.6851105137396
198.47110215053766
18.06081989247312
5.815785543612612
4.146132019120379
2.863575268821692
3.1056227598611184
2.068884408606638
0.3997162485110588
4.487753882915173e-12
69.44257765830346
370.369623655914
364.7405167264038
50.25011200716846
13.207325268817204
5.815785543612612
4.146132019120379
2.863575268821692
3.1056227598611184
2.068884408606638
0.3997162485110588
4.487753882915173e-12
42.93615591397849
420.40023894862605
512.6019265232975
149.56466547192355
11.713720878136199
5.815785543612612
4.146132019120379
2.863575268821692
3.1056227598611184
2.068884408606638
0.3997162485110588
53.01795848267623
276.65994623655916
338.6361260454002
396.1025238948626
290.69407108721623
34.48846326164874
13.65628733572282
4.146132019120379
3.983643219832736
3.1056227598611184
2.068884408606638
0.3997162485110588
4.487753882915173e-12
139.26149940262843
283.75
284.83982974910396
132.38761947431303
19.554099462365592
14.029868578255678
4.146132019120379
2.863575268821692
3.1056227598611184
2.068884408606638
0.3997162485110588
4.487753882915173e-12
123.2086320191159
352.44922341696537
525.3039127837515
99.15770609318996
24.40800477897252
5.815785543612612
6.759636350059737
2.863575268821692
3.1056227598611184
2.068884408606638
5.2531735364396654
4.487753882915173e-12
39.94922341696535
294.9522102747909
309.11140979689367
92.43914277180406
33.74182347670251
5.815785543612612
4.146132019120379
2.863575268821692
3.1056227598611184
2.068884408606638
1.8931526284348865
4.487753882915173e-12
81.39262246117084
514.1136499402628
287.8270609318996
175.69967144563918
7.606780167268525
12.536103643966547
4.146132019120379
2.863575268821692
3.1056227598611184
2.068884408606638
0.3997162485110588
4.487753882915173e-12
116.86193249701317
323.7029569892473
442.3965800477897
50.996789127837516
37.10200119474313
20.75014934289128
4.146132019120379
2.863575268821692
3.1056227598611184
2.068884408606638
0.3997162485110588
4.487753882915173e-12
157.93010752688173
395.3853046594982
391.2473864994026
157.40292712066903
20.674320489844682
5.815785543612612
4.146132019120379
2.863575268821692
3.1056227598611184
2.068884408606638
0.3997162485110588
4.487753882915173e-12
228.12089307048984
550.3173536439665
396.1025238948626
170.09632616487454
20.674320489844682
13.65628733572282
4.146132019120379
3.236932497013142
3.1056227598611184
2.068884408606638
0.3997162485110588
3.360203853046596
76.53748506571087
355.80869175627237
257.96109617682197
101.02561230585424
48.67618727598566
18.88332586618877
4.146132019120379
2.863575268821692
3.1056227598611184
2.068884408606638
0.773073476702509
4.487753882915173e-12
124.32870370370371
406.95900537634407
456.21677120669057
40.91629330943848
14.32709826762246
11.41633064516129
4.146132019120379
2.863575268821692
3.1056227598611184
2.068884408606638
0.3997162485110588
4.487753882915173e-12
85.87141577060933
320.3393817204301
234.8088410991637
294.42502986857824
7.606780167268525
5.815785543612612
4.146132019120379
2.863575268821692
3.1056227598611184
2.068884408606638
0.3997162485110588
4.487753882915173e-12
159.798013739546
373.7287186379928
511.8484916367982
184.65763142174433
12.833796296296295
5.815785543612612
4.146132019120379
2.863575268821692
3.1056227598611184
2.068884408606638
0.3997162485110588
4.853457287933094
74.29771505376344
404.3473715651135
512.6019265232975
338.4808094384707
18.807459677419352
17.39000896057348
4.146132019120379
2.863575268821692
3.1056227598611184
2.068884408606638
0.3997162485110588
4.487753882915173e-12
11.947319295101552
279.27120669056154
334.87007168458774
161.51022998805257
13.207325268817204
