5.0384707287933095
3.458669354865921
3.402852449223417
2.5906137993103657
7.779047192353644
9.320131421744325
93.64172640382318
211.52927120669057
215.3935185185185
120.19153225806451
49.123357228195935
12.706093189964157
4.851403823205228
6.55417413381123
2.3887022103020024
2.5906137993103657
1.7258064516401148
7.259199522102748
52.70683990442055
134.21445639187576
167.49178614097968
129.2006421744325
52.39620669056154
12.698999402628434
5.042450716845878
3.6238463261648746
2.3887022103020024
3.1717443249701316
1.7544642323775388
7.7762992831541204
45.43757467144564
129.15919952210274
113.66114097968936
91.51396356033453
29.140531660692957
12.586618876941458
4.851403823205228
3.458669354865921
3.3081317204301075
2.5906137993103657
1.7258064516401148
0.4584042712066906
56.9481780167264
139.45265830346474
121.44937275985663
96.99111409796893
26.858945639187574
6.345579450445371
6.467368578255675
3.7659386200716845
5.92278972520908
3.100097072879331
2.3069369772998805
4.592308841099164
2.7211768219832733e-11
119.2465651135006
122.75238948626045
61.036813022700116
20.403225806451612
6.345579450445371
4.924641577060932
5.512470131421744
5.894489247311828
2.725944593787336
1.7258064516401148
11.152195340501793
41.076762246117084
98.77165471923536
85.26359020310633
77.1770459976105
24.744997013142175
6.345579450445371
4.851403823205228
3.458669354865921
2.461939964157706
2.5906137993103657
1.8611372461170848
6.879495221027479
57.80689964157706
183.21759259259258
201.25448028673836
94.0527927120669
35.520833333333336
12.398820191158903
4.851403823205228
3.458669354865921
4.452844982078853
2.902673237753883
5.553091397849462
6.686842891278375
23.869100955794504
104.40188172043011
126.8107825567503
81.71333632019116
38.256421744324975
10.958781362007167
4.851403823205228
3.6238463261648746
2.3887022103020024
2.5906137993103657
5.176747311827958
1.9493876941457586
64.19877538829152
111.08870967741936
185.59587813620072
115.83071983273597
32.48730585424134
14.942876344086018
4.851403823205228
3.458669354865921
2.3887022103020024
2.6208635752688174
1.7417275238948626
5.109781959378733
42.85394265232975
65.72207287933094
120.15382317801672
81.71333632019116
34.6777927120669
12.398820191158903
5.181757765830347
3.458669354865921
2.3887022103020024
6.334266726403823
1.7258064516401148
14.26823476702509
53.263142174432495
148.1070788530466
215.41218637992833
102.13971027479091
35.520833333333336
6.345579450445371
4.988325119474313
6.025164277180406
3.253210872162485
3.2911439665471924
2.0203442353643966
0.3334229390953121
14.930555555555555
60.66308243727599
119.57138590203107
88.28815710872162
31.087589605734767
6.345579450445371
4.988325119474313
4.007952508960574
6.48443100358423
3.291928016726404
1.7258064516401148
8.13957586618877
62.76881720430107
165.17697132616487
261.6636798088411
94.89284647550777
34.21856332138591
10.218413978494624
4.851403823205228
3.458669354865921
2.882243130227001
2.673402031063321
1.7258064516401148
8.240008960573476
50.459229390681
186.08124253285544
224.081541218638
96.99111409796893
44.790919952210274
12.952882317801672
8.483870967741936
5.522812126642772
2.3887022103020024
3.1757019115890084
1.7258064516401148
0.6200007467144564
45.43757467144564
122.75238948626045
170.88933691756273
93.99305555555556
32.912933094384705
7.827844982078852
5.6792861409796895
3.458669354865921
2.3887022103020024
5.55783303464755
1.7258064516401148
9.333572281959379
40.834080047789726
121.6995221027479
121.21042413381123
83.23663381123059
24.11999701314218
6.345579450445371
4.851403823205228
3.458669354865921
2.6434401135005974
2.5906137993103657
1.7258064516401148
0.3334229390953121
2.7211768219832733e-11
95.02314814814815
133.24746117084825
21.289575866188773
47.636648745519715
9.352262544802867
4.851403823205228
3.6720094086021504
2.3887022103020024
2.79758064516129
1.8026247013142174
16.731645758661887
70.68399044205496
113.66114097968936
129.15919952210274
115.83071983273597
48.27396953405018
7.353382616487456
4.851403823205228
4.942913679808841
2.4364658004778974
4.583893369175628
1.8292936081242532
9.010244922341695
54.0621266427718
120.15382317801672
82.02284946236558
51.02337216248507
27.050104540023895
9.879666965352449
8.95123954599761
3.458669354865921
2.3887022103020024
2.5906137993103657
1.7258064516401148
15.598506571087217
43.43264635603345
136.91756272401435
129.15919952210274
91.51396356033453
31.824223416965353
6.536626344086022
