455.5516547192353
335.7009487007168
154.32090068697727
145.81179095728783
228.9957299507169
61.67044209229392
348.5687268518519
1799.531895908005
3964.1231630824363
5126.919926075268
1724.7634184587814
906.3202912186379
283.54556227598556
192.09948514038228
97.06649637843486
154.66314590800476
160.94781683094385
94.66827878584226
624.9171356033453
2592.6805555555557
6243.381925776584
4749.82250970729
2921.3536364994025
1334.763347520908
366.87024566905626
274.7497673984467
238.37440710872167
142.56985035842294
76.66117682198329
199.05377837514936
469.38009333930705
2568.8703853046595
7320.329233870966
3684.8763030167256
1418.9070153823177
1295.0164911887691
363.0286510603346
468.18974649044196
126.5484867831541
130.97561641278375
248.64060110513736
182.38705010454004
1039.1548502837518
3071.4057459677415
6499.360760155315
5249.054316009558
1768.4253509557946
852.2552714307051
826.640784050179
338.4266199970131
200.23011312724014
140.69058368428912
145.129154495221
172.44306190262847
633.2628248207883
3186.1862828554376
4139.484849163679
4215.000817652331
1475.138627538829
423.4850993130227
280.9044672192354
132.88866151433692
125.80136835424132
102.87584845430105
93.18312774044207
164.9522016875747
726.2354521356033
2650.2258101851858
8419.927221475506
5696.472102747908
3386.6885267323783
1116.0063526732379
242.3340408452808
290.5198745519713
151.09244362305856
104.31236783154124
146.25640610065705
332.4575728046595
814.4162287186382
3306.2834453405017
7761.475388291518
6088.871546445642
3216.1385640680996
554.3047308094383
400.13337402927107
168.10063761947427
157.2845128434887
134.69562724014338
82.48323937051971
444.7456018518519
721.9226728643965
3354.442656063322
5912.035633213858
4201.1120967741945
1526.4598640979693
514.0545019414576
321.8754543757467
243.78330757168453
150.82119399641576
94.39207332735963
198.0589269713261
225.6349421296297
614.8739213709678
3331.5927008661874
7428.235547341696
6534.736898894863
3784.589340651136
1353.736533004779
455.3501280615292
432.79261686081253
185.36977225209088
141.7416495295699
71.31523095878137
184.62205943847079
954.1103274342889
3066.9084378733573
7478.795094086023
6221.56665546595
3378.148454301075
750.633875821386
510.8842040023895
282.704674432497
227.35985364396652
172.83901762246114
164.67758210125453
221.35870445041812
738.8243339307052
2844.795870669056
9245.33355734767
5421.572554510155
3238.0611409796907
716.8172606780165
519.2161600209081
356.4932258064516
135.89991562126642
145.084502016129
108.1327477971924
296.2307515681004
738.0349548237754
3493.43175776583
9489.095426373953
7971.4483124253275
3776.0326538231766
1199.2228979988051
744.7362780017921
212.96588037634405
159.85769377240146
111.98703610364399
123.56495788530472
191.67248207885308
435.77111820489847
3993.7104241338125
4517.878039127837
4818.650649641575
3081.8568660394267
919.5138007765829
288.2819735663082
179.7049951463561
192.28242570191162
112.63213526732376
100.8122027703106
188.24964605734772
585.856663679809
1801.395296072282
8094.036820489839
6149.073853793308
2672.399835722819
998.8249925328558
496.07830757168466
356.03327098267636
160.6771669653524
133.0829538903823
116.97761652479093
205.16293458781354
616.9593761200715
2971.523013739546
7765.136633811229
5504.203181003586
2066.187716547191
1411.1228158602148
494.1923551373954
370.6802396953404
122.34120407706095
77.93047573178019
136.3086482601553
507.4656261200717
321.73442301373956
3290.4460722819595
6629.944239097969
4955.7896916069285
3318.23148148148
853.8994997013142
461.59438246714467
276.02433243727603
93.9411805928913
176.13718305704893
54.32647824820788
445.84748767921155
486.1359781959378
2285.2108385603347
6501.095090352448
4418.308475209082
2889.898155615293
778.6854480286737
425.87497498506565
331.52804286140986
155.36004144265232
139.78087473864997
114.34737977897254
213.0104838709677
416.14464680406206
2138.0136312724017
6428.56801075269
4254.103334080049
1796.9903151135006
956.4438582735958
361.4656257467145
284.73673088410993
94.53033807497013
160.14979454151734
229.6341830943848
299.79358273596176
803.2933322132618
2755.3265867682194
5835.622035543609
6401.213239247312
3910.0805331541223
1275.35445041816
447.56901695041836
305.211451239546
157.69725059737158
100.99741677867384
106.86655133661884
252.54166666666666
514.032243130227
1566.8992667264038
7441.551183542413
2835.1311454599763
1681.740046296296
357.7812847222221
