5.815785543612612
4.146132019120379
2.863575268821692
3.1056227598611184
2.068884408606638
6.000261350059738
4.487753882915173e-12
101.92465651135007
267.3252688172043
195.98043608124254
86.09244324970132
26.647961469534046
5.815785543612612
4.146132019120379
2.863575268821692
3.1056227598611184
2.068884408606638
0.3997162485110588
4.487753882915173e-12
223.26538231780168
411.4377986857826
429.3279569892473
175.69967144563918
37.10200119474313
9.175989396654721
4.146132019120379
2.863575268821692
3.1056227598611184
2.068884408606638
0.3997162485110588
7.840501792114695
102.30062724014334
423.7597072879331
467.41151433691755
18.14142771804511
61.36846624850657
12.909647550776583
4.146132019120379
2.863575268821692
3.1056227598611184
2.4422416367980886
0.3997162485110588
4.487753882915173e-12
112.37828554360813
320.3393817204301
261.69168160095586
169.7248357228196
13.954002389486257
8.802658303464753
4.146132019120379
2.863575268821692
3.1056227598611184
2.068884408606638
0.3997162485110588
4.487753882915173e-12
115.74223416965353
282.6303016726404
273.6420997610514
144.3376642771804
22.167637395459977
17.016465053763437
4.146132019120379
2.863575268821692
3.1056227598611184
2.068884408606638
8.613799283154123
23.14799880525687
187.80055256869773
373.7287186379928
367.3521505376344
184.65763142174433
56.14135304659498
5.815785543612612
4.146132019120379
2.863575268821692
3.1056227598611184
2.068884408606638
0.3997162485110588
5.227016129032258
112.75462962962963
474.14725209080046
470.37821087216247
285.4666965352449
11.713720878136199
5.815785543612612
4.146132019120379
2.863575268821692
3.1056227598611184
2.068884408606638
0.3997162485110588
4.487753882915173e-12
74.29771505376344
388.29039725209077
322.1766726403823
97.29465352449223
7.606780167268525
5.815785543612612
4.146132019120379
2.863575268821692
3.1056227598611184
2.068884408606638
0.3997162485110588
4.487753882915173e-12
118.72983870967742
377.8360215053764
511.8484916367982
176.07153524492233
34.11495669056153
5.815785543612612
4.146132019120379
2.863575268821692
3.1056227598611184
2.068884408606638
0.3997162485110588
4.487753882915173e-12
70.56264934289128
327.43391577060925
531.6349313022699
181.67002688172045
18.434326463560335
12.536103643966547
8.253072729988052
2.863575268821692
3.1056227598611184
2.068884408606638
0.3997162485110588
4.487753882915173e-12
148.96766726403823
385.30241935483866
278.8687275985663
206.68570788530465
7.606780167268525
5.815785543612612
4.146132019120379
2.863575268821692
3.1056227598611184
2.068884408606638
0.3997162485110588
46.67133363201911
163.52859916367981
406.95900537634407
525.3039127837515
168.23327359617682
32.248543906810035
10.296158154121864
4.146132019120379
2.863575268821692
3.1056227598611184
2.068884408606638
0.3997162485110588
4.487753882915173e-12
184.43697729988054
328.55361409796893
423.72909199522104
245.89008363201916
45.68914277180406
5.815785543612612
4.146132019120379
2.863575268821692
3.1056227598611184
2.068884408606638
0.3997162485110588
4.487753882915173e-12
159.798013739546
480.52195340501794
537.9618428912785
189.88463261648747
45.68914277180406
5.815785543612612
8.626504629629629
2.863575268821692
3.1056227598611184
2.068884408606638
0.3997162485110588
4.487753882915173e-12
111.63493130227002
467.8199671445639
442.3965800477897
167.48506571087216
51.6627464157706
20.376642771804065
4.146132019120379
5.103711170848268
3.1056227598611184
2.068884408606638
0.3997162485110588
4.487753882915173e-12
143.74029271206692
420.40023894862605
574.2114695340501
216.76784647550775
34.48846326164874
14.029868578255678
4.146132019120379
2.863575268821692
3.1056227598611184
2.068884408606638
0.3997162485110588
4.487753882915173e-12
159.04980585424133
266.20594384707294
273.6420997610514
75.2665770609319
19.554099462365592
5.815785543612612
4.146132019120379
2.863575268821692
3.1056227598611184
2.068884408606638
0.3997162485110588
4.487753882915173e-12
76.53748506571087
354.68862007168457
257.96109617682197
18.14142771804511
22.541143966547192
5.815785543612612
4.146132019120379
2.863575268821692
3.1056227598611184
2.068884408606638
0.3997162485110588
10.827546296296296
123.2086320191159
531.6427718040621
580.1851851851851
477.37343189964156
64.73192951015531
5.815785543612612
4.146132019120379
8.090591397849462
3.1056227598611184
2.068884408606638
0.3997162485110588
4.487753882915173e-12
67.20318100358423
355.80869175627237
291.9343637992831
360.5081391875746
7.606780167268525
