6.84468339307049
4.784087514934289
3.17002688172043
2.5906137993103657
1.7258064516401148
16.593876941457587
41.18130227001195
176.32541816009558
177.24761051373955
119.2469384707288
52.26366487455197
15.595878136200717
8.33015979689367
3.458669354865921
5.242495519713262
2.5906137993103657
1.7258064516401148
1.5832362604540025
47.64411589008363
94.76926523297492
137.78375149342892
95.699298088411
34.859244324970135
7.019041218637992
5.539986559139785
3.458669354865921
2.3887022103020024
3.7846848864994027
1.7544642323775388
11.993742532855435
75.40322580645162
176.32541816009558
224.081541218638
113.5943100358423
48.27396953405018
7.081130525686976
7.828666367980884
3.458669354865921
2.4842293906810036
2.5906137993103657
1.7258064516401148
11.55766129032258
49.245818399044204
111.8839605734767
75.50776583034647
64.51650238948626
27.487679211469533
11.567727001194742
5.02334229390681
3.458669354865921
2.3887022103020024
2.695691457586619
4.292301373954601
10.46297789725209
83.94190561529271
140.19563918757467
171.30749701314218
117.0030615292712
33.55361409796894
9.556936977299879
4.851403823205228
3.458669354865921
2.9332063918757467
3.6764112903225805
1.7258064516401148
4.000500298685782
52.70683990442055
117.44698327359617
178.19967144563918
105.60073178016727
33.411364994026286
6.345579450445371
4.851403823205228
3.458669354865921
2.3887022103020024
2.5906137993103657
1.7258064516401148
9.328718637992832
49.87679211469534
132.9786439665472
142.45071684587813
84.68152628434886
24.15546594982079
9.56160394265233
4.851403823205228
3.458669354865921
2.3887022103020024
2.5906137993103657
1.7258064516401148
9.118145161290322
43.82467144563919
94.76926523297492
140.19563918757467
62.60491338112305
33.55361409796894
7.882765830346475
4.851403823205228
3.458669354865921
2.3887022103020024
3.3500597371565113
1.7258064516401148
10.57871863799283
57.80689964157706
136.32392473118279
138.35125448028674
80.3132467144564
34.14239844683393
6.345579450445371
5.632728494623656
3.458669354865921
2.3887022103020024
2.5906137993103657
1.7735700418160096
9.970519713261648
45.452508960573475
136.96983273596177
185.59587813620072
88.96393369175627
34.21856332138591
9.434289127837514
5.96311230585424
3.458669354865921
2.3887022103020024
2.660666816009558
1.7258064516401148
7.4473715651134995
20.088112305854242
135.44653524492233
86.51060334528077
85.03248207885305
24.128584229390682
6.345579450445371
4.851403823205228
3.713407258064516
3.7785991636798086
5.679323476702509
2.751120071684588
17.922281959378733
44.784199522102746
174.82078853046596
261.6636798088411
118.31354540023895
38.52523894862605
7.105025388291516
5.484244324970131
3.458669354865921
2.3887022103020024
3.036402329749104
1.7258064516401148
0.3334229390953121
18.79405615292712
83.52747909199522
95.02314814814815
39.760678016726395
30.41106630824373
6.345579450445371
7.188657407407407
3.5494175627240145
2.3887022103020024
2.5906137993103657
1.7258064516401148
3.2231332138590205
45.452508960573475
131.47774790919954
146.8563321385902
90.97632915173237
33.13284050179212
6.345579450445371
5.2732974910394255
3.458669354865921
3.8729465352449224
2.5906137993103657
2.5680256869773
4.206257467144563
10.1194743130227
79.89097968936679
97.12888291517322
72.76396356033453
27.487679211469533
7.495855734767025
4.851403823205228
3.458669354865921
2.3887022103020024
3.498095878136201
2.3825418160095575
7.423103345280764
51.40755675029869
86.51060334528077
108.68428912783752
68.6570340501792
28.232526881720432
6.345579450445371
4.851403823205228
3.458669354865921
2.3887022103020024
2.5906137993103657
2.575978195937873
3.9841472520908003
44.14202508960574
103.65516726403823
137.78375149342892
85.03248207885305
34.21856332138591
7.125709378733572
4.851403823205228
3.458669354865921
2.50333408004779
2.674996266427718
1.8213336320191158
5.029883512544803
37.26291816009558
114.11290322580645
143.2534348864994
94.89284647550777
35.22326762246117
8.171744324970131
4.851403823205228
3.4897151284348866
2.3887022103020024
2.5906137993103657
1.7258064516401148
0.3334229390953121
16.690934886499402
65.41218637992831
51.76597968936679
56.36611409796894
15.168313918757468
10.461096176821984
4.851403823205228
3.458669354865921
2.3887022103020024
4.8513291517323776
1.9232265531660693
0.4178054062126642
37.29540023894862
93.23103345280765
130.7347670250896
50.332661290322584
20.68585722819594
6.345579450445371
