0.0
0.0
0.0
0.3733557347670251
0.0
0.0
6.7206541218638005
65.71221624850656
162.78416218637992
178.83800029868578
48.164463859020316
0.0
0.0
0.0
1.8667764336917563
0.0
0.0
0.0
0.3733557347670251
42.93514784946237
107.52684438470726
131.7936827956989
126.56851105137396
0.0
0.0
0.0
0.0
0.0
0.3733557347670251
0.0
0.0
38.08262395459976
105.28573028673836
118.72849462365589
20.908131720430106
20.534595280764634
0.0
0.0
0.0
0.0
0.0
0.0
0.0
43.30854241338112
125.44795400238948
121.71255227001194
142.6219384707288
8.2139075567503
0.0
0.0
0.0
0.0
0.0
0.0
0.0
53.76340352449223
169.13026433691758
163.53132467144565
66.45937873357228
8.587029569892474
0.0
0.0
0.0
0.0
0.0
0.0
0.0
42.93514784946237
122.45971475507764
155.31791367980884
200.86790621266428
31.735513739545997
0.0
0.0
0.0
0.0
0.0
0.0
0.0
44.42947281959379
114.24630376344086
173.23906063321385
118.35510005973715
10.453856780167264
0.7467278972520908
0.0
0.0
0.0
0.0
0.0
0.0
33.22883064516129
100.06018518518518
86.99085274790922
18.667764336917564
0.0
10.080734767025088
0.0
0.0
0.0
0.0
0.0
0.0
41.06933243727599
106.40628733572282
93.71449372759857
8.2139075567503
0.0
0.0
0.0
0.3733557347670251
0.0
0.0
0.7467278972520908
0.0
4.853823178016726
138.89071833930706
122.83310931899643
70.93738799283155
0.0
0.0
0.0
0.0
0.0
0.0
0.0
0.0
43.30854241338112
224.76138739545996
205.34595280764637
100.80734767025089
29.86869026284349
0.0
0.0
0.0
0.0
0.0
0.0
0.0
70.56399342891278
132.91423984468338
118.72849462365589
100.06018518518518
11.200899790919951
0.0
0.0
1.1200899790919951
0.0
2.240142249103943
0.0
0.0
51.52232676224612
110.88847819593788
106.77968189964157
75.04618428912784
22.401422491039426
5.973573775388291
1.1200899790919951
1.1200899790919951
0.0
0.0
0.0
0.0
20.534595280764634
109.0207586618877
100.06018518518518
71.3111559139785
25.014878285543606
0.0
0.0
1.1200899790919951
0.0
0.0
0.0
0.0
77.65688470728793
136.27624701314218
112.3786215651135
95.20463709677419
13.440852747909199
17.921139486260454
0.3733557347670251
2.240142249103943
0.0
0.0
0.0
0.0
16.05430854241338
150.0885976702509
171.3713410991637
94.08788829151733
0.0
0.0
0.0
0.0
0.7467278972520908
0.0
0.0
6.3471139486260455
45.54999253285544
125.44795400238948
107.52684438470726
91.84677419354838
2.6135043309438473
0.0
0.0
0.0
0.0
0.0
0.0
0.0
33.22883064516129
124.7008288530466
139.63369922341695
179.21139486260455
12.320687724014338
1.1200899790919951
0.0
0.0
0.0
0.0
0.0
0.0
35.842293906810035
121.71255227001194
205.34595280764637
96.32515681003584
26.881705495818398
0.0
0.0
0.0
0.0
1.8667764336917563
0.0
0.0
47.417712066905615
131.0468936678614
91.47337962962963
42.18798536439665
1.1200899790919951
