274.15507205794495
170.45261163381124
100.72873767921145
234.38392361111116
128.45190262843496
157.91150798984475
882.4668346774197
3243.261376194743
6558.752971923538
4454.247856929509
2569.2347968936688
959.7098021206689
294.70747610513735
387.1781320937874
171.64911663679808
156.93341659199524
275.8778405017922
131.15245594384712
1013.8211992234174
3192.4602859916354
8798.991229838708
5531.342704599761
3611.8499701314204
730.0096113351257
614.6589318249697
346.7838328853048
311.31953218339305
150.59635215053768
176.86108273596176
282.6911424731183
709.8449869324971
3689.886592741937
5898.329166666668
4926.632631421742
2964.0118578255665
1134.6793458781365
506.7784748357231
287.67767921146947
160.31712570937873
108.34612712813619
36.30772591845878
179.16852635902032
862.3047364097965
2501.979932048984
5864.966203703703
3844.3772326762255
3355.1764448924737
994.9568328106334
393.0744963410992
294.73798760454
101.35485375597369
138.32642110961766
257.4421038679809
348.5431100657109
819.3199846923536
3708.5493615591404
8162.285595878137
6535.860831093191
3459.345407706091
799.6355178464753
614.2019384707289
147.37884628882915
160.77045960274788
125.1830836693548
171.0195366263441
80.44213933691755
955.9360476403826
3151.770616786141
7990.519194295101
6638.505708632018
3547.9708370669055
868.4039165173238
621.1132418608123
161.30796359767024
122.67279551224611
90.1263329599761
125.83833613351257
213.02383661887694
302.82637694145757
3024.527654569891
6802.534714755077
4632.643178763441
3310.6775500298672
1105.2886014038231
205.51810222520905
236.73550739247307
218.84133475209086
174.86645993876942
239.48147718787337
169.15660506272403
346.0371748058543
3592.194739396657
7316.607859169653
5621.481608422939
3869.5631235065725
1269.8586021505375
558.9109987305854
209.41925328554356
142.68057019115892
137.59937425328556
269.42481033452805
232.30327247610504
597.176017771804
2474.048316158902
5393.8356406810035
5709.524746117083
2759.5573812724015
1407.2565374850658
446.02466173835137
292.02037186379914
183.33436417264036
113.1760173237754
102.89704917114695
186.00586133512545
916.0574712514936
4199.1884184587825
6891.513747013142
5802.218249701313
3133.282459677419
1342.8914799880517
444.0028195937876
187.40366009557945
158.7428838112306
114.23626008064517
131.1908483422939
136.37751120071684
196.6564176373955
3167.3793682795695
6191.83247834528
4492.049365292712
1701.0217107228195
707.5828763440859
454.7575141875748
283.52767734468347
224.73825156810037
106.64878199671443
135.12912544802867
123.95325866188769
442.85828853046587
1950.1701724910401
5229.165281511351
3297.806869773
1479.4092592592594
1181.9650388291518
367.38909684886505
175.22339979091996
196.97056638291514
164.41463747013145
98.62818089157705
172.0302456690562
498.7871057347671
2131.981586021505
5981.383045848267
2989.358381869774
1607.2715389784942
492.08396057347653
276.16002202807647
454.11770310633204
153.94077508960572
193.26599522102745
73.58353169802866
323.6962425328554
760.4081089456394
2710.6081690561523
3788.6588971027486
3109.789564665472
1301.2312089307043
769.3737037037035
412.5318462514935
214.215114620669
131.62503953853044
109.09901183542414
84.47933027180407
182.77238873954602
691.8923200418154
1221.0566147700124
6011.800989396652
4805.816629330943
1813.5206989247313
816.9882329002393
492.07319780465957
173.21176971326167
127.07801250746716
112.46001500896057
176.58418727598567
154.07946983273595
676.6282231929507
2207.121285095579
5909.696120818399
4583.2963933691735
1889.790490591398
571.864205122461
333.745184811828
233.6290524193548
87.60252001194742
105.17988832885304
193.01113649940265
299.64202546296286
748.0666435185185
3307.7790173237754
6124.928938918759
3673.031436678614
1620.2505488351255
792.3008460274795
226.17431302270012
231.57146356033454
125.12066121565115
90.13671953405019
95.14164363052566
132.3602882317802
694.9690337514933
2261.326422491039
6389.483467741936
4895.020041816011
1193.1573850059733
1249.943843339307
809.0423469235359
432.4779737903226
218.76371229091987
185.48035401732378
97.26547080346472
179.41048984468344
692.7560476403822
2174.112406660693
4331.229379480286
3485.5423051075263
2194.874634109917
775.7200343488652
430.15405913978486
124.23126194743132
118.23284195788534
131.87292637395458
107.74779323476702
179.88084640083628
384.09307347670244
3464.296393369175
6599.281205197131
4713.774910394264
442.27716435185187
442.0467969683394
