5.815785543612612
4.146132019120379
2.863575268821692
3.1056227598611184
2.068884408606638
0.3997162485110588
4.487753882915173e-12
148.96766726403823
460.73924731182785
496.18316905615285
303.38747013142176
18.434326463560335
5.815785543612612
4.146132019120379
2.863575268821692
3.1056227598611184
4.309020310633214
0.3997162485110588
4.487753882915173e-12
132.54293608124254
426.37432795698925
496.18316905615285
250.36962365591398
22.541143966547192
5.815785543612612
4.146132019120379
2.863575268821692
3.1056227598611184
2.068884408606638
0.3997162485110588
8.960722819593787
103.79218936678615
308.3934438470729
411.0356929510156
220.49917861409796
50.169504181600956
15.896244026284347
4.146132019120379
2.863575268821692
3.1056227598611184
6.549257019115888
0.3997162485110588
4.487753882915173e-12
125.82026583034646
355.80869175627237
213.90120967741936
136.87126642771804
7.606780167268525
5.815785543612612
10.866450119474313
2.863575268821692
5.345758661887693
2.068884408606638
0.3997162485110588
4.487753882915173e-12
163.15710872162484
329.3014486260454
391.2473864994026
177.9394414575866
21.794504181600953
16.269825268817204
4.146132019120379
2.863575268821692
3.1056227598611184
2.068884408606638
0.3997162485110588
4.487753882915173e-12
223.26538231780168
515.2199074074074
586.5173237753883
310.10603345280765
41.95545848267623
5.815785543612612
4.146132019120379
2.863575268821692
3.1056227598611184
2.068884408606638
0.3997162485110588
4.487753882915173e-12
163.52859916367981
320.3393817204301
380.0455495818399
156.28322879330943
40.462141577060926
8.055921445639187
7.506335872162485
2.863575268821692
4.225690710872162
2.068884408606638
0.3997162485110588
4.487753882915173e-12
224.76142473118279
544.3436379928315
525.3039127837515
149.56466547192355
49.42286439665472
26.723827658303463
7.133004778972523
4.730383811230586
3.1056227598611184
2.068884408606638
0.3997162485110588
4.487753882915173e-12
134.4108422939068
389.0382317801673
435.3031660692952
327.28307945041814
77.425701911589
17.39000896057348
4.146132019120379
2.863575268821692
3.1056227598611184
2.068884408606638
0.3997162485110588
4.487753882915173e-12
160.9173387096774
448.03726105137395
440.531660692951
226.1021505376344
15.447281959378731
7.682594086021505
4.146132019120379
2.863575268821692
3.1056227598611184
2.068884408606638
0.3997162485110588
4.487753882915173e-12
102.30062724014334
310.6332138590203
389.3794802867383
371.33848566308245
7.606780167268525
5.815785543612612
4.146132019120379
3.236932497013142
8.332638888888889
2.068884408606638
0.3997162485110588
4.487753882915173e-12
57.49738649940263
265.0817652329749
225.85088112305854
101.02561230585424
7.606780167268525
9.922726254480285
4.146132019120379
2.863575268821692
3.1056227598611184
2.068884408606638
0.3997162485110588
4.487753882915173e-12
82.88418458781362
557.0452508960573
125.41778673835128
61.07758363201911
7.606780167268525
5.815785543612612
4.146132019120379
2.863575268821692
5.719127090800478
2.068884408606638
0.3997162485110588
5.600545101553165
160.9173387096774
266.20594384707294
200.08773894862603
18.14142771804511
34.48846326164874
8.055921445639187
4.146132019120379
2.863575268821692
3.1056227598611184
3.9356929510155325
0.3997162485110588
4.487753882915173e-12
7.093862007168458
504.4224163679809
467.41151433691755
169.7248357228196
49.42286439665472
5.815785543612612
4.146132019120379
2.863575268821692
3.1056227598611184
2.068884408606638
0.3997162485110588
19.04118130227001
137.39396654719235
474.14725209080046
470.775462962963
285.4666965352449
7.606780167268525
30.457549283154123
5.266199970131421
2.863575268821692
3.478979988052568
2.068884408606638
0.3997162485110588
4.487753882915173e-12
142.6205943847073
423.7597072879331
306.4956690561529
20.381563620071688
32.248543906810035
5.815785543612612
4.146132019120379
2.863575268821692
3.1056227598611184
2.068884408606638
0.3997162485110588
4.487753882915173e-12
228.12089307048984
510.39650537634407
485.69071087216247
90.57160991636799
47.18245967741935
19.629965651135006
8.999589307048984
2.863575268821692
3.1056227598611184
2.068884408606638
0.3997162485110588
4.487753882915173e-12
4.487753882915173e-12
354.68862007168457
263.5599611708483
150.68436379928315
7.606780167268525
11.042801672640383
4.146132019120379
2.863575268821692
3.1056227598611184
7.295900537634409
0.3997162485110588
4.487753882915173e-12
159.798013739546
368.50209080047796
353.91017025089604
18.14142771804511
7.606780167268525
