1319.949327956989
1116.0666293309432
774.2171139486267
1032.273372162485
1001.7686006571088
1316.1825866188774
2144.810207586619
2616.1877986857826
3013.3451052867385
3750.0474910394264
3175.374794653524
2311.486596475509
1827.342200567503
1431.3351777180405
1605.6644489247312
1236.925630973716
846.6071273894864
1306.118844832736
1802.937623207885
2622.0402105734765
3582.5232750896057
4184.800627240143
3884.4179360812427
2714.463519265233
1799.3676261947435
1499.8243055555552
1080.0542376045407
1635.8124925328555
1053.9643104091992
1575.03523708184
1645.456257810633
2728.1468974014333
3795.6503733572276
4477.399828255674
4058.9045698924733
2716.869922341696
1923.095377837515
1333.6168794802861
888.7209393667862
915.6335200119478
921.6821314964155
1236.588438993429
1352.8516375448028
2220.437361857826
3108.1764000896064
3350.732862903226
3235.226254480286
2162.9491487455193
1710.7236745818395
882.3255973715654
783.7884371266429
744.1370403972518
716.8645011947431
986.2374850657106
1619.7577844982075
2519.8986671146945
3749.164542264039
3845.576090203106
3463.5993503584214
2268.9553091397856
1286.8404831242528
905.0114359318994
456.3921520310634
636.7469496714457
617.4161271654718
778.4557385005975
1286.0891390382317
2063.7811379928316
2593.9647550776585
2977.3416591995215
2696.1563993428913
1818.7029196535248
1150.874301821983
1128.7180854241337
759.7808617084828
703.9375560035841
744.6794289874551
1075.6827598566304
1556.4972558243726
2366.855768369176
2997.408497610513
4078.1918309438483
3676.857900238949
2288.211021505376
1488.4837589605731
1093.8051784647553
937.6334752090793
1033.2228979988054
1017.4564105436082
1411.867374925329
1502.3346158154118
2012.3433206391878
3231.189307048985
3570.600657108721
3256.706541218637
1998.8231406810032
1997.8203031660694
1364.6354838709678
1084.1360103046595
1061.7167417114695
1159.3977654569892
1407.0982560483865
1851.3310446535252
2059.375037335723
2744.435790023895
2854.5241935483873
2371.20893443847
2208.8526732377545
1745.7630712365587
1273.2707287933097
960.3725881123061
1053.6936454599763
1208.8555581690557
1626.3451836917563
2129.0246042413382
2487.0404047192346
3383.7443249701305
3661.856518817205
3127.334304062127
2063.200179211469
1795.2270273297488
1646.3262985364397
1076.0110588410985
1048.6349350358425
1020.7625940860216
1810.03617458184
1977.9808131720438
2621.373917264038
3955.2707213261633
4626.702023596176
3950.684886499404
2974.144001568101
2629.1996042413393
2479.265415919953
1443.5327284946236
1323.8293645459971
1393.4596587514936
1785.7475582437287
1804.7134591547192
3039.1052382019107
3644.9334453405027
4114.292264038233
4185.278487156512
2832.529793906811
2277.4175627240147
2831.003520758662
1737.228688769415
1785.8367868876942
1854.714267099761
1831.5805107526878
2374.2034722222224
3095.5463747013146
3983.649163679808
4525.785170250895
4653.558953106334
3327.308803763443
3039.185670549582
1875.3596886200721
1543.4820228494627
1594.3021356033457
1532.4380637694148
1839.704517995819
2598.545396505376
3216.2046408303463
4576.839680406212
4499.058915770607
4371.662522401435
3210.466920549582
2484.873058542414
1773.5654756571084
1605.0043553987452
1584.705924432498
1801.1646169354835
1788.8552146804072
2446.4894899940264
3042.8690113500597
3773.931791367981
4488.961693548388
3515.584404868578
2915.8636312724016
2365.7652404420546
1878.1878285543612
1640.8316793608128
1811.4952172939068
1670.2425216547197
2247.7263926224614
2496.968750000001
3435.306701762246
4413.456279868578
4956.616562126645
5039.983572281961
3157.736708482676
2315.8381869772993
1510.3787373058537
1256.6100433094384
1248.0499402628436
1243.8324895459982
1814.4940038829152
2271.676329151732
2972.5138739545996
4322.522774790921
4642.283676821983
3930.074783452807
2717.910468936679
2190.126045400241
1731.9000560035838
1349.128882915173
1327.4711495669055
1565.5922711320193
1654.4297144190573
2104.6995471176833
2732.816158900837
3661.5218563321373
3896.5438321385896
3902.8217219235366
2746.4591920549587
2287.5282967443254
2426.1084677419353
2211.051680107528
2083.8664049432496
1892.1038343787325
2187.639481033453
2481.045915471924
2968.532500746714
4101.196542712067
4573.577060931897
4364.452658303466
3281.499589307048
2553.59332437276
2527.83817204301
2243.382078853046
1823.8398446833935
1738.7958557347674
2382.6114620669064
2653.233538679809
3498.0386723416973
4507.384711021504
6098.495818399044
5846.158826164875
3683.3209752090806
