0
0
0
0
0
17.34716340634401
356.74117216163506
442.09752293223085
861.3060898461341
372.2776327701855
51.98470059065738
0
19.12662027541773
0
0
9.048780819384309
0
57.51901408187831
500.96576561681525
1206.3912132355588
1415.640126816295
472.6968712081458
105.02680425002127
7.738126940225655
0
0
0
0
0
63.89687046865326
360.1988802123057
929.4025425779284
1096.699113641749
585.6753382022013
96.26436094434072
0
0
0
0
0
0
0
310.02289963256135
572.5490387699889
976.9448566672716
418.7140092434257
20.693236872904954
0
0
0
0
0
0
0
480.9660622249736
672.6473388404901
1204.7725456166265
429.3101158918546
56.17036325910858
0
0
0
0
0
0
18.598511702618794
300.8938138756858
1093.0672360354604
1727.0589164811695
566.2131192849605
96.09567315272565
0
0
0
0
0
0
0
350.00806112094136
637.1120559652493
896.9008265909602
781.7025623755582
93.53627986548148
0
0
0
0
24.49524077217601
0
0
0
486.05815759829375
1155.6683458109515
712.5300500029977
280.0788886766501
0
0
0
0
0
6.044210474644618
72.26243494962472
304.1282646277424
2662.1302168076077
2352.5559809470033
1123.9862289600467
65.29925602604929
0
0
0
0
0
0
0
611.4170948545864
905.3235827925049
1917.440725117914
793.5921706838117
141.56991035206607
0
0
0
0
0
8.871563293770073
55.33950406292768
382.4088850790378
624.0233041496692
2008.615405809042
553.9899026876911
123.42809544680159
0
0
0
0
0
0
61.39072440105602
512.9693238319925
1195.2777995038691
981.4890281426664
722.6276681846946
6.22145424940544
0
0
0
0
0
0
0
101.0877082178318
420.3391051952609
1172.2034861248744
81.46392823894993
83.8024357537484
0
0
0
0
0
0
23.023713086810893
464.96479467012165
1070.6414443481506
995.5849513073481
407.8406440797144
82.41509289176244
0
0
0
0.501823489157978
3.8396272533564613
0
0
170.30368136400187
851.6232845851732
916.3920057695763
612.1852631142359
27.391542897745822
0
0
0
0
0
0
0
351.16162252413733
623.8489029053118
834.6404626711088
360.6122718412758
78.46282432320373
0
19.867604095467215
0
0
0
0
18.198889862410468
536.304754914883
1147.0111482871937
1062.3824132029063
523.4450743270859
0
0
0
0
0
0
0
36.42639513875069
78.40698501915429
929.3400435946338
1392.6081827333921
747.8484590872237
44.38017615943345
0
0
0
0
0
0
30.51188615383154
479.3794765713892
1162.1375822204093
1467.8301865911662
578.3046292844999
15.283249366015184
0
0
0
0
10.373798360483026
0
0
593.0245108459474
1020.7174679747338
1737.296564815223
883.6883219299269
81.13519048834142
0
