349.8678935185186
532.6266909348864
209.17948850059736
80.93045370370369
114.1409849910394
61.69265180704898
631.8333478942649
2311.0144489247305
6119.995747461172
4102.933475209079
2140.135573476703
665.8464008363197
376.7074197281959
237.54486932497008
144.89594608721626
95.0878429286141
148.01487070639186
130.69590165770614
477.8073301224613
1350.011011424731
3770.0904719235364
3963.7309662485072
1520.5726515830347
693.4001724910395
388.46932609020297
299.57220803464753
124.41412451463559
150.48308094384709
125.20778920250895
209.775176597969
514.7417267771805
3149.2334154719233
6161.297935334528
5184.801489695341
1939.2757205794503
653.080990143369
306.8170598118281
257.4777299880526
159.39814665471923
134.69876347819593
110.34064594534047
219.9079726702509
521.0825485364396
2208.1677158004777
5494.288388590202
3645.2142510453987
1778.7576799581843
711.3252090800479
564.34032594086
251.65993690262852
183.76347595579455
127.43835935633216
102.2866179435484
274.09232414874555
425.258352374552
1558.4828778375145
4333.34901807049
2826.4295661589003
2051.766177568698
511.68641054360813
309.54505749701303
195.7745519713262
163.3681623357228
102.13850175477896
110.60755592891279
359.7308609617683
430.5544332437276
3358.4994362305856
7146.528207138592
5548.846990740739
2336.2003360215053
660.3950212813623
434.81127165471923
175.0359450044803
120.30419448178014
132.23673909796895
94.39229368279567
444.198185483871
528.1114616935483
2833.8629741636796
6907.9667525388295
5166.0245557049
2128.604162933095
720.011647998805
240.79910282258055
219.16293869474313
260.2857508213859
87.74263276583035
302.36490666069295
190.4390333781362
468.6992902479094
2619.243238500597
6551.128233273596
6367.829349611708
4080.154711768217
769.4633684289131
449.9568630525688
165.91840875149342
124.93954226403824
140.70329495221026
75.89238287783752
99.23921038679812
812.1688608870966
3688.742006421745
6231.534923835127
5292.7421258960585
1467.4477464157703
659.0160069444448
469.7518869474315
219.3636462066905
163.3803319145759
203.47054943249702
118.9684875298686
221.80073327359628
652.8169227897253
2503.201810782556
6091.434479540026
3940.737824820787
2469.5238761947426
527.0216816009558
501.27477859916365
278.43825231481475
110.34853722371561
88.55830058990443
96.93664355585425
171.16371863799284
616.0366539725209
3029.107183393071
5929.344093488649
4835.511238052567
3286.9542824074074
990.0214605734765
643.1660069444441
563.2368245967742
129.28593623058546
142.52899428763442
144.8964472072879
209.9302785244922
626.3598879928313
2112.1021692054956
5259.569948476703
3955.529838709677
1643.6523222819587
542.5749044205494
491.10531847371584
206.80792114695336
174.46210972968933
185.9044757317802
117.43410517473123
212.23056451612902
431.5077852449223
3120.3982190860224
6598.591685334528
4553.051239545999
2844.094776732377
1176.8215576463556
349.2287582138591
250.20276284348864
129.77223454301074
168.8501420250896
154.2662177045998
208.722234916368
436.57008661887687
2091.802359617682
4816.468231033455
3685.5347968936685
1978.9789575866196
755.2770284498208
396.9078890382317
313.8079958183989
239.0976556899641
152.92974873058546
138.53010536140982
170.0177102001195
680.4177210274787
2416.416804808841
5192.0443623058545
4675.694933542412
1437.3802158004778
1218.3349873058544
307.4723185483872
230.26257840501793
110.67493055555553
150.56201273148147
169.10302755376347
173.19018593189966
1027.970232601553
2864.2125709378743
7352.309752090802
5382.402848715654
4145.005245669057
1247.9055928912783
793.9375765382315
339.0770978942653
151.46847856929512
229.7704502688172
108.55482758363199
220.09561529271213
400.1390580197131
3861.1037634408603
6445.603371415772
3968.5909311529285
1647.71168234767
499.5768918010752
388.58958482676223
244.61087850955812
170.86017995818395
137.14513179510158
50.07491644265234
283.09494100955783
1082.299074074074
2802.9260304659497
6800.561462066906
4300.574876792114
1966.7506235065707
900.4373110812423
580.9397580645164
302.5737899492236
154.66913231780168
195.70156354540023
387.54350059737163
336.63623954599757
787.879801747312
2977.067573924731
6116.395243428912
4890.811693548387
1666.2533303464747
1627.070347968937
584.4530529420549
221.95430107526883
219.06371303763444
413.90986148446837
182.43328528225805
160.85348977001198
666.1313795549581
2919.626792114695
7119.920952807646
6287.761323924733
2027.2867383512548
1110.2775836320188
