13.65628733572282
4.146132019120379
2.863575268821692
3.1056227598611184
2.068884408606638
6.746938470728792
8.960722819593787
94.08602150537635
329.3014486260454
360.257243130227
163.37776284348865
25.901321684587813
11.41633064516129
4.146132019120379
2.863575268821692
3.1056227598611184
2.068884408606638
0.3997162485110588
4.487753882915173e-12
92.96632317801672
320.3393817204301
364.7405167264038
92.06765232974911
41.95545848267623
13.65628733572282
4.146132019120379
2.863575268821692
3.1056227598611184
2.068884408606638
0.3997162485110588
11.200679510155314
134.0344982078853
285.24604241338113
391.2473864994026
163.37776284348865
7.606780167268525
5.815785543612612
4.146132019120379
2.863575268821692
3.1056227598611184
2.068884408606638
0.3997162485110588
4.487753882915173e-12
140.75754181600956
430.8531212664277
279.6124551971326
155.16353046594983
14.32709826762246
5.815785543612612
4.146132019120379
2.863575268821692
3.1056227598611184
2.068884408606638
0.3997162485110588
4.487753882915173e-12
112.37828554360813
342.366711469534
220.25201612903226
154.79166666666666
7.606780167268525
5.815785543612612
4.146132019120379
2.863575268821692
3.1056227598611184
2.068884408606638
0.3997162485110588
4.487753882915173e-12
222.52202807646353
510.39650537634407
644.7573178016727
340.7198327359618
19.554099462365592
9.175989396654721
4.146132019120379
5.103711170848268
3.1056227598611184
2.068884408606638
0.3997162485110588
4.487753882915173e-12
70.56264934289128
250.14822281959383
264.30779569892474
99.53405017921146
21.794504181600953
5.815785543612612
12.733273596176822
2.863575268821692
3.1056227598611184
2.068884408606638
0.773073476702509
4.487753882915173e-12
149.34363799283153
472.29054659498206
358.76568100358423
111.4796146953405
25.901321684587813
11.042801672640383
4.146132019120379
2.863575268821692
3.1056227598611184
2.068884408606638
0.3997162485110588
4.487753882915173e-12
137.39396654719235
426.37432795698925
411.0356929510156
127.16061827956989
7.606780167268525
18.88332586618877
4.146132019120379
2.863575268821692
3.1056227598611184
2.068884408606638
0.3997162485110588
4.487753882915173e-12
166.5162037037037
370.369623655914
257.96109617682197
98.03800776583036
7.606780167268525
26.723827658303463
4.146132019120379
2.863575268821692
3.1056227598611184
2.068884408606638
0.3997162485110588
4.487753882915173e-12
173.23924731182797
378.584229390681
247.87858422939067
163.37776284348865
18.807459677419352
5.815785543612612
4.892831541218639
2.863575268821692
3.1056227598611184
2.068884408606638
10.480174731182796
1.1200679510155316
55.257616487455195
309.1416517323775
213.90120967741936
18.14142771804511
7.606780167268525
9.922726254480285
4.146132019120379
4.3570116487455195
3.1056227598611184
2.068884408606638
0.3997162485110588
1.8668085424133811
158.3019713261649
229.2402180406213
204.57101254480287
75.63881421744325
44.19586320191159
5.815785543612612
4.146132019120379
2.863575268821692
3.1056227598611184
2.068884408606638
0.3997162485110588
4.487753882915173e-12
111.63493130227002
232.22819593787335
366.2320788530466
101.02561230585424
14.32709826762246
5.815785543612612
4.146132019120379
2.863575268821692
3.1056227598611184
2.068884408606638
0.3997162485110588
4.487753882915173e-12
57.868876941457586
315.86021505376345
372.20691457586616
115.96326164874552
34.48846326164874
12.536103643966547
4.146132019120379
2.863575268821692
3.1056227598611184
2.068884408606638
0.3997162485110588
8.214083034647553
88.11118578255675
520.091472520908
435.3031660692952
199.96714456391877
35.60868428912784
27.09692353643966
4.146132019120379
2.863575268821692
3.1056227598611184
2.068884408606638
0.3997162485110588
4.487753882915173e-12
134.0344982078853
282.6303016726404
246.7588859020311
66.67600059737157
7.606780167268525
9.549357825567503
4.519489247311827
2.863575268821692
3.1056227598611184
2.068884408606638
0.3997162485110588
4.487753882915173e-12
149.7155017921147
413.30533154121866
366.6084229390681
90.57160991636799
30.754778972520914
15.896244026284347
4.146132019120379
2.863575268821692
3.1056227598611184
2.068884408606638
0.3997162485110588
4.487753882915173e-12
194.14725209080046
226.62933094384704
213.90120967741936
123.05331541218638
21.04786439665472
5.815785543612612
4.146132019120379
2.863575268821692
3.1056227598611184
2.068884408606638
0.3997162485110588
11.574223416965353
51.898484169653536
363.27508960573476
521.9399641577061
76.0103046594982
59.50526433691756
