15.645422640382318
21.9557945041816
9.451911589008365
2.8943548387096776
3.8160207586618875
1.8654719235364396
35.15221774193548
80.8273596176822
214.0300179211469
191.1290322580645
113.25866188769417
36.56186529271206
19.982526881720432
9.474910394265232
6.234057646356033
3.272800925925926
3.7664799880525694
6.227897252090801
25.18753733572282
32.43294504181601
118.58870967741936
207.27822580645164
77.98872461170849
35.951575567502985
20.49925328554361
12.594123357228195
4.680555555555555
5.6197729988052565
4.300302419354839
8.888142174432497
25.26926523297491
94.88239247311827
164.96826463560333
223.43525985663084
98.65516726403823
33.93514784946237
14.74443697729988
10.502016129032258
7.0767995818399045
3.995243428912784
4.323267622461171
10.561790621266429
29.216061827956988
97.37455197132617
197.56795101553163
158.36170848267622
102.66577060931897
36.950940860215056
29.481033452807647
10.153188470728793
7.964083034647551
3.9118092891278384
1.300377090800478
11.800515232974911
22.074260752688172
64.62029569892474
116.27576164874552
125.67353643966547
103.7343189964158
26.40972222222222
14.247685185185182
6.664911887694146
5.31074522102748
2.4377501493428912
4.748424432497012
16.30518219832736
21.91304510155317
87.68891875746715
219.57213261648747
238.17540322580646
122.2057945041816
32.144041218637994
21.62037037037037
4.523629778972521
3.2613799283154123
3.789687873357228
1.691267174432497
19.863761947431303
28.637992831541226
79.77561230585424
198.91987753882918
216.34557945041817
106.18167562724014
40.047939068100355
9.265419653524493
9.196908602150538
10.629256272401433
1.8628360215053763
9.05962514934289
8.15158303464755
25.34752090800478
104.0524193548387
222.61238052568697
269.8984468339307
215.38717144563918
43.981257467144566
22.231406810035843
6.594571385902031
3.1055966248506572
2.426377688172043
3.0701500896057343
3.828307945041816
41.923424432497015
96.25522700119474
194.57586618876942
210.8131720430107
73.54502688172043
32.13799283154122
23.68637992831541
10.014374253285542
5.5707511947431305
4.850044802867384
2.6435297192353646
11.237156511350058
33.28218339307049
98.23812724014336
190.6067054958184
178.67570191158902
126.08124253285541
26.647774790919954
24.62010902031063
10.00082138590203
3.785185185185185
3.8305331541218637
2.77888664874552
8.492532855436082
25.440673536439665
98.67196833930706
196.30040322580643
207.58885902031062
181.34669952210274
51.148446833930706
33.38377389486261
25.966808542413382
5.082847968936679
6.0465576463560335
5.01549059139785
10.284610215053766
31.441457586618878
85.63097371565114
155.62051971326164
163.82877837514937
77.37753882915173
26.59020310633214
25.02217741935484
5.754629629629631
4.849873058542412
5.47751642771804
4.633161589008363
7.430816905615294
20.811342592592588
102.77628434886499
203.4173387096774
185.38941158900838
149.9436230585424
58.98596176821983
14.338000298685783
10.229017323775388
5.015456989247311
3.439419056152927
3.526754778972521
9.544541517323774
23.311939964157705
57.40703405017921
161.61439665471923
166.57855436081243
95.6798835125448
39.718525985663085
20.73241487455197
12.812126642771805
9.89531063321386
4.970878136200716
5.373271356033452
8.174469832735962
39.89325716845878
75.62089307048984
202.35775089605735
212.40927419354836
82.06354540023894
62.988351254480285
16.811454599761053
7.331653225806452
4.103909050179212
5.037850955794505
7.422827060931901
8.455533154121865
48.19519115890084
103.5849761051374
221.58079450418165
242.93832138590204
212.1882467144564
69.1341845878136
41.32661290322581
13.318249701314217
6.326911589008363
4.00036215651135
4.764340651135007
11.535991636798087
22.0459229390681
69.1353046594982
209.68227299880525
184.483646953405
90.21990740740739
27.878360215053764
19.23745519713262
9.686342592592593
6.582997311827955
5.917898745519714
1.434916367980884
13.063769414575864
56.97767323775387
91.99036738351255
207.45631720430111
197.86103643966547
102.70161290322578
45.89792413381123
31.41965352449224
13.76478494623656
5.332287933094385
3.7850395758661888
16.94212962962963
16.429472819593787
42.1652105734767
71.0752688172043
178.11827956989248
217.0635454002389
91.86977299880526
87.07959976105137
28.758288530465943
7.904532556750299
9.93936678614098
10.824596774193548
4.026079002389486
7.7182646356033455
35.6987380525687
83.41173835125448
203.4733422939068
267.778151135006
106.53188470728796
55.86768219832736
