356.38033788829136
307.0396636051374
79.54108964307049
182.42689628136202
137.01017756869774
202.74654233870976
1075.3797864396663
3758.1264523596165
7768.861525537633
4971.014579599761
2688.9343974014346
809.1231979267474
527.4441931750296
225.44689740143374
140.24555163530465
70.7185850507766
240.41962115442053
146.68754032258062
204.28852449223422
1253.7204543757466
3490.914295848267
2412.8207325268813
1377.2540180704902
779.9763806750295
192.718308318399
216.88368018219833
160.91295437574672
165.36845459976107
130.06618567054954
161.35292674731176
751.4265681003583
3120.5882131123058
5983.704103195937
5757.299141278374
3131.6206503882904
869.8424059139788
454.1054633363202
191.90106033452807
185.8236697281959
71.6569821535245
150.1699629256272
210.0728543160096
704.6063586469533
2824.3948551373946
6853.663997162485
5405.165307646357
2020.8974051672644
1234.4987268518523
357.9929457885305
244.3039157706093
158.69214568399047
153.08952273745518
81.58057317801675
106.49555331541224
488.8172830794503
2438.4136536738356
7630.460958034648
5057.749914127838
2384.7487828554363
562.2991341845876
686.0995900537632
227.15593413978493
146.55399156212664
132.75873499103943
96.73531556152926
261.9284505675029
415.9178427419353
2576.228714904421
7176.753621565116
4701.7423573775395
2469.717648596178
521.0830484617683
428.7097285692951
468.1624387694147
124.58933915770606
163.33639377986856
225.19869959677428
710.7007967443251
824.9820810931898
3310.010125448028
8803.951907855437
5111.101792114695
1935.3627314814814
1148.682586618877
277.91204487753885
179.79713747013145
144.49334972371568
176.41003475955796
93.67128737305855
223.19133811230589
584.4171845131423
3782.7701426224603
6700.189590800478
6550.657971176821
4408.303039127837
970.828509557945
674.447796072282
475.88662933094366
168.19404271206693
137.08320265830343
64.66425087365592
252.03143555854246
955.0202322281963
3200.385730286738
7381.544548984467
5195.810442801672
4190.29556451613
1671.1104614695341
388.11851441158905
209.58345355436077
175.35647849462364
142.56027912186377
75.51326205943847
184.77449376493425
518.1415602598566
3147.101176075269
6234.2577732974905
5987.5537186379925
2615.740300179211
1261.6217928614099
359.3600657108723
307.2186155913978
113.9925668682796
135.92850798984463
150.53156623357225
188.53756272401435
685.9409725955798
3709.717103494625
7202.300668309437
6257.49243951613
3123.262055704899
869.5682683691756
472.0887921893668
304.47514262246114
256.79513776881714
99.58689407855437
84.00311312724014
143.39489247311826
533.2237918160096
3577.5071983273597
6720.117308841103
5066.991823476701
1231.1225358422942
1223.414728942652
587.934118130227
208.7772147550777
135.56082026583036
102.8631465800478
94.91487391726405
84.56923461768218
434.0642241636796
2467.668779868578
5146.955152329749
4235.883628285545
1761.5740890083637
561.996503509558
314.4778345280765
261.3264131571087
104.60530193399046
111.17895713859019
147.23796744324972
212.77389112903225
975.1999854390681
3090.328382616487
5061.389755077657
4411.611850358425
1844.941043160095
857.5264411589009
339.38348902329756
213.5548801523297
199.34711544205493
176.5883221326165
95.53958023446835
111.44784165919953
444.6087612007169
2231.194003882916
6913.426314217443
4561.45829599761
1568.982388739546
613.9215173237753
312.97886872759847
198.89846475507767
154.45269003882913
114.62408747759861
114.98592779271206
157.74916778673838
406.206415023895
2786.702934587813
6198.171804062125
4882.713354988052
1992.4483236260462
683.8507205794508
452.01526657706086
197.20184139784953
205.6541285842294
126.01614620669056
142.1277888664875
569.53826239546
719.454252538829
2632.4686491935486
4762.98635379331
3894.692805406212
1571.38138067503
1146.4431152927123
443.1443335573477
211.1126661439665
108.8436276508363
102.89579177867385
217.38440785543608
147.896691681601
811.861706242533
3176.4873618578254
5691.566080495818
4190.421102150538
1965.884808094385
727.5242656063322
354.204414202509
174.5421766726404
90.6586853718638
129.46400112007169
145.98278737305853
399.64184513142163
1042.9296258960576
3168.557594086021
5750.106847371564
4667.065408452807
2166.9985588411
434.553172416368
344.3670262096774
257.1790135902031
147.67174208482672
170.54269664725211
205.94381869772994
189.18074783452812
538.6963717144563
1942.8584565412182
6356.105163530466
3538.2766502389495
1301.0900686977297
655.9163720878138
