1141.9879441158228
960.8824401011012
734.0646783063634
701.7732244270227
713.8207527926104
889.6668488578661
1480.1888739506883
2176.677359844878
3174.762556409353
3450.5798671120783
3156.182322869705
2161.902723834275
1639.2147903637301
968.3580649335889
1068.7072180642474
1169.0893819039143
703.5456809159659
927.3241993505555
1216.822935554553
1760.6573021283943
1691.9464821193812
2569.2274545976884
2163.024175509147
1704.9867856287633
860.1184163681382
1053.6998278600981
540.4953928914819
524.372309012572
680.257877688407
820.1564559630152
1196.30593331881
1799.414335939779
3129.9525246351263
3525.414795654994
3201.5734420241115
1931.3895537487454
1377.0232434768623
746.594683138925
458.18058987714926
665.116433956264
658.8953117505382
987.6246622178783
1652.366384870491
1950.4626982260788
2931.7261144796803
3444.2478936887633
2742.5269620892036
1939.2369453314864
1244.3091123189201
940.2689453052876
533.4303103963167
607.89593773993
658.9670417609376
982.2936015494524
1425.6292985147345
2194.8999220980063
2849.930155511807
2760.106951771619
2634.360839144608
1851.4158830135045
1757.2017994189416
714.7205545728036
724.960395920253
738.291701252793
984.6420367926911
1324.1990182264988
1610.9484422060568
2419.787011265774
3413.271293792293
3624.872365149943
2650.475200491419
2143.63333373829
1600.2303983553502
1206.0631627222047
711.346254719781
858.4903615920666
1012.235281672811
1721.147867318627
1778.8356853930695
2338.8540587640887
2861.996876403503
3189.613975386036
2890.450999304115
1933.7818813121
1382.8878184491002
1034.4815578464215
733.4865900590991
801.5587145228318
697.8890398749642
948.7246977982142
1556.477560839282
2328.7778788133246
3168.6722283580966
3919.215621679898
3959.8779337167207
2576.3384530781273
2058.3283466221446
1515.4891985612953
611.1257044020969
885.7353399034928
772.7646525497038
1223.4160251099124
1749.3940419395801
2290.4219669302124
3276.2534604103234
3555.545055081239
3781.012861716025
2748.114263731685
2024.0377152272285
1115.7270191215293
860.3364853658859
1006.2489333503077
912.7449261861218
1419.46332082119
1643.0557019002351
2269.90751962007
2752.3839701053894
3610.7756224014997
3098.542532032782
2433.1665721544673
1799.433654492943
1486.5415132076635
800.1987568145415
1087.3006313273493
993.0468751832615
1297.1859324511743
1908.6315255409877
2460.5472714162956
3395.385476867115
4638.979306145826
4252.65963640701
2859.440019338296
1955.7610163522168
1443.197416724505
886.8361439878694
763.88549020539
1058.172455307894
1226.1415354042604
1408.879669119311
2273.778424655255
3305.2698157354016
3583.6394552914435
3221.99609003718
1946.581368336174
1635.7497417569193
1022.2778345930454
765.802647408248
904.2536569240737
726.9422343498351
1159.8334311511749
1317.9337637561775
2132.914717536053
2802.3147282538116
2709.135402252709
2142.2403621963485
1695.5856398187875
1302.5376017354263
1005.0828143733174
645.1893668737366
818.2562805404523
786.4775644908342
947.9403297249155
1386.9947983054938
2475.118489186656
2553.742158571576
3774.2860329381456
2872.285885091411
2196.330722089475
989.7625509027513
956.020695421835
731.1045826759663
726.5948175909266
563.6898635405074
807.1262640075857
1199.759369077458
1759.9091470528258
2835.5013770416945
2490.2112704726546
2286.7456888147426
1943.7368877558772
1123.217831117342
1115.1808163195194
691.9618602613854
602.7052392937011
577.7228253050446
787.2836017578687
1223.479870265758
1875.007708055412
2372.481326476195
2943.3599268856906
2880.439594526523
1878.8333071119516
1241.9958109475742
997.3553337062436
709.96832663328
772.870185805232
664.7523928699869
1442.451248419669
1461.0144667003437
1749.0240928766157
2653.9173754967605
3089.5026832191043
2733.3580727969807
1787.5512826926608
1243.9649531223197
1141.573817396498
752.9684709437231
758.8820749604049
944.1770798477571
1131.5521935642867
1455.6719165032878
2170.281136188747
3298.552944183516
3094.729213884682
2420.2223310271133
1795.7198882449597
1630.9013742725801
1238.6583428035672
780.8718586122991
1051.4440873526837
719.1409932338398
1663.5985696488337
2126.1899551917763
2022.7758728611482
2705.557230367067
2898.2472076605827
2388.961687295207
1671.9444033933719
1989.0748513548058
1281.8595869445849
712.1397238759428
749.4424725346237
979.4156633822683
1183.0805802443197
1415.5427344330078
2014.8085436935207
2967.8149341141925
3060.274727978669
2643.1496060769546
1917.9785879068788
