0
0
0
0
0
97.76924375281952
870.8290604531526
1435.40696140296
1917.7606896071861
1063.059816163256
192.5674365524256
0
0
0
0
0
0
0
355.673800264366
804.0394360551528
927.4426955140249
114.41349307194517
135.79946703377277
0
0
0
0
0
0
9.923416167578011
375.31088738076437
642.0350843939381
826.8988597588333
313.365377031353
42.920984301568915
0
0
0
23.26660524462006
0
0
40.98714434756039
108.16197520006439
901.5719629038
1300.6918698094462
613.8133222661257
105.52940772117259
0
0
0
0
0
0
31.279588100700366
501.15946126917925
1780.6450240256754
1659.2442451387294
811.0499605752476
152.93772437021966
0
0
0
0
0
0
0
188.3397144133202
814.4781530008124
1373.9581847010024
457.88351952390923
0
0
0
0
0
0
0
0
405.83616745307995
983.3501085339472
1157.9454801154523
580.1228879430611
37.96508064206448
0
0
0
0
0
0
0
372.06132867549894
1179.3257800594647
1446.0917329077254
710.6039000627347
90.34162015813159
0
0
0
0
0
0
79.85976917901542
411.02977299094425
1861.9692998422552
1932.2080120103246
1123.9862289600467
120.81172615747103
0
0
0
0.9517086316282004
0
9.415265159047895
12.532291623527634
393.20248911981935
940.4923402596494
1300.3566450701248
958.0213074819003
16.84675473677339
0
0
0
0
0
0
0
292.62621632157055
733.7795018796576
884.3751877684211
524.1586601548355
78.57389144441208
0
0
0
0
0
0
0
287.8963324938801
898.0798455014799
1394.5001541880667
668.817931028183
27.777943198031508
0
0
0
0
0
0
32.40555128453711
607.4307115033754
1866.624947489168
1913.0099377377774
1147.7743374384722
288.3150925637842
0
2.6070800252146284
0
0
0
0
0
489.889376510026
1222.2035709909221
2654.504455488949
1060.5881799220085
82.38141606977916
0
0
0
0
0
0
47.366036960255585
432.04655024094325
1399.555258898196
1909.9064173585843
682.7128168776768
125.5721357890242
0
0
0
0
0
0
63.72840772932928
466.90684355161636
1333.8055934668412
1681.3194501263058
715.9919761423511
144.05541691579631
0
0
0
0
0
0
0
460.7391187141662
807.0458705094156
908.7485273008753
480.0277356174083
256.09488098887925
6.45534379237516
0
0
0
0
0
0
607.7893774922725
907.6797240008465
1083.2197418731769
960.6792535914054
35.586194677951966
0
0
0
0
0
0
3.066097623365607
536.0987866072317
871.9919729014132
1213.7841143092064
447.49780431436847
206.35960091918125
0
0
0
0
0
0
0
283.4990478829843
904.2647349998235
1390.9674130828457
490.37066960017773
0
0
