369.6208408004779
203.4952841248507
146.93731444145757
130.1057474238351
170.28121273894865
252.9774425029868
257.15179995519713
2734.6392137096773
6646.944130824373
5172.6857900238965
2134.6752352150534
722.0414616935481
437.8664392921147
334.3517252837515
180.74894911140981
171.54785991636797
195.9076564740143
353.07821497909197
1312.9853307945039
4110.331660692949
8068.040486857827
6357.930014187573
3751.3684251792115
1341.0112716547192
333.9986992234169
564.2803853046597
213.90044728195937
133.00149492234172
157.04786402329748
253.86155615292708
698.5652546296294
2928.9204487753886
6222.23493130227
5178.056018518519
3216.0968525985672
899.6187951762246
526.6976075268817
250.35889486260453
123.58668563321385
145.65894003882914
79.34387387992832
565.3949029271206
548.4907859169654
2326.052408154122
5652.398110812426
3692.2751792114686
1966.6688209378726
805.8371154420546
322.72853905316623
266.27640046296295
115.46461850358425
144.24726821983276
289.1206048387097
114.45882627688172
695.928597670251
2679.468507317802
5440.314221176823
5050.777184139783
1652.4883885902034
964.2517809139785
351.90145273297486
260.0976683841099
214.26283154121865
142.31650388291516
150.71248062275987
305.88162709080046
831.4410771356033
3853.7501493428913
7875.001754778974
5893.185446535245
3583.193365442056
913.9566980286737
463.42194668458774
459.0135054510157
194.89313844086027
158.0652864770012
296.7913325119475
348.6918212365593
872.5559879032262
3440.128517025089
8642.313325119472
6202.69733049582
2477.202083333334
970.9404674432495
490.2571990740739
158.87446733124256
120.10654301075272
112.48915419653522
92.45413011499403
214.18836723416965
539.3334206989248
2084.929006123059
5391.56807795699
4081.1316718936678
2402.4920922939077
685.0688948626045
288.38848902329744
249.054986932497
208.68502240143377
154.57570900537635
104.03902031063322
181.83724835722813
692.4337832287931
3137.054793906811
7693.465195639187
6154.354334677417
3272.253322879331
1294.2747498506565
334.3327389486261
380.52337402927134
220.5950470430107
243.15578184737154
176.20794504181603
269.37343451314223
953.5914650537638
5175.813104838709
9324.448133213862
6215.25227001195
2908.82370818399
1061.3207847968938
650.0559262992832
271.5894944743131
176.174311155914
232.42188358721634
77.79003565561528
229.6959905167263
787.3660364396658
2885.4302792712065
6475.396139486261
5088.981858572282
3909.7648894862605
1178.2974910394269
516.9354999253287
312.6297013142175
206.5160883363202
111.01022270758662
76.39755202359618
226.5084935035842
635.4039639336918
2568.3878808243726
6338.425126941454
4737.250627240142
2087.4409199522097
836.542084080048
416.2005492084827
277.6754928315412
137.96763284050178
101.33405548835127
115.08726836917566
216.78494623655914
829.3323909796892
3223.214146505377
6266.102146804062
5320.514676672638
3124.3085760155313
756.0119914874552
620.6789307048988
138.34543216099166
172.2088586469534
412.8374204749103
95.4913538679809
173.9793010752689
492.1567293906811
1703.8441995221028
4858.245538381124
3874.7146804062104
1719.0898558841095
680.2697991338115
268.0821647252091
101.36990225507765
134.48837701612902
125.16161238052567
108.11920844534048
129.35602934587814
526.2095112753884
1972.1882019115897
4926.255745967741
2533.0115292712067
1739.5685969235365
453.96294989546
233.6197868130227
176.73126586768223
157.1357082586619
157.5155987903226
106.61189407855433
82.179528823178
618.3790087365588
2675.8308393070492
6418.52971923536
4463.809434737155
3132.377927120668
800.3903031660692
410.45929062126635
244.75041853345277
251.97553427419354
185.703553614098
91.34092264038232
143.18221617383512
600.6710173984468
2367.4765232974905
5547.605212066905
4853.9708781362015
2558.6242346176823
1217.0147924133805
269.14936379928315
307.9466591995222
121.77316928016727
210.015430368877
129.42451695041817
244.12700679510152
588.3437668010755
3329.9406511350066
7390.82439516129
5594.3577658303475
3598.088403524492
1217.3391763739548
896.2282131123059
295.0585823626045
139.723828255675
128.72591241039424
145.9467441382915
97.80031395609323
587.38563844086
2604.980738500598
5878.580749701314
4587.566524790919
2396.5494885005974
1120.9451575567505
434.33663642473147
556.4027187873357
161.93465912485067
170.32663142174434
152.62964803614102
333.96604129330944
575.5784651284348
2823.3722408900835
6816.339292114695
5520.771326164874
2849.0198999402633
852.8376030465948
