7.093738799283154
0.0
0.0
0.0
0.0
0.0
0.0
53.390008960573475
159.7959229390681
112.3786215651135
0.0
4.106933243727599
0.3733557347670251
0.0
0.0
0.0
0.0
0.7467278972520908
0.0
66.45937873357228
141.87481332138591
178.83800029868578
166.14202508960574
21.281257467144563
0.0
1.1200899790919951
0.0
0.0
0.0
0.0
0.0
43.682310334528076
130.67312574671445
151.20911738351253
85.12731481481482
1.493414351851852
0.0
0.0
4.480283004778973
0.0
0.7467278972520908
0.3733557347670251
0.0
62.35058243727599
70.19026284348865
141.50141875746715
92.96733124253285
0.0
0.0
0.0
0.0
0.0
0.7467278972520908
0.0
10.080734767025088
43.30854241338112
127.68906810035843
95.57803166069296
94.08788829151733
18.29467965949821
0.3733557347670251
0.3733557347670251
0.0
0.3733557347670251
0.0
0.7467278972520908
0.0
43.30854241338112
130.67312574671445
160.91685334528077
104.91196236559139
0.0
0.0
1.1200899790919951
0.0
10.080734767025088
0.0
0.7467278972520908
7.840404719235366
70.93738799283155
111.262208781362
151.20911738351253
93.71449372759857
22.401422491039426
0.0
0.0
0.0
10.453856780167264
0.0
0.0
0.0
11.574025537634409
126.1951164874552
132.91423984468338
54.8839605734767
0.0
0.0
1.1200899790919951
0.0
0.0
0.3733557347670251
0.0
0.0
59.73573775388293
155.6913082437276
173.98622311827958
155.6913082437276
32.1086096176822
0.0
0.0
0.0
0.0
0.0
0.0
0.0
71.3111559139785
99.68679062126643
148.96766726403823
114.61969832735961
20.908131720430106
0.0
0.0
0.0
0.0
0.0
0.0
0.0
34.72207287933094
121.71255227001194
155.6913082437276
123.95366636798086
14.187481332138592
0.0
0.0
0.0
1.1200899790919951
0.0
0.0
0.0
33.975433094384705
101.92790471923539
94.45747461170848
68.69631123058544
14.187481332138592
0.0
0.0
0.0
0.0
0.0
0.7467278972520908
0.0
47.79110663082438
172.49189814814815
178.83800029868578
106.40628733572282
0.0
0.0
0.0
0.7467278972520908
0.0
0.0
0.0
0.0
40.69593787335723
91.47337962962963
121.71255227001194
76.90972222222223
0.0
0.0
0.0
0.0
0.0
0.0
0.0
0.7467278972520908
40.69593787335723
102.30167264038232
99.68679062126643
65.71221624850656
0.0
0.0
0.0
0.0
0.0
0.7467278972520908
0.0
0.0
40.69593787335723
85.12731481481482
65.71221624850656
82.88620071684589
0.7467278972520908
0.0
0.0
0.0
0.0
0.0
0.0
0.0
38.08262395459976
132.54084528076464
105.28573028673836
125.0745594384707
5.226911589008363
0.0
0.3733557347670251
0.0
0.0
0.0
0.0
2.240142249103943
13.814392921146954
140.00709378733572
177.34367532855435
65.71221624850656
17.174473566308244
17.921139486260454
0.0
0.0
0.0
1.1200899790919951
0.0
0.0
0.0
106.03251941457587
84.00675776583033
114.61969832735961
17.921139486260454
0.0
0.0
1.493414351851852
0.3733557347670251
0.0
0.0
0.0
33.22883064516129
96.32515681003584
105.28573028673836
84.38052568697731
20.534595280764634
