4.851403823205228
3.458669354865921
2.3887022103020024
2.913803016726404
1.810188918757467
7.7762992831541204
10.094086021505376
84.36379928315412
41.18130227001195
40.00672043010753
26.604316009557945
6.345579450445371
4.851403823205228
3.458669354865921
2.3887022103020024
3.615927419354838
4.6930256869772995
11.55766129032258
39.11663679808841
111.08870967741936
168.81720430107526
53.453927718040624
33.48230286738351
10.4413082437276
6.76187275985663
5.284834229390682
2.3887022103020024
2.5906137993103657
3.7656810035842287
13.189605734767024
59.28539426523297
137.9965651135006
176.32541816009558
75.35132915173237
24.383587216248507
10.218413978494624
6.915546594982079
5.804659498207886
4.434587813620072
2.5906137993103657
1.7258064516401148
4.22231182795699
59.28539426523297
78.13246714456392
163.65740740740742
54.41345579450418
33.92734468339307
9.352262544802867
7.502165471923536
3.6720094086021504
2.3887022103020024
2.5906137993103657
2.6731257467144562
10.585065710872161
47.88306451612903
145.13515531660693
165.46818996415772
75.05637694145759
22.320041816009557
6.345579450445371
5.551933990442055
3.458669354865921
2.3887022103020024
2.6674320489844683
1.7258064516401148
6.574462365591398
53.580495818399044
134.45340501792114
232.05645161290323
119.2469384707288
33.411364994026286
6.773857526881719
4.851403823205228
3.458669354865921
2.55586917562724
2.706836170848267
3.244660991636798
2.795228494623656
5.333408004778972
157.1609916367981
185.59587813620072
68.6570340501792
29.876045400238954
6.345579450445371
5.344944743130227
3.487327135603345
5.395385304659499
3.3500597371565113
1.7258064516401148
8.938560334528075
46.99820788530466
140.9199522102748
224.081541218638
116.24514635603346
49.58109318996416
9.945340501792115
5.036092443249701
3.458669354865921
2.6020422640382317
2.6192715800477897
1.7258064516401148
5.467084826762246
33.29114396654719
64.28838112305854
119.57138590203107
61.27949522102748
30.193399044205496
8.629106929510154
4.851403823205228
4.194220430107527
2.3887022103020024
2.5906137993103657
1.7258064516401148
5.109781959378733
50.38829151732377
94.76926523297492
116.819743130227
70.40807945041816
33.81235065710872
6.345579450445371
4.851403823205228
7.125746714456392
2.5797491039426523
3.756832437275986
1.7258064516401148
5.467084826762246
44.14202508960574
163.3811230585424
232.76956391875746
96.99111409796893
28.169429510155318
11.898148148148149
9.294354838709678
3.458669354865921
2.822543309438471
3.469048685782557
5.709901433691756
0.3493440113500597
60.66308243727599
121.67712066905615
170.88933691756273
110.34236857825567
40.013440860215056
15.030615292712064
4.851403823205228
3.458669354865921
3.0215427120669056
3.100097072879331
3.1157034050179213
2.3732974910394264
37.26291816009558
110.89083034647551
121.21042413381123
63.691382915173236
27.487679211469533
12.706093189964157
5.937201314217443
3.458669354865921
2.3887022103020024
3.071423237753883
1.7258064516401148
4.791308243727598
23.74925328554361
45.43757467144564
39.87455197132616
51.6543458781362
22.14717741935484
6.345579450445371
4.851403823205228
3.458669354865921
4.077844982078853
2.5906137993103657
1.7258064516401148
4.776373954599761
44.67965949820788
110.03584229390681
129.15919952210274
81.71333632019116
31.087589605734767
9.312798685782555
7.188657407407407
3.458669354865921
2.418951986260454
2.5906137993103657
1.7258064516401148
0.3334229390953121
51.76597968936679
99.18608124253286
118.89187574671446
106.63866487455198
30.58057048984469
6.345579450445371
4.988325119474313
3.458669354865921
2.3887022103020024
3.482190860215053
1.7258064516401148
9.355600358422938
25.084005376344088
101.23581242532856
145.13515531660693
113.79218936678615
33.13284050179212
10.604465352449223
4.851403823205228
3.458669354865921
2.3887022103020024
2.5906137993103657
4.607116188769415
4.317517921146953
21.313097371565114
77.36335125448029
158.61335125448028
43.61932497013142
26.023372162485067
9.556936977299879
4.851403823205228
3.458669354865921
2.6434401135005974
2.5906137993103657
1.7258064516401148
9.970519713261648
60.66308243727599
163.3811230585424
190.54659498207886
103.2709826762246
31.39374253285544
6.345579450445371
5.042450716845878
3.6576762246117083
2.3887022103020024
2.5906137993103657
1.7258064516401148
9.722983870967742
85.12918160095579
201.25448028673836
215.41218637992833
117.76844384707287
41.80107526881721
9.322841995221028
