5.440486857825568
3.625836320191159
2.3887022103020024
6.041554659498208
1.7258064516401148
1.1135528673835124
5.621639784946237
64.19877538829152
108.72535842293907
54.41345579450418
31.647998805256865
6.64967891278375
4.851403823205228
3.458669354865921
2.3887022103020024
2.5906137993103657
2.1974686379928317
4.946624850657108
45.452508960573475
158.61335125448028
118.3729091995221
62.89239844683393
33.411364994026286
6.536626344086022
5.477113201911589
3.487327135603345
2.3887022103020024
2.5906137993103657
1.7258064516401148
12.958870967741936
83.94190561529271
211.52927120669057
120.15382317801672
86.99260752688173
41.40307646356033
9.930630227001195
4.851403823205228
3.458669354865921
2.3887022103020024
2.5906137993103657
2.2902105734767026
5.029883512544803
55.5331541218638
100.73924731182795
121.23282556750299
80.3132467144564
36.44638590203106
6.460211320191159
6.5437948028673825
5.408938172043012
2.518458781362007
3.588859020310634
1.7258064516401148
6.574462365591398
54.72296893667861
134.21445639187576
114.91562126642772
70.75156810035843
45.51075268817204
7.745034348864994
7.188657407407407
3.458669354865921
3.9111409796893666
3.2473491636798086
1.8324783452807647
9.970519713261648
54.88724611708483
140.7706093189964
317.07362604540026
142.8767174432497
45.41517323775388
11.042040023894863
5.158673088410992
3.4889191308243728
2.3887022103020024
2.8501269414575865
1.7258064516401148
14.26823476702509
61.12231182795699
185.59587813620072
224.19354838709677
113.62791218637993
32.912933094384705
13.788455794504182
8.385491338112304
3.458669354865921
2.5757691158900835
2.5906137993103657
4.687051971326164
0.3334229390953121
27.311827956989248
97.00940860215053
95.83706690561529
55.04069593787336
34.56466547192353
12.713933691756273
6.187985364396654
4.04775238948626
2.3887022103020024
2.5906137993103657
2.903972520908005
12.70573476702509
54.72296893667861
119.3847072879331
163.65740740740742
85.1370221027479
29.873058542413382
10.958781362007167
4.851403823205228
8.680816905615295
2.3887022103020024
2.5906137993103657
2.3626418757467142
17.024357825567503
39.11663679808841
187.50373357228196
222.52837514934288
132.4189814814815
24.7703853046595
9.851366487455197
5.432534348864994
3.458669354865921
2.3887022103020024
2.777680704898447
1.7258064516401148
11.458721624850655
62.76881720430107
138.35125448028674
191.11036439665472
138.7884557945042
43.537186379928315
12.379778972520908
5.395908004778972
3.458669354865921
2.3887022103020024
2.5906137993103657
1.7544642323775388
6.686842891278375
47.54704301075269
93.64172640382318
85.12918160095579
94.0527927120669
31.69952210274791
10.72057945041816
5.86398596176822
4.711656212664277
6.2615367383512535
2.5906137993103657
1.7258064516401148
9.064381720430108
43.458781362007166
189.44519115890083
232.05645161290323
134.211096176822
48.45355436081243
12.797565710872162
4.851403823205228
3.458669354865921
2.5797491039426523
2.5906137993103657
1.7258064516401148
6.383303464755078
33.32026583034648
113.66114097968936
136.32392473118279
113.28442353643966
22.843488649940262
6.44906660692951
9.547864396654719
3.7118055555555554
2.3887022103020024
2.5906137993103657
1.7258064516401148
12.035185185185183
59.28539426523297
174.82078853046596
154.0359916367981
66.57743428912784
31.087589605734767
12.673984468339308
4.851403823205228
3.458669354865921
2.3887022103020024
3.071423237753883
4.473006272401434
7.34731182795699
37.130376344086024
104.16293309438471
170.75866188769413
60.08848566308244
28.169429510155318
6.530268070489844
4.851403823205228
4.323178016726404
2.3887022103020024
2.5906137993103657
1.7258064516401148
7.899507168458781
33.32026583034648
126.17234169653524
201.25448028673836
73.30533154121864
31.369474313022707
6.345579450445371
5.96311230585424
3.458669354865921
2.3887022103020024
2.5906137993103657
1.7258064516401148
9.945131421744325
65.42712066905615
214.94175627240142
261.6636798088411
103.32325268817205
15.133288530493163
10.089232377538828
9.014336917562725
8.553502090800478
4.971848864994027
2.920967741935484
4.6930256869772995
6.485229988052569
52.172939068100355
79.33467741935483
136.96983273596177
61.036813022700116
21.50164277180406
7.523745519713262
5.022550776583034
3.458669354865921
2.3887022103020024
2.5906137993103657
1.9168533452807646
9.333572281959379
2.7211768219832733e-11
93.23103345280765
124.46236559139786
48.66002090800478
23.25306152927121
6.345579450445371
