0
0
0
18.369154524005747
0
92.79963503119465
734.6514917554224
1455.0645928247038
1650.889796536696
1009.1989290664818
352.22540399567526
15.24365848966766
0
0
0
0
0
0
432.9830147207579
1023.7250692690119
1629.3923669596638
990.7654942666884
337.58684009231513
0
0
0
0
0
0
12.335714554674773
258.1632992684586
1351.396643533723
1570.6738746931226
835.6017868282469
113.5574463684745
0
0
0
0
0
0
0
164.95438858118746
1175.6953201319957
1644.642362640987
770.7084835564484
107.78403735080221
0
0
0
0
0
0
101.30475237788077
429.6510980672675
1283.1692922455081
1199.9080742904619
524.0379384724997
95.96184324716114
0
0
0
0
0
0
0
490.8628252257456
1321.7821404560098
809.2475365528538
501.08879132797136
56.02208444304821
4.976440305813412
0
0
0
0
0
15.835085431294821
285.2783344184325
494.8461509473281
1021.6544108203509
613.4099249800983
44.742335719722774
0
0
0
0
0
0
57.877708585559894
532.8132701330856
922.5571868695007
1776.410953337833
720.6453427150647
109.20590480568235
0
0
0
0
0
0
33.73962282298196
284.4182138511594
1042.2537980501404
1064.0561302898946
437.76572418107435
108.13479216702898
0
0
0
0
0
0
0
505.88207394658156
1391.6714023862924
1416.9953099446768
725.7535356778379
100.4611513914926
0
0
0
0
8.451341824795442
0
0
134.24005294044753
601.5270377219513
1225.6061465497833
515.1965932492203
45.499593356001085
0
0
0
0
0
0
4.771660780984348
454.243218694597
1176.146228416653
1682.1185084294048
668.817931028183
85.16257581451896
3.7335902494535276
0
0
0
0
1.296750078078535
100.0483230885992
458.6392688510458
1564.5027850041024
1410.5416731021744
705.9112848697741
120.73448473821676
0
0
0
0
0
0
33.80167754320278
99.73402256737363
659.8992101784971
1030.3056801006574
478.2210950952463
0
8.433942797323581
0
0
0
0
0
12.01959878821259
147.2496565730819
523.425106568447
1677.5087172391104
545.7791997928501
129.98297808293106
0
0
0
0
0
0
35.073725829687675
468.13854904743494
1466.3862386281312
1759.7435092660908
396.0961428090177
173.64998830169836
0
0
0
0
0
0
0
422.6365201478578
1052.1537707483644
1198.8295458193936
1033.839712917289
372.3796778825472
0
0
0
0
0
3.9201083810610804
0
363.60814989370635
1043.2726152792216
1793.4590638564505
508.5373031732452
79.8970145704251
0
0
0
0
0
0
24.967381972230598
443.98819819623986
1018.6138367006961
1162.1577702231853
576.6245217576181
0
0
0
0
0
0
0
0
165.77958850425074
456.2670498146383
1034.475104241747
365.99044259898324
0
0
