0
0
0
0
7.81060416214239
47.869863525818346
412.56927849377365
1263.6062594913708
1340.7598682212838
723.2778567845222
105.83334157034672
0
0
0
0
0
0
83.79641850242788
474.9282058796589
1385.6930352188324
1933.9659930050639
1016.0346848282177
184.93297957857567
0
0
0
0
0
0
43.3226097159651
0
0
439.44627612681415
392.94983043637103
101.85288394314597
0
0
0
0
1.658021497283137
0
0
400.3477204210918
867.214510693525
790.333446870378
0
60.94443161603521
0
0
0
0
0
0
77.8894297972356
441.6213041604575
506.821846008949
850.5972917337116
746.9430310650924
147.81623392816468
0
0
0
0
0
23.930426828107294
0
299.842439921086
569.9609038968699
1201.090054474001
745.5414496314361
148.64391090660854
0
9.853569210683773
0
6.675123318552238
0
0
0
502.72834188557704
1465.4013331456554
1845.054201740303
848.9677206790227
310.95884557635355
0
0
0
0
0
2.944603646634281
0
316.4075801689278
961.6850243844349
600.2647466472716
611.9517196565222
108.83463837796431
0
0
0
3.3545488083875696
0
0
32.824822942456265
492.87191755486305
925.5848912401043
1277.5436601584727
458.14692191106246
56.5879358348904
0
0
0
0
0
0
94.81283224479407
369.5846575786008
1174.246820546388
486.538320697365
27.9262507316014
103.40578251455115
0
0
0
26.33528372421297
0
0
77.59170687057403
496.91605353781915
1274.9253352129906
1582.3833269559957
910.3056135598536
209.11697686854586
0
0
0
0
0
0
0
361.9242969502721
1059.5594601968205
1037.6707037699068
730.4173933937743
35.512075515833175
0
0
0
0
0
0
0
471.04966311627857
1172.1084450996816
762.5936444283393
443.47624902748043
0
0
0
0
0
0
0
17.302237579045048
547.0339404287835
1402.233439569178
1513.9294853575275
750.055772514601
126.98722550824988
0
0
0
0
0
0
43.024340425010635
419.7425627857461
1638.9030038205374
1628.9984125796118
949.9682678932088
259.0105318463718
0
0
0
0
0
0
64.89638114629462
454.4964492863836
1406.1144345660048
1388.2918963628651
801.3802676596748
262.4842550281022
0
0
0
0
0
0
63.60663329132326
11.743337650844694
1347.2224684783523
1742.3861467751876
1107.855169906536
173.4285876794408
0.5509979142389767
0
0
0
0
0
45.824393944007554
445.482776536478
1288.216238337764
1353.81300650878
583.7475032927194
171.92688314868076
0
0
0
0
0
0
0
0
697.0113874772791
708.5022296019189
98.3773966082752
0
0
0
0
0
0
0
25.981718410958365
743.1622796631516
1784.0773096712692
1674.599432198736
878.4687878797478
235.8329951478397
13.813260277190196
