0.0
0.0
0.0
0.0
0.0
1.493414351851852
6.3471139486260455
49.28539426523297
173.98622311827958
178.83800029868578
157.554846176822
21.654760304659497
1.1200899790919951
0.0
0.0
0.0
0.0
0.0
0.0
23.52158751493429
136.27624701314218
145.98394563918757
91.09961170848267
31.735513739545997
0.0
0.0
0.0
0.0
0.0
0.0
0.0
29.12205047789725
112.75201612903226
138.1439292114695
122.0863201911589
10.827396953405017
0.0
0.0
0.0
0.0
0.0
0.0
0.0
29.12205047789725
102.67502986857825
106.03251941457587
47.417712066905615
0.0
0.0
0.0
0.0
0.0
0.0
0.0
0.0
26.881705495818398
116.48738052568697
121.71255227001194
142.24854390681006
0.0
0.0
0.0
0.0
0.0
0.3733557347670251
0.0
0.0
38.08262395459976
70.56399342891278
107.52684438470726
51.895721326164875
0.0
5.973573775388291
0.0
0.0
0.0
0.7467278972520908
0.0
0.0
63.0973715651135
121.71255227001194
126.1951164874552
178.83800029868578
0.0
0.0
0.0
0.0
0.0
0.0
0.0
0.0
29.86869026284349
102.30167264038232
92.96733124253285
49.28539426523297
9.707194593787337
1.1200899790919951
0.0
0.0
0.0
1.1200899790919951
0.0
0.0
34.72207287933094
116.11402329749106
99.68679062126643
41.06933243727599
8.960569743130227
0.0
8.960569743130227
0.0
1.493414351851852
0.3733557347670251
0.0
0.0
43.30854241338112
110.51508363201911
111.262208781362
77.65688470728793
9.707194593787337
0.0
0.0
0.0
0.0
0.0
0.7467278972520908
0.7467278972520908
51.895721326164875
73.92562724014337
163.53132467144565
152.70306899641574
6.7206541218638005
0.0
0.0
0.0
0.0
0.0
0.7467278972520908
0.0
70.93738799283155
148.22087813620075
114.61969832735961
33.975433094384705
0.0
0.0
0.0
4.106933243727599
0.0
0.0
0.0
5.600451762246117
24.64175627240143
103.04842443249701
40.69593787335723
41.06933243727599
0.0
0.0
0.0
0.0
0.0
0.7467278972520908
0.0
0.0
38.82937574671445
135.90247909199522
100.06018518518518
50.028001792114694
15.307683691756269
0.0
0.0
0.0
0.0
0.0
0.7467278972520908
0.0
67.206541218638
157.554846176822
163.53132467144565
139.26030465949822
0.0
0.0
0.0
0.0
0.0
0.0
0.0
0.0
37.70911738351254
126.94190561529271
125.44795400238948
178.83800029868578
16.05430854241338
0.0
1.1200899790919951
0.0
0.0
0.0
0.7467278972520908
1.8667764336917563
39.57579151732378
169.13026433691758
170.25082138590204
113.12574671445641
15.681186529271207
4.106933243727599
0.0
0.0
0.0
0.0
0.0
0.0
37.33557347670251
171.3713410991637
138.89071833930706
92.96733124253285
0.0
0.0
0.0
0.0
0.0
0.0
0.0
0.0
29.12205047789725
120.96957138590203
130.67312574671445
53.01627837514934
8.587029569892474
0.0
0.0
0.0
1.1200899790919951
0.0
0.0
7.093738799283154
69.06970579450419
148.22087813620075
205.34595280764637
148.96766726403823
38.455607825567505
