1731.6561266128358
1602.36562035797
1221.7965182107844
1211.806733238253
1127.0617261349048
1682.4711850287151
1850.1153113760174
2685.591439145953
2827.9765610389827
3774.4774552243834
3326.8764301352376
2546.1875804651
1706.4300457400745
1278.6486776128002
982.9782642112
1038.6451625565428
1350.2621060205058
1511.2192224987039
1882.1241900348396
2567.2396946015133
3256.0939679318058
3162.0112060911174
3229.041857707476
2209.6037173790623
1804.8526121566679
1178.6190184216275
1009.8700120671092
1016.4969132539104
1011.5544726704852
1649.1673318590717
1473.2187170703037
2095.017535611226
2874.1666524726393
2936.9710605892847
3351.1967992523046
2052.8456842744326
1522.3786496895268
1094.163575014672
711.5422610241026
945.7021045058461
710.4251728616492
984.395403331976
1328.6922077498214
2125.5924174614424
2960.1073346111016
3166.7632760065653
3352.650095303062
1804.016739238295
1573.4486321815245
828.557442169087
865.2590514357435
999.273827524876
764.6365944789774
1201.1718568511249
1502.2589878815209
2393.5111489498586
3951.805435529729
3907.4342367178556
3755.5404239713703
2639.67947321661
1641.5778821549047
1489.1788431032703
977.2978589578868
1053.0898531345133
1057.7708386893462
1479.6453294570838
2168.8199401152565
2649.5414504832165
4127.952431785126
4406.891518375749
5066.937118054142
3101.4812541385286
2123.8368798368315
1515.344588200102
1077.194559677965
1126.4764652360327
1198.9152697253787
1648.077977085652
1771.99079179988
2667.6862010878635
3473.1448752087617
3973.1955166046755
3876.2328093399583
3161.7644828652665
2274.376132367857
1648.443225259803
1357.2052541869364
1480.3232455861537
1346.578089979504
1758.9893345216306
2277.383138796271
2997.6469536341133
3664.355882778648
4705.322215168549
4551.541874875622
2666.6509344102665
2034.7330471896466
1910.0759817154171
1481.511961122527
1385.9056543449494
1546.597911211591
1946.3164358028641
2332.0315867424483
3569.2245878979556
4304.516076151066
4878.739014161285
4680.817446542788
3301.3267301295346
2382.562704026511
2818.7352367141207
1970.758707588107
1877.2443373228273
1496.6893069358232
2016.059505483676
2517.7262813506536
3086.4515571051356
3916.660034173489
4067.177653464822
3935.7939881259717
3105.869118450763
2576.723409570601
2200.8380671204463
1759.5120109961422
2055.1712742484956
2031.99581104049
2186.418965605296
2494.9118981515026
3142.199306213188
4302.211604405942
4409.8458682724695
5229.162063228993
3083.233967217627
3109.4826300021555
2127.6780282836444
1538.7051068014891
1285.5366707609448
1438.163965164525
2240.087659956233
1872.6797169090364
2393.8028832872733
2904.9949912132975
3541.707891671372
2724.170507599906
2175.824588168909
2206.750215920599
1979.3079159849206
1232.0827213329785
1335.280020798028
1379.1171118886643
1435.0992334958582
2025.0649032424376
2801.241080289937
3305.8358789407885
3676.8600139611895
3953.5865539526194
2613.5294644902315
2029.449586502452
1452.5726665238549
1126.2338859896263
865.591377426653
959.6159250792444
990.3585853999448
1557.1227366268804
2364.9580650528446
3342.1041060028774
3557.9681192583366
3190.305150324384
1950.5891226271108
1495.7982214523336
1349.2768931518233
850.0001658599573
802.1888539559206
713.6786311256325
1244.6717150231173
1521.5163377901229
1942.0942538329934
3133.2330003989223
3597.7191856458917
3493.792881168389
2179.766733932699
2057.5573285785135
1895.5891571199966
1337.414496163416
621.6407093131157
796.5721151795972
1047.793876548788
1336.3026973266901
2217.6876027686726
3388.877182210963
3863.3563426563037
3386.1334042636786
2361.306279782202
1467.115535409939
1641.465612230736
1283.1867555460635
777.4206114324725
670.7384614183741
1113.906426884424
1523.6618419990298
2300.022129017595
2965.371493626986
3262.704669479558
2775.5065943023565
1955.3228254047274
1081.8921559299665
765.2981378863426
586.4475823161841
635.0249027680512
693.0777985604213
1048.9602618139882
1337.0322006281388
2223.3728476582814
3099.3452082217473
3835.8258387353376
3491.1996682433623
2242.108037886537
1530.0896993920542
990.7381441775225
481.0528498757397
969.0865604709635
657.2981355576154
846.9297692456086
1083.832853937296
1753.895436779906
2848.5164186884517
2727.744295474203
3162.931258681109
1908.6480697613533
872.1338455304333
859.9182824344299
618.3690249512115
703.1359537174192
579.868939965303
927.0267327980839
1362.2764037878458
2056.6556352407124
3058.6190447772747
4075.8373399858365
4104.96939401005
2250.8684101888384
