5.815785543612612
4.146132019120379
2.863575268821692
3.1056227598611184
2.068884408606638
0.3997162485110588
4.487753882915173e-12
104.91188769414576
471.18391577060925
482.7273745519713
379.55309139784947
20.674320489844682
5.815785543612612
4.146132019120379
2.863575268821692
3.1056227598611184
2.068884408606638
0.3997162485110588
7.840501792114695
256.49529569892474
738.1085722819594
525.3039127837515
268.28965053763443
65.10416666666667
5.815785543612612
4.146132019120379
2.863575268821692
3.1056227598611184
2.068884408606638
0.3997162485110588
2.6135043309438473
112.75462962962963
353.19705794504176
442.3965800477897
49.129928315412194
34.48846326164874
5.815785543612612
4.146132019120379
2.863575268821692
3.1056227598611184
2.068884408606638
0.3997162485110588
4.487753882915173e-12
236.33512544802866
423.7597072879331
284.83982974910396
52.863649940262846
21.42096027479092
18.88332586618877
4.146132019120379
2.863575268821692
3.1056227598611184
2.068884408606638
5.2531735364396654
7.466995221027478
123.2086320191159
283.75
354.28651433691755
270.1579301075269
22.167637395459977
34.93742532855436
4.146132019120379
3.983643219832736
3.1056227598611184
2.068884408606638
0.3997162485110588
0.37335722819593786
60.10827359617682
279.27120669056154
389.3794802867383
37.55615292712067
7.606780167268525
5.815785543612612
7.506335872162485
2.863575268821692
3.1056227598611184
2.068884408606638
0.3997162485110588
4.487753882915173e-12
94.83422939068102
509.2458183990442
239.66435185185182
250.36962365591398
22.541143966547192
5.815785543612612
4.146132019120379
2.863575268821692
3.1056227598611184
2.068884408606638
0.3997162485110588
4.487753882915173e-12
268.0689964157706
397.6243279569892
537.9618428912785
260.4517622461171
7.606780167268525
10.296158154121864
6.3862679211469535
2.863575268821692
3.1056227598611184
2.068884408606638
0.3997162485110588
4.487753882915173e-12
150.0918458781362
526.0655615292712
353.91017025089604
370.9625149342891
7.606780167268525
8.429289874551971
4.146132019120379
2.863575268821692
3.1056227598611184
2.068884408606638
0.3997162485110588
4.487753882915173e-12
70.19041218637993
282.6303016726404
429.3279569892473
117.45445041816009
7.606780167268525
5.815785543612612
4.146132019120379
2.863575268821692
3.1056227598611184
2.068884408606638
3.386589008363202
4.487753882915173e-12
101.92465651135007
458.12537335722817
363.9926821983274
141.3500597371565
7.606780167268525
5.815785543612612
4.146132019120379
2.863575268821692
3.1056227598611184
2.068884408606638
0.3997162485110588
6.720318100358422
135.15419653524492
403.2276732377539
327.4036738351254
74.89060633213859
21.42096027479092
9.549357825567503
4.146132019120379
2.863575268821692
3.1056227598611184
2.068884408606638
0.3997162485110588
4.487753882915173e-12
132.54293608124254
474.14725209080046
543.1862305854241
370.9625149342891
12.833796296296295
9.922726254480285
4.146132019120379
2.863575268821692
3.1056227598611184
2.068884408606638
0.3997162485110588
11.200679510155314
82.88418458781362
354.68862007168457
568.5887096774194
283.2231929510155
25.901321684587813
15.149604241338112
4.146132019120379
2.863575268821692
3.1056227598611184
2.068884408606638
0.3997162485110588
4.487753882915173e-12
97.82183393070491
640.6959378733573
485.69071087216247
172.7120669056153
25.901321684587813
15.523148148148149
4.146132019120379
2.863575268821692
3.1056227598611184
2.068884408606638
0.3997162485110588
4.487753882915173e-12
143.74029271206692
327.43391577060925
533.138440860215
157.40292712066903
12.833796296296295
5.815785543612612
4.146132019120379
2.863575268821692
3.1056227598611184
2.068884408606638
0.3997162485110588
4.487753882915173e-12
29.86872759856631
192.65158303464753
293.80189665471926
212.2886798088411
64.73192951015531
15.523148148148149
4.146132019120379
2.863575268821692
3.1056227598611184
2.068884408606638
0.3997162485110588
4.487753882915173e-12
148.96766726403823
366.2623207885305
418.8739545997611
104.01284348864993
37.47550776583035
10.296158154121864
4.146132019120379
2.863575268821692
3.1056227598611184
2.068884408606638
0.3997162485110588
4.487753882915173e-12
116.86193249701317
543.5894563918757
411.0356929510156
216.76784647550775
18.06081989247312
11.042801672640383
4.146132019120379
2.863575268821692
3.1056227598611184
2.068884408606638
0.3997162485110588
13.067540322580642
250.14822281959383
361.4116636798089
414.39516129032256
240.28711170848268
7.606780167268525
