0.0
0.0
0.0
0.7467278972520908
0.0
0.0
0.0
26.881705495818398
132.91423984468338
154.57075119474314
120.96957138590203
1.1200899790919951
0.0
0.0
0.0
0.0
2.9868690262843485
0.0
8.960569743130227
59.73573775388293
206.466472520908
169.13026433691758
156.4384707287933
20.534595280764634
0.0
0.0
0.3733557347670251
0.0
0.0
0.0
0.0
0.0
103.04842443249701
125.0745594384707
48.53823178016727
8.2139075567503
0.0
1.8667764336917563
0.0
0.0
0.0
0.0
0.0
70.56399342891278
184.06317204301075
102.30167264038232
0.0
0.0
6.3471139486260455
0.0
0.0
1.8667764336917563
0.0
0.0
0.0
34.72207287933094
70.93738799283155
121.33919504181601
101.92790471923539
7.467278972520908
8.587029569892474
0.0
0.0
0.0
0.0
0.0
0.0
35.46875000000001
97.81910842293907
101.92790471923539
12.694190561529268
15.307683691756269
0.0
0.0
0.0
0.0
0.0
0.0
0.0
23.52158751493429
114.61969832735961
121.71255227001194
111.262208781362
2.6135043309438473
0.0
0.0
0.0
0.0
1.8667764336917563
0.0
0.0
59.73573775388293
125.44795400238948
205.34595280764637
152.70306899641574
0.0
0.0
0.0
0.7467278972520908
0.0
0.0
0.0
0.0
53.390008960573475
172.49189814814815
99.68679062126643
96.32515681003584
0.0
0.0
0.0
0.0
0.0
0.7467278972520908
0.0
0.0
0.0
95.57803166069296
102.67502986857825
72.05794504181601
10.453856780167264
0.0
0.0
0.0
0.0
0.7467278972520908
1.1200899790919951
1.493414351851852
40.32254330943847
121.71255227001194
104.91196236559139
47.417712066905615
7.467278972520908
0.0
0.0
0.0
0.0
1.493414351851852
0.0
0.7467278972520908
38.08262395459976
101.92790471923539
96.32515681003584
37.70911738351254
16.05430854241338
1.8667764336917563
0.0
0.0
0.0
0.0
1.493414351851852
0.3733557347670251
25.761540471923535
126.94190561529271
166.14202508960574
156.06507616487454
22.774962664277183
0.0
0.0
0.0
0.0
1.493414351851852
0.0
0.0
44.802830047789726
109.7679211469534
167.63597670250897
158.67540322580646
12.320687724014338
0.0
0.0
0.0
0.0
0.0
0.0
0.0
54.8839605734767
179.21139486260455
163.53132467144565
97.07194593787335
30.615330047789726
0.0
0.0
0.0
0.0
0.0
0.0
0.0
64.21792861409797
128.06283602150538
177.71706989247312
84.38052568697731
1.1200899790919951
1.8667764336917563
0.0
0.0
0.0
0.0
0.0
0.0
47.043944145758665
118.35510005973715
125.44795400238948
119.84901433691756
17.921139486260454
0.0
7.093738799283154
0.0
0.7467278972520908
0.0
0.0
0.0
68.69631123058544
84.00675776583033
123.20687724014337
85.12731481481482
20.534595280764634
0.0
0.0
0.0
0.0
0.0
0.0
7.840404719235366
75.04618428912784
148.96766726403823
140.00709378733572
133.6613649940263
8.960569743130227
2.240142249103943
0.0
0.0
0.7467278972520908
0.0
0.0
0.0
75.04618428912784
132.91423984468338
116.11402329749106
99.68679062126643
7.093738799283154
