0
0
0
0
0
0
413.6535078844548
1088.3658174364125
1493.7698741949996
723.2778567845222
167.33311755600982
0
0
0
0
0
0
0
338.94030265385226
916.4304157445196
1164.3759392416232
460.28647694291305
0
0
0
0
0
0
0
0
392.2221030318995
1123.782769579123
1404.419021049156
696.6531607828465
116.48105747958562
0
0
0
0
4.195122005048969
0
4.851615673725256
433.52611050472376
1236.2329545405978
1718.840391314822
802.2601561968307
55.70440025402801
0
0
0
0
0
0
0
103.04835015806802
926.8651554474196
1205.0286686751692
599.0132968954388
101.32467180152193
0
0
0
0
0
0
0
6.672151689305856
0
0
137.5339078154264
63.257822196931095
0
0
0
0
0
0
0
469.2624667362343
1213.6088450930865
1611.2997214535646
1146.689121515343
160.43259856321146
0
0
0
0
0
0
38.36255028209515
93.8622919371476
888.8684174549248
1231.1186146281557
608.1498230018028
58.82209357509693
0
0
0
0
0
0
27.835874316410866
110.99169055366832
714.2419252902835
800.8247234798586
348.5378269289836
27.750495572046916
0
0
0
0
0
0
8.332433499274337
360.6132567422806
939.3823492202231
1407.9365435169586
564.3881682943254
79.36127833295019
0
0
0
0
0
0
33.426794982879905
493.8713253418813
1035.4080861090479
1737.1701399786957
741.9898280162454
155.13590608001547
0
0
0
0
0
25.42022066478288
37.66390988492698
566.5531798654454
1533.3550097786601
1775.590730651627
993.4423336566181
245.9330731263469
6.610233021257585
0
0
0
0
0
0
370.5041882058844
1337.6423459360017
1344.2535906648984
772.5040268052581
208.38715050882607
0
0
0
0
0
0
16.169807770203967
346.6855981348766
1264.3529885536461
1400.8530217971925
610.2443179148398
211.24293787384124
0
0
0
0
0
0
0
316.636230647156
1648.2010922315294
1360.9111216596602
301.62896084422414
159.12126960025483
0
0
0
0
0
0
0
176.6867121298721
773.3657786520263
457.2121472589223
89.58139519850398
4.577706342319615
0
0
0
0
0
0
0
72.22052552420193
755.6312199717813
1406.2320995828345
760.1386227141825
206.91219729712296
0
0
0
0
0
0
0
382.2539832270396
839.6682245982181
1353.81300650878
605.3966221696608
95.44693243183487
0
0
0
0
0
0
0
360.7963672523929
611.3912411212456
1317.3052463283223
381.0917409929824
77.0136481115349
0
0
0
0
0
0
0
117.74523963925674
729.0776830284975
993.8299429514244
468.5128440326748
40.64538314067123
28.18852162724994
