24.15460722819594
9.606705495818401
11.521580047789724
4.643697729988052
2.2255936379928314
8.135640681003585
27.828778375149344
84.35595878136202
148.14030764635606
211.5849014336918
80.45736260454002
23.826911589008365
14.766987753882916
12.724761051373955
1.873062275985663
3.9491114097968936
10.46606182795699
6.648334826762246
21.508885902031064
40.72987604540024
91.77643369175627
110.29644563918758
49.41793608124253
25.018145161290324
14.329823775388292
7.802008661887694
5.420698924731182
5.071124551971326
6.679622162485066
16.40550328554361
49.077060931899645
130.72692652329752
225.62126642771804
234.16442652329744
130.10603345280765
69.22976403823178
34.6265307646356
7.473678315412187
5.1950418160095575
3.6852225209080047
3.621105884109917
8.529980585424136
45.22812126642772
84.48663381123059
216.55652628434888
251.30189665471923
127.95736260454002
33.24731182795699
16.63922491039427
10.876605436081242
2.105133661887694
4.537037037037037
2.6256421744324974
12.135229988052568
34.953629032258064
107.90845280764636
199.77523894862605
193.34154719235363
133.09102449223417
70.98790322580645
27.37044504181601
16.08912037037037
8.311155913978494
5.550776583034647
2.644478046594982
6.354577359617682
36.30615292712067
89.32198327359617
160.21617383512546
201.61028972520907
166.70474910394265
44.46460573476703
18.526919056152924
20.98293757467145
9.134035244922341
3.9593301971326165
3.3458146654719236
8.182011648745519
23.538530465949822
88.03128733572282
235.461096176822
241.45235961768216
173.67234169653526
76.06108124253285
18.567428315412187
5.760416666666667
7.9826762246117084
2.514781212664277
2.7922453703703707
7.605958781362007
30.057086320191154
57.15576463560333
195.02389486260455
200.84341397849462
140.74970131421745
27.492644862604536
15.65079898446834
12.97334229390681
5.837402927120669
3.71019265232975
1.713870221027479
14.409348864994026
36.99876792114696
73.88627538829152
173.23663381123058
134.45415173237754
138.89187574671448
27.657780764635604
13.87582138590203
10.511536738351255
3.023484169653524
3.3089867084826756
4.0423013739546
5.865218040621266
21.82179659498208
52.70161290322581
149.2749402628435
173.59767025089604
69.01097670250896
36.37066905615293
9.512208781362009
10.8824298088411
6.8717891278375145
1.656332138590203
1.9584080047789725
14.497909199522102
55.88037634408603
126.36798088410991
244.94026284348865
215.02128136200716
127.71356033452808
47.41562126642772
19.32762096774194
10.981294802867383
6.563284050179211
4.542764336917563
4.5563022700119475
4.870034348864994
53.64209976105136
97.84908900836321
230.41330645161287
236.01926523297496
167.2057945041816
45.38978494623656
28.654868578255677
9.057235663082437
6.738425925925926
7.086346326164874
3.4676448626045406
14.37720280764636
42.985289725209086
105.32407407407408
237.38239247311827
258.38747013142176
184.5852001194743
44.91188769414576
39.04797640382317
7.320489844683393
3.880701164874552
1.4966696535244923
5.770945340501793
23.030839307048986
45.12544802867384
135.6343339307049
206.05585424133812
213.49014336917563
111.69952210274793
40.10435334528077
33.78909050179212
8.389448924731182
4.929958183990442
7.868018219832736
2.7074447431302273
9.931862305854242
54.243951612903224
98.89112903225806
210.70527180406216
222.27635902031062
154.68264635603344
43.272102747909194
14.108609617682198
5.993242234169653
5.347744922341697
6.89247311827957
4.333897102747909
9.9778972520908
23.16431451612903
92.58549880525688
215.49581839904425
263.50843787335725
162.55563022700122
55.54584826762246
48.05088859020311
9.130189665471924
4.880376344086021
3.3697879330943854
9.37040770609319
14.224163679808841
55.12208781362006
124.84468339307047
238.22692652329744
297.225582437276
218.88366188769413
68.99753584229391
18.23536439665472
9.949783452807646
6.00735513739546
3.6714269713261642
2.5022886798088413
8.778039127837514
44.58034647550777
104.01508363201911
247.56795101553166
233.85491338112305
173.40501792114696
40.364097968936676
23.135528673835122
8.455085125448027
4.7027703106332135
3.1871826463560335
6.266502389486262
7.706279868578256
20.803688769414578
73.21908602150538
159.7532108721625
145.22998805256873
84.56018518518519
25.333930704898446
13.12682945041816
17.03591696535245
4.17345803464755
3.7766203703703702
2.6886686081242535
6.351515830346475
21.568361708482676
71.35267323775388
159.34923835125448
152.1878733572282
75.20534647550777
66.12231182795699
