0.7467278972520908
0.7467278972520908
0.0
0.0
0.0
0.0
0.0
45.54999253285544
110.51508363201911
121.71255227001194
102.67502986857825
0.0
0.0
0.0
0.0
0.0
1.8667764336917563
4.480283004778973
0.0
21.654760304659497
120.96957138590203
90.7262171445639
7.093738799283154
0.0
0.0
0.0
0.0
0.0
8.2139075567503
0.0
0.0
37.70911738351254
128.80958781362008
143.36910095579452
36.21580047789726
11.574025537634409
0.0
0.0
0.0
1.1200899790919951
0.0
2.240142249103943
0.0
45.54999253285544
90.35285991636798
138.1439292114695
40.69593787335723
0.0
0.0
0.0
0.0
0.0
0.0
1.1200899790919951
0.0
45.54999253285544
84.38052568697731
96.32515681003584
77.65688470728793
27.25524566905615
0.0
0.0
0.0
0.7467278972520908
7.093738799283154
0.0
0.0
12.320687724014338
92.5939366786141
69.81686827956989
76.90972222222223
0.0
0.0
0.0
0.0
0.0
0.0
0.0
0.0
68.69631123058544
140.75425627240142
114.99309289127838
106.40628733572282
16.05430854241338
0.0
0.0
0.0
0.0
0.0
0.0
0.7467278972520908
0.0
95.57803166069296
142.6219384707288
153.82362604540023
7.093738799283154
0.0
1.493414351851852
4.480283004778973
0.0
0.0
0.0
0.0
48.164463859020316
131.0468936678614
103.79144265232975
18.29467965949821
1.1200899790919951
0.0
0.0
0.0
0.0
0.0
0.0
0.0
45.54999253285544
169.13026433691758
134.78192204301072
51.895721326164875
1.493414351851852
0.0
0.0
0.0
0.0
0.0
0.0
1.8667764336917563
72.05794504181601
94.08788829151733
92.5939366786141
96.32515681003584
0.0
0.0
4.853823178016726
0.0
10.827396953405017
0.7467278972520908
0.0
0.3733557347670251
70.93738799283155
142.6219384707288
169.13026433691758
87.36458333333333
32.85528673835125
10.827396953405017
0.0
0.0
0.0
0.0
0.0
0.0
57.87219982078853
130.67312574671445
199.37361857825567
130.67312574671445
18.667764336917564
0.0
0.0
0.0
0.0
0.7467278972520908
1.1200899790919951
0.0
65.71221624850656
136.27624701314218
105.28573028673836
95.20463709677419
18.29467965949821
0.0
0.7467278972520908
0.0
0.0
1.8667764336917563
0.7467278972520908
8.960569743130227
10.080734767025088
95.57803166069296
105.28573028673836
84.38052568697731
10.080734767025088
0.0
0.0
0.0
5.226911589008363
0.0
0.0
0.0
67.206541218638
125.0745594384707
110.51508363201911
70.93738799283155
0.0
11.200899790919951
0.0
0.0
1.1200899790919951
0.0
6.7206541218638005
0.0
56.37828554360812
140.00709378733572
200.86790621266428
126.56851105137396
13.440852747909199
6.7206541218638005
0.0
0.0
0.0
0.0
1.493414351851852
0.0
0.0
118.72849462365589
154.57075119474314
120.96957138590203
0.0
0.0
0.0
0.0
0.0
0.0
0.0
8.960569743130227
70.19026284348865
172.49189814814815
141.12802419354838
84.00675776583033
22.774962664277183
0.0
0.0
0.0
0.0
0.7467278972520908
1.493414351851852
0.3733557347670251
27.25524566905615
100.80734767025089
139.26030465949822
69.06970579450419
27.25524566905615
