0.0
3.733557347670251
4.853823178016726
0.7467278972520908
0.0
0.0
2.240142249103943
0.0
73.92562724014337
142.6219384707288
93.71449372759857
20.534595280764634
0.0
0.0
0.0
0.0
0.0
0.0
0.0
40.32254330943847
142.6219384707288
141.50141875746715
84.00675776583033
0.0
0.0
0.0
0.0
0.3733557347670251
6.3471139486260455
0.0
0.0
51.148558841099174
170.25082138590204
162.78416218637992
90.7262171445639
0.0
0.0
0.0
0.0
0.0
0.0
0.0
0.0
38.455607825567505
102.30167264038232
160.91685334528077
134.408527479092
13.814392921146954
14.93414351851852
0.0
0.3733557347670251
0.0
0.0
0.0
0.0
25.014878285543606
89.97909199522103
120.2227822580645
90.35285991636798
12.320687724014338
0.0
0.0
0.0
0.0
0.7467278972520908
0.0
0.0
21.654760304659497
138.89071833930706
132.54084528076464
99.68679062126643
8.2139075567503
0.0
0.0
0.0
0.0
0.0
0.0
0.0
64.21792861409797
121.71255227001194
145.98394563918757
97.07194593787335
1.493414351851852
0.0
0.0
0.0
0.0
6.7206541218638005
0.0
0.0
25.014878285543606
116.11402329749106
151.5825119474313
92.5939366786141
0.0
0.0
0.0
0.0
6.3471139486260455
0.0
0.0
0.7467278972520908
38.08262395459976
125.0745594384707
114.61969832735961
121.33919504181601
11.574025537634409
0.0
0.0
0.0
0.0
1.493414351851852
0.0
0.0
66.45937873357228
169.13026433691758
148.96766726403823
132.1674507168459
0.0
6.7206541218638005
0.0
0.0
0.0
0.0
0.0
0.0
43.682310334528076
118.35510005973715
142.24854390681006
76.90972222222223
20.908131720430106
0.3733557347670251
0.0
0.0
0.0
6.7206541218638005
0.0
0.0
23.52158751493429
125.44795400238948
92.5939366786141
73.92562724014337
27.25524566905615
0.0
0.0
0.0
0.0
2.6135043309438473
1.1200899790919951
0.0
67.206541218638
135.90247909199522
136.64964157706092
103.79144265232975
10.453856780167264
0.0
0.0
0.0
0.0
0.0
0.0
0.0
43.30854241338112
134.78192204301072
148.22087813620075
85.12731481481482
12.320687724014338
0.0
0.0
0.0
0.0
9.707194593787337
4.106933243727599
0.0
62.35058243727599
147.85129181600954
148.96766726403823
145.98394563918757
17.921139486260454
0.0
0.0
0.0
0.0
0.0
0.0
0.0
53.390008960573475
113.12574671445641
93.71449372759857
61.6034572879331
0.0
0.0
0.0
0.0
0.0
0.0
0.0
0.0
47.043944145758665
186.30424880525686
126.94190561529271
70.93738799283155
33.975433094384705
0.0
0.0
0.0
0.0
0.0
0.0
0.0
38.455607825567505
167.63597670250897
178.83800029868578
159.7959229390681
25.014878285543606
0.0
0.0
0.0
0.0
0.7467278972520908
0.0
1.8667764336917563
66.45937873357228
104.91196236559139
175.10259856630825
141.87481332138591
22.774962664277183
13.440852747909199
0.0
0.0
0.0
0.0
0.0
0.0
82.51280615292713
125.44795400238948
96.32515681003584
138.1439292114695
16.427848715651137
