0.0
0.3733557347670251
0.0
0.0
0.0
0.0
0.0
37.70911738351254
224.76138739545996
126.56851105137396
159.7959229390681
6.7206541218638005
1.493414351851852
0.0
0.0
0.0
0.0
0.0
0.0
38.455607825567505
145.98394563918757
206.466472520908
142.6219384707288
11.947565710872162
5.973573775388291
0.3733557347670251
0.0
0.0
0.0
0.7467278972520908
0.7467278972520908
17.921139486260454
134.78192204301072
224.76138739545996
138.89071833930706
11.200899790919951
1.8667764336917563
0.0
0.7467278972520908
0.0
0.0
0.0
0.0
38.08262395459976
134.78192204301072
179.21139486260455
49.65464456391876
9.707194593787337
0.0
1.1200899790919951
0.0
0.0
0.0
1.493414351851852
0.0
26.881705495818398
147.10450268817203
97.81910842293907
142.24854390681006
51.148558841099174
6.7206541218638005
0.0
0.0
0.0
0.0
0.0
0.0
53.76340352449223
114.24630376344086
126.56851105137396
53.01627837514934
0.0
0.3733557347670251
0.0
0.3733557347670251
0.0
0.0
0.0
0.0
70.56399342891278
116.48738052568697
111.262208781362
147.85129181600954
11.947565710872162
0.0
0.0
0.0
0.0
0.0
0.0
0.0
53.76340352449223
151.95627986857826
82.51280615292713
25.014878285543606
0.0
0.0
1.1200899790919951
1.1200899790919951
0.0
0.0
0.0
0.0
19.041304510155317
59.73573775388293
93.71449372759857
30.615330047789726
0.0
0.0
0.0
0.0
0.0
0.0
0.0
0.0
26.881705495818398
126.56851105137396
142.24854390681006
123.20687724014337
6.7206541218638005
0.0
0.0
0.0
0.0
0.7467278972520908
0.3733557347670251
0.0
40.32254330943847
119.84901433691756
146.35734020310636
92.96733124253285
1.493414351851852
0.0
0.0
0.0
0.0
0.0
0.0
0.0
59.73573775388293
95.20463709677419
87.36458333333333
66.45937873357228
0.0
0.7467278972520908
0.0
0.7467278972520908
0.0
0.3733557347670251
0.0
1.1200899790919951
69.06970579450419
114.24630376344086
105.28573028673836
50.028001792114694
7.467278972520908
0.0
0.0
0.0
0.0
0.0
0.7467278972520908
0.0
15.681186529271207
90.35285991636798
100.06018518518518
29.49514635603345
14.93414351851852
6.3471139486260455
0.0
0.0
0.0
0.0
0.0
2.6135043309438473
21.654760304659497
96.32515681003584
112.75201612903226
66.45937873357228
0.0
0.0
0.0
0.0
0.0
0.0
0.0
0.0
20.161469534050177
102.67502986857825
84.38052568697731
73.92562724014337
0.0
0.7467278972520908
0.0
0.0
0.0
0.7467278972520908
0.0
0.0
34.72207287933094
145.98394563918757
98.93966547192353
123.95366636798086
7.093738799283154
0.0
0.0
0.0
0.0
0.0
0.0
0.0
19.41442652329749
100.80734767025089
95.20463709677419
77.28349014336916
0.0
0.0
0.0
0.0
0.0
0.0
1.1200899790919951
0.0
84.38052568697731
118.72849462365589
128.80958781362008
114.99309289127838
0.0
0.0
0.0
0.0
0.0
0.0
0.0
0.0
6.3471139486260455
91.47337962962963
107.15344982078852
39.57579151732378
15.681186529271207
