0.0
0.0
0.0
0.0
0.0
0.0
0.0
66.45937873357228
125.44795400238948
92.96733124253285
18.667764336917564
0.0
0.0
4.853823178016726
0.7467278972520908
0.0
0.0
0.0
5.226911589008363
38.82937574671445
125.44795400238948
114.99309289127838
77.65688470728793
8.2139075567503
0.0
0.0
0.0
0.0
0.3733557347670251
0.3733557347670251
0.0
53.01627837514934
119.84901433691756
120.96957138590203
167.63597670250897
11.947565710872162
0.0
0.0
0.0
0.0
2.240142249103943
0.0
0.0
45.54999253285544
131.0468936678614
98.93966547192353
103.79144265232975
12.320687724014338
0.0
0.0
0.0
0.0
0.0
0.0
0.0
54.8839605734767
154.57075119474314
178.83800029868578
91.47337962962963
13.067312574671446
1.8667764336917563
0.7467278972520908
6.3471139486260455
0.0
0.7467278972520908
0.0
0.0
26.881705495818398
120.96957138590203
151.95627986857826
186.30424880525686
36.21580047789726
0.3733557347670251
0.0
0.0
0.0
0.0
1.1200899790919951
0.0
47.417712066905615
135.90247909199522
173.98622311827958
97.07194593787335
13.814392921146954
0.0
0.0
0.0
0.0
0.0
0.0
0.0
45.54999253285544
125.44795400238948
167.63597670250897
127.68906810035843
17.174473566308244
0.0
0.0
0.0
0.0
0.0
0.0
0.0
62.35058243727599
171.3713410991637
178.83800029868578
125.0745594384707
16.05430854241338
0.0
0.0
0.0
0.0
0.7467278972520908
0.0
0.0
43.30854241338112
153.82362604540023
141.87481332138591
107.52684438470726
17.921139486260454
1.493414351851852
0.0
0.3733557347670251
0.0
0.0
0.7467278972520908
0.0
68.69631123058544
190.0396505376344
166.14202508960574
154.57075119474314
12.320687724014338
0.0
0.0
0.0
0.0
0.0
0.0
0.7467278972520908
47.79110663082438
94.08788829151733
67.206541218638
46.29678166069295
23.52158751493429
0.0
0.0
0.3733557347670251
0.0
0.0
0.0
0.0
12.694190561529268
105.28573028673836
120.96957138590203
0.0
0.0
11.574025537634409
0.0
0.0
0.0
0.0
0.0
0.0
51.148558841099174
95.57803166069296
102.30167264038232
72.80510752688173
14.561017771804062
0.0
0.0
0.7467278972520908
0.0
0.0
0.0
0.0
87.36458333333333
116.11402329749106
46.29678166069295
68.69631123058544
12.320687724014338
0.0
0.0
0.0
0.0
2.240142249103943
0.0
0.0
50.775164277180416
96.32515681003584
102.30167264038232
125.0745594384707
8.587029569892474
10.453856780167264
0.0
0.3733557347670251
0.0
2.6135043309438473
0.0
0.0
43.682310334528076
134.03513291517325
143.36910095579452
146.35734020310636
25.761540471923535
3.3602337216248506
0.0
0.7467278972520908
0.0
0.0
0.0
0.0
48.911626344086024
110.88847819593788
152.70306899641574
109.7679211469534
10.453856780167264
1.493414351851852
0.0
0.3733557347670251
0.0
0.0
0.0
0.0
61.6034572879331
126.1951164874552
102.67502986857825
126.1951164874552
35.842293906810035
0.7467278972520908
0.0
0.0
0.0
0.0
0.0
0.0
51.148558841099174
82.88620071684589
138.89071833930706
86.99085274790922
0.0
