468.6608762694146
265.59769638590205
88.081390755675
86.44146023745519
64.8595513739546
156.76741039426517
540.6642723267622
2534.0569817801675
6201.282586618877
3448.6501306750306
1657.5707474611704
449.94442839008366
360.5440057497013
269.2024947729989
190.63105361409794
186.58403629032256
206.34247767323782
388.44108758960584
921.7010719086026
4791.7201015531655
8273.779435483873
6405.596143219834
3616.5402815113503
1334.720852001195
458.36290023894855
239.37780017921142
141.5624214083034
136.7799132317802
101.91679465352449
305.7534826762247
830.4675063470729
3479.5776807048996
7531.731892174435
6019.196665919953
3468.1003920250896
1291.0784236857828
571.9477564964155
206.9867398446834
312.9005899044206
192.2588459528076
129.91697211021506
311.6804129330944
849.7099537037037
2858.1488127240145
7014.349223416967
4855.003065262844
3026.6603755973715
1217.8462701612902
440.4688440860216
294.6157071385902
149.1096294056153
206.7545078778375
403.6800925925924
198.6570519713261
545.6311902628433
3245.0657519414567
7070.776135005975
4911.742988351255
2771.3376605436083
1278.8846886200715
384.3179028524491
326.08513552867385
207.79965539127846
148.54640793010753
257.36036551672646
298.98357601553164
1213.351168608124
3807.85109767025
7220.500627240143
5746.718720131421
3303.4968413978518
1000.8515158303467
513.9074268219833
376.5458882168459
109.98318048088412
174.93537716547195
144.26713392323774
299.819864097969
1213.3053651433693
3655.329928315412
7959.3617495519675
6672.922920400242
3170.6610625746716
1364.4777255077659
492.254700567503
154.15712167712067
132.04028113799285
121.3322239770012
81.6654049432497
161.8584998506571
471.9974365292713
2547.2016278375154
6473.9332623954615
4929.666226105139
2077.5133960573476
718.2707216995219
310.6566633064517
172.4799667712067
105.08172229689367
75.21901751045401
115.50057721027484
159.12917002688167
440.86432534348876
2195.4879741636796
5806.934307795701
3406.553983721626
1322.6351889187574
470.5569787933093
268.31603942652333
300.7037813620072
210.8382586618877
197.21570415173238
199.00890270310637
155.95901172341695
562.5494858870969
2568.1711581541217
6032.2770646654735
4564.283042114694
2527.21922416368
680.7486607676227
350.9077635902032
304.85240964755076
140.46435394265228
151.38622464904418
156.4327758736559
172.22459714755078
570.7281925776583
3177.691752538829
6294.252452956988
4956.767144563919
2462.9451762246113
624.087035170251
316.0822255824373
212.27353046594982
239.15656175328553
115.92207209528078
99.65261346326164
163.825085125448
613.3608531212665
2201.4936939964164
5767.068525985663
4422.456093189963
2426.3001082735964
692.3329749103941
278.6049548237755
277.8489321983274
228.05716920549585
104.56112436529268
193.4953820937873
773.7984834229391
721.6730973715646
2493.1465427120675
6217.0855361409795
4181.0427419354855
2352.6100657108727
907.8753864247308
535.2870277031063
301.46324298088405
136.01789911887695
104.56012806152927
95.65878871714455
161.0571143219832
739.6499947729988
2288.9956727897247
5099.456686827957
3968.2168048088397
1300.8785394265233
539.5167712066907
527.7117316308246
540.9457078853046
235.97736745818398
201.30463485663083
192.13111745818395
457.22904159199504
907.8883258661888
3942.037488799283
8608.972793458775
6291.390214307048
3647.3639635603345
1410.315001493429
442.9685106780169
338.1886133512545
149.5647405167264
167.4765001493429
150.54430439814817
175.50291928016728
608.9704984318995
4034.5173200418153
7795.894660991636
5927.762582138589
3352.6560371863798
1127.5396020011954
385.839551597969
254.1134386200717
332.48188545400234
241.31124439964157
142.98946609916374
178.3719593787336
709.360834826762
3774.697364097969
7068.312630675028
5490.851362753885
2578.759834229391
675.405903524492
354.36814366786143
395.6575989396653
115.84445284498207
227.14700858721628
96.58859259259259
220.6364538530466
1024.1063545400236
3235.730469683393
6950.859979838709
4960.630047789725
3377.364814814815
804.4157620221027
568.7722718787336
273.83881720430105
190.19736969832735
143.2821906735364
116.86877546296303
195.50189628136198
745.2184001642772
2963.982650089605
5874.74039725209
4209.933497610516
2335.8464008363203
772.1010450268816
431.01536215651134
129.20000403225808
149.6533631272401
113.43705630227
93.72840176971327
212.4199555704899
771.3296046146954
3137.267827807647
6656.05289725209
4423.945079151731
2142.288649940263
714.5748704450416
