0.0
0.0
0.0
0.0
0.0
0.0
0.0
33.22883064516129
128.80958781362008
184.06317204301075
138.1439292114695
0.0
0.0
0.0
0.0
1.1200899790919951
0.7467278972520908
0.0
4.853823178016726
91.84677419354838
153.82362604540023
243.42928614097968
160.91685334528077
27.62833408004779
0.3733557347670251
0.0
0.0
0.0
0.0
0.0
0.0
31.735513739545997
222.89366786140985
97.44571385902032
57.87219982078853
20.161469534050177
9.707194593787337
0.0
0.0
0.0
0.0
4.853823178016726
0.0
53.76340352449223
134.78192204301072
138.1439292114695
132.1674507168459
0.7467278972520908
0.7467278972520908
0.0
0.0
0.0
0.0
0.0
1.493414351851852
64.21792861409797
141.50141875746715
126.1951164874552
94.83086917562724
29.86869026284349
0.0
0.0
0.0
0.0
0.0
0.0
7.467278972520908
45.54999253285544
167.63597670250897
148.22087813620075
152.70306899641574
19.41442652329749
0.0
0.0
1.1200899790919951
0.0
0.3733557347670251
0.0
0.0
44.42947281959379
205.34595280764637
157.554846176822
139.63369922341695
20.534595280764634
0.0
0.0
0.0
0.0
1.8667764336917563
0.0
0.0
11.947565710872162
138.89071833930706
121.71255227001194
87.36458333333333
8.960569743130227
0.0
0.0
0.0
0.0
0.0
0.0
0.0
16.427848715651137
94.83086917562724
131.7936827956989
64.21792861409797
11.947565710872162
0.0
0.0
0.0
0.0
0.0
0.0
0.0
30.615330047789726
145.98394563918757
141.87481332138591
93.71449372759857
1.8667764336917563
0.3733557347670251
0.0
0.0
0.0
0.0
0.7467278972520908
0.0
37.70911738351254
121.71255227001194
142.99570639187573
178.83800029868578
11.574025537634409
0.7467278972520908
0.0
0.0
0.3733557347670251
0.0
0.0
0.0
35.842293906810035
140.75425627240142
114.24630376344086
12.694190561529268
0.0
0.0
0.0
0.0
0.0
0.0
0.0
0.0
92.96733124253285
206.466472520908
146.35734020310636
61.97681451612903
16.05430854241338
0.0
0.3733557347670251
0.0
0.7467278972520908
0.0
0.0
0.0
34.34897700119474
132.1674507168459
138.1439292114695
49.65464456391876
6.7206541218638005
1.1200899790919951
0.0
0.0
0.0
0.0
0.0
0.0
76.1667413381123
152.70306899641574
156.06507616487454
96.32515681003584
14.93414351851852
0.0
0.0
0.0
0.0
0.0
0.0
0.0
38.82937574671445
171.3713410991637
184.06317204301075
141.12802419354838
15.307683691756269
0.0
0.7467278972520908
0.0
0.3733557347670251
0.0
0.0
2.240142249103943
47.417712066905615
141.87481332138591
205.71931003584228
112.75201612903226
11.947565710872162
1.493414351851852
0.0
0.0
0.0
0.0
0.0
0.0
66.45937873357228
97.07194593787335
142.24854390681006
52.64288381123058
15.681186529271207
1.8667764336917563
0.0
0.0
0.0
0.0
1.8667764336917563
0.0
25.014878285543606
142.24854390681006
105.28573028673836
87.36458333333333
8.960569743130227
0.0
0.0
0.0
0.0
0.0
0.0
0.0
43.30854241338112
102.30167264038232
135.15568996415772
103.04842443249701
0.0
