4.851403823205228
3.458669354865921
2.3887022103020024
2.5906137993103657
6.309513142174432
1.5274940262843488
8.450940860215054
44.67965949820788
71.65098566308244
28.04958183990442
27.551896654719236
7.0142622461170845
4.851403823205228
3.458669354865921
2.6529868578255673
2.5906137993103657
1.7258064516401148
7.520176224611707
59.05017921146953
158.61335125448028
189.2659796893668
129.01396356033453
54.24992532855436
12.586618876941458
5.298797789725209
3.487327135603345
2.4866151433691757
3.011312724014337
1.7258064516401148
16.071923536439666
50.75044802867384
145.15755675029868
186.08124253285544
93.07833034647551
29.873058542413382
11.107004181600956
5.298797789725209
3.856705495818399
2.3887022103020024
2.5906137993103657
4.607116188769415
5.094847670250896
47.88306451612903
137.78375149342892
145.58318399044205
72.21886200716845
42.445116487455195
10.218413978494624
4.949316756272402
3.458669354865921
2.3887022103020024
2.5906137993103657
5.310857228195937
12.386514336917562
62.76881720430107
148.86126045400238
214.94175627240142
104.68227299880526
50.43869474313023
8.691569593787335
5.042450716845878
3.5382765830346474
2.3887022103020024
2.5906137993103657
1.7258064516401148
7.259199522102748
43.82467144563919
140.7706093189964
179.86857825567503
84.84580346475508
40.217293906810035
11.042040023894863
6.375858721624851
3.493694743130227
6.132355137395461
3.1550179211469533
1.7258064516401148
9.945131421744325
49.75731780167265
179.00985663082437
185.07691158900838
129.78307945041817
46.91494922341697
12.497386499402628
6.187985364396654
3.458669354865921
2.5725806451612905
2.694100955794504
1.7258064516401148
6.367622461170848
54.4578853046595
145.58318399044205
215.3935185185185
86.99260752688173
30.193399044205496
9.56160394265233
5.360887096774194
3.6560894563918755
2.609210722819594
2.5906137993103657
1.7258064516401148
0.3334229390953121
23.74925328554361
46.99820788530466
95.44877538829152
51.54233870967743
15.133288530493163
10.65710872162485
4.851403823205228
3.458669354865921
5.485327060931899
2.5906137993103657
1.988504330943847
8.00442054958184
26.269787933094385
54.778972520908006
163.90008960573476
85.65598864994027
23.73058542413381
7.0142622461170845
5.395908004778972
5.512470131421744
2.6076239545997613
2.6869362305854243
1.7258064516401148
8.13957586618877
52.990591397849464
156.45534647550775
176.32541816009558
87.76172341696535
35.27180406212665
7.682160991636796
7.952098267622461
4.194220430107527
3.7487679211469533
2.5906137993103657
1.7258064516401148
8.811992234169654
99.18608124253286
201.25448028673836
217.79047192353644
103.32325268817205
28.232526881720432
6.472946535244921
4.851403823205228
3.458669354865921
2.3887022103020024
2.5906137993103657
1.7258064516401148
6.879495221027479
36.52367084826762
132.9786439665472
120.15382317801672
64.40822879330943
27.59931302270012
9.550440561529271
4.851403823205228
3.458669354865921
2.3887022103020024
2.5906137993103657
1.7258064516401148
11.993742532855435
58.691756272401435
141.67040023894862
177.24761051373955
76.33699223416964
24.744997013142175
6.422397700119473
4.9596662186379925
4.198999402628435
2.3887022103020024
2.5906137993103657
1.7258064516401148
11.303031660692952
53.263142174432495
121.44937275985663
161.67861409796893
87.33236260454002
27.505600358422935
15.982676224611708
5.1539015830346475
4.337104241338112
2.3887022103020024
2.5906137993103657
3.0791143966547194
13.114187574671446
73.21161887694146
164.57959976105138
317.07362604540026
154.76441158900838
39.002389486260455
9.82433542413381
6.045474910394265
4.8119772998805255
5.242495519713262
3.4328330346475506
1.7258064516401148
8.453195937873357
15.855734767025089
118.80973715651135
142.648596176822
105.07803166069297
33.411364994026286
10.329674432497011
5.002654569892473
3.5940001493428912
3.238873954599761
2.621659572879331
1.7258064516401148
7.072147550776583
48.17801672640382
141.67040023894862
129.15919952210274
93.07833034647551
27.634781959378735
10.803464755077659
4.851403823205228
3.7818585722819593
2.3887022103020024
2.5906137993103657
1.7258064516401148
0.3334229390953121
39.03076463560335
119.8439366786141
121.6995221027479
59.07295400238949
32.130002986857825
6.345579450445371
4.851403823205228
3.458669354865921
2.3887022103020024
2.5906137993103657
5.376530764635604
0.3334229390953121
26.667786738351253
100.73924731182795
121.67712066905615
75.35132915173237
33.55361409796894
7.026209677419355
