8.587029569892474
0.0
0.0
0.0
0.0
0.0
0.0
47.043944145758665
145.98394563918757
116.48738052568697
46.29678166069295
26.881705495818398
1.8667764336917563
0.0
0.0
0.0
0.0
0.0
0.0
47.417712066905615
139.26030465949822
206.466472520908
100.06018518518518
2.6135043309438473
0.3733557347670251
0.0
0.0
0.0
0.0
0.0
0.0
52.64288381123058
114.24630376344086
162.78416218637992
136.27624701314218
7.467278972520908
0.7467278972520908
0.0
0.0
0.0
0.0
1.493414351851852
0.0
44.802830047789726
47.043944145758665
117.98133213859022
94.83086917562724
7.093738799283154
6.3471139486260455
0.0
0.0
0.0
0.7467278972520908
0.0
0.0
65.71221624850656
132.54084528076464
154.57075119474314
178.83800029868578
20.534595280764634
0.0
1.493414351851852
0.0
0.0
0.0
0.0
7.467278972520908
12.694190561529268
100.06018518518518
116.11402329749106
126.56851105137396
20.908131720430106
0.0
4.106933243727599
0.0
0.0
0.0
6.3471139486260455
0.0
25.761540471923535
122.45971475507764
129.55675029868578
103.79144265232975
10.080734767025088
0.0
0.0
0.0
0.0
0.0
0.0
0.0
85.12731481481482
114.61969832735961
103.79144265232975
91.47337962962963
1.1200899790919951
0.0
0.0
0.3733557347670251
4.480283004778973
0.0
0.0
0.0
48.53823178016727
166.14202508960574
206.466472520908
97.81910842293907
15.681186529271207
0.0
0.0
0.0
0.0
0.0
0.0
0.0
37.33557347670251
175.10259856630825
139.63369922341695
97.81910842293907
22.774962664277183
6.7206541218638005
0.0
0.0
0.0
0.0
0.0
2.6135043309438473
54.8839605734767
153.4502314814815
111.262208781362
101.92790471923539
30.615330047789726
0.0
0.0
0.0
0.7467278972520908
0.0
0.0
0.0
44.802830047789726
125.44795400238948
134.78192204301072
142.24854390681006
14.561017771804062
0.0
0.0
0.0
0.0
0.0
0.0
0.0
22.401422491039426
87.36458333333333
163.53132467144565
101.18111559139787
0.0
0.0
0.0
0.0
0.0
0.0
0.0
0.0
61.97681451612903
99.68679062126643
134.03513291517325
60.109132317801674
2.9868690262843485
0.0
0.0
0.0
0.0
0.3733557347670251
0.0
8.960569743130227
38.455607825567505
126.56851105137396
130.67312574671445
122.0863201911589
1.1200899790919951
1.1200899790919951
0.0
0.0
0.3733557347670251
0.0
0.0
0.0
53.76340352449223
148.22087813620075
135.15568996415772
12.694190561529268
8.587029569892474
1.493414351851852
0.0
0.0
0.0
0.0
0.3733557347670251
0.0
70.93738799283155
133.6613649940263
147.85129181600954
102.30167264038232
0.7467278972520908
0.0
0.0
0.0
0.0
0.0
0.0
0.0
27.25524566905615
110.51508363201911
132.91423984468338
107.52684438470726
2.6135043309438473
0.0
0.0
0.0
0.0
0.0
0.0
4.853823178016726
31.735513739545997
86.99085274790922
119.84901433691756
94.08788829151733
21.654760304659497
0.0
0.3733557347670251
0.0
0.0
0.0
0.0
0.7467278972520908
72.05794504181601
120.2227822580645
102.30167264038232
0.0
8.2139075567503
