272.5900041069296
258.7520803464756
121.13372685185188
77.68906070788533
324.5750395758661
270.25303726105136
1126.7630152329752
2270.934524342891
6612.890031362007
4503.103054062127
1551.5139560931905
581.0133378136203
277.5286738351254
238.83333968040617
186.89768518518517
104.684445713859
116.91328416218639
442.3144478046596
813.1907291666669
2062.4498991935484
7472.348876194745
4778.371957138589
1647.8116562126636
1155.2250933393073
826.4215330047787
264.20773932198324
200.39308990442055
122.77027867383514
88.32598678315415
119.59740442054958
853.8637171445639
3823.2505787037053
6804.981134259261
4603.121766726404
2006.7542152031053
746.2525007467144
341.0756171594982
333.6489202508959
166.48637955495818
241.3598860513739
110.69696423237757
157.72989097968934
677.0070015681006
2531.981440412186
6469.798536439665
5802.5047603046605
1858.8699783452807
672.7096542712065
355.6102583632018
177.48891091696538
162.28536514336923
121.64645004480283
158.8910946460573
198.08952882317803
679.1434879032255
3516.5021020011955
6730.755794504182
4651.519149492232
1868.6099910394257
775.4606675627236
644.6480238201913
208.6670557048985
132.87119586320188
89.85123510304659
82.46478558094384
99.93259793160094
307.1941894414577
2408.887668010752
6032.916121565112
5424.68059662485
2251.355988649941
819.8323428166073
394.48602038530476
270.9304431750299
126.98261346326164
179.0184696087216
104.4439434811828
252.98008101851858
274.3799768518519
2190.9841659199515
4483.804323476703
4456.512712813622
691.66158266129
881.1102075866189
423.21235103046604
223.42280913978496
222.60124850657104
97.65157885304662
226.75422715053764
130.42277628434886
1199.5508437873357
3450.920459976105
5858.597931600956
4844.337981630826
1848.003192204301
616.0017484318994
305.1394821535245
163.54237753882916
84.80833971774194
89.36080081391874
137.17949294354838
96.64652311081245
843.1015845280763
1384.118426299283
4200.28972894265
2297.4261088709686
918.7663717144562
307.4443201164874
300.7817547789723
195.5605678763441
229.10071684587817
137.48249585573478
127.61523555107529
178.43938396057345
499.7553909050181
1853.791980286739
4271.826112604538
2227.1958968040612
1678.4862641875754
533.3064770011948
335.71037821087214
200.92928315412178
97.37326362753883
187.12451751045398
130.0491976553166
210.9672722520908
1272.4904607228193
3471.687578405018
7973.3881869772995
4970.8016838410995
2754.0116898148162
761.8156597222222
481.8593537186379
351.151151807049
213.18959154719235
144.1772997685185
136.75233706690557
148.39287055704895
732.6491868279566
3009.3661738351257
6369.111152180407
4671.361544205496
3259.218626792114
1070.896740591398
482.6219324970131
350.79925328554356
143.67678464755076
151.27812694145757
93.84865061230585
99.06378009259258
440.8389781212667
2676.8203181003582
5116.126295549581
5090.999417562724
1469.2186902628437
663.6005607825567
208.31470056750294
219.02650126941467
163.68795288231783
122.31301485961767
110.9942306600956
218.34853307945042
539.6343764934288
2214.31403823178
5609.656910842293
3418.60980062724
1763.0577210274791
671.0597524641574
239.2194563918757
96.25560935633213
236.94612343189968
112.82019694593792
80.90949593040621
165.07383520011945
486.0672998805255
2415.4423536439667
5349.7115031362
4114.953606630825
2578.2404271206688
873.6370347968935
503.5586910095581
240.35039613201909
268.39837701612896
105.8315973342294
97.25985741487455
189.22893107825556
746.9191692801676
2455.4781698028673
5317.056992980883
3373.738086170847
1725.046751792115
711.2621591248509
394.6928487156511
355.99402143070495
174.5642152031064
182.83367290173234
120.02803505824372
345.9117629928314
698.4110846027477
3115.1328965053763
6953.053072729989
5246.277400686978
3746.724581839905
940.7023723118282
463.0306141726403
237.61653673835121
145.86782258064517
96.98843824671447
85.02921214157708
267.5863474462366
365.3784221923537
1320.4835020908001
4004.3479950716846
3799.003920250897
1474.7713896356038
505.76473043608144
320.2847334229389
244.89068100358418
144.69752874850658
114.19376306750301
76.03822916666665
372.3291677867384
745.4686518070489
2991.863911290322
6525.689277180408
5418.835132915175
1905.7474462365592
1267.3571833930705
484.28333071983263
260.3309647550777
155.48718316905612
102.85921901135005
74.67744526583036
135.81524118876942
735.5096314964154
2900.908714157705
6062.557930107527
5371.155073924733
2963.5513328853035
632.8112343189961
