15.896244026284347
4.146132019120379
2.863575268821692
3.1056227598611184
2.068884408606638
0.3997162485110588
4.487753882915173e-12
4.487753882915173e-12
320.3393817204301
336.7376045400239
161.51022998805257
25.901321684587813
5.815785543612612
4.146132019120379
2.863575268821692
7.212563470728792
2.068884408606638
0.3997162485110588
4.487753882915173e-12
198.62641875746715
738.1085722819594
568.5887096774194
127.16061827956989
75.18630525686977
22.243466248506568
5.266199970131421
2.863575268821692
3.1056227598611184
2.068884408606638
0.3997162485110588
10.45403972520908
282.25843787335725
583.9120370370371
435.3031660692952
167.10909498207886
47.18245967741935
5.815785543612612
4.146132019120379
2.863575268821692
3.1056227598611184
2.068884408606638
0.3997162485110588
13.067540322580642
140.75754181600956
354.68862007168457
479.36342592592604
153.29562425328555
13.207325268817204
21.870370370370374
4.146132019120379
2.863575268821692
9.825940860215054
2.068884408606638
0.3997162485110588
4.487753882915173e-12
159.798013739546
379.70392771804063
360.257243130227
132.38761947431303
17.31414277180406
12.163007765830345
4.146132019120379
2.863575268821692
6.465826612903226
2.068884408606638
0.3997162485110588
4.487753882915173e-12
159.798013739546
574.9738649940263
526.013664874552
175.69967144563918
56.14135304659498
16.64333183990442
8.253072729988052
2.863575268821692
3.1056227598611184
2.068884408606638
0.3997162485110588
4.487753882915173e-12
159.04980585424133
337.1397102747909
284.83982974910396
130.89605734767025
81.90449522102747
5.815785543612612
4.146132019120379
2.863575268821692
3.1056227598611184
2.068884408606638
0.3997162485110588
4.487753882915173e-12
125.82026583034646
322.57840501792117
277.7494026284349
18.14142771804511
18.807459677419352
5.815785543612612
4.146132019120379
2.863575268821692
9.825940860215054
2.068884408606638
0.3997162485110588
4.487753882915173e-12
4.487753882915173e-12
347.22222222222223
199.71587514934288
18.14142771804511
16.56750298685782
7.309221923536438
4.146132019120379
2.863575268821692
3.1056227598611184
2.068884408606638
0.3997162485110588
4.487753882915173e-12
143.36880227001194
373.7287186379928
204.1950418160095
18.14142771804511
21.04786439665472
5.815785543612612
4.146132019120379
2.863575268821692
3.1056227598611184
2.068884408606638
0.3997162485110588
6.347222222222222
140.38119772998806
458.12537335722817
322.1766726403823
191.3806750298686
56.14135304659498
5.815785543612612
4.146132019120379
2.863575268821692
3.1056227598611184
3.562320788530465
0.3997162485110588
4.487753882915173e-12
98.565188172043
448.03726105137395
442.3965800477897
216.3959826762246
39.34195788530466
11.042801672640383
4.146132019120379
2.863575268821692
7.212563470728792
2.068884408606638
0.3997162485110588
4.487753882915173e-12
150.0918458781362
342.7430555555555
355.77844982078847
161.8817204301075
50.54293608124253
10.296158154121864
4.146132019120379
2.863575268821692
3.1056227598611184
2.068884408606638
0.3997162485110588
15.68100358422939
157.18227299880525
320.7153524492234
204.1950418160095
177.9394414575866
38.59528076463561
12.909647550776583
4.146132019120379
2.863575268821692
3.1056227598611184
2.068884408606638
0.3997162485110588
4.487753882915173e-12
76.53748506571087
276.28360215053766
227.34244324970132
101.02561230585424
45.68914277180406
5.815785543612612
4.146132019120379
3.236932497013142
3.1056227598611184
2.068884408606638
0.3997162485110588
4.487753882915173e-12
82.88418458781362
329.3014486260454
281.4799880525687
106.25261350059738
26.647961469534046
13.282780764635604
4.146132019120379
2.863575268821692
3.1056227598611184
2.068884408606638
0.3997162485110588
4.487753882915173e-12
132.54293608124254
320.3393817204301
266.91905615292706
492.288679808841
16.940598864994026
12.163007765830345
4.146132019120379
5.103711170848268
3.1056227598611184
2.068884408606638
0.3997162485110588
4.487753882915173e-12
4.487753882915173e-12
269.56503882915166
209.798013739546
18.14142771804511
27.021505376344088
8.429289874551971
4.146132019120379
6.2237791218637994
6.465826612903226
2.068884408606638
0.3997162485110588
14.187724014336917
165.3968787335723
420.40023894862605
213.90120967741936
18.14142771804511
15.447281959378731
5.815785543612612
4.146132019120379
2.863575268821692
3.1056227598611184
2.068884408606638
0.3997162485110588
27.628360215053764
193.02755376344086
353.19705794504176
253.85379330943846
98.03800776583036
34.48846326164874
