0
0
0
0
0
17.6064600013261
420.6487289119338
1169.515384342028
1580.4917977314394
650.7155061274136
97.38027257393098
0
0
0
6.061123241700756
0
0
0
0
1352.628145732572
2108.046414152018
686.1844010767242
94.96919522971068
0
0
0
0
0
0
0
127.03837393990426
1163.3526620522414
1529.2666913000523
713.3448423838024
40.21059750348051
0
0
0
0
0
0
28.27059715520673
477.367583025632
1624.1858368583994
2185.1579689731266
960.6524799722189
122.40724523610686
0
0
0
0
3.3368664403709722
6.917748164108286
18.85840381157253
429.6510980672675
1415.4060753996296
1910.9094183764832
1057.7229743147936
299.56149229136656
0
0
0
0
0
0
60.84559951623885
571.3679775554947
1389.406468412999
1784.0280025026748
1002.4605057843631
167.62386162345447
0
0
0
0
0
0
44.986257772991344
478.6322397350393
944.6534986175789
1232.0819048466349
202.88024308045655
63.47131570777539
20.207575294725352
0
0
0
0
0
51.6408507599924
426.11524145925034
1212.638205388019
1926.171257997331
953.363383336331
25.439178401859166
0
0
0
0
0
19.960925677750954
0
514.180907996918
960.2981528888499
1358.5898071118777
577.1773131894374
118.47854216702898
0
0
0
0
0
8.137199896204411
95.90661958051689
491.82256080440715
1738.8618892441177
1870.796833242168
1171.296397087635
175.35620067464674
0
0
0
0
0
0
46.5662439076111
389.28463179349416
1194.3783668736835
1683.5952445187197
1107.6689648143335
264.5065751361683
22.91308394686041
0
0
0
0
0
75.7621028359425
291.3250959347403
1124.6277845695804
2348.2120717507905
780.1650039075141
309.70431715263123
0
0
0
0
0
0
0
587.2298453146061
1364.27354366599
1764.445496280191
473.2929306284361
54.27895158409484
0
0
0
0
0
0
0
500.96016504049186
1011.7760769646383
1400.8530217971925
654.2403603282211
141.38742712115308
0
0
0
0
0
0
93.26101157196409
138.61345585623604
1219.788980523047
1608.3252494971746
567.6071567820974
61.289541703002726
0
0
0
0
0
0
0
353.92035908327716
1406.1144345660048
1266.9914931370586
1118.541259296473
133.40745544626222
0
0
0
0
0
0
0
383.71925610962603
493.83873191921253
1156.6058301682583
484.77422605946333
12.350630690193498
0
0
0
0
0
0
24.742330025250098
440.9688876475891
788.9427915038335
1666.1953989818985
256.29327688889634
87.00805101009054
0
0
0
0
0
0
0
104.22707215083963
546.6903002610308
1067.7305002112375
576.6245217576181
102.33189781284909
0
0
0
0
0
0
0
593.0245108459474
1466.397351487279
1854.9440409203612
993.0562281425915
111.90785327209294
0
