0
0
0
0
0
4.458125174563868
337.91127371480115
1288.1257487386824
1785.4171262858
908.397331097545
334.0832295631783
0
15.17519405080602
0
0
0
0
104.29619448809098
515.5621664531354
911.5644509894419
1280.6617815355298
876.8038007183012
153.24275407080984
0
0
0
0
0
0
0
99.60763170573463
471.19615070218185
1207.5746363418682
637.7381368879838
103.91101566357605
0
0
0
0
0
0
0
648.4607729897896
1591.9580142777545
2142.9002778142253
1156.5414435325538
81.99927779285719
0.9839115457911589
0
0
0
0
0
0
296.4855888080083
923.8820311941341
1413.6442600730184
931.7081893685569
91.55443583975375
0
0
0
0
0
0
107.62673750907037
309.0695904587205
750.3712234906573
1198.5967749041085
527.7114018417108
91.68751903086184
0
0
0
0
0
7.514853763713642
74.44242563440113
502.72834188557704
1347.0687465267786
1588.0063373436483
899.8757254579955
169.6948073445735
2.1188282815832125
0
0
0
0
0
78.41974860945479
676.6875980900747
2272.041580537362
3242.104277710592
1125.3190284976215
275.8878417829822
44.06542378389347
0
0
0
0
0
48.72651798427229
496.3975298607174
1418.7076510967347
1392.846826227768
882.3561513017436
135.21155441314608
0
0
0
0
0
0
61.72479461038548
426.3808792034513
1397.6686395428037
1342.6636193831475
461.3609878881126
125.47903520272321
0
0
0
0
0
0
0
401.96608340639744
1291.3832951890959
1298.9088645904044
899.085108780881
293.1435225674706
0
0
0
0
0
0
0
132.17877723701042
693.0790987870234
773.7022897914118
590.2736508609191
77.47716661499686
0
0
0
0
0
0
0
53.71502303264663
246.06730113313432
875.5629544641815
374.874098489846
0
0
0
0
0
0
0
27.896510279164524
585.876159664148
1079.5486277412213
1238.9716747243133
596.1138668993083
92.51903554409222
0
0
0
0
0
0
25.82485565798558
412.81193255874496
1166.7379052542299
1780.9424836668284
701.47252416561
243.34446255127037
0
0
0
0
0
0
42.1928267854822
562.2854277810071
1399.0785176006523
1851.17794773682
998.1656619249079
106.8376003088668
0
0
0
0
0
0
4.94608968319902
318.00353030317433
991.0691680004552
1115.8934645768607
440.48696500808944
109.81101748828189
0
0
0
0
0
0
0
438.8926481015916
1061.0052168323878
1063.9182932471315
737.3182918231854
51.628869409134765
0
0
0
0
0
0
1.3607138121350175
348.17017250926267
1126.0962889109708
1803.7695533773074
885.5376788663398
149.89346441977867
0
0
0
0
0
0
0
436.612100451682
1401.4936776521529
1753.023491338521
781.8066014998192
193.91692585273813
3.587752511359824
