504.2050981929511
392.76722334229385
171.77348566308243
128.92593802270014
132.8985145235962
286.2005510752688
612.0934195788528
2286.7918682795703
5420.358650686977
4467.763836618877
3068.353998655913
884.8597113948624
338.7983180256871
226.03712477598557
259.16486372461173
170.86024749850657
146.06231223864995
256.3775500298687
778.4967054958184
2506.1533590949825
7405.4112380525685
5833.70335274791
2149.567977150538
577.8494672192352
436.2252438022699
402.9556421744324
180.41389672939067
343.37743858273603
146.35432844235362
350.52704338410985
1200.959729689367
3507.9650836320207
7450.092021356033
5620.295997610514
3563.347035543608
1219.7624925328548
463.5304062126643
190.50204375746713
115.05704077060932
72.38167144563918
66.48796001344085
118.42754032258063
216.18624738649936
1477.8614658004783
4530.505096326164
3108.8185595878144
1236.1102710573475
566.1853446087216
538.7015337514936
245.2886686081243
154.2534109916368
171.50309378733576
174.3533651060335
209.66539874551975
646.5729136798088
3105.8480174731185
7437.767137096775
4958.826224611707
2524.8759968637996
677.0430122461172
287.2662895758663
457.5301892921147
251.78731332138594
181.98248368428912
151.6822434662485
368.5823581242532
827.296248133214
3856.037791218638
7912.915681003583
6085.3631571087235
3626.5857190860206
1322.894660991637
464.5246878733574
441.64730249402635
148.39253890382318
131.21760368130225
136.38671244026284
187.70453927718043
276.3516670400239
2478.985461469533
5727.0210760155305
3273.1569257765836
1941.478991188769
887.9275541367981
458.4719250298686
201.2651836917563
127.45544713261646
107.94726336618876
113.35103931451613
121.4171094683393
415.1845232228196
2218.768671594982
4610.172005675032
3657.5368242234176
1164.1069220430109
573.8251989994028
247.2659065113501
340.6934348864993
112.23768899342893
132.57532631421745
142.72428838112305
260.3186275388292
706.0094507915173
2401.3803875448025
6092.253125000001
4107.656332138591
1976.8942278972506
532.0353621565114
362.84694033751504
352.33343077956977
191.34257616487457
197.1835643294505
206.09842865143366
405.76103457287934
756.3988515531662
3919.258882168458
7740.845153823178
7422.716009557947
3752.001695041816
957.7341659199523
699.0152199074073
200.22533788829142
138.72293570788528
135.35744847670247
133.37261910095577
192.20893406511343
475.5507015382318
2358.6324074074073
5454.503651433691
4217.0280092592575
1803.2899268219837
756.4595336768218
448.4030454749104
303.3809550477898
229.2008415471924
179.1874287261051
204.1408282556751
345.5036540471923
1371.4045698924729
4718.5114396654735
8600.887302120673
6051.400933393071
3479.6826090203094
1184.1013440860222
616.6644855137394
283.60890307646343
134.37067514187575
94.34726392622461
154.5298118652927
218.9699551971326
757.5541106630823
3449.2403412485073
7458.416935483871
4766.729775238947
2685.4984281660695
960.6346938470728
499.1454562425331
161.87036514336916
85.40579637096774
105.7773443847073
67.95431630824375
149.04277553763444
490.26934923835137
1552.6132989844682
4884.186409796893
3839.1980622759847
1611.9835312126638
732.6850220280764
358.93914389187563
242.88452919653525
110.26479846176821
99.41502934587817
92.63176041666665
162.42821908602153
569.2223435633213
2554.3052232676228
6229.869175627241
3974.076556899642
2224.6775313620064
776.7558994175629
459.0432056451612
219.59833295997606
188.35024230884108
169.13586951164876
405.31310185185185
174.27055854241337
587.3552467891278
2809.9686939964154
6464.333482676225
4670.580704898446
1914.2919653524502
679.7211178315412
471.4045762395461
204.81878920250892
134.5400171744325
137.73394825268818
125.91125657108725
262.03146094683404
996.720071684588
2322.695071684587
6193.864926821984
4333.770639187573
3043.6648670848263
783.8933385603347
630.0629181600957
440.81089232377536
209.05309326463563
106.66175112007166
139.57137205047795
317.1480156063319
895.1945706391872
3520.567697132617
8237.302662037038
5967.813328853044
3831.0856182795706
1284.537518667861
511.2229442951016
157.4546125672043
152.96118167562722
159.82439430256875
118.40743130227001
148.23362638142174
598.3323039874552
2700.801818249701
5954.696650985664
4747.025022401434
2448.2761312724015
1033.603524492234
288.62947879330943
249.58287261051382
121.00075052270013
146.88097670250895
96.65419310035841
184.5974779719235
444.74588821684597
2210.300754181602
5326.945015681003
4253.925041069296
2406.415434587814
968.541677867384
