5.217592592592593
3.595590651135006
2.496964605734767
2.5906137993103657
2.837514934289128
1.9454301075268816
45.452508960573475
128.57676224611708
137.17891278375149
77.20318100358423
35.022401433691755
7.868018219832736
5.499365292712067
3.458669354865921
2.3887022103020024
2.686140979689367
1.7258064516401148
10.585065710872161
42.86514336917563
167.6859318996416
168.81720430107526
103.34192054958184
35.520833333333336
6.345579450445371
4.929416816009558
3.5940001493428912
4.452844982078853
2.5906137993103657
3.244660991636798
11.000612305854242
78.13246714456392
207.77329749103941
261.6636798088411
148.24186081242533
52.666890681003586
16.009557945041813
6.897289426523297
3.9394787933094384
2.3887022103020024
2.5906137993103657
1.7258064516401148
9.997401433691756
40.90128434886499
27.311827956989248
75.40322580645162
57.80727299880526
15.133288530493163
6.926709976105138
8.518481182795698
3.88694743130227
2.407806899641577
2.5906137993103657
1.9168533452807646
8.284438470728793
54.4578853046595
141.4986559139785
171.30749701314218
103.32325268817205
31.087589605734767
13.084304062126643
6.204711768219833
3.458669354865921
2.3887022103020024
3.615927419354838
1.7258064516401148
4.000500298685782
76.95639187574672
160.84229390681003
224.19354838709677
108.81533751493428
46.09655017921147
15.34572879330944
7.00082138590203
3.458669354865921
2.3887022103020024
2.5906137993103657
1.7258064516401148
0.3636727150537634
23.391950418160096
65.41218637992831
85.12918160095579
28.714531063321385
21.486708482676224
9.235289725209078
7.7327135603345285
6.591061827956989
2.3887022103020024
2.5906137993103657
1.7258064516401148
8.13957586618877
42.02508960573477
67.5739247311828
106.61589008363202
52.483198924731184
30.193399044205496
6.345579450445371
5.25739247311828
3.458669354865921
2.76086096176822
2.5906137993103657
1.7258064516401148
10.598879928315412
30.13142174432497
128.57676224611708
163.65740740740742
64.62104241338112
33.411364994026286
8.807385005973716
4.8991674133811225
4.805182198327359
2.3887022103020024
3.5140382317801664
3.5304659498207887
9.945131421744325
65.15830346475508
136.91756272401435
185.59587813620072
115.46482974910394
49.58109318996416
16.590875149342892
4.851403823205228
3.458669354865921
2.3887022103020024
2.5906137993103657
2.6731257467144562
7.34731182795699
30.377464157706093
77.70310633213859
77.36335125448029
29.717368578255677
27.050104540023895
6.441106630824371
5.508139187574671
3.458669354865921
2.3887022103020024
2.5906137993103657
1.7258064516401148
16.846266427718042
49.316756272401435
122.78972520908005
179.00985663082437
100.87029569892474
41.80107526881721
13.271356033452808
6.373842592592593
3.9303315412186386
2.423727598566308
2.5906137993103657
1.7258064516401148
15.073192951015532
43.458781362007166
114.11290322580645
118.75
73.82803166069296
27.758736559139784
6.345579450445371
4.851403823205228
6.20586917562724
4.060371863799283
2.5906137993103657
1.7258064516401148
8.847834528076463
62.92189366786141
137.78375149342892
179.00985663082437
106.53412485065711
25.123581242532854
9.322841995221028
6.905204599761051
4.483982974910394
2.3887022103020024
2.5906137993103657
1.7258064516401148
0.41621117084826753
52.97565710872163
98.77165471923536
165.46818996415772
64.27008661887695
33.411364994026286
9.598640979689366
4.851403823205228
3.458669354865921
2.3887022103020024
2.5906137993103657
2.0299059139784945
7.988366188769414
35.74223416965352
120.15382317801672
119.8439366786141
64.98319892473118
31.64613201911589
6.598715651135006
4.851403823205228
3.458669354865921
2.6076239545997613
2.5906137993103657
1.7258064516401148
3.8392099761051375
17.779644563918758
145.13515531660693
161.67861409796893
106.53412485065711
34.859244324970135
7.95758661887694
5.488239247311828
3.458669354865921
2.3887022103020024
3.4344384707287934
1.7258064516401148
6.701777180406212
40.90128434886499
107.54554958183991
134.21445639187576
108.24036738351255
45.24044205495819
9.556936977299879
9.162933094384707
3.458669354865921
2.3887022103020024
3.3719384707287934
1.7258064516401148
10.626508363201912
30.377464157706093
83.94190561529271
148.58124253285544
70.29980585424134
27.505600358422935
11.054360812425328
5.114101702508961
3.458669354865921
2.3887022103020024
2.5906137993103657
1.7258064516401148
4.000500298685782
54.84991039426523
119.8439366786141
111.8839605734767
80.08176523297492
39.002389486260455
6.345579450445371
