12.92058316410693
0
0
0
14.539330267279787
18.637000622592538
406.9390514925791
596.1357547123981
760.3383479106504
497.2298430449764
24.589987329008622
0
0
0
0
0
23.34844923522992
145.4195517162869
709.5750099417854
1689.4355680742685
2262.1929195283615
805.757280407668
114.67323495491972
19.58997879207749
0
0
0
0
0
38.248871663396415
427.7059739996414
1484.8266763891588
2211.43589679587
1081.375756362297
225.09220592641952
0.21392442526669697
0
0
0
0
0
78.03762224481244
515.9342646265878
1425.3753529874316
2185.330086655324
803.0893826006538
226.43494834243901
0
0
0
0
0
0
11.509352138932144
432.3934069083666
1717.775773726989
1355.508432713401
806.0447335740527
0
0
0
0
0
0
0
1.9657458722723078
299.842439921086
217.82739135206694
1087.3658161227463
388.82699323956035
149.1503699866564
0
0
0
0
0
7.079142144836705
51.01429690082889
492.6432164375484
1178.4079789043176
1059.5882519195145
1075.8233061031567
43.27063619762005
0
0
0
0
0
0
26.94065661423374
518.0227235381035
1076.1910727715317
668.0369240666265
623.2427889516235
324.22699948907547
8.994000546139596
0
0
0
0
0
0
555.9969175548631
957.0014085638797
1678.0144636232278
296.69904258011843
157.94411863058934
0
0
0
0
0
0
95.87294275853361
505.12453213057205
1193.3279884077976
2268.996131330579
1192.964557183214
189.30038376903138
0
0
0
0
0
0
7.26994761131477
473.67792629767564
798.2063985343766
1053.965241531862
234.76756845830027
0
0
0
0
0
0.1358430489854996
0
0
381.1077646922076
827.8998873174896
913.9124899108862
915.816512270716
163.28384224223703
0
0
0
0
0
0
28.27987924152636
446.67578318796325
397.4564140363601
900.6488266266665
340.8799228626059
44.380579421609795
0
0
0
0
0
0
0
446.65983648613104
1437.5776749335746
2263.0289477231186
460.46049174996546
26.485806750782743
0
0
0
0
0
0
36.33818451103215
502.1507169076101
1343.7196854214935
2129.1257273944275
927.2113981202095
205.58471792761443
0
0
0
0
0
0
57.162659521443956
569.9340239578291
1408.1910474692302
1184.190940568361
512.0575376716223
99.77330819417145
0
0
0
0
0
0
0
315.5151043772485
1338.2014111306821
1355.4760511957375
699.1428789865838
182.2017731633118
0
0
0
0
0
0
96.18083808976625
480.67281536562973
1303.9035889948727
1183.1510441431888
770.0090773667935
96.799344319529
0
0
0
0
0
0
0
312.21885829181934
1003.6481855656903
1113.3304852769486
645.1471472056469
15.054792078082087
0
0
0
0
0
0
3.6651861528938383
419.1520496750989
1381.8692750237185
1040.6657404424632
535.9740148809425
111.16420034497229
0
