6.3471139486260455
1.1200899790919951
0.0
0.7467278972520908
0.0
0.0
0.0
15.307683691756269
114.24630376344086
136.64964157706092
66.45937873357228
12.320687724014338
10.827396953405017
0.0
0.0
0.0
0.0
1.1200899790919951
0.0
44.42947281959379
141.50141875746715
106.03251941457587
39.57579151732378
6.7206541218638005
0.0
0.0
0.0
0.0
1.493414351851852
2.240142249103943
0.0
42.18798536439665
122.0863201911589
126.94190561529271
85.87029569892474
10.827396953405017
1.1200899790919951
0.0
0.0
0.0
0.0
0.0
0.0
69.06970579450419
206.466472520908
148.22087813620075
136.64964157706092
0.0
0.0
0.0
0.0
0.0
0.7467278972520908
0.0
0.0
48.164463859020316
121.71255227001194
100.06018518518518
14.561017771804062
1.8667764336917563
0.0
0.0
0.0
0.0
0.0
0.0
0.0
46.29678166069295
131.0468936678614
101.92790471923539
85.12731481481482
0.7467278972520908
5.600451762246117
0.0
0.0
0.7467278972520908
0.0
0.0
0.0
0.0
118.35510005973715
146.35734020310636
42.18798536439665
5.973573775388291
0.0
0.0
0.0
0.0
0.0
0.0
0.0
43.30854241338112
118.35510005973715
156.06507616487454
134.78192204301072
30.615330047789726
0.0
0.0
0.0
0.0
0.0
0.0
0.0
47.043944145758665
116.11402329749106
110.51508363201911
126.56851105137396
12.320687724014338
0.0
0.0
0.0
0.0
1.8667764336917563
0.7467278972520908
0.0
66.45937873357228
133.6613649940263
184.06317204301075
118.35510005973715
13.814392921146954
0.0
0.0
0.0
0.7467278972520908
0.0
0.0
8.587029569892474
37.33557347670251
121.71255227001194
116.11402329749106
75.04618428912784
13.440852747909199
0.0
0.0
0.0
0.3733557347670251
0.0
0.0
0.7467278972520908
39.57579151732378
122.45971475507764
141.87481332138591
111.262208781362
16.05430854241338
1.1200899790919951
0.0
0.0
0.0
0.0
0.0
0.0
12.320687724014338
152.70306899641574
102.67502986857825
56.37828554360812
0.0
0.0
0.0
0.0
1.493414351851852
1.1200899790919951
0.0
0.0
48.911626344086024
107.52684438470726
102.30167264038232
59.73573775388293
0.7467278972520908
0.7467278972520908
0.0
0.0
2.240142249103943
0.3733557347670251
0.0
0.0
32.1086096176822
112.75201612903226
147.10450268817203
126.56851105137396
15.307683691756269
0.0
0.0
0.0
0.0
0.0
6.3471139486260455
6.3471139486260455
88.11137246117084
128.06283602150538
123.20687724014337
70.93738799283155
1.493414351851852
0.0
0.0
0.0
0.0
0.0
0.0
0.0
38.455607825567505
153.82362604540023
138.89071833930706
163.53132467144565
22.774962664277183
0.0
0.0
0.0
0.0
0.0
0.0
0.0
57.87219982078853
143.36910095579452
179.21139486260455
116.11402329749106
18.667764336917564
2.240142249103943
0.0
0.0
0.0
0.0
0.0
0.0
32.1086096176822
153.82362604540023
200.86790621266428
72.80510752688173
14.187481332138592
0.0
0.0
0.0
0.0
0.0
0.0
0.0
33.975433094384705
94.45747461170848
124.7008288530466
67.94914874551971
23.52158751493429
