13.766771206690562
1.0590531660692953e-09
1.0590531660692953e-09
1.0590531660692953e-09
1.8304480286738352
20.062107974910397
415.72356630824373
705.0959528076463
1000.3849313022698
209.53864247311833
104.86667413381123
1.0590531660692953e-09
1.0590531660692953e-09
0.7971258960573476
9.575237455197133
1.0590531660692953e-09
1.0590531660692953e-09
160.52886051373952
697.6112604540023
1533.3852299880525
1688.2485812425325
1159.7181152927124
277.75429360812427
120.96710722819594
11.621083482676223
2.7308990442054957
1.0590531660692953e-09
32.69626269414576
62.18656660692951
39.34872311827957
437.0198626045401
793.4248058542413
1423.3736559139784
838.5032108721625
342.9068473715651
4.1332511947431305
65.67816606929509
2.450377090800478
30.083109318996403
6.199929062126643
13.667051224611708
92.39124103942652
637.6937724014338
1656.0207586618876
2082.4522102747906
1270.337514934289
358.7656810035842
54.86786887694146
1.0590531660692953e-09
1.0590531660692953e-09
1.0590531660692953e-09
1.0590531660692953e-09
11.454775238948626
57.878098864994016
562.8300477897252
1056.80256869773
2209.0490591397856
1073.9411589008364
366.65807945041814
47.34177120669056
3.690427120669056
1.0590531660692953e-09
1.0590531660692953e-09
36.60035842293906
9.907924133811232
87.72655316606928
104.86667413381123
693.9952956989246
1013.8694743130227
555.6029719235364
160.52886051373952
69.54681899641577
1.0590531660692953e-09
1.0590531660692953e-09
1.0590531660692953e-09
1.0590531660692953e-09
1.0590531660692953e-09
115.37455197132617
438.18847072879333
870.9651284348865
1127.8020459976105
240.7224089008363
145.4841696535245
1.0590531660692953e-09
31.87133736559139
1.0590531660692953e-09
1.0590531660692953e-09
1.0590531660692953e-09
1.0590531660692953e-09
92.39124103942652
410.1097670250895
916.162261051374
1108.6618876941457
833.8067502986858
170.46266427718038
0.7380876642771804
1.0590531660692953e-09
7.795580197132616
5.461794354838709
10.490005227001193
8.028467741935485
144.72748655913978
438.33706690561536
911.8533452807646
1249.0232974910393
803.1264934289128
354.2534722222222
38.633464008363205
7.945236335125448
12.993357974910397
1.0590531660692953e-09
29.335846027479093
4.576045400238949
93.12339456391875
631.2051971326165
1793.9351851851852
2341.385155316607
1421.0734020310633
359.817054958184
33.54798387096774
5.86766353046595
3.690427120669056
4.982078853046596
1.0590531660692953e-09
0.5535569743130226
1.0590531660692953e-09
429.36230585424136
1128.9075567502982
1254.4343637992836
658.652927120669
106.68021953405018
26.132903972520907
1.0590531660692953e-09
1.0590531660692953e-09
0.44284498207885303
0.6495116487455198
0.7823652180406213
88.26713709677418
561.972072879331
1477.42346176822
1456.057347670251
653.0331541218637
95.78494623655915
1.0590531660692953e-09
1.0590531660692953e-09
11.458964307048985
1.0590531660692953e-09
1.0590531660692953e-09
4.022517174432497
65.26224611708481
190.10162783751497
870.9651284348865
1199.842069892473
538.7339456391875
106.68021953405018
13.21369847670251
13.766771206690562
1.0590531660692953e-09
57.15486857825567
1.0590531660692953e-09
1.0590531660692953e-09
153.1695788530466
474.01732377538826
989.2260304659499
1469.8136947431303
670.7724761051375
116.41035692951016
6.244194295101553
0.3247502240143369
1.0590531660692953e-09
1.0590531660692953e-09
1.0590531660692953e-09
1.398673088410992
83.9760304659498
788.0200866188768
1989.8297491039423
3311.6823476702502
1225.2464157706095
366.65807945041814
70.72323028673836
23.655428614097968
1.0590531660692953e-09
1.0590531660692953e-09
25.59246938470729
0.5535569743130226
3.1294280167264037
428.28143667861417
965.1146206690562
1145.5346475507768
487.41898148148147
128.40259109916366
46.550664575866186
1.0590531660692953e-09
1.0590531660692953e-09
1.0590531660692953e-09
1.0590531660692953e-09
1.0590531660692953e-09
51.87283452807647
415.72356630824373
958.2119922341699
992.2091547192354
538.7339456391875
71.50063470728794
13.21369847670251
1.0590531660692953e-09
22.906664426523296
1.0590531660692953e-09
1.0590531660692953e-09
14.216020758661891
106.39239844683394
728.134333930705
1267.9663231780166
1477.42346176822
562.8300477897252
87.43585722819594
3.690427120669056
6.244194295101553
0.26570900537634407
0.9890344982078854
1.0590531660692953e-09
1.0590531660692953e-09
93.12339456391875
387.0549581839905
705.0959528076463
1051.6147700119477
429.36230585424136
90.9239471326165
0.9890344982078854
13.284554211469533
8.323569295101553
1.0590531660692953e-09
1.0590531660692953e-09
39.60688470728794
103.51907855436082
838.5032108721625
1547.6332885304657
1477.42346176822
697.6112604540023
129.3837738948626
57.878098864994016
