0.7467278972520908
0.0
0.0
0.0
0.0
0.0
0.0
47.043944145758665
125.0745594384707
126.1951164874552
145.98394563918757
21.654760304659497
0.0
0.0
0.0
0.0
0.0
0.0
0.0
47.79110663082438
109.0207586618877
128.06283602150538
8.2139075567503
0.0
0.0
0.0
0.0
0.0
0.0
0.0
0.0
36.21580047789726
97.44571385902032
141.50141875746715
44.42947281959379
0.0
2.6135043309438473
0.0
0.0
0.0
0.0
0.3733557347670251
0.0
48.164463859020316
111.262208781362
90.35285991636798
66.45937873357228
11.574025537634409
1.1200899790919951
0.0
0.7467278972520908
0.0
0.0
4.106933243727599
0.3733557347670251
32.85528673835125
106.03251941457587
85.12731481481482
60.109132317801674
0.0
0.7467278972520908
0.0
1.1200899790919951
0.0
0.0
0.0
0.0
46.29678166069295
122.0863201911589
132.1674507168459
96.32515681003584
23.14804734169654
0.0
0.0
0.0
0.0
0.0
0.0
7.467278972520908
54.8839605734767
103.79144265232975
139.26030465949822
96.32515681003584
0.0
0.0
0.0
0.0
0.0
0.0
0.0
0.0
53.390008960573475
84.75392025089606
72.80510752688173
90.35285991636798
0.0
0.0
0.0
0.0
0.7467278972520908
0.0
0.0
0.0
35.842293906810035
126.56851105137396
94.45747461170848
82.51280615292713
10.453856780167264
0.0
0.3733557347670251
0.3733557347670251
0.0
0.0
0.0
0.0
11.574025537634409
76.1667413381123
146.35734020310636
114.24630376344086
7.467278972520908
0.0
0.7467278972520908
2.6135043309438473
0.0
1.1200899790919951
0.0
0.0
54.13679808841099
61.6034572879331
126.56851105137396
100.43395310633214
12.320687724014338
0.7467278972520908
1.1200899790919951
0.0
0.0
0.0
0.0
0.0
40.32254330943847
142.24854390681006
178.83800029868578
88.11137246117084
13.814392921146954
0.0
0.0
0.7467278972520908
0.0
0.0
0.0
0.0
20.534595280764634
128.06283602150538
110.51508363201911
100.43395310633214
0.0
0.0
0.0
0.0
0.0
4.480283004778973
0.0
0.0
72.80510752688173
210.5752688172043
186.30424880525686
159.7959229390681
32.1086096176822
0.0
0.0
0.0
0.0
0.0
0.0
0.0
51.52232676224612
111.63560334528077
118.72849462365589
142.6219384707288
14.187481332138592
0.7467278972520908
0.0
0.0
0.0
0.0
0.0
0.0
38.455607825567505
148.22087813620075
120.2227822580645
96.32515681003584
0.0
1.493414351851852
0.0
0.0
0.0
0.0
0.0
0.7467278972520908
38.455607825567505
132.1674507168459
131.0468936678614
86.99085274790922
6.3471139486260455
0.7467278972520908
0.0
0.0
0.0
0.0
0.0
0.0
64.21792861409797
132.91423984468338
171.3713410991637
102.30167264038232
5.973573775388291
0.0
0.0
0.0
0.0
0.0
0.0
0.3733557347670251
46.29678166069295
97.07194593787335
127.68906810035843
84.00675776583033
20.908131720430106
0.0
0.0
8.960569743130227
0.0
0.0
0.0
0.0
38.455607825567505
126.94190561529271
101.92790471923539
92.5939366786141
0.0
