0.0
0.0
0.0
0.0
0.0
0.0
0.0
29.49514635603345
116.48738052568697
131.0468936678614
96.32515681003584
0.7467278972520908
0.0
0.0
0.0
0.0
1.8667764336917563
0.0
0.0
11.200899790919951
97.07194593787335
159.7959229390681
138.89071833930706
15.307683691756269
0.3733557347670251
0.0
0.0
0.0
0.0
0.0
0.0
33.975433094384705
132.1674507168459
142.24854390681006
131.0468936678614
11.574025537634409
0.0
1.1200899790919951
0.0
0.0
0.0
0.0
0.0
72.05794504181601
109.7679211469534
95.20463709677419
51.52232676224612
17.5475993130227
0.0
0.0
0.0
0.0
0.0
0.0
0.0
85.87029569892474
148.96766726403823
140.75425627240142
22.774962664277183
15.307683691756269
0.0
0.0
0.0
0.7467278972520908
0.0
0.0
0.0
70.19026284348865
129.55675029868578
125.44795400238948
102.30167264038232
0.0
0.0
0.0
0.0
0.0
0.0
0.7467278972520908
0.0
42.18798536439665
84.38052568697731
126.1951164874552
148.96766726403823
25.014878285543606
0.0
0.0
0.0
0.0
0.7467278972520908
0.0
0.0
47.417712066905615
146.35734020310636
123.20687724014337
141.87481332138591
16.427848715651137
0.0
0.0
0.0
0.0
0.0
0.0
0.0
53.01627837514934
138.1439292114695
124.7008288530466
42.93514784946237
12.694190561529268
0.0
0.0
0.0
0.0
0.0
0.0
0.0
40.32254330943847
125.44795400238948
147.85129181600954
94.45747461170848
30.615330047789726
10.080734767025088
0.0
0.7467278972520908
0.0
0.0
0.0
0.7467278972520908
29.12205047789725
126.94190561529271
156.4384707287933
112.3786215651135
23.14804734169654
1.1200899790919951
0.0
0.0
6.7206541218638005
0.0
0.3733557347670251
0.0
50.775164277180416
152.70306899641574
148.22087813620075
66.45937873357228
14.187481332138592
0.0
0.3733557347670251
0.0
0.0
0.0
0.0
0.0
66.45937873357228
132.54084528076464
110.51508363201911
41.06933243727599
12.694190561529268
0.0
0.0
0.0
0.0
0.0
0.0
1.1200899790919951
26.881705495818398
127.68906810035843
107.52684438470726
38.82937574671445
0.0
0.0
0.0
0.0
0.0
0.7467278972520908
0.0
0.0
38.455607825567505
154.57075119474314
140.75425627240142
85.12731481481482
0.0
0.0
0.0
0.0
0.7467278972520908
0.0
0.0
0.0
48.53823178016727
243.42928614097968
152.70306899641574
167.63597670250897
21.654760304659497
0.0
0.0
0.0
0.0
0.0
0.0
0.0
46.29678166069295
200.86790621266428
186.30424880525686
120.96957138590203
1.493414351851852
0.0
0.0
0.0
0.7467278972520908
1.493414351851852
0.0
0.0
47.79110663082438
82.51280615292713
114.24630376344086
54.8839605734767
15.307683691756269
0.0
0.0
0.0
0.0
0.0
0.0
7.093738799283154
45.54999253285544
109.7679211469534
116.11402329749106
75.04618428912784
2.240142249103943
1.493414351851852
0.0
0.0
0.0
0.0
0.0
0.0
7.093738799283154
97.07194593787335
152.70306899641574
132.1674507168459
22.774962664277183
