555.5752102001194
209.89374813321382
191.9456306003584
100.95826739844682
99.43847561977296
140.39858236260454
622.441202210275
2499.005256869772
5929.978225806451
5563.522427568697
2797.3532407407415
1011.6186753285549
255.24081167861405
213.50114060633214
231.08812574671435
132.99342876344087
99.75590266577063
316.58037261051385
817.3151971326163
1867.97074746117
4704.510756421743
3799.5902329749106
1769.157922640382
829.4707134856629
239.20702508960565
222.60974014336912
188.84390755675028
160.70094433243725
76.34458990442054
153.6864732676225
709.8958258661888
1609.122897998805
5297.724887992832
4074.5263142174413
1905.1199671445631
267.65451463560333
398.2240057497014
223.39595094086022
298.972058318399
382.1061114844683
171.10600022401437
293.92178315412184
491.73816830943827
2412.1011798088407
6530.323263888888
4670.818525985661
2014.3818137694145
868.2798711917565
190.4872393966547
262.43569743130223
210.13354390681008
126.34639325716846
122.05473749253282
354.6003841845879
416.74684027777766
2441.3880451015525
6643.5349537037055
4430.62175925926
2138.1873543906813
766.9166140232974
473.653300477897
202.7281974313023
145.50712149044207
135.68194153225804
74.80274268219833
229.19041853345286
311.39139150238947
2320.8917301373954
5681.681966845876
4124.20138888889
1454.4604017323775
469.65398222819596
343.07866487455203
208.93803390083627
112.64515961021506
112.69332989844688
85.21295953554359
120.42132668757466
397.0371565113502
1742.221520310633
4592.8732601553165
2719.700474163681
1545.972946535245
645.8124708781362
238.74914949223418
318.5371561379929
190.99850806451616
102.29041080495819
111.49580241935486
117.87493339307052
580.1874958930704
3185.895762395459
6891.670344235363
3868.4906100657104
1901.7800067204305
543.0285368130228
258.8679745370371
177.20667525388296
153.2118234767025
165.7988906810036
138.12871150686982
224.52408938172053
539.892989097969
1944.3323540173237
5944.401646505375
4267.540673536442
2046.4227225209083
949.0722367831543
377.1995530913976
257.26413605137384
150.5755604091995
110.73946729390683
126.4455152703106
116.06929924581839
795.773270609319
1955.2323626045406
5023.32611633811
4444.218481182796
2673.331686827957
589.2483060782555
575.3213257915172
362.54973267622455
138.0190953554361
142.0874578479689
150.42384416069294
108.48524593040621
563.914438844086
2464.212694145759
5551.171893667863
3129.36798088411
964.3221512843487
567.9433225059737
505.699960797491
279.80521356033455
137.59950679510155
243.92877355884107
391.72246565113494
180.98706018518516
588.7318746266427
3495.354491487455
8651.162354390683
5810.719280167264
3462.6271692054956
1063.7982302867388
363.70461208183997
207.63858796296302
139.42621438172046
131.412602374552
94.54228979988054
89.55546845131421
807.186148446834
4012.690285244923
8439.257048984467
4610.214463859021
1790.6351441158897
802.7125854988054
374.3451885454001
216.2271064814815
251.25795848267632
167.02488310185186
178.58429838709677
317.5622255824372
1403.9758213859018
4018.9808729092
8299.4590651135
6003.366621863802
3820.115236708483
958.775444295101
545.1183680555556
274.56883027180413
150.53223155615294
213.18364370519706
134.4957959602748
254.7501859318996
566.3156533751494
2780.8755749701313
6007.062548536439
4884.245762395461
3469.816427718041
795.2496165621267
672.4076541965353
206.39571124551966
87.03487048237754
184.76010360663088
148.3963199298088
243.3731556152928
563.8140434587815
3761.781847371565
6677.811663679806
5073.610416666668
2399.058620818398
856.4305630227001
406.3116259707288
226.51341584528072
127.63562022102748
117.47877311081245
155.0104734169653
369.2850630973716
1005.1897214755072
3990.876437425327
7787.899215949822
7034.689534796892
2905.7032556750305
712.7350059737156
388.0324189814815
317.54143481182797
143.448056712963
127.79880865442054
131.1858249327957
344.7275138142175
682.3050694444446
2194.8479472819595
6653.932579151732
4300.526933990443
4179.21459080048
1208.9035319593786
611.3085569743131
458.2736589008362
209.8372550776584
113.44656791367983
87.79073682048984
152.07487044504182
537.277164351852
3341.1619362305855
6659.960383064517
4764.581391875746
1945.982586618877
945.1840878882915
425.3007291666666
243.32306899641586
214.37998805256873
163.5899451164875
44.22077210274792
127.16581242532855
430.41489359318996
2970.1794093488643
6551.1028935185195
3370.80134035245
1984.2670960274797
1119.8505787037036
