5.815785543612612
4.146132019120379
2.863575268821692
3.1056227598611184
2.068884408606638
1.5197841995221024
4.487753882915173e-12
132.54293608124254
198.62641875746715
366.6084229390681
142.47013142174436
16.19392174432497
20.75014934289128
4.146132019120379
2.863575268821692
3.1056227598611184
5.4290882616487455
0.3997162485110588
4.487753882915173e-12
4.487753882915173e-12
320.3393817204301
284.46759259259255
88.33183990442056
34.48846326164874
5.815785543612612
4.146132019120379
2.863575268821692
4.599059139784946
2.068884408606638
0.3997162485110588
4.487753882915173e-12
97.82183393070491
366.2623207885305
296.78950119474314
91.31981780167264
7.606780167268525
5.815785543612612
4.146132019120379
2.863575268821692
3.1056227598611184
2.068884408606638
0.3997162485110588
4.487753882915173e-12
142.6205943847073
273.296370967742
220.25201612903226
130.89605734767025
9.473588709677419
5.815785543612612
4.146132019120379
2.863575268821692
3.1056227598611184
2.068884408606638
0.3997162485110588
4.487753882915173e-12
190.03994922341695
361.4116636798089
319.9369026284349
66.30428614097968
21.04786439665472
5.815785543612612
4.892831541218639
2.863575268821692
3.1056227598611184
2.068884408606638
0.3997162485110588
1.1200679510155316
101.92465651135007
273.296370967742
271.39784946236557
70.03991188769415
7.606780167268525
5.815785543612612
4.146132019120379
8.090591397849462
3.1056227598611184
2.068884408606638
0.3997162485110588
4.487753882915173e-12
44.05596624850657
252.01650238948625
303.50806451612897
50.996789127837516
10.966984020310633
15.149604241338112
4.146132019120379
5.477079599761052
3.1056227598611184
2.068884408606638
11.600395758661888
4.487753882915173e-12
138.14180107526883
266.20594384707294
264.30779569892474
150.68436379928315
7.606780167268525
5.815785543612612
4.146132019120379
2.863575268821692
3.1056227598611184
2.068884408606638
4.13328853046595
4.487753882915173e-12
82.88418458781362
276.65994623655916
276.62522401433694
104.38508064516131
21.04786439665472
5.815785543612612
4.519489247311827
2.863575268821692
3.1056227598611184
2.068884408606638
7.49357825567503
4.487753882915173e-12
157.55824372759858
264.3380376344086
331.8828405017921
130.89605734767025
51.6627464157706
5.815785543612612
4.146132019120379
2.863575268821692
3.1056227598611184
2.068884408606638
0.3997162485110588
4.487753882915173e-12
24.641763739545997
368.50209080047796
213.90120967741936
71.90311379928316
7.606780167268525
5.815785543612612
6.759636350059737
2.863575268821692
3.8523222819593785
2.068884408606638
0.3997162485110588
4.487753882915173e-12
139.26149940262843
474.14725209080046
396.1025238948626
172.7120669056153
23.287783751493425
5.815785543612612
4.146132019120379
2.863575268821692
3.1056227598611184
2.068884408606638
0.3997162485110588
4.487753882915173e-12
198.254554958184
583.9120370370371
371.0872162485066
92.06765232974911
7.606780167268525
5.815785543612612
4.146132019120379
2.863575268821692
3.1056227598611184
2.068884408606638
13.467256571087216
18.294541517323776
188.54428016726405
273.296370967742
498.0398745519713
425.1004330943847
34.862044504181604
5.815785543612612
4.146132019120379
8.464120370370368
6.092495519713261
2.068884408606638
0.3997162485110588
4.487753882915173e-12
116.86193249701317
471.18391577060925
268.03875448028674
155.53539426523298
49.42286439665472
18.88332586618877
4.146132019120379
2.863575268821692
3.1056227598611184
2.068884408606638
0.3997162485110588
4.487753882915173e-12
146.35640681003585
347.9700567502987
381.913082437276
115.586917562724
7.606780167268525
5.815785543612612
4.146132019120379
2.863575268821692
3.1056227598611184
3.562320788530465
0.3997162485110588
4.487753882915173e-12
272.5526433691756
459.23200418160087
505.47715053763443
131.6442652329749
13.954002389486257
5.815785543612612
10.866450119474313
2.863575268821692
3.1056227598611184
2.068884408606638
0.3997162485110588
4.487753882915173e-12
72.43018219832736
502.16509856630813
485.69071087216247
111.10775089605735
34.862044504181604
5.815785543612612
6.759636350059737
2.863575268821692
3.1056227598611184
2.068884408606638
0.3997162485110588
4.487753882915173e-12
76.53748506571087
316.9799133811231
275.8814964157706
135.00336021505376
21.42096027479092
11.042801672640383
4.146132019120379
2.863575268821692
3.1056227598611184
2.068884408606638
0.3997162485110588
4.487753882915173e-12
33.975545101553166
515.2199074074074
253.85379330943846
18.14142771804511
11.340352449223417
