29.426523297491034
8.712029569892474
3.7074970131421745
3.1465539127837516
2.923682048984468
5.410730286738351
31.175851254480285
76.8563321385902
180.36028972520907
191.286215651135
94.33542413381123
33.96953405017921
24.770646654719233
13.229540023894863
10.956354540023893
4.955103793309439
4.258053315412187
8.874999999999998
41.65744474313023
109.3679062126643
211.61962365591398
212.58437873357232
131.73312425328555
43.293757467144566
22.679659498207887
8.649006869772998
3.802396953405017
1.8676784647550777
5.434662485065711
6.807086320191161
38.09121117084827
101.87051971326163
187.61200716845877
211.60468936678615
89.76515830346476
37.08919504181601
17.259707287933093
17.539127837514936
5.090651135005974
6.103808243727599
14.519601254480289
17.495482377538828
44.09162186379928
95.58393070489845
188.51553166069294
215.29943249701313
106.86305256869773
37.927083333333336
34.03931451612903
9.64422789725209
7.654569892473118
6.290733273596177
4.379689366786141
14.594048685782557
58.31653225806452
99.31264934289129
253.4580346475508
237.99395161290323
185.60185185185185
75.89083034647552
28.45781063321386
9.61574074074074
9.061118578255675
3.430077658303465
3.0287821087216247
3.403882915173238
30.047192353643972
65.71833930704898
134.59976105137397
195.29831242532856
129.064366786141
60.48984468339307
17.35192652329749
5.561081242532856
6.454338410991637
3.557560483870968
1.660816158900836
16.935371863799283
30.18361708482676
97.64000896057348
233.23887395459977
230.74335424133812
150.15755675029868
53.245221027479104
25.482041517323776
8.665919952210276
4.413060035842293
2.3928726105137397
2.666117831541219
8.210834826762245
34.86219384707288
78.07347670250896
198.3807497013142
254.33131720430103
126.56548685782556
41.846027479091994
19.751381421744327
9.474686379928317
5.076127538829151
4.3756832437275985
2.869668458781362
22.025574970131423
32.71288829151732
34.56410543608125
148.14030764635606
193.4487007168459
87.8199671445639
37.12443996415771
13.216211170848268
9.45952807646356
5.05156436678614
3.1208183990442055
3.1400052270011947
12.23820191158901
38.86715949820788
104.5221027479092
249.80361409796893
264.0240442054958
183.4815561529271
56.22050477897253
28.362529868578257
8.56253733572282
4.274100209080048
4.415008960573477
7.900313620071686
6.399902927120669
40.079263739546
137.20952807646356
201.03793309438467
215.07056451612902
137.42271505376345
47.34094982078854
31.004330943847066
7.488985961768221
4.28288903823178
1.9967517921146958
2.6597408900836323
5.8966920549581845
28.474649044205496
63.50955794504181
173.95310633213856
130.20721326164875
77.71468040621265
31.400238948626047
10.321087216248507
6.501941457586619
8.528524492234169
2.0535058243727597
1.1217331242532855
3.3394974611708483
17.07340203106332
22.78662634408602
182.63366188769416
109.01919056152924
90.65636200716845
26.979091995221026
5.654569892473118
8.895758661887694
7.9342891278375145
3.6180592891278374
6.910394265232975
5.786589008363203
11.622871863799283
73.033527479092
152.93832138590204
116.4893219832736
69.32982377538828
30.648260155316606
11.955421146953405
9.33292264038232
2.91693921744325
3.267921146953405
2.4556414277180405
4.482638888888889
30.10076911589009
95.86506869772998
156.7084826762246
161.5184438470729
96.04316009557947
16.143555854241338
9.338074970131423
9.884856630824373
6.466509856630824
2.9064964157706092
4.7444743130227005
4.577284946236559
28.2532482078853
83.41771206690562
169.82825567502988
140.65748207885304
93.88664874551971
34.92316308243728
19.411925029868577
6.642883811230584
3.196042413381123
2.9630973715651137
3.0337701612903225
3.399425029868578
26.29517622461171
92.18525985663082
201.16524790919948
188.37813620071682
103.36208183990442
54.70318100358423
9.454823775388293
14.265195639187574
7.325978195937873
2.9336768219832736
2.234595280764635
7.803950119474313
28.369922341696537
93.9336917562724
246.22386499402634
220.59998506571088
157.04935782556748
67.29502688172043
28.5809811827957
12.942839008363203
4.049615442054959
5.172453703703703
5.701874253285543
8.18014486260454
11.994922341696537
80.49507168458781
202.2883064516129
194.71139486260458
137.63403524492233
70.58654420549581
23.790807945041816
16.74451164874552
6.852747909199522
4.067469384707287
7.387432795698925
8.783826164874553
51.704375746714454
139.26821983273595
261.7558990442055
267.4107676224612
177.75836320191158
54.61768219832736
