28.371714456391874
12.233684289127838
7.997946535244922
3.5132728494623655
3.6975022401433693
6.433467741935484
26.19198028673835
69.24432497013142
141.693921744325
187.5910991636798
86.15666069295102
29.729540023894863
25.073066009557945
8.960760155316606
3.9214605734767023
6.859617682198327
13.03498357228196
9.042861409796892
40.78871714456392
87.20318100358423
213.32474611708477
176.46804062126645
143.40501792114696
63.848566308243726
23.124477299880525
9.735961768219834
9.856742831541217
3.206981780167264
2.76158527479092
4.067633661887694
26.48980734767025
83.75186678614098
156.71669653524492
164.5228494623656
33.31701762246117
33.243428912783756
16.290770609318997
14.10110513739546
6.617346176821983
1.2349746117084828
4.346904868578256
8.753173536439666
36.15681003584229
103.40427120669054
197.13448327359617
201.96273894862605
135.57982377538826
55.32444743130226
27.898297491039425
9.888926224611708
6.791816009557945
2.5722968936678616
2.881541218637993
3.539855884109917
22.318473715651134
81.05100059737157
184.79988052568697
173.51553166069294
61.122685185185176
37.82175925925926
31.574970131421743
9.638963560334526
5.2414127837514926
4.450866188769415
6.023185483870968
12.053502090800476
12.359655017921149
77.58736559139786
196.41390382317803
147.64000896057348
74.57885304659499
46.126792114695334
8.323364695340503
15.568548387096774
5.885790023894863
0.9749917861409797
4.577284946236559
3.922416367980884
30.565188172043012
75.89531063321387
119.5415173237754
127.04562425328554
23.91282108721625
25.146393369175627
18.049469832735962
7.581242532855436
2.4101329151732376
3.360580943847073
3.2532556750298687
8.388776881720432
7.636088709677419
63.7593339307049
129.908527479092
136.79547491039426
92.12402927120668
32.71583781362007
17.57381272401434
9.394713261648745
5.421072281959379
4.576911589008363
2.9389150238948627
5.075082138590203
40.14896953405018
87.43428912783753
145.5529420549582
160.46856332138591
122.61312724014338
30.384744623655912
29.84192054958184
11.625037335722817
5.528300477897253
4.0579599761051375
3.391980286738351
2.1434475806451614
25.452658303464755
22.992756869773
130.790770609319
135.67540322580646
74.60013440860214
34.6878733572282
14.70209826762246
8.789314516129032
4.861857825567503
5.236596475507765
3.1571199223416966
12.02012395459976
24.799955197132615
85.18219832735961
133.69922341696534
216.17084826762252
163.6040173237754
65.65150836320191
23.250112007168457
7.931339605734767
3.4876269414575867
2.4574111409796897
1.411693548387097
5.331951911589008
53.256795101553166
82.52016129032259
197.07325268817203
183.57974910394265
138.4274193548387
53.02008661887694
14.28378882915173
8.787373058542414
11.20415173237754
3.9295549581839904
3.1888963560334527
5.282930107526882
40.06776433691756
78.00664575866189
187.2319295101553
202.1871266427718
113.23178016726403
41.05596624850658
16.80861708482676
24.667264038231778
4.39523596176822
3.353382616487455
3.3275126941457587
5.114770011947431
67.95288231780167
96.49342891278374
229.56578554360811
247.8819444444444
172.38425925925924
67.60640681003584
19.570415173237755
17.77736708482676
8.48711917562724
3.520023148148149
7.5528300477897234
11.886275388291516
40.055256869773
118.57153524492234
210.826986260454
220.3953853046595
166.79808841099162
69.59640083632019
18.880637694145758
17.78050328554361
5.3365068697729985
5.371191756272401
5.001978793309439
2.716606929510155
28.459602747909194
131.4650537634409
137.24201015531662
187.32900238948625
127.9689366786141
34.076687574671446
16.395459976105137
10.708557347670249
3.394720728793309
2.536103643966547
0.5929495221027479
8.567988351254481
31.07444743130227
90.78031660692952
214.15322580645164
169.06810035842295
100.92331242532856
36.190897550776576
24.121079749103945
7.303726105137396
5.3786215651135
2.26213784348865
3.297722520908005
11.593077956989248
35.01889187574672
96.93735065710872
227.51232078853047
212.4861857825567
158.3725358422939
42.23099611708482
21.678875448028673
8.470243428912784
7.67555256869773
10.251605436081242
4.368313172043011
20.92484318996416
33.092405913978496
99.35931899641578
254.46385902031062
258.54129330943846
195.42861409796896
63.81197729988054
24.980249402628434
13.421146953405016
3.597733721624851
3.138881421744325
3.7581205197132617
13.26288082437276
31.109804360812426
87.4719982078853
228.08654420549578
212.72625448028677
106.62485065710872
56.02187873357228
