1556.3483497610512
1161.1230436081244
878.6936790621269
638.231770086619
783.5652542562726
880.2252986857826
1208.1691905615291
2264.771643518518
2658.464187574673
3365.901919056153
3122.153076463561
1834.6285095579453
1469.2959640083634
922.4247610513743
812.9227859916369
768.1012059438472
1011.338541666667
1192.7183355734767
1532.0683206391875
1960.745094086022
2622.489882019116
3462.367607526881
2493.8876568100354
1767.7636275388295
1343.4618354241334
1122.0311641278374
662.4793496117084
672.1779756571086
681.4812212514934
988.5956059587817
1245.1397065412182
1379.4055936379928
2123.7961768219834
2608.1259333930707
2274.781608422939
1474.6741188769415
1347.3044989545997
1158.020426373955
848.752658303464
841.6589643070491
751.4159378733572
1168.817258437873
1504.9053838112302
1995.683781362008
2928.5303838112304
2400.7719907407404
2341.2996565113513
1614.8600283751489
1453.247211021505
814.6896804062125
810.8649006869773
644.4866845878136
678.9187996565115
1059.0763440860214
1621.9553576762246
2148.3675179211473
2660.406705495819
3343.9367906212656
3238.7550776583025
2280.461506869774
1513.401471027479
959.6878957586614
799.7560521206688
751.7075044802868
855.8981668160094
894.794840203107
1255.5366450119477
1811.5139299581836
2191.9046818996417
2625.5758661887694
2260.194705794504
1445.5272550776579
1243.9007616487456
878.1562873357223
634.9112055704899
698.7443921744324
836.5093354241336
1149.914859617682
1254.6446833930706
1258.4340165770611
1705.2754741636802
2515.48013739546
1899.6332287933087
1495.0606294802872
1180.4397812126642
815.9682907706095
656.5438806750296
635.6107261798088
668.764946236559
884.0020982676226
1435.1832474611706
1915.6942204301076
2642.6539090501783
3365.5878136200718
3101.038493130227
1621.5317727001195
1219.2002837514929
658.121251493429
587.3548984468341
517.9523484169654
563.8768443847075
702.0668626792115
1404.3561902628433
1886.3811454599756
2374.7795698924733
2417.6904121863795
1606.8996229092
1467.47405167264
1143.839307048985
1179.268257168459
872.4773027553764
960.7376754778976
855.5476314964159
1075.073486409797
1360.2850545101546
1888.4561305256866
2273.7870183691753
2205.2255637694147
2411.3155241935483
1707.5898297491044
1348.9838448327357
1232.929988052569
983.8493391577066
898.3418496117083
935.0369433243726
1213.7700078405019
1587.6255749701306
2150.611409796893
2843.0859020310622
3676.598304958184
3650.0303166069293
2262.438321385902
1657.8165695937867
1148.6072020609324
865.529212589605
1198.3474910394264
1037.57476963859
1435.2817454450417
1882.2523857526883
2520.5168160095586
3245.931705495818
3859.628994922341
2958.444463112306
2147.095691457586
1670.9636872759863
1319.7620743727591
861.0724350358423
989.1844272700123
962.1444817801674
1397.9108904569891
1839.0936379928316
2443.192488052568
3292.988246714457
3713.164538530467
2998.4184587813625
1998.0376493428923
1704.450828853047
2173.9885752688174
1335.6975545101557
1604.7177120669055
1228.084236857826
1575.9587234916369
2231.5524230884103
2595.975817652329
3729.984113649941
4435.752912186381
4169.9691233572275
2616.0683990442058
2157.7450866188774
2703.430704898448
2243.3818697729994
1961.9673723118271
1836.803457287933
2190.8189419056152
2712.1443361708484
3243.6155167264033
4814.882336469533
5210.896393369174
4680.841584528075
3318.7979316009573
3121.351836917562
2149.077352150538
1708.388978494624
2112.069522849463
1437.5630712365594
1722.333148521505
2319.2747237156505
3202.3392174432493
3804.398850059738
4512.391054360813
4146.738836618875
3132.7833781362006
2456.1305256869778
1586.011040173238
1409.7348342293906
1392.30719832736
1373.515872909199
1607.6118167562724
2105.961480734766
2593.2274193548396
3467.1254928315407
4208.300552568696
3291.0822505973715
2489.1217891278375
2075.1995967741937
1459.8293832138588
1244.13134707288
1380.1785319593787
1270.9972326762245
1572.3574581839898
2000.9131459080047
2627.2790957287925
3285.1920624253294
3996.0810558542394
3590.450754181601
2351.801037933095
1809.6446385902032
1582.4534759557946
1218.842995818399
1246.2978270609321
1327.6556152927114
1791.997535842294
2039.1107265531657
2474.752770310634
3598.6534348865016
4349.685035842293
4295.828703703703
2685.609543010753
2197.4686342592595
1931.5868167562721
1464.819410842294
1548.2481350806456
1667.9625709378745
1825.1626680107527
2556.44520609319
3176.216058094384
4265.246348566309
4970.453255675031
4186.485439068099
3399.4692951015545
