0
0
0
0
0
45.11683933226995
545.8234600947296
1027.005677054095
1362.8017589022872
684.5745264380466
16.02771134334556
0
0
0
0
0
0
33.33957859800735
292.5120619131116
1168.308029245117
1584.8781047135471
489.56589749249474
89.4579945128648
0
0
0
0
0
9.465714665573703
0
311.1333933544801
948.7207922792427
1316.6722319213186
339.56310701940555
101.72034212713646
0
0
0
0
0
0
0
257.30489634701775
784.9530859623424
900.8352389850734
501.29316097580323
0
0
0
0
0
0
0
0
226.71038719510508
628.6512964271088
1057.1519512319196
296.5790077676013
45.770273653373835
0
0
0
0
0
0
110.67060698338342
509.16853012419256
1173.1071852588768
1541.5384565050642
418.68063720610735
0
24.70415087929011
0
0
0
0
0
0
413.7431268318136
1100.0511240656076
1123.1004233651538
655.2240677519023
150.54587514624606
0
0
0
0
0
0
0
292.94973219999105
854.8540805373619
943.059325500318
446.2318869205603
36.998243515359775
0
0
0
0
0
0
32.12698094723524
752.8857317723064
1177.9389085638797
1418.4684660127136
539.9659183268329
50.82781785400627
0
0
0
0
0
0
48.98431521970442
488.9645112225673
695.9937590171166
1195.5772991919885
120.36875371845919
0.15533448587731868
0
0
0
0
0
0
0
156.9726171578908
1061.4378053444125
1291.1344470276804
394.63917090752363
38.193141743097854
0
0
0
0
0
0
13.637737543230458
421.0618417531394
1206.9220647368443
1630.7307396122005
594.6986807294975
126.28593304271487
0
0
0
0
0
0
0
156.01815176621892
952.7965424712465
888.2948093028913
371.07033504898584
0
0
0
0
0
0
0
0
486.5650037501693
1148.0671462597395
1168.0356681532264
528.5713041752941
100.90811111159516
0
0
0
0
0
0
30.17898498892943
562.5741040043841
1358.974315051123
1863.2625254828383
619.66995546788
82.99645627886889
0
0
0
0
0
0
49.260329772340015
352.56656577383876
1143.999365868275
1629.939895168122
567.7796105509533
0
0
0
0
0
0
0
0
335.5479598133297
370.0144338308015
1161.812670072679
291.84598531872257
83.5403334978399
0
0
0
0
0
0
46.655039105297874
297.8259665006357
1362.7387144429013
1628.3358559711455
1134.5916639856707
0
0
0
0
0
0
0
23.95670395550418
493.77463786171177
1059.31462821802
1871.542850868346
903.8474906942968
153.17217559062692
0
0
0
0
0
0
20.559712735928485
538.073794000069
1520.4703054896681
1844.4579298092501
1154.0403977961157
0
0
