5.815785543612612
4.146132019120379
2.863575268821692
3.1056227598611184
2.068884408606638
0.3997162485110588
26.50817652329749
157.18227299880525
550.3173536439665
638.7836021505377
242.90285244922342
60.62473864994026
26.723827658303463
4.146132019120379
2.863575268821692
3.1056227598611184
2.068884408606638
0.3997162485110588
4.487753882915173e-12
132.54293608124254
368.50209080047796
408.0480884109916
157.40292712066903
7.606780167268525
5.815785543612612
4.146132019120379
2.863575268821692
3.1056227598611184
3.1889523596176823
1.1464157706093192
34.72222222222222
150.8352001194743
536.9071087216248
470.775462962963
206.68570788530465
34.862044504181604
20.376642771804065
6.3862679211469535
5.103711170848268
3.1056227598611184
2.068884408606638
0.3997162485110588
2.6135043309438473
255.3755973715651
583.9120370370371
644.7573178016727
435.9259259259259
74.80996117084827
32.323962066905615
4.146132019120379
2.863575268821692
3.1056227598611184
2.068884408606638
0.3997162485110588
4.487753882915173e-12
158.3019713261649
489.86036439665475
483.834005376344
157.40292712066903
74.80996117084827
5.815785543612612
4.146132019120379
2.863575268821692
3.1056227598611184
2.068884408606638
0.3997162485110588
4.487753882915173e-12
223.26538231780168
404.3473715651135
414.7711320191159
256.7159498207885
44.19586320191159
14.402927120669059
7.133004778972523
2.863575268821692
3.1056227598611184
2.068884408606638
0.3997162485110588
4.487753882915173e-12
136.27389486260455
267.3252688172043
335.2464157706093
110.73588709677419
18.807459677419352
5.815785543612612
7.133004778972523
2.863575268821692
3.1056227598611184
2.068884408606638
0.3997162485110588
4.487753882915173e-12
171.74320489844683
515.2199074074074
543.1862305854241
297.7841248506571
65.47565710872162
5.815785543612612
4.146132019120379
2.863575268821692
3.1056227598611184
2.068884408606638
0.3997162485110588
26.88168309438471
241.5621266427718
384.55906511350054
512.6019265232975
358.26911589008364
51.6627464157706
5.815785543612612
4.146132019120379
2.863575268821692
3.1056227598611184
2.068884408606638
0.3997162485110588
4.487753882915173e-12
148.96766726403823
344.2349910394265
396.8458781362007
123.05331541218638
42.32900238948626
12.536103643966547
4.146132019120379
2.863575268821692
3.1056227598611184
2.068884408606638
0.3997162485110588
4.487753882915173e-12
113.87432795698928
322.57840501792117
365.112380525687
150.68436379928315
10.966984020310633
5.815785543612612
4.146132019120379
2.863575268821692
3.1056227598611184
2.068884408606638
2.266524790919952
4.487753882915173e-12
113.87432795698928
368.50209080047796
467.41151433691755
159.27045997610517
23.287783751493425
5.815785543612612
4.146132019120379
2.863575268821692
3.1056227598611184
3.9356929510155325
0.3997162485110588
4.487753882915173e-12
134.0344982078853
334.1565860215054
320.6851105137396
101.02561230585424
41.95545848267623
13.65628733572282
4.146132019120379
5.850448028673835
3.1056227598611184
2.068884408606638
0.3997162485110588
4.853457287933094
187.42420848267622
568.6417264038232
483.47744922341695
188.7649342891278
41.58232526881721
5.815785543612612
4.146132019120379
2.863575268821692
3.1056227598611184
2.068884408606638
0.3997162485110588
4.487753882915173e-12
134.4108422939068
474.14725209080046
470.37821087216247
286.2104241338112
14.32709826762246
5.815785543612612
4.146132019120379
2.863575268821692
3.1056227598611184
2.068884408606638
0.3997162485110588
4.487753882915173e-12
34.348678315412194
297.19160692951016
150.80495818399044
90.57160991636799
13.207325268817204
5.815785543612612
4.146132019120379
2.863575268821692
3.1056227598611184
2.068884408606638
0.3997162485110588
4.487753882915173e-12
138.14180107526883
404.3473715651135
268.03875448028674
93.55921445639187
30.754778972520914
5.815785543612612
4.146132019120379
2.863575268821692
3.1056227598611184
2.068884408606638
0.3997162485110588
4.487753882915173e-12
142.6205943847073
484.6397102747909
320.6851105137396
120.44205495818399
34.862044504181604
5.815785543612612
4.146132019120379
2.863575268821692
3.1056227598611184
2.068884408606638
0.3997162485110588
4.487753882915173e-12
146.35640681003585
339.3839605734767
249.37051971326164
129.40001493428912
15.447281959378731
11.042801672640383
4.146132019120379
2.863575268821692
3.1056227598611184
2.068884408606638
2.6398521505376342
4.487753882915173e-12
148.96766726403823
557.0452508960573
426.7166965352449
99.15770609318996
64.35595878136199
