2064.6608271803393
1451.2893360091061
1155.4693788738668
1046.0242511594006
1229.6704163977474
1624.859232370411
2052.3245183652652
2884.1700084410545
3877.800078810788
4287.432017649712
4494.0173090181515
2725.40847353559
2065.0937106146266
1078.3382396647723
930.6594421532556
849.6856953373075
973.9793092015093
1208.4493505602334
1617.6727380485786
2386.9440964832334
3238.388684927027
4198.045218934604
3650.1305151148827
2615.2457462022408
1852.8860649643136
870.9532851480317
882.8040846477545
845.763703128462
862.3519674434846
1243.192130246169
1757.0956995971858
2127.31368256463
3176.333203398566
3458.711558647827
3344.5660495509915
2318.492301657945
1505.8422958962165
1018.0296032404784
726.5451172068982
739.0905752346396
789.0227871089612
1427.950715085262
1987.8899847808852
2414.9794320970454
3422.2863556684483
4090.427889208478
3547.847003905214
2476.259085415118
1423.7804870202342
1049.340633626674
1009.9659286758867
833.2837476264294
925.2992774240192
1324.7825423349964
1710.790499231581
2574.7408532509353
3316.83997854048
3692.3284272793853
3365.7778418327794
2310.7625825356063
1488.9367045862066
1016.925434351776
848.0809589429527
857.7056274774046
814.8971491732168
1132.8956774260205
1753.0930845298315
2540.178293374498
3519.485955530644
4205.4989705860235
3792.072609392256
2310.2664243894246
1906.5139258344425
1262.8557105119307
989.0771873661371
943.9894270789235
885.5616182916871
1107.845639869404
1864.5879740728776
2362.2958262372076
2906.3316882314607
2764.1345847050334
2622.8252899253807
1713.2499966048128
1315.5385718839868
1291.7569088022162
643.2436327338299
714.8590766793437
725.1001715207233
1323.976207281487
1644.5889034318748
2423.331489177721
3477.6937337344402
3991.1054812975804
3396.8294719485
2178.8186091414486
1756.6895324047011
1206.7741858671493
827.7712353160756
675.5875949811506
749.0553559547216
1059.5485146559095
1520.745027602663
2511.8352920496854
3038.773446222749
3666.2900894301024
3450.194462671819
2123.1894952131656
1457.441228518744
1559.0256862362253
896.6272111723371
897.3939116955878
886.5835049644974
1178.7954112483121
1788.7537417747885
2357.268686734766
3176.121373032508
3760.263376284415
3306.743808914501
2542.6490243647413
2368.9932423065634
2199.9943357883103
1661.2285805899292
1105.6946986809933
1358.2983349353524
1794.5217135144962
1975.9226508396737
2281.5406704605007
3261.65978242267
3117.576827053832
3276.0378024763054
2652.080472593973
2119.9489531801732
2025.193683152223
1865.145022422755
1922.7374465972662
1441.1277999166155
1867.708254714297
2206.973690923372
2859.757262767561
3609.0391967091155
3870.881502782483
3540.9480016261896
3233.6223256241065
2669.5850538835616
1250.4785477053513
909.644104994867
1153.95247338166
1063.9763002100499
1476.28953367507
1758.4498270775641
2591.9199408036766
3229.0350239527365
3968.194094008981
3837.024838002799
2551.1040239287045
1747.2925823208504
961.7703591761849
715.4300553444657
676.4847755374651
721.0309023044539
1128.7195109525137
1542.0430659279557
2172.8430336908373
3147.462118248995
2747.962929592864
2898.341627325579
2056.779348134877
1464.5418967808873
975.7408044421454
561.721454353087
691.7987751775456
599.9270921098025
1104.220889903643
1399.924861535643
2129.497192154379
2705.9678682304625
3294.3883164702665
2942.4237428768693
1963.5571162505016
1130.5049166908186
1471.6932976516573
920.3410829316363
998.8153755317535
855.0552330858095
1171.939664705898
1616.1367811080518
2333.3424937483637
2670.7745537760766
3399.143529036229
3079.0743764859008
2325.523435546837
1616.2175440718277
1050.1812607970448
854.8656272605199
790.020304906188
885.6672722756024
1280.6690015558697
1465.9018957624708
1852.702897386771
2409.3756976293753
2575.674726229857
2451.44360893796
1836.9317411753364
1467.3654683552954
1294.33772868682
841.2796918218587
1143.495432823308
1120.1638742025953
1399.755602315781
1903.7342970289756
2401.8934793787116
2854.2768390461206
3416.9682745178943
2515.3063326698866
2154.026952163719
1911.8110106226393
1409.2887714176654
1278.9483520412116
1376.4642299751445
1411.9490741776867
1607.1115520263738
1787.651398590821
2527.7227217261425
3410.9493039931126
3333.2527333475614
2995.1032270204173
2660.8590165952837
2059.362773248473
2039.5000588681219
1432.3646940073645
1657.4885672180167
1294.1050156074775
1610.1537754354788
2064.1764149885635
3264.643318185754
3879.1930852491996
4355.821733653697
4208.406707331434
3140.27070260222
