525.0654207735962
249.2196266427718
127.63148700716849
164.76372565710872
62.38310958034649
153.64995781063323
634.5822991338115
2840.145527180406
6318.364180107525
4449.269011350059
2920.76369474313
1344.0757579151727
482.9838015232976
556.830199746117
405.8725903524492
175.78033576015525
130.89413985961767
233.2227927120669
897.9686417264038
2522.1171818996413
7284.156432945039
5933.2167301373975
2879.486753285544
1290.0261088709672
774.8064131571085
272.29627464157704
216.15881272401438
189.16893406511355
169.34347402180404
131.65707549283152
461.72955607825565
2330.5952322281964
5487.591125298685
4729.331642025089
2593.7895459976094
729.5107915173238
339.40837253584226
303.8746072281958
138.2365703405018
82.17363653673836
105.0937539575866
305.67156100657115
634.0591394115891
2480.3009221923535
5581.657370071685
3825.3573812724017
2790.6954450418157
1392.6432609020308
365.7503442353644
352.8862750149343
259.68493503584233
204.37965494324965
146.51713455794507
232.20009520609318
759.6084214456389
2890.429162933094
5446.58514411589
5224.036611409796
2772.3679398148147
818.3773532706095
510.0939426523296
222.37308243727603
132.24733165322579
132.50802158004782
159.71749103942653
272.4399331690562
886.8562985364397
3188.9630040322577
7848.267562724016
5012.868824671446
3559.334027777777
1350.2887507467142
538.0546658452809
199.45470803464752
136.6948443100359
151.57895837066906
107.95917532855438
302.9280556776434
951.3005787037033
3279.8856481481475
8341.563172043012
5375.65271804062
3773.1225059737144
1113.1794653524487
514.8467637395461
247.39008101851852
89.38311943697728
115.73623648446832
71.42741610663083
117.22064336917562
537.2541890681005
2412.6354129330934
4376.466715203105
3864.1994026284365
1721.3695228494623
919.700312126643
300.24636835424127
412.27421557646346
121.53516166367983
507.6027075866188
121.01996617383514
188.56082959976104
465.79020870669046
3229.404745370371
5993.526291816009
4522.160786290322
1985.5519825268814
937.6690188172038
576.3114784946239
409.04832922640384
189.74043234767026
122.32086398596175
137.94041797341694
215.43160058243728
1218.7943511051378
2310.174118876942
5698.402475358423
3457.3055816905617
1476.4674768518516
507.50716547192343
454.0673790322581
270.3095814665472
133.01517958482677
114.31607202060934
68.8202955271804
172.03202284946238
609.3012821087217
1908.177639635603
5621.970120221027
3186.8952770310634
1915.71870146356
827.2811503136204
368.4903658900835
259.0338037634409
233.97856742831542
128.34194119623658
130.26610088112312
361.31210573476704
434.63309699820815
1893.2570340501795
3783.565232974911
3369.9265046296296
926.2354715501792
702.0436010304659
453.7077684438471
261.90876045400233
193.04714157706093
130.6723319145759
117.37078408751495
602.0003759707288
888.281914575866
4281.642715800479
7383.565531660694
5232.892663530465
2694.263657407407
709.7880204599759
305.6856869772997
255.6393328106333
177.75991338112308
144.4715744474313
123.69949906660692
255.92308990442055
444.7615251642771
2910.159711021506
5864.713877688171
5222.7193548387095
2550.7836245519707
771.6305958781362
512.8124634109918
208.19586469534045
121.88489097968942
164.13477919653528
87.6146903001792
171.28506011051377
619.3257691158897
1759.5954002389485
4022.5302232676227
3689.9810887096783
3169.4465539127837
525.6090662335723
143.32258613351252
232.95209154719237
92.0629489247312
167.22190389784953
110.3079692353644
198.60334341397848
523.1340710872166
2741.7903449820783
5210.071169354838
4405.689041965352
2735.818854540024
933.0366226105141
379.942882691159
263.7933819071087
173.7201155540621
110.46617712066904
85.0882137096774
219.94724275686977
558.7097520908005
2448.104704301075
5759.865957287933
2932.4063657407405
1211.7069593787337
599.2264392921148
352.7852146804063
260.6170680256868
230.16142697132616
111.33601004330944
207.00065807945043
103.40919313769413
671.7718776135007
3535.213545400239
7294.833747759853
4415.973439366785
1795.9840912485065
1013.2816233572282
574.8943171296296
339.26076090203105
162.74917450716845
162.52396468040618
126.78362578405023
545.6834300328554
859.6681675627239
3055.636432198327
6005.861939964158
5288.847293160096
3698.894814068101
1084.4194593787333
490.85787149044216
291.804828255675
145.0878789575866
182.6140492084827
133.40036357526884
267.40473379629634
988.272229689367
3587.5384931302265
8098.346300029867
6190.008557347671
3734.7232116188784
1331.4346363500595
