4.851403823205228
3.8439740143369177
2.3887022103020024
2.5906137993103657
1.7258064516401148
2.836969832735962
2.4996639784946235
43.458781362007166
78.13246714456392
52.49439964157706
27.914053166069294
9.82433542413381
5.508139187574671
6.55417413381123
4.748917264038232
3.740890083632019
1.8054136798088412
3.965890083632019
35.17734468339307
99.18608124253286
154.0359916367981
146.5990890083632
26.73237753882915
10.78853046594982
8.678688769414574
3.665636200716846
2.3887022103020024
3.7846848864994027
1.7449111409796894
5.380465949820788
31.781660692951014
91.8010752688172
80.34274193548387
59.506048387096776
23.584229390681006
11.898148148148149
5.1539015830346475
3.458669354865921
2.3887022103020024
2.5906137993103657
3.0723192951015528
13.432661290322581
45.452508960573475
109.61768219832736
140.19563918757467
29.717368578255677
24.108796296296298
15.595878136200717
5.279681899641577
3.5669317502986857
2.3887022103020024
2.6172815860215053
2.3825418160095575
9.258527479091995
42.02508960573477
117.44698327359617
129.15919952210274
73.91763739545998
30.608198924731184
7.511798088410992
7.983796296296297
3.458669354865921
2.3887022103020024
2.5906137993103657
6.780689964157706
6.686842891278375
51.194743130227
185.07691158900838
232.76956391875746
93.99305555555556
49.555331541218635
12.586618876941458
5.110916965352449
3.458669354865921
2.3887022103020024
2.5906137993103657
2.1540845280764636
0.5467629928315412
45.452508960573475
138.61260454002388
185.07691158900838
124.26112604540022
42.445116487455195
8.256048387096774
6.098006272401433
3.458669354865921
2.3887022103020024
2.5906137993103657
1.7258064516401148
9.018458781362007
49.75731780167265
109.72968936678615
106.61589008363202
85.65598864994027
25.80047789725209
7.788045101553164
4.851403823205228
3.458669354865921
3.2671370967741935
2.5906137993103657
1.8977449223416964
0.6637768817204301
44.784199522102746
51.40755675029869
140.7706093189964
73.91763739545998
24.686006571087216
9.442204301075268
6.84468339307049
3.458669354865921
2.4794504181600954
2.5906137993103657
1.7258064516401148
4.206257467144563
52.97565710872163
64.63560334528077
140.9199522102748
82.84087514934289
22.85506272401434
7.5985663082437265
5.552718040621266
4.942913679808841
2.3887022103020024
2.5906137993103657
2.904345878136201
4.7084229390681
14.026284348864994
86.07004181600956
49.87679211469534
50.530540621266425
24.526583034647555
10.445415173237752
4.851403823205228
3.458669354865921
2.3887022103020024
2.5906137993103657
2.2193473715651133
8.847834528076463
27.311827956989248
92.46191756272401
42.9136798088411
64.35222520908005
23.663754480286737
6.510756421744324
4.851403823205228
3.458669354865921
2.3887022103020024
2.5906137993103657
1.7258064516401148
8.043623058542414
49.87679211469534
154.0359916367981
148.86126045400238
70.40807945041816
28.619698327359618
7.868018219832736
5.849649044205496
5.1510603345280765
2.3887022103020024
2.5906137993103657
1.7258064516401148
2.482840501792115
51.76597968936679
104.40188172043011
137.9965651135006
61.80219534050179
29.117756869773
7.655092592592593
4.9596662186379925
3.595590651135006
2.822543309438471
2.5906137993103657
1.7258064516401148
7.895773596176822
5.621639784946237
81.94444444444444
96.42323775388292
80.35058243727597
34.56466547192353
6.345579450445371
5.070325567502986
3.5864359318996417
4.92006421744325
2.5906137993103657
1.7258064516401148
2.864784946236559
6.360513739545998
64.28838112305854
152.49402628434888
60.37970430107527
30.98902329749104
6.4419018817204305
5.14594160692951
3.458669354865921
2.3887022103020024
2.5906137993103657
3.208071983273596
5.388306451612903
45.411439665471924
106.2313321385902
134.45340501792114
24.563172043010756
17.98708183990442
7.95758661887694
5.440486857825568
3.5836506869773
2.3887022103020024
2.5906137993103657
2.730398745519713
10.46297789725209
54.88724611708483
167.49178614097968
142.45071684587813
61.39523596176822
29.64531063321386
10.958781362007167
4.851403823205228
3.458669354865921
2.3887022103020024
2.5906137993103657
1.7258064516401148
2.9165695937873357
27.073999402628434
106.2313321385902
121.23282556750299
61.39523596176822
49.58109318996416
6.345579450445371
4.851403823205228
3.458669354865921
2.3887022103020024
2.5906137993103657
1.7258064516401148
9.970519713261648
40.90128434886499
178.19967144563918
317.07362604540026
154.78681302270013
51.36872759856631
7.081130525686976
