4.851403823205228
4.6527404420549585
2.3887022103020024
2.5906137993103657
5.598640979689367
8.055197132616486
27.311827956989248
145.58318399044205
140.7706093189964
52.56907108721626
50.875522700119475
12.379778972520908
4.851403823205228
3.856705495818399
2.3887022103020024
2.5906137993103657
1.7258064516401148
12.386514336917562
43.82467144563919
129.15919952210274
148.86126045400238
104.65240442054959
23.64770011947431
10.934513142174433
4.851403823205228
3.4897151284348866
2.3887022103020024
2.5906137993103657
1.7258064516401148
4.206257467144563
37.29540023894862
132.9786439665472
100.73924731182795
68.6570340501792
26.21415770609319
7.5985663082437265
4.851403823205228
3.458669354865921
2.3887022103020024
2.6065348715651133
1.7258064516401148
6.574462365591398
71.65098566308244
148.86126045400238
215.3935185185185
124.55981182795699
39.84206989247313
12.497386499402628
4.851403823205228
3.458669354865921
2.3887022103020024
2.7418645459976103
3.0870669056152926
9.997401433691756
59.05017921146953
215.3935185185185
224.081541218638
131.32877837514934
49.123357228195935
13.532332735961768
7.091397849462366
3.586036439665472
2.3887022103020024
2.5906137993103657
1.7258064516401148
9.355600358422938
62.58960573476703
135.52867383512546
138.35125448028674
55.04069593787336
30.98902329749104
12.395459976105139
5.281660692951015
3.458669354865921
2.3887022103020024
2.5906137993103657
1.7258064516401148
7.895773596176822
61.01777180406213
163.3811230585424
176.32541816009558
105.07803166069297
38.88254181600956
11.042040023894863
9.309289127837513
3.458669354865921
5.242495519713262
2.5906137993103657
3.0791143966547194
7.072147550776583
42.9136798088411
126.17234169653524
118.80973715651135
60.37970430107527
24.744997013142175
6.345579450445371
4.851403823205228
4.300888590203106
2.3887022103020024
2.5906137993103657
1.7258064516401148
12.386514336917562
64.70280764635604
137.9965651135006
217.79047192353644
105.60073178016727
22.804286140979688
10.958781362007167
5.520086618876942
3.518372909199522
2.4173599910394263
2.5906137993103657
1.9447281959378733
6.574462365591398
54.778972520908006
171.30749701314218
186.08124253285544
106.75813918757467
30.87402927120669
6.345579450445371
6.101217144563919
3.458669354865921
2.9260379330943844
2.5906137993103657
1.7258064516401148
8.811992234169654
27.311827956989248
119.8439366786141
65.72207287933094
59.07295400238949
32.130002986857825
10.78853046594982
5.758885902031063
3.458669354865921
5.867458183990442
7.174320489844684
1.7258064516401148
7.895773596176822
49.75731780167265
154.11439665471923
189.2659796893668
101.43033154121864
28.683915770609318
6.345579450445371
5.701575567502987
5.804659498207886
2.4866151433691757
2.5906137993103657
1.7258064516401148
11.96574074074074
31.781660692951014
145.13515531660693
161.67861409796893
98.38747013142175
25.262843488649942
9.996303763440858
4.851403823205228
3.458669354865921
5.242495519713262
2.5906137993103657
3.2482452210274784
5.6668309438470725
52.70683990442055
129.15919952210274
161.9586320191159
60.08848566308244
27.59931302270012
11.121938470728791
4.851403823205228
3.7890232974910396
2.492189366786141
2.5906137993103657
1.7608318399044205
8.930719832735962
39.03076463560335
39.03076463560335
41.91308243727599
48.74589307048984
24.7703853046595
7.269003882915172
4.851403823205228
3.458669354865921
2.3887022103020024
3.3707437275985663
5.469459378733572
12.386514336917562
32.25246415770609
137.78375149342892
145.58318399044205
93.31727897252091
36.425104540023895
7.539650537634409
4.851403823205228
3.458669354865921
2.3887022103020024
3.139896953405018
4.941830943847073
8.453195937873357
23.74925328554361
83.52747909199522
120.15382317801672
125.75082138590203
52.26366487455197
14.15173237753883
11.397476105137395
3.7213672341696533
2.3887022103020024
2.5906137993103657
1.7258064516401148
10.593652927120669
12.780764635603346
121.44937275985663
138.61260454002388
72.3980734767025
41.80107526881721
6.4419018817204305
6.187985364396654
3.458669354865921
2.3887022103020024
2.7744922341696534
2.7336096176821982
3.796161887694145
26.269787933094385
148.86126045400238
136.1036439665472
28.423312425328554
46.91494922341697
7.224014336917561
5.701575567502987
3.458669354865921
2.3887022103020024
2.5906137993103657
1.7258064516401148
9.064381720430108
58.43040621266428
54.88724611708483
145.58318399044205
46.152927120669055
30.063844086021504
9.442204301075268
