1039.4840725806448
379.09710349462364
157.3798980734767
176.93849544504184
97.66809106182795
186.63757541816003
775.4706033452806
3453.2121677120667
9079.856111857825
6230.995250896057
4837.947449970133
1361.8379928315403
499.5628550627241
185.41506235065705
125.83470691457586
107.32512432795701
141.241860588411
205.6990156810037
321.7006653225806
3930.9949932795694
6813.913030167266
5307.4816382915205
2632.4623469235366
756.9691185035841
403.48818287037057
197.75537597072875
139.27138963560333
134.68663993428913
145.13599040471928
115.84446535244925
652.4632071385901
4506.4852411887705
8818.789878285543
7248.794855137397
4165.26166367981
1326.9200940860214
333.12261163381135
228.35879405615296
119.42972584378735
89.8717705346475
116.69357452210272
414.5125500298686
699.5078102598567
2414.84252165472
6046.626265681003
4902.237701612904
1845.8386014038224
591.458458781362
436.19520870669055
379.56153263142176
146.4626953405018
112.59177662037041
79.4310695191159
167.0228363948625
1021.7059662485063
3571.6391465053757
6920.6337290919955
5430.323107078853
4126.057900238948
1462.9641502389488
525.4754215203105
310.00784759557956
175.50080495818398
157.15821236559142
105.16090061230585
250.35882317801673
574.4206496415771
3761.293667861409
7545.018257168459
5739.903356481479
1968.0070751194746
899.1016890681005
355.6382090053763
173.28841435185186
122.64192469384709
248.0451155913978
101.93768313172045
146.51675328554364
609.609764411589
2865.6774268219838
7230.315322580646
4669.51572207288
2193.6997013142172
996.9820452508964
556.6528670101551
187.38353643966545
144.04078031660694
95.63525836320191
149.46053192204303
278.99177270011944
1282.734946236559
1906.2146020011946
7113.98135080645
4776.146389635603
1603.270639187575
603.8358658154121
138.80675739247314
121.89615050029869
99.72701497162487
125.57196990740741
156.9867041517323
69.62966513590204
402.3024074074073
2419.579640830347
3192.5305592891286
4525.61882840502
997.8500074671442
688.9058355734765
331.35129592293896
286.12252352150546
365.31444668458784
161.04751810782557
164.31466233572277
202.62457474611708
898.8795191158899
2923.678647700119
7044.275250149341
4425.672281959379
1873.7320937873353
1034.8889187574678
336.37316980286727
205.082679958184
102.17804293608125
99.40035397998805
106.54742394713261
129.48459356332137
597.072945041816
3117.1488687275987
6789.568313172046
4030.095654121864
1797.5138814217446
819.8444033751493
516.4419970878137
192.0808258661888
235.81324298088416
69.57547020609319
125.63882679958184
168.8049111409797
405.88402105734747
2277.8505637694143
5911.741704002388
3375.893578255675
1841.3468077956982
871.7032948775388
338.53068996415766
265.6660327060931
177.23628621565106
126.60285222520909
143.34645609319003
232.55305219534046
636.0472281959379
2207.378737305855
6119.339172640383
3379.3835013440853
1333.4675104540024
616.1504002389487
367.6681541218638
348.4902400686978
103.43007903972519
436.00440598864975
136.33131776433694
214.89833183990433
472.2667727001192
1946.850728046595
5935.3024529569875
4401.987156511349
1388.3641875746712
530.9914602001194
428.82848491636787
328.72238276583045
181.96858422939061
149.22294265232978
146.3518422565711
554.8264351851852
482.08051784647535
2720.971654719235
5781.053703703705
3682.0447281959387
1469.8249850657112
722.5472868130227
381.8046027479092
342.1058150388293
286.0628166069295
130.98681488948625
197.94956037186384
113.74664613201914
503.63886088709677
1330.259046445639
4615.518787335723
2485.994429510156
1585.2931936977304
726.6650847520908
439.1551803315415
264.718689516129
122.44691203703704
153.95944799133812
142.2949271206691
163.70427568697727
565.3023696983273
2074.1018966547185
5568.641214904422
4261.822356630824
1852.3165322580653
527.804503808244
324.90852262544803
201.46233982974914
153.11112048237754
85.45944100955792
87.81117600059737
252.53944929808836
432.975535020908
2760.928266875747
7056.479592293906
4988.791300776582
1675.0521729390682
867.4247763590205
488.8970433841099
315.83563060035846
130.44672326762245
184.7530160170251
82.49804745370369
150.85939964157714
154.02620743727593
1413.6221326164875
5186.4121415770605
3339.1970915471916
1652.893018219833
752.3666506123059
291.0921027479092
295.7355014187575
107.76272939068102
83.1309655017921
62.543222110215076
166.22389299581843
678.066275014934
2476.748327359617
4895.133150388291
5110.025272550777
1581.1907183393075
1064.0197468637991
