419.6932455943848
264.82660692951015
181.51843372909198
134.20966816009556
109.06503035394263
256.48106929510146
704.7139672939066
3339.2765905017927
6093.7383213859
4117.828729838709
2322.812701612902
1063.6985065710867
507.4611346326164
185.77160244922342
140.78508101851855
173.44747901732381
119.64757075119475
273.4748879928314
875.303388590203
3401.9412559737157
6613.488224313024
4138.590957287933
1457.361450866189
1038.8890083632018
524.7555268070491
498.8468025686978
103.62641718936679
176.4346027479092
87.98907989844687
126.31534386200713
822.9760196385904
2267.007045250896
3949.3832399940256
3618.579666965353
1853.613552867383
592.9821848864993
390.22638851553154
231.362007541816
160.87444418309437
105.91269369772999
145.46446609916373
144.6888496117085
848.2414045698927
3517.279737903226
5667.037223715651
5521.846206690563
3361.657508213857
1366.5135304659495
213.43795250896056
310.9735980436081
98.83803020459978
132.53263287783753
113.03612193847073
179.1762365591398
974.340972222223
2174.5975395758655
6382.661361260451
5742.103214605732
2676.6884520609324
680.7422651583031
282.97876941457594
281.09979838709677
155.98401844384708
168.70957508213857
189.89068436379927
262.193134707288
665.7855395011945
4850.935958034648
7898.524843189965
6100.917417114694
1785.5637843488653
683.835014934289
170.1969242831541
184.87127426821988
123.15058430406215
157.2019613575269
116.36435151583035
156.73735999103948
1252.4190972222218
2645.5705085125446
5658.12485439068
5733.4803203405
2608.5981892174445
746.8011140979689
358.68234206989246
243.3358527479092
130.94945564516127
174.28726971326168
92.62667551523298
367.62699111409796
685.9909979838709
2917.560151583035
6471.436611409797
5215.214882019117
2805.5659012843494
714.1080204599763
667.0663993428915
530.4774544504181
130.3833766427718
325.301280167264
92.90051788381122
245.93097968936675
592.7829177867382
2535.7516166367977
6485.769410842294
5079.50434961171
2889.3602225209074
1066.8591771206686
334.5642652329749
413.70866375448037
206.32163418458782
103.9595299432497
152.09928629032262
161.12221774193551
1092.88082437276
4252.968260902031
9075.923357228194
6443.73015606332
4191.675123207882
1298.2994250298686
660.4951527031061
285.12969160692944
99.1659235737754
268.8529582959975
106.95115076164875
194.06179323476704
201.1304599761052
3988.720575716846
6426.268705197135
4735.689919354842
2083.490501792114
842.219735289725
239.27887619474313
210.4910629480287
181.43024369026278
166.21075963261646
124.74602434289129
179.90688881421744
552.5316502389485
3045.507075119475
6903.1362156511395
5553.582146057349
2502.259248058542
497.3427393219833
464.2957067652331
308.3116423984469
122.10438362455193
150.3949799133811
140.12165240442053
144.9346348566308
861.480206466547
3442.992394713261
8046.4962216248505
5725.629528823179
2892.517521654719
1146.7590352449224
488.77151657706094
414.5223939665472
121.77407482078856
210.84063134707284
83.58947771057348
145.77941270908008
429.30128397550783
3834.4189105436067
6865.71788381123
4906.853009259256
1803.2291890681004
474.32046893667876
275.14251381421747
226.903746639785
190.83015681003587
96.80010364396657
88.18067783004778
156.385607078853
761.8471598715648
2972.458684289127
4701.141718936678
4055.513844086021
1688.5769414575855
852.7123062275982
575.8803520758663
168.78653935185187
157.90043048088413
111.78800392025089
429.6647524641577
310.95550552568693
723.900509259259
3201.4833781362013
6749.0266726403825
4455.710364396655
3835.487850955794
1120.9668234767025
443.28346811529264
216.8778416218638
126.80875470430107
276.5359743876942
168.83278274342894
191.89643443847072
476.0977090800476
3604.237406660693
8499.850126941457
6745.015475657109
3313.4012507467137
1033.6143630525685
530.2452688172045
340.7241129032258
140.4391565860216
124.66553576762244
148.79732874103945
302.78235887096776
861.9800149342891
2696.668484916367
7941.582545549579
6405.145067951018
4440.165699671445
1296.37688172043
274.7352251344086
355.72142659796896
116.2358167189367
88.95252887171446
130.1828430032856
110.6006832437276
490.4113903823178
2734.1573178016733
6947.133576015529
5648.220807198328
2243.9970542114697
715.8284162186379
311.28634819295104
223.86175813918757
152.52216397849466
80.46413052568698
64.11520855734769
447.23510080645144
833.2050074671449
2524.2877762843477
4216.075612305855
3587.3287410394264
2146.0711581541223
701.2097785991632
