5.815785543612612
4.146132019120379
2.863575268821692
3.1056227598611184
2.068884408606638
0.3997162485110588
4.487753882915173e-12
188.1724163679809
294.9522102747909
335.2464157706093
120.06608422939068
32.248543906810035
14.029868578255678
4.146132019120379
2.863575268821692
3.1056227598611184
2.068884408606638
0.3997162485110588
8.214083034647553
187.42420848267622
430.8531212664277
225.85088112305854
18.14142771804511
27.021505376344088
5.815785543612612
4.146132019120379
2.863575268821692
3.1056227598611184
2.068884408606638
0.3997162485110588
4.487753882915173e-12
4.487753882915173e-12
323.3266129032258
250.11798088410987
18.14142771804511
37.10200119474313
5.815785543612612
4.146132019120379
2.863575268821692
5.345758661887693
2.068884408606638
0.3997162485110588
7.840501792114695
97.4454898446834
323.7029569892473
358.76568100358423
258.58385603345283
37.10200119474313
5.815785543612612
4.146132019120379
2.863575268821692
3.1056227598611184
2.068884408606638
0.3997162485110588
11.200679510155314
75.41778673835127
334.1565860215054
365.112380525687
75.63881421744325
7.606780167268525
11.042801672640383
4.146132019120379
2.863575268821692
9.825940860215054
2.068884408606638
0.3997162485110588
4.487753882915173e-12
229.98842592592592
426.37432795698925
595.4554958183991
290.69407108721623
20.674320489844682
10.296158154121864
4.146132019120379
2.863575268821692
3.1056227598611184
4.309020310633214
0.3997162485110588
4.487753882915173e-12
207.9607228195938
328.55361409796893
467.76807048984466
294.80137395459974
56.14135304659498
11.042801672640383
4.146132019120379
2.863575268821692
3.1056227598611184
2.068884408606638
4.88008885902031
4.487753882915173e-12
146.35640681003585
327.43391577060925
398.71415770609315
129.77635902031062
12.087152777777776
5.815785543612612
4.146132019120379
2.863575268821692
6.465826612903226
2.068884408606638
0.3997162485110588
4.487753882915173e-12
134.4108422939068
459.23200418160087
483.834005376344
233.94041218637992
51.6627464157706
5.815785543612612
9.37314814814815
2.863575268821692
3.1056227598611184
2.068884408606638
0.3997162485110588
11.200679510155314
246.41763739545996
472.29054659498206
515.9658751493429
250.36962365591398
35.60868428912784
15.523148148148149
4.146132019120379
3.236932497013142
8.332638888888889
2.068884408606638
2.6398521505376342
4.487753882915173e-12
180.329674432497
353.568921744325
268.03875448028674
47.636648745519715
32.248543906810035
12.536103643966547
4.146132019120379
2.863575268821692
3.1056227598611184
2.068884408606638
0.3997162485110588
4.487753882915173e-12
150.0918458781362
423.7597072879331
408.0480884109916
160.76202210274792
19.554099462365592
9.922726254480285
4.146132019120379
2.863575268821692
3.1056227598611184
2.068884408606638
0.3997162485110588
4.487753882915173e-12
202.35775089605735
459.23200418160087
537.9618428912785
99.15770609318996
67.71505376344086
11.41633064516129
4.146132019120379
4.3570116487455195
3.1056227598611184
2.068884408606638
0.3997162485110588
4.487753882915173e-12
235.2154271206691
515.2199074074074
541.3257915173238
211.1689814814815
27.021505376344088
6.935853494623656
4.146132019120379
2.863575268821692
6.092495519713261
2.068884408606638
0.3997162485110588
4.487753882915173e-12
109.01919056152927
279.27120669056154
463.694743130227
120.06608422939068
44.19586320191159
5.815785543612612
4.146132019120379
2.863575268821692
13.186081242532856
2.068884408606638
0.3997162485110588
4.487753882915173e-12
188.54428016726405
329.6733124253286
426.7166965352449
340.7198327359618
40.089045698924735
9.175989396654721
4.146132019120379
2.863575268821692
3.1056227598611184
2.068884408606638
0.3997162485110588
4.487753882915173e-12
188.1724163679809
385.6791367980884
436.4224910394265
370.9625149342891
61.36846624850657
24.1103270609319
4.146132019120379
2.863575268821692
4.225690710872162
2.068884408606638
0.3997162485110588
48.534572879330945
74.29771505376344
323.3266129032258
467.76807048984466
240.28711170848268
54.278113799283155
11.042801672640383
4.146132019120379
2.863575268821692
3.1056227598611184
2.068884408606638
0.3997162485110588
4.487753882915173e-12
132.54293608124254
325.1941457586619
363.9926821983274
216.3959826762246
24.40800477897252
5.815785543612612
7.506335872162485
2.863575268821692
3.1056227598611184
2.068884408606638
0.3997162485110588
26.50817652329749
137.76993727598565
336.3963560334528
366.2320788530466
248.12985364396656
7.606780167268525
