4.976385155316607
3.643357974910394
2.3887022103020024
2.5906137993103657
1.7258064516401148
11.804450418160096
54.88724611708483
82.93757467144565
214.94175627240142
92.09266726403823
35.22140083632019
6.945004480286737
8.302344683393072
3.458669354865921
2.3887022103020024
2.5906137993103657
1.8221288829151732
7.458198924731182
81.34707287933094
82.93757467144565
168.30197132616487
128.00216547192355
27.914053166069294
13.532332735961768
4.851403823205228
6.937425328554363
5.485327060931899
2.5906137993103657
1.7258064516401148
7.095669056152926
34.6598715651135
114.85215053763442
118.3729091995221
64.08714157706093
25.123581242532854
11.671146953405017
4.921456839904421
3.9482153524492234
2.3887022103020024
2.6813620071684587
4.607116188769415
5.7067801672640375
33.29114396654719
73.65218040621266
145.13515531660693
63.50097072879331
33.48230286738351
11.758885902031063
4.851403823205228
3.458669354865921
2.3887022103020024
2.5906137993103657
1.7258064516401148
5.029883512544803
39.11663679808841
165.17697132616487
176.77718040621266
116.24514635603346
44.790919952210274
7.524118876941458
5.340949820788531
3.458669354865921
2.3887022103020024
2.5906137993103657
1.7258064516401148
14.84544504181601
89.22117682198328
167.49178614097968
245.17995818399044
113.5943100358423
55.00784050179212
11.479241338112306
5.155503285543608
4.084378733572282
2.3887022103020024
2.689325716845878
1.7258064516401148
13.189605734767024
44.784199522102746
133.24746117084825
136.32392473118279
124.48140681003584
33.13284050179212
7.659050179211469
8.678688769414574
3.713407258064516
2.3887022103020024
2.5906137993103657
1.7258064516401148
6.686842891278375
46.33736559139785
145.13515531660693
168.81720430107526
112.50784050179212
31.647998805256865
14.796520310633214
6.373842592592593
3.458669354865921
2.3887022103020024
2.5906137993103657
1.7258064516401148
11.000612305854242
49.91412783751493
81.94444444444444
222.52837514934288
81.28024193548387
43.36058841099164
9.82433542413381
6.388590203106332
3.753207138590203
2.3887022103020024
3.937126642771804
2.2193473715651133
6.386663679808841
67.06242532855435
217.79047192353644
261.6636798088411
145.95318100358423
51.656959378733575
7.23715651135006
9.435110513739547
3.458669354865921
2.3887022103020024
2.5906137993103657
1.7258064516401148
8.284438470728793
47.136350059737154
117.44698327359617
141.7749402628435
70.64702807646356
26.258587216248507
6.345579450445371
4.851403823205228
3.458669354865921
2.3887022103020024
2.5906137993103657
1.7258064516401148
5.109781959378733
42.93981481481482
100.71311230585424
119.3847072879331
83.2814366786141
29.117756869773
6.450657108721625
6.5437948028673825
3.458669354865921
2.3887022103020024
2.5906137993103657
1.9900910991636798
6.485229988052569
70.45250896057348
168.35050776583034
232.76956391875746
120.19153225806451
33.13284050179212
12.89165173237754
5.610849761051374
3.458669354865921
2.3887022103020024
2.5906137993103657
3.125261350059737
6.379569892473119
55.5331541218638
185.07691158900838
232.05645161290323
106.05249402628435
42.207287933094385
11.042040023894863
5.395908004778972
4.084378733572282
2.5256235065710873
2.5906137993103657
1.7258064516401148
5.803853046594981
48.17801672640382
85.12918160095579
129.15919952210274
84.84580346475508
29.77150537634409
9.21023745519713
4.851403823205228
3.5864359318996417
2.3887022103020024
2.5906137993103657
1.7258064516401148
2.0258139187574673
53.2444743130227
121.21042413381123
134.45340501792114
56.62746415770609
43.537186379928315
6.779420549581839
5.281660692951015
3.458669354865921
2.3887022103020024
2.6817614994026284
6.422267025089606
7.7762992831541204
55.35394265232975
161.67861409796893
138.35125448028674
85.1370221027479
38.256421744324975
10.218413978494624
5.586954898446834
3.458669354865921
2.7548909796893666
3.2274492234169654
1.7258064516401148
13.189605734767024
64.19877538829152
157.1609916367981
190.54659498207886
119.66509856630825
56.314590800477895
14.0165770609319
6.475358422939068
3.458669354865921
2.3887022103020024
2.5906137993103657
2.4064366786140976
7.230451015531661
49.87679211469534
129.15919952210274
110.03584229390681
84.68152628434886
30.41106630824373
12.148670848267622
5.440486857825568
3.586036439665472
2.3887022103020024
2.5906137993103657
1.7258064516401148
1.586409796893668
37.53360215053763
157.69862604540023
131.47774790919954
46.75963261648746
35.520833333333336
7.868018219832736
