1861.419802688104
1275.926570925474
1224.1348321295416
1407.0161754425544
1199.8139741187754
1685.649121483315
2038.687376788204
2630.683714384903
3144.7106186853384
3845.2352210547306
3219.665755852081
2602.2318755666524
2169.4404624067424
1442.4258180697898
1140.5635240678318
1451.8890731001509
1193.9363544524058
1586.625009535741
2078.214762764828
3137.0814247389094
3771.9031935889147
4178.089760451929
3804.9866605748575
2921.498807731511
2280.658720280923
2500.8021165399064
1237.382019235568
1165.832221646981
1209.152839232612
1693.2407902670768
2154.14160013482
2697.0777319971285
4362.646935477419
4669.281619131697
3935.627280136416
3397.6016579900843
2322.5063341279965
2058.0292336168227
1661.176242505583
1448.0351914234093
2071.20748692975
2013.4634204317372
2460.139234332857
4049.4530842774525
4432.254022932487
4933.521153844083
4459.875453726003
3530.39099252384
2146.1043296128264
1678.574332850092
1483.2174669076667
1469.258482542797
1137.5516781109973
1647.7372839717939
2198.841649171843
2297.459763794542
3330.45692895864
3936.094182954415
3121.4985332903675
2420.633998306216
1936.5964193412835
1238.127218999327
865.7696163503604
946.4021365873214
909.0964248601941
1512.4503249767968
1482.1258092908838
2525.541611026825
3062.6451923884706
3160.2468051141013
2479.443689141359
1658.0607381588402
1140.2084262824703
953.98918572101
807.6094790328038
790.0646036768928
727.7725352570396
879.841458268448
1985.5493129318986
1797.7515759385203
2713.560985573157
3463.5335169033588
1873.6248344295632
1843.3666334029006
1339.5672651336874
977.3285112514399
656.9558926277965
535.6619589971455
587.3348817955142
1324.1029769947481
1547.0621075836073
2260.060622242236
3290.9872298515247
3401.101150353733
3488.892270634282
1973.8487390697644
2063.187814961451
1608.9732226055
841.8302705609976
911.2771447123336
730.9158394523324
863.7149950173199
1367.7568592932244
2365.562192437978
3066.77249789539
4009.1424639820734
3441.226795407781
2598.622925619379
1707.8014883753754
1372.5798379686025
906.3958753001748
999.4777154590292
1010.2192987219642
1608.9976775266866
2060.211451601549
2765.7813883476706
3839.106031784003
4746.9798114696005
4752.90401650112
3352.073606204646
2831.100112079562
1960.3373652088587
1508.216330739272
1471.5906216200613
1254.2805817991516
1646.6997668299089
1828.680442805026
2840.0139791522565
3173.9295068850356
4230.247600650008
3306.6417899315024
2593.827007838895
1767.3293033892537
1355.4783419037162
954.9273999615853
1013.53745145091
1164.4898556215144
1548.1510858821584
1934.044938683229
2729.351979762782
3375.127973590837
4014.1025302615735
3686.1349042546262
2497.6662137662815
1784.8297036744807
1089.0851523947176
921.3674136866231
811.0394544151133
821.0871996276128
1296.2289837198725
1633.702515249606
2041.695265624465
3013.5747976982566
3564.883983495243
3170.5673260553676
1876.2938014077968
1897.045024077123
1098.663175783114
745.1791667542624
776.4674364544308
797.663335846867
1102.5691506627886
1300.0116479172034
2151.2338304351633
2350.5688610805373
2912.5649307876065
2114.450647636212
1818.5417249269922
1489.370731159621
1107.7580087432204
632.3436731777582
750.8304806733636
488.1719980237808
983.5316351246702
1347.9696830708879
1904.8520756669243
1957.2727144072849
2873.5811554786287
2473.440767966477
1597.1871192373592
1270.8230655856812
809.500439975433
677.6418819161045
551.3677426165802
1073.257522512333
1065.8157373612135
1360.6077712514211
2267.0231613110864
3383.9431320317512
3779.4279899083904
3400.9187611931898
2202.9896915205522
1294.9669840359854
994.1762544051688
635.9071557850122
913.4002783978251
853.8587440497956
1103.763329886216
1383.6450222559004
2238.0462030916688
3443.8794648038074
3828.6295126695213
3116.5879488423816
2370.5746921908694
1863.3666444305638
1407.5196320619696
783.2956789783711
956.1852522304166
897.241446633898
1349.1628230445735
1496.0264901293338
2470.312901421723
4160.142475246837
4421.392445664849
4212.07265211433
2334.3633768949016
1667.3085240635
1110.98851753475
819.5976165274722
798.8389051543563
999.3847581681296
1173.9529789976998
1209.212408522123
2221.311170053503
3193.0204322786562
3791.2790550321483
3155.8041678806317
2159.438127258366
1263.5651104647222
821.9102552540236
764.0393878544376
631.2861291953168
748.0575913989946
1311.1253756445592
1775.2247348810363
2519.3706591355754
2793.734684711565
3655.0549325784314
3535.819603090095
2294.782724704968
