5.815785543612612
4.146132019120379
2.863575268821692
9.825940860215054
2.068884408606638
0.3997162485110588
4.487753882915173e-12
93.33818697729988
252.76433691756273
266.91905615292706
98.03800776583036
7.606780167268525
5.815785543612612
4.146132019120379
2.863575268821692
3.1056227598611184
2.068884408606638
0.3997162485110588
1.1200679510155316
148.96766726403823
426.37432795698925
227.34244324970132
25.981929510155318
7.606780167268525
15.523148148148149
4.146132019120379
2.863575268821692
3.1056227598611184
2.068884408606638
0.3997162485110588
1.8668085424133811
193.02755376344086
424.8790322580645
418.5024641577061
158.89896953405017
37.10200119474313
16.64333183990442
4.146132019120379
2.863575268821692
6.465826612903226
2.068884408606638
0.3997162485110588
4.487753882915173e-12
53.76168608124253
198.254554958184
249.37051971326164
283.2231929510155
10.593652927120667
9.549357825567503
4.146132019120379
2.863575268821692
3.1056227598611184
2.068884408606638
0.3997162485110588
4.487753882915173e-12
98.565188172043
329.3014486260454
335.2464157706093
157.40292712066903
35.235140382317795
15.523148148148149
4.146132019120379
2.863575268821692
3.1056227598611184
2.068884408606638
0.3997162485110588
4.487753882915173e-12
158.3019713261649
504.4224163679809
492.06541218637994
104.01284348864993
27.021505376344088
5.815785543612612
4.146132019120379
2.863575268821692
3.1056227598611184
2.068884408606638
0.3997162485110588
4.487753882915173e-12
19.414725209080046
407.33049581839913
125.04629629629629
154.79166666666666
10.966984020310633
5.815785543612612
4.146132019120379
2.863575268821692
6.465826612903226
2.068884408606638
0.3997162485110588
2.240135902031063
129.1838410991637
385.6791367980884
554.4235364396653
87.9603494623656
12.460237455197133
5.815785543612612
4.146132019120379
2.863575268821692
3.1056227598611184
2.068884408606638
0.3997162485110588
4.487753882915173e-12
82.88418458781362
385.30241935483866
286.70736260454004
177.9394414575866
38.59528076463561
12.909647550776583
4.146132019120379
2.863575268821692
3.1056227598611184
2.068884408606638
0.3997162485110588
4.487753882915173e-12
149.34363799283153
322.57840501792117
372.20691457586616
244.77075866188764
38.59528076463561
5.815785543612612
4.146132019120379
2.863575268821692
3.1056227598611184
9.16274641577061
0.3997162485110588
4.487753882915173e-12
145.23633512544802
413.30533154121866
467.76807048984466
172.7120669056153
47.18245967741935
9.549357825567503
4.146132019120379
2.863575268821692
3.1056227598611184
2.068884408606638
0.3997162485110588
4.487753882915173e-12
124.70019414575866
250.14822281959383
247.87858422939067
157.40292712066903
30.381645758661886
15.523148148148149
4.146132019120379
2.863575268821692
3.1056227598611184
2.068884408606638
0.3997162485110588
4.487753882915173e-12
93.33818697729988
342.7430555555555
155.28375149342892
23.368443847072882
12.833796296296295
5.815785543612612
4.146132019120379
2.863575268821692
3.1056227598611184
2.068884408606638
0.3997162485110588
11.574223416965353
126.19623655913979
352.8210872162485
353.91017025089604
97.29465352449223
12.087152777777776
16.269825268817204
4.146132019120379
2.863575268821692
3.1056227598611184
2.068884408606638
0.3997162485110588
4.487753882915173e-12
159.798013739546
384.55906511350054
436.4224910394265
175.69967144563918
23.287783751493425
15.523148148148149
4.146132019120379
2.863575268821692
3.1056227598611184
2.068884408606638
0.3997162485110588
2.240135902031063
157.93010752688173
459.23200418160087
435.3031660692952
257.4641577060932
15.447281959378731
5.815785543612612
4.146132019120379
5.477079599761052
3.1056227598611184
2.068884408606638
0.3997162485110588
4.487753882915173e-12
105.6597222222222
355.80869175627237
406.9287634408603
104.01284348864993
28.88791816009558
20.376642771804065
4.146132019120379
2.863575268821692
6.092495519713261
2.068884408606638
0.3997162485110588
4.480372610513739
205.34498207885304
241.5621266427718
279.6124551971326
297.4126344086022
40.462141577060926
5.815785543612612
4.146132019120379
2.863575268821692
3.1056227598611184
2.068884408606638
0.3997162485110588
4.487753882915173e-12
165.3968787335723
252.76433691756273
386.3922491039427
233.94041218637992
34.862044504181604
7.309221923536438
4.146132019120379
2.863575268821692
3.1056227598611184
2.068884408606638
0.3997162485110588
4.487753882915173e-12
246.41763739545996
518.9848416965352
521.9399641577061
335.12134109916366
11.713720878136199
