10.463859020310633
9.563620071684587
3.7802606033452806
6.401459826762246
6.121901135005973
9.483310931899643
29.361036439665465
105.30055256869773
137.848715651135
191.46542712066903
165.8915770609319
23.911028972520906
25.77662037037037
11.946161887694146
4.812126642771804
6.569817801672641
4.856100657108722
37.91760005973716
37.34651284348865
71.7738201911589
209.9858124253285
164.5228494623656
85.16875746714456
37.962514934289125
11.161589008363201
4.470508512544802
6.580234468339307
4.4017323775388295
3.0900126941457584
11.514747610513739
46.412783751493436
119.38582735961768
274.3081690561529
228.86424731182797
168.20415173237754
45.26247013142174
35.70228494623655
7.187686678614098
6.9847296893667865
4.523633512544803
1.6381496415770609
4.369885005973716
29.774604241338114
85.26433691756273
194.40524193548384
145.4599761051374
103.55809438470729
25.995295698924732
25.830383811230586
29.781362007168457
4.60474537037037
3.6929248805256862
3.722315561529271
7.659423536439664
41.81197729988052
112.7385752688172
211.69280167264037
222.09714755077658
180.0444295101553
69.36118578255676
18.149193548387096
20.003397550776583
11.753397550776583
2.6665994623655913
2.99965651135006
10.106817502986857
39.90512992831541
79.18458781362008
235.7385005973715
201.47326762246118
120.40695937873357
66.9649790919952
22.371639784946233
5.232937574671445
1.5570153823178015
3.026321684587814
3.368040621266427
3.515169504181601
30.675291218637998
93.0047789725209
180.60857228195937
165.50067204301075
125.34759557945041
28.921408303464755
8.641950418160096
10.04413082437276
8.447207287933095
4.6698476702508955
9.956167861409797
14.327695639187572
38.244138291517324
102.15315113500597
226.1305256869773
257.8580495818399
91.3788082437276
36.8378509557945
22.687350657108723
7.7149417562724025
4.221453106332139
4.445922939068101
3.6836992234169648
7.134445937873359
14.878920250896057
89.52956989247312
222.88119772998806
199.2637395459976
106.4796146953405
46.10065710872163
8.358012246117084
10.296370967741938
8.219160692951016
4.4300963261648745
3.3428240740740742
9.954263739545997
36.991039426523294
98.79816308243727
207.13821684587813
195.2497759856631
92.39433990442055
30.379293608124254
20.943100358422942
8.302904719235364
7.770646654719235
3.8139187574671447
3.5688060035842293
7.697767323775389
41.81279868578255
104.43772401433692
240.19787933094383
212.31444145758667
80.25313620071685
34.031959378733575
25.495967741935484
5.768779868578256
3.828782108721625
5.09578853046595
2.432956242532856
8.082325268817204
30.845019414575866
102.34094982078851
239.9111409796894
221.1869026284349
110.54360812425328
49.59341397849463
24.107526881720432
14.554696833930706
5.398932198327359
2.6813545400238947
2.356716696535245
4.34742756869773
38.119436977299884
66.35827359617682
135.1261947431302
161.6655465949821
70.03098864994026
33.51198476702509
19.86368727598566
9.947879330943849
4.65445788530466
3.305611559139785
1.4401209677419355
5.442839008363202
41.37264784946237
87.81810035842295
207.85991636798087
186.44489247311827
151.61962365591398
52.58624551971326
20.09102449223417
14.770945340501791
4.00015307646356
1.7580943847072883
3.806242532855436
8.504069593787335
66.86081242532855
144.6079749103943
259.1681600955794
274.153972520908
168.0406212664277
60.15681003584229
20.641054360812426
18.388179510155318
6.221064814814816
3.9353494623655916
2.3597483572281956
10.588485663082437
34.59423536439665
107.63254181600954
213.54241338112305
229.20624253285547
165.1202210274791
26.959826762246117
34.29902180406213
16.44011350059737
5.910282258064516
6.414911887694146
2.786600209080048
9.760827359617682
33.979652031063324
60.32444743130226
214.33355734767025
176.9780465949821
93.68876941457587
71.07302867383513
40.236521804062136
7.979390681003585
5.990255376344086
3.239784946236559
6.617868876941458
15.015456989247312
33.68824671445639
82.26366487455198
192.7113201911589
186.1297789725209
163.1556152927121
37.282855436081235
8.105958781362007
11.11305256869773
6.741412783751493
2.1958333333333337
7.049320489844682
6.939889486260454
28.864956690561534
106.62485065710872
212.32153524492233
201.34557945041817
179.685633213859
42.38911290322581
8.125746714456392
11.37219982078853
5.66185035842294
6.137059438470729
1.4267921146953404
15.74712514934289
28.540807945041816
128.47707586618876
242.7116935483871
333.4330197132617
203.91763739545996
56.388515531660694
