0
0
0
0
0
0
480.6341679800343
1580.6959398975837
1380.262556393327
976.4820085168998
50.27894342219862
0
0
0
0
0
0
55.72783277960826
515.5621664531354
1739.8036983012698
3249.899012718325
1414.7130002404037
351.1314936168074
9.426933690524336
0.34428410267042153
0
0
0
0
0
470.7988652780167
1545.608113067773
1488.4146901053089
589.1456936382825
304.3417952334686
10.451976993964436
26.27938439045858
0
0
0
0
54.018805040511396
351.18926761344545
1084.6708278978263
1284.233909833341
724.7198336161855
73.00431811543783
0
0
0
0
0
0
0
494.8388967530501
1170.481120202497
1390.4923783525885
907.9264540041604
184.3233650512233
38.49057006344535
0
0
0
0
0
0
407.01463227472993
638.1908172779929
1062.0312880462825
464.7461987353785
131.2006238695715
0
0
0
0
0
0
0
455.59609875535
1346.2193588326327
1172.1733773675433
384.0726340601459
64.95996564803819
0
0
0
0
0
0
7.271749804197867
297.73150490011056
1310.347658793037
1820.7030680331738
535.1999275418268
120.07340032539564
0
0
0
0
0
25.12083457858728
50.1071183426952
439.93546295510197
832.2291564730795
1194.743107589775
494.99317340449124
71.91540745974105
2.779991668173494
0
0
0
0
0
16.965498015403362
509.87102257262706
1360.1600523265552
1561.3038523580578
521.8190972071092
87.76969380487374
0
0
0
0
0
0
0
487.6889030001847
1166.7992151413061
1772.1522188317424
603.5978775980852
154.91603600833088
0
0
0
0
0
0
0
467.6456231151467
815.2957206508227
1682.6203005441005
549.7923933937745
291.8100519196563
0
0
0
0
0
0
4.827482288121331
0
1032.1009779551175
1795.201918024516
895.3598362437288
179.14667111814504
0
0
0
0
0
0
0
290.77908678481685
737.3234186611734
933.1711968270613
1363.5171673772056
211.24293787384124
0
0
0
0
0
0
0
310.30446541418104
705.3184010726286
1262.9268773346898
585.3464787653711
122.12336040073268
0
0
0
0
0
0
99.10758933028505
353.92035908327716
790.5473049363751
1306.9112213329965
697.8378542785517
135.4015937377796
0
0
0
0
0
0
16.202884784752186
334.56080330197966
1103.7173908200486
998.9195249113889
633.0717170988898
18.038168025916306
0
0
0
0
0
0
0
182.5580826894052
574.1873404883016
748.9914712638579
592.0315534719308
13.776009492766775
0
0
0
0
0
0
3.066097623365607
495.19638218668206
1195.7617608345074
1846.1881615015607
457.3182194876062
280.64701131344646
0
0
0
0
0
0
29.757890752654873
310.6943883847764
1696.5313867322013
1844.4579298092501
1026.6176827423521
236.8303816472423
0
