307.4281403076463
246.6863844086022
202.88479465352452
167.98233785095582
300.58503166069295
247.39791629330944
517.2692951015534
3421.7905204599747
6375.90659348865
5297.601142473118
1616.538840352449
632.1240837813621
575.7453830645161
353.5083949372761
160.4949092741935
458.60253509557947
177.8855107526882
194.0032482078853
999.579398148148
2851.668656660693
7556.168204898444
5622.5354652031065
5012.859625149344
848.0672308094383
675.2139755077658
540.6795545848266
186.54942951015533
196.78919205495816
118.61367872610515
127.3756664426523
991.6348297491038
2964.003546893668
7255.1281884707305
5447.412313321385
4026.141020758664
1322.2228307945043
877.233721998208
316.6331634557945
229.38404159199527
174.10057052718037
88.11485297192354
174.43430443548388
391.88100955794505
2992.27645609319
6063.0429696833935
5336.791872013143
2509.9445676523296
1179.3247834528074
649.6294847670251
193.95208856033452
161.41940893817207
153.89737686678612
109.12725537634407
200.52753565561525
932.6257989844684
3694.7166554659498
7923.892682198329
7270.780413679809
3344.535842293906
1278.116789874552
682.2630421146952
208.41543832138595
173.53509109916374
196.2432243130227
123.36971591248505
364.58510304659484
590.4877531362007
2037.5165341248508
6746.128737305853
4775.914799880526
2570.5074970131413
1190.5175739247313
413.34666367980884
202.11209490740737
180.61030913978493
178.1889346624851
108.13953054062125
152.92581466547196
573.5762279719236
2920.3840165770607
6033.613343787337
4160.839695340501
1972.8309475806448
827.7072162485064
337.8574850657108
214.81256869773003
137.76827620967734
126.36362462664279
134.8753691009558
250.23902217741946
435.6190266577061
3108.2508400537636
7265.6139262246115
3904.0085722819595
1928.493974014337
649.5462167712067
267.0055249402628
348.2702486559139
217.90492943548387
150.56453270609316
375.5901646132019
171.4669071087216
455.27092405914
1724.4060114247304
5931.359531810033
4681.212081839903
2226.9739172640375
1159.2104129330946
466.72855958781355
269.33134707287934
117.34658340800478
192.69969672192354
78.37596419504183
159.67438396057344
496.1106156660693
3234.6813993428914
6021.803629032257
5423.051116338112
3577.749193548387
1084.0712066905614
262.0189564665471
159.63882765830354
164.98472341696532
120.00191946684586
75.76472121415772
115.80984692353644
504.98575418160107
2354.941987753882
5739.736783154121
4787.7538791816
2635.1780092592594
1186.8954711768224
353.5254652031063
229.28706391875755
125.66720881869779
147.09140703405018
159.30293581989253
195.94816681600963
492.91000896057346
3478.0294952210274
7254.227441756274
5394.8818697729985
2879.8045512246126
879.6031735364396
581.0315404719234
284.33447617980886
181.39197020609313
153.98882026583038
153.9568374402628
208.6868320639187
452.3674828255676
3619.030387544803
7123.999141278372
5001.31320191159
3379.0883512544788
1301.2690673536433
202.18881720430107
229.98203106332133
114.73514426523295
231.51836693548393
114.33259416069295
204.31463448327355
792.7377859916365
2214.330794504182
6190.732358870971
7458.570026881724
2838.5538269115887
1007.9921258960574
623.9019384707286
213.83631235065715
145.69156981780168
210.04935409199527
114.87679980585425
130.6336742084827
754.0428438620074
1654.4320187425326
6325.960655615292
4897.128587962964
2022.5376829450422
718.1605021654717
341.30345766129017
300.39630973715657
254.99189441457585
141.384107489546
69.83195571983272
190.4217219235364
560.9867349910396
3705.2757915173247
6352.169702060932
3802.2761126045402
2618.111630077658
1042.013388590203
328.7340804211469
159.20298163082438
161.45389930555558
138.54867133363197
158.3447263291517
121.03005264336913
768.8896464307047
3358.113526732379
5086.678091397849
3986.9386536738343
1425.3601777180406
1038.6993503584233
350.9864329450419
421.7122296893669
99.83071356033457
154.87623730585426
147.1110317353644
157.7750317353644
778.54226291816
3047.950250149344
6023.8422192353655
4510.490203106332
3146.59010229988
753.610340501792
363.44854353345283
332.37453293010753
362.5098114545997
218.22301986260453
96.99008109318999
318.9210480137395
495.91134781959363
2795.700709378734
7250.738369922343
3964.3053240740733
2598.4299955197134
840.6614288381124
300.1054487753883
256.22942577658307
200.16603345280757
151.65795082885302
192.94239355585424
190.64988649940264
1445.1505749701319
3336.0412783751494
7376.803464755075
7200.839370519713
2554.109837962962
896.4696994474309
