0.0
0.0
1.8667764336917563
0.0
0.0
0.0
0.0
48.164463859020316
134.408527479092
160.16969086021504
75.04618428912784
6.7206541218638005
5.973573775388291
0.3733557347670251
0.0
0.0
0.0
0.0
0.0
20.908131720430106
173.23906063321385
166.14202508960574
142.24854390681006
15.307683691756269
1.493414351851852
0.0
0.0
0.0
0.7467278972520908
0.0
0.0
20.908131720430106
121.71255227001194
163.53132467144565
145.98394563918757
27.25524566905615
15.307683691756269
0.0
0.7467278972520908
0.0
0.0
0.0
0.0
9.707194593787337
98.93966547192353
152.70306899641574
94.08788829151733
12.320687724014338
0.0
0.0
0.0
0.0
0.3733557347670251
0.0
2.240142249103943
33.975433094384705
106.03251941457587
124.7008288530466
45.54999253285544
0.0
0.0
0.0
0.0
0.0
0.0
0.0
0.0
33.975433094384705
148.96766726403823
153.4502314814815
90.35285991636798
1.1200899790919951
0.0
4.480283004778973
0.0
0.0
0.0
0.0
0.0
69.06970579450419
109.7679211469534
132.54084528076464
0.0
8.587029569892474
1.493414351851852
0.3733557347670251
0.0
0.0
0.0
0.0
1.1200899790919951
85.12731481481482
135.15568996415772
92.96733124253285
116.11402329749106
0.0
4.106933243727599
0.0
0.3733557347670251
0.0
0.7467278972520908
0.0
0.0
33.975433094384705
91.84677419354838
135.90247909199522
100.80734767025089
12.694190561529268
0.0
0.0
0.0
0.0
4.853823178016726
0.0
0.0
13.814392921146954
138.89071833930706
100.06018518518518
98.5662709080048
13.814392921146954
0.0
0.0
0.0
0.0
0.0
0.0
0.7467278972520908
24.64175627240143
121.71255227001194
72.05794504181601
94.83086917562724
35.09561678614098
1.1200899790919951
0.0
0.3733557347670251
0.0
0.0
0.0
0.0
11.200899790919951
154.57075119474314
138.1439292114695
94.45747461170848
0.0
0.0
0.0
0.0
0.0
0.0
0.0
0.0
85.12731481481482
114.61969832735961
120.96957138590203
112.3786215651135
14.187481332138592
0.0
0.0
0.0
1.1200899790919951
0.0
0.7467278972520908
4.480283004778973
38.08262395459976
101.18111559139787
205.34595280764637
103.79144265232975
6.7206541218638005
0.0
0.0
0.0
0.0
0.0
0.0
0.0
26.881705495818398
167.63597670250897
224.76138739545996
107.52684438470726
0.0
0.0
0.0
0.0
0.0
0.0
0.0
0.0
68.69631123058544
73.92562724014337
91.09961170848267
92.5939366786141
0.0
0.0
0.0
0.0
1.1200899790919951
0.0
0.0
0.7467278972520908
70.56399342891278
101.92790471923539
112.3786215651135
0.0
22.774962664277183
0.0
0.0
0.0
0.0
0.0
0.0
0.0
35.46875000000001
77.28349014336916
111.262208781362
77.65688470728793
8.960569743130227
0.0
0.0
0.0
0.0
0.0
0.0
0.0
38.455607825567505
92.96733124253285
96.32515681003584
97.07194593787335
16.427848715651137
0.0
0.0
0.0
0.0
0.0
0.7467278972520908
0.0
69.44347371565114
110.51508363201911
110.88847819593788
100.06018518518518
26.881705495818398
