5.815785543612612
4.146132019120379
2.863575268821692
3.1056227598611184
2.068884408606638
0.3997162485110588
4.487753882915173e-12
157.93010752688173
347.22222222222223
358.76568100358423
18.14142771804511
15.820863201911589
19.629965651135006
4.146132019120379
2.863575268821692
3.1056227598611184
2.068884408606638
0.3997162485110588
4.487753882915173e-12
101.92465651135007
379.70392771804063
281.4799880525687
67.42413381123059
7.606780167268525
5.815785543612612
4.146132019120379
2.863575268821692
3.1056227598611184
2.068884408606638
0.3997162485110588
4.487753882915173e-12
100.43309438470729
359.5437574671446
350.17958482676227
199.96714456391877
21.794504181600953
5.815785543612612
4.146132019120379
2.863575268821692
3.1056227598611184
2.068884408606638
0.3997162485110588
4.487753882915173e-12
69.81892174432497
280.39090501792117
350.9274193548387
115.586917562724
7.606780167268525
5.815785543612612
4.146132019120379
2.863575268821692
3.1056227598611184
2.068884408606638
0.3997162485110588
4.487753882915173e-12
142.6205943847073
426.37432795698925
278.8687275985663
76.38664874551971
7.606780167268525
5.815785543612612
4.146132019120379
2.863575268821692
4.599059139784946
2.068884408606638
0.3997162485110588
3.7335722819593786
170.6235065710872
413.30533154121866
162.3786589008363
94.6789127837515
15.447281959378731
5.815785543612612
4.146132019120379
5.103711170848268
3.1056227598611184
2.068884408606638
0.3997162485110588
4.487753882915173e-12
212.0676523297491
294.9522102747909
408.0480884109916
110.73588709677419
47.556003584229394
5.815785543612612
4.146132019120379
2.863575268821692
3.1056227598611184
2.068884408606638
0.3997162485110588
4.487753882915173e-12
100.43309438470729
352.44922341696537
396.1025238948626
160.76202210274792
7.606780167268525
11.042801672640383
9.746677120669057
2.863575268821692
3.1056227598611184
2.068884408606638
0.3997162485110588
7.840501792114695
4.487753882915173e-12
347.9700567502987
268.03875448028674
131.26792114695337
54.278113799283155
22.617010155316606
4.146132019120379
2.863575268821692
3.1056227598611184
2.068884408606638
0.3997162485110588
7.840501792114695
157.55824372759858
458.12537335722817
537.9618428912785
244.77075866188764
28.88791816009558
21.870370370370374
4.146132019120379
2.863575268821692
3.1056227598611184
2.068884408606638
0.3997162485110588
4.487753882915173e-12
66.45982676224612
352.44922341696537
482.7273745519713
111.4796146953405
44.19586320191159
5.815785543612612
4.146132019120379
2.863575268821692
3.1056227598611184
2.068884408606638
0.3997162485110588
4.487753882915173e-12
134.0344982078853
633.2138590203107
530.5283004778971
75.2665770609319
14.32709826762246
5.815785543612612
4.146132019120379
2.863575268821692
3.1056227598611184
2.068884408606638
0.3997162485110588
4.487753882915173e-12
157.93010752688173
282.25843787335725
263.5599611708483
96.17495519713263
23.661364994026286
5.815785543612612
4.146132019120379
2.863575268821692
3.1056227598611184
2.068884408606638
0.3997162485110588
9.707362604540023
78.77688172043011
426.37432795698925
415.8908303464755
244.77075866188764
22.91427718040621
14.029868578255678
9.37314814814815
2.863575268821692
3.1056227598611184
2.068884408606638
0.3997162485110588
4.487753882915173e-12
183.3169056152927
456.22461170848266
423.72909199522104
177.191233572282
56.14135304659498
8.802658303464753
4.146132019120379
2.863575268821692
3.1056227598611184
2.068884408606638
0.3997162485110588
4.487753882915173e-12
112.37828554360813
396.5046296296296
490.2053464755078
291.0655615292712
40.089045698924735
5.815785543612612
4.146132019120379
2.863575268821692
3.1056227598611184
2.068884408606638
0.3997162485110588
4.487753882915173e-12
82.88418458781362
430.8531212664277
390.12768817204307
131.6442652329749
51.6627464157706
5.815785543612612
4.146132019120379
2.863575268821692
3.1056227598611184
2.068884408606638
0.3997162485110588
4.487753882915173e-12
177.34655017921148
426.37432795698925
281.4799880525687
110.35991636798089
65.47565710872162
12.536103643966547
4.146132019120379
2.863575268821692
6.465826612903226
2.068884408606638
0.3997162485110588
4.487753882915173e-12
181.453853046595
521.594982078853
580.1851851851851
257.4641577060932
49.42286439665472
12.536103643966547
4.146132019120379
8.090591397849462
3.1056227598611184
6.922341696535243
0.773073476702509
4.487753882915173e-12
139.26149940262843
283.75
336.7376045400239
164.49783452807645
7.606780167268525
