6.935853494623656
4.146132019120379
2.863575268821692
3.1056227598611184
2.068884408606638
0.3997162485110588
3.360203853046596
239.32272998805257
471.18391577060925
555.8870967741937
286.2104241338112
48.67618727598566
5.815785543612612
4.146132019120379
2.863575268821692
3.1056227598611184
2.068884408606638
0.3997162485110588
4.487753882915173e-12
150.8352001194743
353.568921744325
483.834005376344
280.24006869773
21.794504181600953
5.815785543612612
4.146132019120379
2.863575268821692
3.1056227598611184
2.068884408606638
0.3997162485110588
4.487753882915173e-12
30.988500597371566
334.1565860215054
253.10558542413378
94.6789127837515
7.606780167268525
6.935853494623656
4.146132019120379
2.863575268821692
3.1056227598611184
2.068884408606638
0.3997162485110588
4.487753882915173e-12
109.01919056152927
310.6332138590203
241.53188470728793
25.981929510155318
12.087152777777776
11.042801672640383
4.146132019120379
2.863575268821692
3.1056227598611184
2.068884408606638
0.3997162485110588
4.487753882915173e-12
137.76993727598565
388.29039725209077
548.4505675029868
220.49917861409796
15.447281959378731
17.763104838709676
4.146132019120379
2.863575268821692
3.1056227598611184
2.068884408606638
0.3997162485110588
4.487753882915173e-12
215.7989844683393
430.8531212664277
498.0398745519713
303.38747013142176
55.76963859020311
17.016465053763437
4.146132019120379
2.863575268821692
3.1056227598611184
2.068884408606638
0.3997162485110588
32.85536140979689
134.0344982078853
536.9071087216248
543.1862305854241
293.30533154121866
30.381645758661886
5.815785543612612
4.146132019120379
2.863575268821692
3.1056227598611184
2.068884408606638
0.3997162485110588
4.487753882915173e-12
268.0689964157706
536.9071087216248
526.7633661887693
341.4680406212664
90.49096475507766
13.65628733572282
4.146132019120379
2.863575268821692
3.1056227598611184
2.068884408606638
0.3997162485110588
4.487753882915173e-12
93.33818697729988
385.6791367980884
291.1861559139785
268.28965053763443
17.687238649940262
13.65628733572282
4.146132019120379
2.863575268821692
3.1056227598611184
2.068884408606638
0.3997162485110588
4.487753882915173e-12
143.74029271206692
738.1085722819594
583.9038231780168
327.28307945041814
82.65270310633214
10.296158154121864
4.146132019120379
2.863575268821692
3.1056227598611184
2.068884408606638
0.3997162485110588
26.88168309438471
177.34655017921148
402.85170250896056
345.7000448028674
192.1244026284349
7.606780167268525
5.815785543612612
4.146132019120379
2.863575268821692
3.1056227598611184
2.068884408606638
0.3997162485110588
4.487753882915173e-12
163.52859916367981
484.6397102747909
580.1851851851851
315.7093787335723
15.447281959378731
5.815785543612612
4.146132019120379
2.863575268821692
3.1056227598611184
2.068884408606638
3.0132205794504183
4.487753882915173e-12
214.30742234169654
385.30241935483866
483.47744922341695
230.2090800477897
35.60868428912784
5.815785543612612
4.146132019120379
2.863575268821692
3.1056227598611184
2.068884408606638
0.3997162485110588
4.487753882915173e-12
134.4108422939068
347.9700567502987
390.12768817204307
94.6789127837515
14.32709826762246
15.523148148148149
4.146132019120379
2.863575268821692
3.1056227598611184
2.068884408606638
2.266524790919952
4.487753882915173e-12
150.0918458781362
377.8360215053764
334.87007168458774
121.93361708482676
42.32900238948626
18.88332586618877
4.146132019120379
7.717032556750299
3.1056227598611184
2.068884408606638
0.3997162485110588
4.487753882915173e-12
75.41778673835127
327.43391577060925
271.39784946236557
111.4796146953405
7.606780167268525
5.815785543612612
4.146132019120379
2.863575268821692
3.1056227598611184
2.068884408606638
3.759920101553166
4.487753882915173e-12
150.8352001194743
471.93399044205495
348.6831690561529
288.44982078853053
22.167637395459977
33.44414575866188
4.146132019120379
2.863575268821692
3.1056227598611184
2.068884408606638
0.3997162485110588
6.720318100358422
123.2086320191159
373.7287186379928
331.8828405017921
95.0548835125448
7.606780167268525
11.042801672640383
4.146132019120379
2.863575268821692
3.1056227598611184
2.068884408606638
0.3997162485110588
4.487753882915173e-12
93.33818697729988
294.9522102747909
368.09961170848266
75.63881421744325
7.606780167268525
5.815785543612612
6.3862679211469535
2.863575268821692
3.1056227598611184
2.068884408606638
0.3997162485110588
4.487753882915173e-12
143.74029271206692
415.1732377538829
277.7494026284349
206.3138440860215
7.606780167268525
