314.2688829151731
186.69466584528075
70.0218615964755
78.412246229092
85.43924761798087
94.18588317652328
766.3564015830344
1670.1568623058542
4602.244089755078
4321.3297341696525
2077.6688396057352
660.3850694444448
283.5205753434886
136.45997494773002
125.74189004629628
153.4800276657706
116.93694358572282
197.9370908004778
596.2010991636798
3165.7887656810035
7860.598820191158
5191.801821983271
1697.760573476702
932.2262992831538
450.46004330943845
196.41113649940263
149.11160991636797
131.72349245818398
126.98347524641574
176.13718189964152
565.4476892921143
3580.00103046595
5897.707721027479
4795.426116338112
1687.7343339307054
575.2052131869772
475.0658142921148
200.2148443100359
229.08900985663084
379.0384102449223
148.1286727150538
196.28447431302266
591.1003797043012
2427.161219384707
6162.262111708482
4537.933251194745
3377.898491636797
909.2951986260454
528.2212660543605
350.62930779569876
183.92610140382314
118.96963422192354
132.82527150537638
122.45585293458781
690.0235300925923
2997.0156511350065
6433.877520161292
4641.27612753883
3226.2735177718046
954.1989433990441
429.05411477001195
173.1069571385902
97.8473527479092
147.90878651433687
91.62488060035842
216.65596512843484
581.3790666069297
2771.325612305854
6478.07411514337
4325.881011051375
2535.731955645162
839.6348756720432
195.88340277777775
284.7239960424133
127.82750746714457
158.29927792712073
133.87454525089603
172.8782026583035
962.5057497013146
3914.042469384708
7710.633531212666
4561.352770310635
1651.8213373655917
626.8193089157708
374.33087925627245
263.3766196236558
116.05921766726405
159.11411857825564
78.70520837066907
212.64647700119474
392.2651698775389
2574.075272550776
7273.760215053765
5411.049021804061
1617.186592741935
1013.9593936678613
335.91908004778975
253.16540658602145
251.10147774790929
137.8856203330347
171.32822655316608
206.49312724014328
509.86898633512527
2130.414915621266
4633.929398148147
2955.393115292711
1111.1450754181599
681.4902083333334
346.9228838112305
331.3219504181601
147.68401340352455
105.28017327508961
125.18538567801673
213.78916405316616
478.8565591397852
2240.7020049283146
5763.46207437276
5302.013608870964
2800.040987156511
849.1063780615291
503.9788373655917
257.92937873357243
152.34740404719238
130.6202995071685
78.44201713709678
126.95226026732381
539.0747169952211
3105.9523745519728
6845.214717741936
3072.000593637993
1694.3467704599757
584.351413530466
568.5995079151733
298.8997625448028
134.24259744623657
123.12862178912782
51.36629114396654
175.39707474611703
540.6044772998805
1797.9843637992838
5644.964247311828
3887.458501344087
1916.6000522700117
881.5359655017922
413.4501743578256
191.4302087066906
159.4473562574671
236.69311305256878
153.9108516278375
151.79990218040626
576.799234244325
2383.0097296893673
6366.312033303466
5036.455656362008
2666.2658340800485
778.2677971923539
359.0973502837516
152.2107877837515
171.62048947132618
96.68128251941458
114.49412556003581
286.9056780167265
1246.3464680406219
2898.231264934289
6819.942013888887
5688.3259184587805
2241.6593637992837
844.0634677419357
290.819486260454
245.36658602150538
114.05156963112307
101.47928587962961
126.41118974014336
165.44673424432492
639.6877930854242
2338.983688022699
4287.7074932795695
3570.5426672640388
2299.8642995818395
890.1042301373955
220.0533337066906
187.379153972521
155.24558714157706
115.14710916965352
324.9722588112305
532.0108975507765
571.9685786290322
3231.7442876344085
6823.530768369175
4349.56701015532
2613.802471624851
837.9695120221029
460.8088500597373
191.5357795698925
130.12860618279575
187.63950888590205
94.50687612007168
290.1168477449223
616.1812096774194
2007.6940822879328
7318.802546296298
5167.098484169654
3414.208971774195
1105.9507019115895
378.28633736559146
319.1791162634408
111.30570273297491
131.71902004928316
242.3042247237156
231.45634632616498
484.2600716845878
2724.841984020311
6359.931649492234
4698.3313881421755
2183.875679510156
771.0473357228196
420.8692678464757
246.790368130227
362.7588201911589
135.31310640681
126.46427531362008
192.6624484767026
834.037858049582
2324.2565113500596
6711.064475059736
3507.555413679808
1630.637361857826
676.1767260304658
309.1611032706092
359.8911312724014
94.99686010304661
183.83751672640386
81.20548603643965
64.33496923536441
702.9173241487456
1433.75131608423
5205.584879032257
4140.336592741937
1752.6820116487463
318.5449518369176
