0.0
0.0
0.0
0.0
0.0
0.0
0.0
43.682310334528076
102.30167264038232
133.6613649940263
102.67502986857825
15.307683691756269
0.0
0.0
0.0
0.0
0.0
0.0
0.0
51.148558841099174
224.76138739545996
148.96766726403823
112.3786215651135
20.908131720430106
6.3471139486260455
0.0
0.0
0.0
0.0
0.0
0.0
70.56399342891278
84.38052568697731
87.36458333333333
46.29678166069295
0.0
0.0
0.0
0.0
2.240142249103943
0.0
0.0
0.0
18.667764336917564
107.52684438470726
133.6613649940263
96.32515681003584
15.307683691756269
0.7467278972520908
0.0
0.3733557347670251
8.960569743130227
0.0
0.0
0.0
23.52158751493429
134.408527479092
210.5752688172043
155.6913082437276
0.0
6.3471139486260455
0.0
1.8667764336917563
0.0
0.0
0.0
0.3733557347670251
54.8839605734767
125.44795400238948
109.0207586618877
91.47337962962963
10.827396953405017
0.0
0.0
0.0
7.093738799283154
0.0
0.0
0.3733557347670251
49.28539426523297
170.25082138590204
136.64964157706092
56.37828554360812
16.427848715651137
0.0
0.0
0.0
0.0
6.3471139486260455
0.0
0.7467278972520908
40.69593787335723
145.98394563918757
128.80958781362008
72.05794504181601
17.921139486260454
0.0
0.0
0.0
0.0
0.0
4.853823178016726
0.0
38.455607825567505
126.1951164874552
120.96957138590203
100.06018518518518
10.080734767025088
0.0
0.0
0.0
0.0
0.0
0.0
0.0
45.54999253285544
111.262208781362
96.32515681003584
95.20463709677419
0.0
0.0
0.0
0.0
0.0
0.0
0.0
0.0
33.975433094384705
159.7959229390681
116.11402329749106
33.975433094384705
7.093738799283154
1.493414351851852
0.0
0.0
0.7467278972520908
0.0
0.3733557347670251
0.0
34.72207287933094
141.87481332138591
110.51508363201911
93.71449372759857
17.5475993130227
1.493414351851852
0.0
0.0
0.3733557347670251
0.0
0.3733557347670251
0.0
0.0
106.77968189964157
172.49189814814815
92.96733124253285
0.0
5.226911589008363
0.0
0.0
0.0
1.1200899790919951
0.0
5.226911589008363
35.09561678614098
118.35510005973715
136.27624701314218
45.54999253285544
0.0
0.0
0.0
0.0
1.493414351851852
0.3733557347670251
0.7467278972520908
0.3733557347670251
0.0
118.72849462365589
90.7262171445639
50.775164277180416
0.0
0.0
0.0
0.0
0.0
1.8667764336917563
0.0
0.0
68.69631123058544
140.00709378733572
96.32515681003584
87.36458333333333
8.2139075567503
6.3471139486260455
0.0
0.0
0.0
0.7467278972520908
0.0
0.0
48.164463859020316
114.24630376344086
125.44795400238948
100.43395310633214
20.161469534050177
0.0
0.0
0.0
0.0
0.0
0.0
0.0
51.148558841099174
100.80734767025089
114.24630376344086
86.24406362007169
0.0
0.0
0.0
0.0
0.0
0.0
0.0
0.0
82.51280615292713
138.51732377538832
121.33919504181601
72.80510752688173
21.654760304659497
0.0
0.0
0.0
0.0
0.7467278972520908
0.3733557347670251
0.0
38.08262395459976
148.22087813620075
122.0863201911589
32.85528673835125
12.694190561529268
