0
0
0
0
0
0
8.359302388636358
0
746.7955611722994
342.1786931047135
301.16514413904446
0
0
0
0
0
0
0
393.310822367114
1318.1161236298242
1896.2711005319454
503.62541063466915
127.11192969804999
0
0
0
0
0
0
38.41628504451944
376.0699226256869
1483.677482840772
1301.9522498424656
660.7765180110425
0
0
0
0
0
0
0
0
78.70330584522564
1217.919035783131
1737.0994265597449
646.7527637237124
58.36703466263017
0
0
0
0
0
0
139.7240698808676
518.9428394053799
1125.9702181714342
1847.7030265007365
733.0474217460959
295.04928351000456
12.50087472294355
0
0
0
0
0
220.6958459320095
518.5300892639773
1794.2149361549343
1909.59811899013
1002.4605057843631
54.52406323635763
0
0
0
0
0
0
38.954634415763145
622.4165886000334
1778.005126455094
2138.965865420112
940.95920813422
297.169643067393
31.314878162108904
0
0
0
0
0
0
515.4069827973626
1004.5975841215914
1344.6251857153718
921.9468660125556
273.26926352730726
1.3853162570117519
0
0
0
0
0
107.13336535583744
496.3975298607174
1861.9692998422552
1872.2162258693452
1123.9862289600467
127.50437848722014
0
0
0
0
0
0
36.138959783623214
426.3808792034513
1270.3000612871283
1357.7054353927053
783.6571348415177
156.22336017285465
0
0
0
0
0
0
105.16451153007225
426.53560252228726
1227.1087282834806
2008.615405809042
731.9958017318963
142.3586510023571
0
0
0
0
0
0
93.59319602590668
566.6356918128765
1192.9066077475968
1195.280097437768
482.33122254550693
21.789554607828407
0
0
0
0
0
8.246428990862288
45.57046317223123
848.4779785284651
1614.6147921725608
2354.1453170687214
1157.6492627670261
189.70935779675912
0
0
0
0
0
0
0
384.1411686247214
1066.2470297722843
837.8060534578858
598.7673167200968
0
0
0
0
0
0
0
0
615.9014636220664
1567.0074691729874
1798.3510111459204
1180.2867416088598
93.65778393717235
0
0
0
0
0
0
24.47758634342722
273.5529382350095
713.7667643151088
861.3190767690777
0
116.48866064339492
0
0
0
0
0
0
5.42484565691467
125.27227283602993
1259.9782181796666
1002.1479448635992
586.2377863939913
17.306014501424073
0
0
0
0
0
0
6.121436954760256
469.4825525221411
1469.8123404883017
1847.8844670822573
631.294172946244
132.445252324308
0
0
0
0
0
0
0
661.3914986741372
1569.800739329131
1261.9819189687048
762.1449817337232
0
0
0
0
0
0
0
0
435.8735998543105
1356.6217391814246
1211.2011347076968
918.3201917029255
93.84046229240356
0
