12.536103643966547
4.146132019120379
2.863575268821692
3.1056227598611184
2.068884408606638
0.3997162485110588
4.487753882915173e-12
140.75754181600956
404.3473715651135
364.7405167264038
132.76396356033453
60.62473864994026
32.697468637992834
4.146132019120379
2.863575268821692
3.1056227598611184
2.068884408606638
5.2531735364396654
4.487753882915173e-12
267.3252688172043
459.23200418160087
638.7836021505377
274.63672341696537
23.287783751493425
5.815785543612612
4.146132019120379
2.863575268821692
3.1056227598611184
2.068884408606638
0.3997162485110588
33.975545101553166
78.77688172043011
296.44377240143365
320.6851105137396
188.7649342891278
35.235140382317795
5.815785543612612
4.146132019120379
2.863575268821692
5.345758661887693
2.068884408606638
0.3997162485110588
4.487753882915173e-12
136.65023894862605
471.93399044205495
483.47744922341695
175.32370071684588
34.11495669056153
5.815785543612612
4.146132019120379
2.863575268821692
3.1056227598611184
2.068884408606638
0.3997162485110588
36.58908303464755
139.26149940262843
484.6397102747909
345.7000448028674
132.01575567502988
51.6627464157706
5.815785543612612
4.146132019120379
2.863575268821692
3.1056227598611184
2.068884408606638
0.3997162485110588
4.487753882915173e-12
76.53748506571087
550.3173536439665
561.8608124253286
226.1021505376344
42.32900238948626
8.802658303464753
4.146132019120379
2.863575268821692
3.1056227598611184
2.068884408606638
0.3997162485110588
4.487753882915173e-12
34.72222222222222
384.55906511350054
424.84879032258067
133.88366188769413
74.80996117084827
12.536103643966547
4.146132019120379
2.863575268821692
3.1056227598611184
2.068884408606638
0.3997162485110588
4.487753882915173e-12
158.3019713261649
455.86805555555554
485.69071087216247
96.91830943847073
39.71546445639187
11.042801672640383
4.146132019120379
4.3570116487455195
3.1056227598611184
2.068884408606638
0.3997162485110588
4.487753882915173e-12
60.10827359617682
455.86805555555554
526.013664874552
157.40292712066903
19.181003584229387
5.815785543612612
4.146132019120379
2.863575268821692
3.1056227598611184
2.068884408606638
0.3997162485110588
27.255264336917563
143.36880227001194
267.3252688172043
358.76568100358423
346.69504181600956
21.42096027479092
5.815785543612612
4.146132019120379
2.863575268821692
3.1056227598611184
7.295900537634409
0.3997162485110588
4.487753882915173e-12
250.14822281959383
456.22461170848266
555.1329151732377
425.1004330943847
40.462141577060926
5.815785543612612
4.146132019120379
2.863575268821692
3.1056227598611184
4.309020310633214
0.3997162485110588
4.487753882915173e-12
157.93010752688173
406.95900537634407
459.58071983273595
161.51022998805257
22.167637395459977
5.815785543612612
4.146132019120379
2.863575268821692
3.1056227598611184
2.068884408606638
0.3997162485110588
9.707362604540023
72.43018219832736
336.3963560334528
336.7376045400239
129.40001493428912
15.073775388291514
9.922726254480285
4.146132019120379
2.863575268821692
3.1056227598611184
2.068884408606638
0.3997162485110588
4.487753882915173e-12
157.93010752688173
557.0452508960573
501.40382317801675
391.87014635603344
40.089045698924735
32.323962066905615
4.146132019120379
5.850448028673835
3.1056227598611184
2.068884408606638
0.3997162485110588
4.487753882915173e-12
34.348678315412194
342.7430555555555
306.4956690561529
129.40001493428912
16.940598864994026
17.016465053763437
4.146132019120379
2.863575268821692
3.1056227598611184
2.068884408606638
0.3997162485110588
4.487753882915173e-12
99.31302270011948
388.29039725209077
191.873133213859
18.14142771804511
23.661364994026286
5.815785543612612
4.146132019120379
2.863575268821692
3.1056227598611184
2.068884408606638
0.3997162485110588
4.487753882915173e-12
67.20318100358423
415.1732377538829
279.6124551971326
18.14142771804511
17.31414277180406
5.815785543612612
4.146132019120379
2.863575268821692
3.1056227598611184
2.068884408606638
0.3997162485110588
4.487753882915173e-12
116.86193249701317
238.57452210274786
253.10558542413378
141.3500597371565
14.32709826762246
5.815785543612612
4.146132019120379
2.863575268821692
3.1056227598611184
2.068884408606638
0.3997162485110588
9.707362604540023
104.91188769414576
417.7844982078854
467.41151433691755
189.88463261648747
64.35595878136199
11.41633064516129
4.146132019120379
2.863575268821692
3.1056227598611184
2.068884408606638
0.3997162485110588
4.487753882915173e-12
227.74865591397855
428.988201911589
290.81466547192355
205.56563620071685
12.087152777777776
