0.0
0.0
0.3733557347670251
0.0
0.0
0.0
0.0
51.148558841099174
157.554846176822
146.35734020310636
102.30167264038232
16.05430854241338
8.960569743130227
0.0
0.0
0.0
0.0
0.0
0.0
77.28349014336916
118.35510005973715
148.96766726403823
114.99309289127838
20.908131720430106
2.240142249103943
0.0
0.0
0.0
0.0
0.0
8.960569743130227
49.28539426523297
125.0745594384707
151.5825119474313
95.20463709677419
15.307683691756269
0.7467278972520908
0.0
0.0
0.0
0.0
0.0
0.0
53.76340352449223
135.90247909199522
152.70306899641574
92.96733124253285
0.0
0.0
0.0
0.0
0.0
0.0
0.0
0.3733557347670251
31.735513739545997
107.9002016129032
151.95627986857826
105.28573028673836
27.62833408004779
0.3733557347670251
0.0
0.3733557347670251
0.0
0.0
0.7467278972520908
0.0
40.69593787335723
153.4502314814815
205.71931003584228
95.20463709677419
10.453856780167264
0.7467278972520908
0.0
0.0
0.0
0.0
0.0
0.0
8.2139075567503
117.98133213859022
131.7936827956989
107.52684438470726
29.12205047789725
0.0
0.0
0.0
0.0
0.0
0.0
0.0
52.64288381123058
131.0468936678614
173.23906063321385
29.12205047789725
14.93414351851852
0.0
0.0
0.0
0.0
0.0
0.0
0.0
31.735513739545997
159.7959229390681
159.7959229390681
118.35510005973715
9.707194593787337
0.0
0.0
0.0
0.0
6.7206541218638005
0.0
0.0
40.32254330943847
119.84901433691756
205.34595280764637
134.78192204301072
13.067312574671446
0.0
0.7467278972520908
0.0
0.0
0.0
0.0
0.7467278972520908
47.79110663082438
125.0745594384707
206.466472520908
142.24854390681006
26.881705495818398
0.0
1.1200899790919951
0.0
0.0
0.0
0.0
0.0
47.417712066905615
141.50141875746715
114.24630376344086
76.1667413381123
10.080734767025088
1.1200899790919951
0.0
0.0
0.0
0.0
0.0
0.0
49.28539426523297
126.56851105137396
136.27624701314218
70.93738799283155
0.0
0.0
0.0
0.0
0.0
0.0
0.0
0.0
35.09561678614098
95.57803166069296
126.1951164874552
116.11402329749106
18.29467965949821
9.707194593787337
0.0
3.3602337216248506
0.0
0.0
0.0
0.0
0.3733557347670251
97.44571385902032
97.44571385902032
86.99085274790922
0.0
0.0
0.0
1.493414351851852
0.0
0.0
0.0
1.1200899790919951
60.109132317801674
184.06317204301075
87.36458333333333
51.148558841099174
12.694190561529268
0.7467278972520908
0.0
0.3733557347670251
0.0
0.0
0.0
0.0
64.21792861409797
132.1674507168459
96.32515681003584
56.37828554360812
11.947565710872162
0.0
0.0
0.0
0.0
0.0
0.0
0.0
22.774962664277183
49.28539426523297
96.32515681003584
95.57803166069296
0.0
0.0
0.7467278972520908
0.7467278972520908
0.0
0.3733557347670251
0.0
0.0
46.67054958183991
199.37361857825567
173.23906063321385
94.08788829151733
29.49514635603345
0.0
1.493414351851852
0.0
0.0
0.0
0.0
0.0
63.0973715651135
127.68906810035843
114.24630376344086
90.7262171445639
0.0
