1270.332504301008
999.2197646232033
665.6216638201033
628.838270723319
607.0777898296479
683.3138403453216
1331.317768066578
2199.973062503181
2621.7240072755417
3113.3792996090915
2870.402270189001
1955.670476970476
1311.5816885118786
1096.7090393959552
628.978769400866
767.9143008480602
620.0911214774948
780.9809425554539
1412.6100061937402
1887.5422819671048
2395.5921160799544
3302.311347966863
3178.1671041232457
1969.7907133468038
1410.589563321542
970.1143141205525
701.3175105736804
1002.5722380746988
480.91947043034224
816.630847390733
1164.1100066461702
1756.8721577737103
2543.561190256392
2921.5170581997977
2892.0240841985415
1856.613232064158
1763.016224360972
1419.4648257613862
781.8546826190842
919.8623008917485
947.7664251017922
1391.1079746432067
1436.9837385144574
2615.14040133241
3320.607984252679
3879.8609835931843
2793.3999086244476
2286.191395749646
2037.839925490963
1235.8666192897558
1322.9700244046805
903.9834676085081
905.3160262292764
1264.688284569165
1669.1611272184384
2373.6742537885702
3513.803934633669
3921.572826920961
3620.5453522867824
2406.6565117470764
1415.8970017785605
1207.1504679539264
791.8204265355458
1011.2801309122914
941.1566346869563
1132.6307080413133
1647.5428269133452
2219.851725274137
2978.480310369354
3469.1721710041834
3303.1643432632236
2188.2153491206077
1524.4233083015863
1012.9498338691584
800.0825525095065
867.994158635077
826.8203085545312
1224.7820183042897
1762.7303127825555
2304.1482082563225
3433.322257227878
4722.104118755209
3648.101723617137
2175.9274159596507
1520.8087787238908
1081.7688263649404
913.9031335178807
1019.7046523961895
762.1197414131959
1216.3160444977357
1632.5867267592337
2131.5340018718666
3090.5727286567826
3796.308624965441
3647.483332462238
2162.197417385176
1214.590208181284
1160.0978417811277
828.17592094929
1178.0527062416038
850.997395978617
1286.6724020513702
1392.9858318141323
2437.988943483379
3163.101910977828
3200.504396479087
3041.470336327734
2169.2182922561765
1398.3965749942524
789.7778778431547
659.6884156227552
696.6835622332225
652.1168532321194
905.3621749878575
1812.4935453888857
2250.791439124252
2410.1945137135135
2892.0343962963634
2659.6909415309888
1866.5216348784816
1266.9007579875665
1175.5539762452981
943.2418571729645
956.9221815065607
835.621581649808
1142.4245514027873
1659.5328882948713
2803.222764247838
3832.5851856484765
4496.885892167334
4093.6552681274416
3037.8738268353095
2274.255669876709
1753.9235479969063
1374.5314441670805
1011.9460599485204
1033.8311526645248
1525.7044834329345
1740.0765695076025
2450.1297052705468
3555.30191325631
4052.728986354763
3854.5657211602393
2757.413768276438
2197.132197700766
1989.221282173692
1229.933329905261
1437.5575602618874
1334.1114181909334
1893.0373308674232
2634.807745984373
2313.619869865804
3949.2798193529748
4049.4630978918963
3854.853131013553
2764.5286057686085
2620.3976413112932
2759.0806862371164
1948.1536141855643
1469.2279949968438
1297.6349789920284
1944.6192275743786
2011.490545766666
2675.403704240419
3247.5224901127954
3599.7215541448354
3767.586736345889
2710.992273762117
2439.376615269537
1827.1159313836044
1746.5203383509963
1598.2499064499477
1294.143394753171
1671.6871160087796
1721.2264539042208
2701.619567453064
3580.622124502864
4040.744312587349
3692.3424630082914
2429.0949000019955
2220.782933417222
1158.3471917675477
774.6731393832495
864.1991912426254
905.13004715391
1440.5903080004011
1407.5747739395933
2040.4909443158654
2735.6094290747624
3190.867812190353
2727.5926250671437
1917.4196870402657
1384.983497626188
894.6391748054075
586.7142040227659
778.7041949151483
620.7588512481233
1091.5305722697285
1335.6206942989104
1772.8860104393393
2396.718872659244
2867.0346052621153
2140.755563836408
1650.6972441323264
1285.2895386957964
865.5845327489471
450.5701226761004
372.3872795601661
653.5422411380797
680.8706993886593
1254.9974802727024
1741.5638161469315
1948.6841008442095
1967.2089779229132
2085.661025770245
1182.0859650072066
1057.2258607570484
889.5696517940094
759.7748828058477
726.193575853281
654.3151046436368
1014.0511122115583
1575.4530002933302
1840.7515299698698
2265.397164656196
2809.656855211359
2443.9764722414443
1952.132164743432
1327.144915572249
1070.354781837058
850.2237852558712
984.8846357664039
924.2706477012646
1420.192568744917
1396.9356742478228
2267.0024169014064
3086.0179844427475
3859.8844203323133
3439.2624420984585
2201.6168458220527
