32.29756571087216
5.15165770609319
6.1040173237753885
3.2641987753882917
2.2783714157706094
32.74839456391875
60.9285394265233
72.34841696535246
138.16009557945043
186.86417264038232
71.29890979689365
27.71408303464755
22.86574074074074
15.073028673835125
8.173573775388292
1.6931115591397845
3.320568249701314
12.994100955794504
55.77023596176822
77.01799581839904
171.57220728793308
163.2071385902031
100.2665770609319
46.549059139784944
21.637096774193548
8.003434886499402
10.95127688172043
2.852986857825567
3.472237156511351
3.691845878136201
35.96415770609318
98.40837813620071
195.901284348865
227.10088112305854
120.00672043010752
58.38971027479092
13.88228046594982
9.770870669056151
4.716659199522102
3.416054360812426
4.063295250896058
9.26377688172043
47.6646505376344
87.77479091995221
208.7884557945042
255.1474761051374
214.30891577060933
45.33004778972521
24.05398745519713
9.011163381123058
3.4483534946236567
6.437201314217443
4.501754778972521
4.341677867383512
28.252053464755083
69.41457586618877
136.34035244922342
186.16786140979693
88.66039426523298
32.8128733572282
10.222296893667862
10.81246266427718
6.017361111111112
3.4346886200716846
2.5392510454002393
2.5734953703703707
30.825940860215052
84.98730585424133
206.61327658303466
167.88455794504185
100.38381123058542
44.984692353643965
20.603643966547192
4.850425627240144
8.284236857825567
2.6324223416965356
2.314396654719235
8.351366487455197
29.285207586618878
85.5891577060932
193.9605734767025
156.36462066905617
83.60849761051374
27.13608870967742
19.50067204301075
12.113649940262844
3.2559102449223416
2.065647401433692
3.7253808243727597
6.487977897252089
24.460088112305858
77.64822281959378
143.3348267622461
158.17876344086022
83.39755077658303
32.512768817204304
18.266875746714458
6.846326164874552
3.8398558841099164
2.9704637096774196
1.5819108422939068
7.068847072879331
22.729166666666668
72.44660991636798
131.248133213859
159.94660991636798
71.50649641577061
35.46613649940263
12.26653972520908
8.427606033452808
3.3743316905615295
7.348323626045399
6.027217741935484
11.84386200716846
30.28278076463561
8.34693100358423
181.5837813620072
181.4314516129032
56.49006869772999
25.54689366786141
21.67846475507766
10.715277777777779
6.584266726403822
6.299544504181601
2.309662485065711
16.66618130227001
44.046445639187574
126.00395758661888
238.7589605734767
237.52464157706092
98.58908303464756
50.992010155316606
14.378210872162486
6.9800253882915175
4.87134109916368
4.195971475507766
15.91457586618877
18.19127090800478
24.06156660692951
106.53188470728796
212.72476105137395
210.0261350059737
143.45056750298684
48.298611111111114
29.962029569892472
16.041330645161292
9.020049283154123
4.29870445041816
2.91894041218638
13.234094982078853
29.96064814814815
73.78098864994027
208.8519265232975
198.86947431302272
99.79428016726403
66.86081242532855
16.171408303464755
13.037597072879331
7.516726403823178
4.3921258960573475
2.6302718040621262
3.0777068399044207
25.788306451612904
41.87302120669056
156.47252090800478
189.1255973715651
118.2190860215054
24.258661887694146
24.99929062126643
10.623879928315413
13.737380525686977
4.072229689366786
5.562350657108722
9.775052270011946
58.417712066905615
103.82728494623653
236.78054062126648
337.78636499402626
133.34266726403823
57.45034348864994
29.66696535244923
10.970355436081242
5.314516129032258
2.3159460872162487
5.34740890083632
13.571423237753883
63.891129032258064
90.77807646356034
210.72841995221032
211.82198327359615
154.72819593787338
62.76359020310633
23.665583930704898
5.980436081242533
6.116972819593788
5.046706989247313
5.901545698924732
9.102710573476704
36.97136350059737
126.18466248506569
262.9543757467144
232.69339904420553
208.8123506571087
50.070564516129025
23.001120071684586
4.847371565113501
3.4390120967741935
3.883426672640382
2.927452956989247
7.098043608124254
35.157818100358426
113.53121266427718
226.4292114695341
268.50433094384704
95.93264635603346
58.9527329749104
10.677867383512545
7.584304062126643
4.822655316606929
2.991166367980884
2.690535394265233
6.333744026284349
32.88388590203106
113.88104838709677
160.93264635603347
172.5089605734767
90.89307048984467
37.930256869773004
26.730212066905615
18.304958183990443
3.487033303464755
3.482075119474313
2.6394825268817206
6.662970430107527
38.75474163679809
117.77255077658303
143.93406511350062
157.22035543608123
105.07168458781364
44.478419952210274
