20.495109020310633
9.286140979689367
2.5151732377538827
6.938545400238949
4.882586618876942
8.028263142174433
43.70781063321386
101.31235065710872
237.204674432497
238.26202210274792
146.5277777777778
51.931750298685785
16.636536738351253
13.894937275985663
5.344160692951015
3.6672640382317803
2.592409647550776
7.830421146953405
20.972595579450417
73.24260752688173
174.36006571087216
172.90023894862605
77.22819593787335
24.469198028673834
9.522886798088411
8.307160991636797
3.5994175627240144
3.4092443249701314
6.653785842293907
9.112828554360812
34.30245669056153
93.89560931899642
219.8738052568698
196.7887544802867
89.07780764635604
34.53685035842294
21.55801971326165
5.88045101553166
7.4252538829151735
5.304700567502987
2.740867682198327
8.878285543608126
23.72438769414576
86.47438769414576
147.8580495818399
183.3213859020311
92.20206093189964
24.88907556750299
17.00201612903226
6.97688918757467
3.9423312425328563
0.969540770609319
4.379439217443251
10.333893369175627
40.2517174432497
135.11312724014337
281.4979091995221
261.6394115890084
144.4287634408602
44.85401732377538
22.910394265232974
5.298835125448028
4.679024790919953
2.4973864994026282
2.522860663082437
5.353046594982078
9.175104540023895
78.93033154121862
147.461917562724
177.65531660692955
94.94100955794504
48.92809139784946
12.810222520908008
8.481369474313023
6.514859617682198
3.5500746714456386
3.5125261350059738
5.374775985663082
28.79670698924732
104.94623655913979
198.9142771804062
215.8352001194743
104.54413082437276
35.37145310633214
20.230772102747906
10.68469982078853
2.6098043608124253
5.09578853046595
5.195564516129032
5.8432646356033455
47.95922939068101
85.91136499402629
141.1577807646356
171.09916367980887
76.95639187574672
45.97166218637992
24.17909946236559
4.831727897252091
4.632131123058542
3.374171146953405
5.01650238948626
2.2681488948626045
25.780913978494624
49.25981929510155
121.26754778972521
167.89277180406214
50.173611111111114
25.821199223416972
16.392809139784948
8.620594384707289
6.035506272401435
4.095094086021505
2.604652031063321
5.21229091995221
25.731892174432495
73.81869772998805
140.63209378733572
205.26844384707283
81.5905017921147
51.55913978494624
14.666367980884107
14.876642771804063
8.791928016726404
2.7816569593787337
2.846972072879331
6.222147550776582
24.65647401433692
120.69556451612904
227.90359916367981
216.5162037037037
138.69548984468338
47.47610513739546
20.83564814814815
8.330682497013143
3.635857228195938
3.3490106033452816
2.6346774193548383
6.715912485065711
24.603531959378735
78.80563022700119
169.25291218637992
214.69086021505376
80.85946833930704
32.89127837514934
15.683131720430108
12.67906212664277
3.5737007168458788
2.655734767025089
2.1739396654719236
9.429547491039427
35.08176523297491
104.40673536439665
250.86842891278374
258.38000298685785
184.40150836320188
47.092965949820794
23.75545101553166
11.28319145758662
6.214867084826763
2.011279121863799
2.557119922341696
5.3392323775388295
28.13313918757467
86.14097968936679
197.23827658303466
195.72356630824373
90.12507467144565
38.31518817204301
15.166629330943845
9.52034796893668
3.887578405017921
3.48125
3.3364023297491032
9.088709677419354
21.21057347670251
70.72841995221027
97.18750000000001
94.0632467144564
73.18473715651135
24.96710722819594
12.256011051373957
19.200119474313023
3.2984879032258063
2.9608945639187576
5.230921445639187
6.753621565113502
25.820303166069294
59.64755077658303
168.9889486260454
140.62873357228193
76.33624551971326
33.391689068100355
24.828367682198326
11.40344982078853
6.371079749103942
1.1846139486260454
3.502202807646356
7.805368876941459
36.80324074074073
79.72371565113501
204.16629330943846
226.79435483870967
195.0825119474313
47.672864396654724
16.023409498207887
6.374887992831542
6.017734468339306
2.8050179211469537
0.8975593637992831
2.0262432795698926
31.062201314217443
100.28263142174433
178.11827956989248
193.3583482676225
95.59886499402627
37.56963112305854
22.019899940262846
21.55574223416965
5.436865292712068
6.087066905615293
7.278823178016727
20.714829749103945
61.58714157706093
126.48222819593789
237.64187574671445
242.00418160095583
166.57855436081243
68.2258064516129
31.429696833930706
9.074111409796894
4.713803016726404
4.13054435483871
5.549309289127837
9.000448028673835
68.69175627240143
103.67719534050177
220.66681600955795
226.16860812425332
180.68212365591395
73.8325119474313
