0
0
0
0
0
15.459095903357166
384.9684720421609
221.62966898957856
412.9876908019288
553.7845025431842
78.76359844011976
0
0
0
0
0
0
48.408836363837665
508.39408102900165
1484.908985039621
1928.0464141520172
822.4777105151949
141.95228214727337
0
0
0
0
0
0
0
470.0603646806451
1237.8900724465068
1661.7902128054284
589.1456936382825
150.0309006695498
0
0
0
0
0
0
46.267946318886544
397.7054713171492
1095.6553709085792
913.9296236923612
683.51650326971
65.60277241651306
0
0
0
0
7.719161840609921
0
0
367.9795777566344
1057.3729212777662
1174.8222021279769
665.116940861986
46.9775615864682
0
0
0
0
0
0
50.61695554969167
431.7398413547778
1015.4208800020073
989.9262999937143
527.7114018417108
122.17478754938034
0
0
0
0
0
0
9.456538537626962
473.9010569393406
1178.4079789043176
1757.324587044962
715.1098204400741
193.0705540590298
0
0
0
0
0
0
0
327.13861362173543
852.5344120785803
786.4673302792908
488.4615762873465
30.086841185610666
0
0
0
0
0
6.895931651466601
104.67607742274299
132.96339007577114
1343.4728094001998
1178.0536661321883
557.0544786613611
107.94934563178406
0
0
0
0
0
0
0
461.80463965745383
1316.287964512935
1607.1244915456325
923.011973551195
47.550869133428094
0
0
0
0
11.07737229074526
0
4.965960156117653
400.88185401571627
814.9268286419035
1617.3388974458403
615.0748787928283
242.31470685659843
0
0
0
0
0
0
60.49238957429377
631.2541207256602
1402.3637463378002
1354.2458979156652
572.5343288776455
0
0
0
0
0
0
0
0
808.4395227339606
1801.7134331522502
2346.705800939689
1645.7462609749116
284.88632912292394
0
0
0
0
0
0
0
751.8722767489746
1767.8968953636822
1911.473541510454
894.4580275922593
276.5014504186442
0
0
0
0
0
0
14.930142396336834
307.29259265432444
912.2467911562609
785.6912142522525
368.9146537952396
91.40315430754274
0
0
0
0
0
0
35.073725829687675
500.74234235687345
954.1472153306406
920.2654626711086
554.6266087588385
79.55661165892656
0
0
0
0
0
0
0
581.6504837081925
1355.7562946432267
1665.8318606342084
1110.8102923677072
54.51557991361048
0
0
0
0
0
0
0
415.43237331067155
1106.7847867248609
1180.8974599137982
471.3173210943922
28.387531296828925
0
0
0
0
0
0
44.48254027569534
269.15654497043346
588.977486640959
865.871181214822
72.32930819728358
42.20775653447399
0
0
0
0
0
0
40.785743201878304
591.3444033190656
1177.5286238887124
1545.451060036251
538.5931158367371
36.72931384556965
10.615866310642971
