5.815785543612612
4.146132019120379
6.597147550776584
3.1056227598611184
3.1889523596176823
1.5197841995221024
4.487753882915173e-12
126.19623655913979
328.55361409796893
340.8449074074074
101.02561230585424
34.862044504181604
10.296158154121864
4.146132019120379
2.863575268821692
3.1056227598611184
2.068884408606638
5.2531735364396654
4.487753882915173e-12
67.20318100358423
353.19705794504176
253.85379330943846
21.50163157108722
7.606780167268525
5.815785543612612
4.146132019120379
2.863575268821692
3.1056227598611184
2.068884408606638
0.3997162485110588
2.986872759856631
230.73663381123058
388.29039725209077
331.8828405017921
175.69967144563918
41.95545848267623
5.815785543612612
4.146132019120379
2.863575268821692
3.1056227598611184
5.4290882616487455
0.3997162485110588
4.487753882915173e-12
76.53748506571087
413.30533154121866
485.69071087216247
158.89896953405017
20.674320489844682
10.669242831541217
4.146132019120379
4.3570116487455195
3.1056227598611184
2.068884408606638
0.3997162485110588
4.487753882915173e-12
143.36880227001194
342.7430555555555
533.138440860215
161.51022998805257
21.42096027479092
5.815785543612612
4.146132019120379
2.863575268821692
3.1056227598611184
2.068884408606638
0.3997162485110588
4.487753882915173e-12
143.36880227001194
385.30241935483866
288.20340501792117
155.16353046594983
35.235140382317795
5.815785543612612
4.146132019120379
8.090591397849462
3.1056227598611184
2.068884408606638
0.3997162485110588
4.487753882915173e-12
160.9173387096774
633.2138590203107
490.2053464755078
303.38747013142176
18.434326463560335
5.815785543612612
4.146132019120379
2.863575268821692
3.1056227598611184
2.068884408606638
0.3997162485110588
4.487753882915173e-12
137.76993727598565
456.22461170848266
323.66823476702507
150.68436379928315
62.86439665471922
5.815785543612612
4.146132019120379
2.863575268821692
3.1056227598611184
2.068884408606638
0.3997162485110588
4.487753882915173e-12
173.23924731182797
426.37432795698925
456.21677120669057
179.05876642771804
35.235140382317795
5.815785543612612
4.146132019120379
2.863575268821692
3.1056227598611184
2.068884408606638
0.3997162485110588
4.487753882915173e-12
93.33818697729988
235.2154271206691
241.53188470728793
90.57160991636799
7.606780167268525
33.44414575866188
10.866450119474313
2.863575268821692
3.1056227598611184
8.416106630824373
7.120034348864994
19.414725209080046
159.04980585424133
500.3050328554361
436.4224910394265
216.76784647550775
28.51482228195938
6.935853494623656
4.146132019120379
2.863575268821692
3.1056227598611184
5.4290882616487455
0.3997162485110588
4.487753882915173e-12
56.74917861409797
238.20303166069294
240.7836768219833
18.14142771804511
7.606780167268525
5.815785543612612
4.146132019120379
2.863575268821692
3.1056227598611184
2.068884408606638
0.3997162485110588
4.853457287933094
236.33512544802866
520.091472520908
580.1851851851851
256.34445937873363
48.67618727598566
13.65628733572282
4.146132019120379
2.863575268821692
6.465826612903226
2.068884408606638
5.2531735364396654
39.94922341696535
134.4108422939068
396.5046296296296
496.18316905615285
161.8817204301075
40.462141577060926
5.815785543612612
4.146132019120379
5.850448028673835
5.719127090800478
2.068884408606638
0.3997162485110588
4.487753882915173e-12
48.534572879330945
250.14822281959383
227.34244324970132
46.14333183990443
7.606780167268525
5.815785543612612
4.146132019120379
2.863575268821692
3.1056227598611184
2.068884408606638
0.3997162485110588
4.487753882915173e-12
58.24522102747909
285.24604241338113
372.95512246117084
104.01284348864993
17.31414277180406
5.815785543612612
4.146132019120379
2.863575268821692
3.1056227598611184
2.068884408606638
2.6398521505376342
4.487753882915173e-12
157.18227299880525
399.4922341696535
459.58071983273595
118.57452210274793
13.954002389486257
51.36730884109917
4.146132019120379
2.863575268821692
3.1056227598611184
2.068884408606638
0.3997162485110588
4.487753882915173e-12
4.487753882915173e-12
265.0817652329749
268.03875448028674
87.21251493428913
28.51482228195938
5.815785543612612
4.146132019120379
2.863575268821692
3.1056227598611184
2.068884408606638
5.626732377538829
4.487753882915173e-12
45.55152329749104
336.3963560334528
364.3645459976105
120.06608422939068
28.51482228195938
14.776508363201911
4.146132019120379
2.863575268821692
3.1056227598611184
2.068884408606638
0.3997162485110588
4.487753882915173e-12
81.39262246117084
373.7287186379928
335.2464157706093
91.31981780167264
64.73192951015531
