0.0
0.0
0.0
1.8667764336917563
0.0
0.0
6.7206541218638005
53.76340352449223
79.52456690561529
158.67540322580646
97.07194593787335
0.0
0.0
0.0
0.0
0.0
0.0
0.0
0.0
32.85528673835125
111.63560334528077
48.911626344086024
37.70911738351254
0.0
0.0
0.0
0.0
0.0
0.0
0.0
0.0
66.45937873357228
130.67312574671445
138.89071833930706
110.88847819593788
13.814392921146954
0.0
0.0
0.0
0.0
0.0
0.0
0.0
37.33557347670251
167.63597670250897
166.14202508960574
87.36458333333333
10.080734767025088
0.0
0.0
0.0
0.0
0.0
0.0
1.1200899790919951
22.401422491039426
107.52684438470726
151.95627986857826
90.35285991636798
0.0
0.0
0.0
0.0
0.0
0.7467278972520908
0.0
0.0
47.79110663082438
109.0207586618877
114.99309289127838
71.3111559139785
6.7206541218638005
0.0
0.0
0.0
0.0
0.3733557347670251
0.0
8.960569743130227
62.35058243727599
177.34367532855435
159.7959229390681
145.98394563918757
10.080734767025088
0.0
2.240142249103943
0.0
0.0
0.0
0.0
0.0
84.00675776583033
153.4502314814815
118.72849462365589
35.842293906810035
19.41442652329749
0.0
0.0
0.0
0.0
0.0
0.0
0.0
45.54999253285544
125.44795400238948
160.91685334528077
75.04618428912784
21.654760304659497
0.0
0.0
0.0
0.0
0.0
0.0
1.1200899790919951
29.86869026284349
94.83086917562724
85.12731481481482
27.25524566905615
0.0
14.187481332138592
0.0
0.0
0.0
0.0
0.0
0.0
62.35058243727599
158.67540322580646
163.53132467144565
120.2227822580645
0.0
0.0
0.0
0.0
0.0
0.0
0.3733557347670251
0.3733557347670251
68.32291666666666
99.68679062126643
93.71449372759857
17.5475993130227
0.0
0.0
0.0
1.1200899790919951
0.0
0.0
0.0
0.7467278972520908
63.0973715651135
153.4502314814815
190.0396505376344
173.23906063321385
23.52158751493429
0.0
0.0
0.0
0.0
0.0
0.0
6.3471139486260455
11.574025537634409
148.96766726403823
179.21139486260455
88.11137246117084
20.908131720430106
0.0
0.0
0.0
0.0
0.0
0.0
0.0
33.22883064516129
145.98394563918757
107.52684438470726
37.70911738351254
0.0
0.0
0.0
0.3733557347670251
0.0
0.0
0.0
0.0
8.960569743130227
146.35734020310636
151.20911738351253
70.56399342891278
0.0
0.0
0.0
0.0
0.0
0.3733557347670251
4.853823178016726
0.0
33.975433094384705
112.75201612903226
153.82362604540023
61.97681451612903
6.3471139486260455
11.574025537634409
0.0
1.493414351851852
0.0
0.0
0.0
0.0
33.22883064516129
102.67502986857825
152.70306899641574
86.99085274790922
7.467278972520908
16.05430854241338
0.0
0.0
0.0
0.0
0.0
2.6135043309438473
22.401422491039426
111.63560334528077
148.22087813620075
85.12731481481482
0.0
0.0
0.0
8.960569743130227
0.0
0.0
0.0
0.0
37.70911738351254
134.78192204301072
120.96957138590203
66.45937873357228
45.54999253285544
