28.590651135005974
5.639568399044205
2.863575268821692
3.1056227598611184
2.068884408606638
0.3997162485110588
4.487753882915173e-12
93.33818697729988
276.28360215053766
309.11140979689367
18.14142771804511
14.32709826762246
5.815785543612612
5.639568399044205
2.863575268821692
3.1056227598611184
2.068884408606638
0.3997162485110588
7.840501792114695
202.35775089605735
406.95900537634407
440.531660692951
150.68436379928315
19.554099462365592
8.802658303464753
6.759636350059737
2.863575268821692
3.1056227598611184
2.068884408606638
0.3997162485110588
4.487753882915173e-12
111.63493130227002
633.2138590203107
525.6571087216248
314.5852001194743
21.794504181600953
14.029868578255678
5.639568399044205
2.863575268821692
3.1056227598611184
2.068884408606638
0.3997162485110588
4.487753882915173e-12
230.73663381123058
359.5437574671446
390.12768817204307
161.51022998805257
23.661364994026286
9.922726254480285
4.146132019120379
2.863575268821692
3.1056227598611184
2.068884408606638
0.3997162485110588
4.487753882915173e-12
124.70019414575866
489.86036439665475
525.6571087216248
95.0548835125448
10.966984020310633
12.909647550776583
4.892831541218639
5.477079599761052
3.1056227598611184
2.068884408606638
0.3997162485110588
4.487753882915173e-12
143.74029271206692
640.6959378733573
555.8870967741937
176.07153524492233
45.68914277180406
5.815785543612612
4.146132019120379
11.077658303464755
3.1056227598611184
2.068884408606638
0.3997162485110588
5.227016129032258
158.3019713261649
389.0382317801673
374.81854838709677
142.47013142174436
80.78517025089606
5.815785543612612
4.146132019120379
2.863575268821692
3.1056227598611184
2.068884408606638
0.3997162485110588
4.487753882915173e-12
69.81892174432497
273.296370967742
595.4554958183991
259.7035543608124
11.713720878136199
5.815785543612612
4.146132019120379
2.863575268821692
3.1056227598611184
2.068884408606638
6.746938470728792
0.37335722819593786
165.3968787335723
356.55615292712065
418.5024641577061
248.8780615292712
12.833796296296295
5.815785543612612
4.146132019120379
2.863575268821692
3.1056227598611184
2.068884408606638
0.3997162485110588
7.840501792114695
230.73663381123058
388.29039725209077
398.71415770609315
152.1759259259259
7.606780167268525
7.309221923536438
4.146132019120379
2.863575268821692
3.1056227598611184
2.068884408606638
0.3997162485110588
6.720318100358422
57.868876941457586
399.4922341696535
498.0398745519713
270.1579301075269
49.42286439665472
20.75014934289128
4.146132019120379
4.730383811230586
3.1056227598611184
2.068884408606638
0.3997162485110588
4.487753882915173e-12
171.74320489844683
353.19705794504176
396.1025238948626
268.28965053763443
65.47565710872162
12.163007765830345
5.639568399044205
2.863575268821692
3.1056227598611184
2.068884408606638
0.3997162485110588
4.487753882915173e-12
224.76142473118279
452.151284348865
543.1862305854241
366.11148446833937
7.606780167268525
5.815785543612612
4.146132019120379
2.863575268821692
3.1056227598611184
2.068884408606638
2.266524790919952
4.487753882915173e-12
232.22819593787335
379.70392771804063
505.47715053763443
49.50347222222222
21.794504181600953
40.164463859020316
4.146132019120379
2.863575268821692
3.1056227598611184
2.068884408606638
0.3997162485110588
2.986872759856631
112.75462962962963
250.14822281959383
261.69168160095586
240.6634557945042
74.06660692951016
5.815785543612612
4.146132019120379
2.863575268821692
3.1056227598611184
2.068884408606638
0.3997162485110588
4.487753882915173e-12
150.8352001194743
297.5679510155317
113.84408602150535
99.15770609318996
21.42096027479092
5.815785543612612
4.146132019120379
9.583893369175627
3.1056227598611184
2.068884408606638
0.3997162485110588
4.487753882915173e-12
93.33818697729988
474.14725209080046
390.12768817204307
115.586917562724
17.31414277180406
5.815785543612612
7.87970430107527
2.863575268821692
3.1056227598611184
2.068884408606638
0.3997162485110588
4.487753882915173e-12
148.96766726403823
322.57840501792117
154.1640531660693
18.14142771804511
7.606780167268525
12.909647550776583
7.133004778972523
2.863575268821692
3.1056227598611184
2.068884408606638
0.3997162485110588
4.487753882915173e-12
208.70855734767025
423.7597072879331
342.7128136200717
87.58400537634408
7.606780167268525
5.815785543612612
4.146132019120379
2.863575268821692
3.1056227598611184
2.068884408606638
0.3997162485110588
4.487753882915173e-12
79.89658004778973
358.7959229390681
306.4956690561529
59.9575119474313
18.434326463560335
