21.29308542413381
9.332810633213859
3.6893779868578256
5.1547565710872165
10.731892174432497
14.000074671445638
40.669504181600956
100.50925925925925
210.62126642771804
174.7688918757467
101.34259259259261
65.7900238948626
25.973752986857825
9.894675925925926
7.982489545997611
9.969608721624851
2.756888440860215
4.6990740740740735
15.349873058542414
77.55637694145757
206.8186230585424
211.63418458781362
163.41323178016728
36.1354913381123
25.6389262246117
9.960610812425328
3.1721886200716845
5.125112007168458
3.2832997311827956
7.3284423536439665
41.56735364396655
56.818996415770606
171.48185483870967
229.34177120669057
143.44608721624851
61.30264336917563
15.10659348864994
16.056488948626047
8.99354091995221
8.521318697729988
3.738687275985663
14.577807646356034
65.75455495818399
88.78248207885306
236.25186678614094
215.7444743130227
106.52777777777777
32.9319743130227
20.728307945041813
11.273558841099165
3.1108758960573484
3.6224126344086023
8.729614695340501
5.869922341696535
36.48801523297491
92.71281362007169
180.54584826762246
196.40270310633213
123.32101254480287
28.223864994026286
10.014000896057349
8.1360513739546
5.8832138590203105
4.3693137694145765
3.1364994026284347
12.408079450418162
37.03061529271206
86.58079450418161
235.64068100358423
236.68832138590204
174.91972819593786
66.50276284348864
35.89714008363202
6.520534647550776
5.375186678614098
3.227060931899642
2.1550253882915174
11.695079151732376
31.630227001194744
82.81474014336918
202.29166666666666
178.3564814814815
128.73469235364396
42.50784050179212
9.707026583034647
11.431600955794503
6.531586021505376
3.1467480585424132
5.3786215651135
8.113948626045401
29.68847072879331
94.62029569892474
242.85991636798087
216.65994623655914
137.09490740740742
43.701090203106325
21.621751792114694
5.808915770609319
4.273114545997611
3.4924283154121865
2.903767174432497
1.8200716845878135
25.590464456391874
83.29226403823178
143.75448028673836
147.15837813620072
85.2848715651135
40.588859020310636
28.69519115890083
7.479241338112307
4.396792861409797
4.094903673835126
2.1822057945041817
10.686043906810035
36.53759707287932
87.78561827956989
223.98372162485066
199.0890083632019
112.92898745519713
36.52423088410992
18.643070489844682
6.628360215053765
4.873207885304659
2.3938881421744327
3.09357825567503
18.65184438470729
36.6566233572282
121.31235065710872
257.8879181600956
220.5245669056153
95.95131421744324
56.81974313022699
21.15613799283154
15.402964456391876
6.431750298685783
4.948002538829153
9.098043608124252
12.856444145758665
49.20400238948626
94.70243428912784
201.5400985663083
286.80928912783753
143.31951911589007
56.348192951015534
17.73435633213859
9.856406810035843
5.979353345280765
7.76564366786141
5.3639486260454
11.179472819593787
29.875485364396656
102.62096774193549
232.16397849462365
250.86693548387092
111.4314516129032
46.99260752688172
16.49727449223417
7.007280465949821
8.880600358422939
5.645422640382318
3.830988649940263
5.144265232974911
34.48028673835125
91.89814814814815
164.998133213859
168.38485663082437
122.50037335722817
37.924283154121866
18.748581242532854
8.63788082437276
4.990598864994026
3.023644713261649
1.8938620071684589
4.5022028076463565
16.965725806451612
37.93443847072879
190.58467741935485
175.94048685782556
93.44011350059736
63.15710872162485
16.582101254480285
9.959416069295102
3.0427456690561527
3.9950978195937874
3.3614321983273596
8.782071385902032
15.558318399044209
37.354838709677416
129.9096475507766
126.40494324970132
112.62806152927118
11.600806451612904
14.592555256869776
12.256720430107528
6.6017025089605745
4.281836170848267
5.688508064516129
19.191606929510158
34.845952807646356
99.58445340501791
187.36521804062127
241.44899940262843
159.22192353643968
62.97080346475508
23.67831541218638
12.379853643966547
5.166479988052569
3.636869026284349
4.6528935185185185
8.58729091995221
35.907818100358426
96.80966248506572
237.07026583034644
270.92368578255673
174.34923835125448
79.12149044205496
29.460125448028673
9.392883811230584
9.157183393070492
3.2961021505376342
3.157276732377539
10.286626344086022
51.59572879330944
137.73297491039426
289.32422341696537
247.31070788530465
167.79943249701313
55.078031660692965
20.04009856630824
6.839307048984469
4.390382317801673
5.6849985065710875
2.87816233572282
4.13645086618877
29.694071087216248
96.22423835125447
278.6428464755078
251.6416517323776
228.78920250896059
67.242756869773
