5.815785543612612
4.146132019120379
2.863575268821692
3.1056227598611184
2.068884408606638
0.3997162485110588
4.487753882915173e-12
79.89658004778973
474.14725209080046
561.8608124253286
338.4808094384707
7.606780167268525
12.163007765830345
4.146132019120379
2.863575268821692
3.1056227598611184
2.068884408606638
0.3997162485110588
4.487753882915173e-12
124.32870370370371
385.30241935483866
366.6084229390681
142.84162186379928
49.42286439665472
5.815785543612612
4.146132019120379
2.863575268821692
3.1056227598611184
2.068884408606638
0.3997162485110588
4.487753882915173e-12
23.14799880525687
297.5679510155317
348.6831690561529
131.26792114695337
19.554099462365592
5.815785543612612
7.506335872162485
2.863575268821692
3.1056227598611184
2.068884408606638
0.3997162485110588
4.487753882915173e-12
100.43309438470729
384.55906511350054
568.5887096774194
201.45833333333334
36.728419952210274
12.536103643966547
4.146132019120379
2.863575268821692
3.1056227598611184
2.068884408606638
0.3997162485110588
4.487753882915173e-12
139.26149940262843
448.03726105137395
555.1329151732377
213.03203405017922
27.021505376344088
12.536103643966547
4.146132019120379
2.863575268821692
3.1056227598611184
4.309020310633214
0.3997162485110588
3.360203853046596
149.34363799283153
467.8199671445639
366.2320788530466
75.2665770609319
17.31414277180406
5.815785543612612
4.146132019120379
2.863575268821692
3.1056227598611184
2.068884408606638
0.3997162485110588
10.827546296296296
103.79218936678615
264.3380376344086
263.5599611708483
56.22379032258065
45.68914277180406
12.536103643966547
4.146132019120379
2.863575268821692
3.1056227598611184
2.068884408606638
0.3997162485110588
1.1200679510155316
4.480372610513739
366.2623207885305
364.3645459976105
188.7649342891278
65.47565710872162
5.815785543612612
4.146132019120379
2.863575268821692
3.1056227598611184
2.068884408606638
0.3997162485110588
36.58908303464755
222.52202807646353
557.0452508960573
543.1862305854241
216.3959826762246
40.089045698924735
5.815785543612612
4.146132019120379
2.863575268821692
3.1056227598611184
2.068884408606638
0.3997162485110588
4.487753882915173e-12
123.58049581839907
403.2276732377539
377.8057795698925
202.57840501792114
7.606780167268525
6.935853494623656
6.0129405615292715
2.863575268821692
3.1056227598611184
2.068884408606638
0.3997162485110588
32.85536140979689
92.96632317801672
323.3266129032258
348.6831690561529
63.69295101553166
9.8469160692951
6.935853494623656
4.146132019120379
2.863575268821692
3.1056227598611184
2.068884408606638
0.3997162485110588
4.487753882915173e-12
146.35640681003585
322.57840501792117
257.96109617682197
106.62858422939068
7.606780167268525
13.65628733572282
4.146132019120379
2.863575268821692
3.1056227598611184
2.068884408606638
0.3997162485110588
6.720318100358422
215.7989844683393
423.7597072879331
188.89000896057348
63.69295101553166
15.447281959378731
6.189142771804061
4.146132019120379
2.863575268821692
3.1056227598611184
2.068884408606638
0.3997162485110588
4.487753882915173e-12
126.19623655913979
455.86805555555554
537.6090203106331
378.8048835125448
24.034460872162484
5.815785543612612
4.146132019120379
2.863575268821692
3.1056227598611184
2.068884408606638
0.3997162485110588
4.487753882915173e-12
145.23633512544802
544.3436379928315
205.6907108721625
61.07758363201911
27.021505376344088
11.41633064516129
4.146132019120379
2.863575268821692
3.1056227598611184
2.068884408606638
0.3997162485110588
4.487753882915173e-12
148.96766726403823
378.584229390681
580.1851851851851
130.89605734767025
55.76963859020311
5.815785543612612
4.146132019120379
2.863575268821692
3.1056227598611184
2.068884408606638
0.3997162485110588
4.487753882915173e-12
66.45982676224612
521.594982078853
386.3922491039427
85.72095280764636
7.606780167268525
8.055921445639187
4.146132019120379
2.863575268821692
3.1056227598611184
2.068884408606638
0.3997162485110588
4.487753882915173e-12
105.6597222222222
166.5162037037037
239.29211469534056
152.1759259259259
12.833796296296295
5.815785543612612
6.3862679211469535
2.863575268821692
3.1056227598611184
3.1889523596176823
0.3997162485110588
4.487753882915173e-12
26.13504330943847
269.93652927120667
331.8828405017921
117.45445041816009
17.31414277180406
5.815785543612612
4.146132019120379
2.863575268821692
3.1056227598611184
6.175825119474312
0.3997162485110588
4.487753882915173e-12
163.52859916367981
509.2458183990442
422.9812574671446
294.80137395459974
34.48846326164874
