0
0
0
0
29.125564586276205
43.91993073011942
849.5910078844549
2189.0695958115625
2146.6077624865165
1203.224093343662
90.55190489173266
20.2829730057967
0
0
0
0
0
44.158537678055126
578.5568647804951
1651.5760250635155
1941.3943084172506
1056.6798461185404
135.79946703377277
16.7334599748732
0
0
0
0
0
22.572609715965086
465.07567232700103
1176.9514523748219
1432.7557145975434
563.847381212954
290.0428107651293
0
0
0
0
0
0
107.7776909425425
831.8796051283798
971.331520848842
1482.204713298096
636.3909805695905
56.86901345593959
0
0
0
0
0
0
92.86266008397395
617.4296225595018
1277.101117215639
1645.8967242307247
723.3457341714244
158.46419539769877
0
0
0
0
0
0
9.450027532965272
307.73483836791996
1389.406468412999
1911.4563179148615
1002.4605057843631
149.1503699866564
0
0
0
0
0
0
43.155649947423846
458.8767887195078
1364.3212106844846
1733.1650141656316
792.7042798188079
145.42438470419108
3.807635031881894
0
0
0
0
0
0
99.22512049150839
546.4781844800142
624.4172257392667
408.8621885932007
52.54659327641116
26.92530281615152
0
0
0
0
0
0
310.025068689869
1016.6429856248119
1656.8854313651632
707.3755658776095
148.05739521362392
0
0
0
0
0
0
36.138959783623214
450.5796545917429
939.3823492202231
1407.9365435169586
670.3290285093792
212.38808538193467
0
0
0
0
0
0
0
550.7657399177474
1151.6584594662763
1637.6248890826384
724.2060765228165
247.26654377416116
0
0
0
0
0
0
0
567.7553901402362
1914.7700336735224
1726.065267688664
1243.4751890926993
122.09462479898733
0
0
0
0
0
0
22.376504092183467
570.0094898785248
2025.158026939586
1926.3578320030108
1164.283073997612
89.25841693654414
0
0
0
0
0
0
0
387.9449320655815
725.0343654951041
1206.7326514268223
485.15396546561664
146.9138981486322
0
0
0
0
0
0
0
445.2790771226637
1300.0372630797972
1407.4381527229814
795.0784082755265
86.4559843553325
0
0
0
0
0
0
28.636001815350767
401.7324857260488
614.8043240522651
1144.6374758132831
482.86361592729725
0
0
0
0
0
0
0
49.59741136778683
414.1553373521589
1182.840748048245
1701.3235721037427
510.31484732589104
38.662495982905554
0
0
0
0
0
0
0
677.4925584958568
1621.514849448875
1847.8844670822573
758.3610785615366
128.64201158356724
0
0
0
0
0
0
76.81288675120312
479.3794765713892
1394.1055481702301
1754.7537230308315
1042.557914828108
180.95783120591958
0
0
0
0
0
0
0
492.2501679546688
1772.9213956927745
1901.5879327961072
766.346625394682
118.85487388141199
0
