5.298797789725209
3.458669354865921
2.3887022103020024
2.5906137993103657
6.772849462365591
9.205510752688172
86.51060334528077
215.3935185185185
211.3500597371565
131.07862903225808
29.117756869773
13.435259856630825
8.067428315412185
3.458669354865921
2.3887022103020024
3.837216248506571
1.7258064516401148
9.320131421744325
60.67054958183991
164.060633213859
191.82347670250897
117.17480585424134
33.55361409796894
13.19668458781362
5.346550179211469
3.8889262246117084
2.3887022103020024
2.761760752688172
1.7258064516401148
7.34731182795699
49.91412783751493
118.75
143.2534348864994
70.1280615292712
48.424432497013136
11.006944444444443
7.716061827956989
3.458669354865921
2.4842293906810036
2.5906137993103657
1.7258064516401148
15.598506571087217
85.12918160095579
99.18608124253286
148.1070788530466
77.20318100358423
26.21415770609319
10.125074671445638
5.7827807646356035
3.458669354865921
2.4364658004778974
2.5906137993103657
1.7258064516401148
14.26823476702509
64.71027479091995
128.57676224611708
163.90008960573476
85.65598864994027
36.04988052568698
11.440412186379929
4.851403823205228
3.458669354865921
2.3887022103020024
2.5906137993103657
1.823719384707288
6.383303464755078
35.17734468339307
139.45265830346474
189.44519115890083
112.50784050179212
35.27180406212665
6.345579450445371
4.851403823205228
3.458669354865921
2.5256235065710873
2.5906137993103657
1.7258064516401148
9.711036439665472
49.75731780167265
137.17891278375149
172.50597371565112
92.56683094384707
35.03061529271206
12.497386499402628
7.11211917562724
3.458669354865921
2.3887022103020024
2.5906137993103657
1.7258064516401148
5.029883512544803
15.447281959378733
59.02777777777778
66.50985663082437
55.96662186379928
26.258587216248507
14.824148745519713
4.947726254480287
4.159983572281959
2.3887022103020024
3.326164874551971
1.7258064516401148
5.6668309438470725
35.74223416965352
104.16293309438471
165.46818996415772
84.68152628434886
35.520833333333336
6.609864097968937
4.851403823205228
4.1392995818399045
2.3887022103020024
2.6256391875746714
1.8038194444444444
9.355600358422938
49.316756272401435
96.90486857825567
141.7749402628435
81.28024193548387
41.80107526881721
6.381002837514934
4.851403823205228
3.458669354865921
4.452844982078853
2.5906137993103657
2.505936379928315
5.029883512544803
59.02777777777778
117.36111111111111
163.90008960573476
86.58564814814815
45.26471027479092
10.4413082437276
7.828666367980884
3.458669354865921
2.4046232825567504
2.5906137993103657
1.7258064516401148
5.370758661887694
60.77882317801673
190.54659498207886
172.50597371565112
136.44003882915175
33.411364994026286
10.218413978494624
6.109169653524492
3.458669354865921
2.3887022103020024
2.5906137993103657
3.208071983273596
8.373670848267622
61.12231182795699
201.25448028673836
191.82347670250897
129.01396356033453
30.39837216248507
9.808318399044206
5.122061678614098
5.284834229390682
3.23252688172043
3.0841547192353644
1.7258064516401148
5.109781959378733
43.82467144563919
76.95639187574672
123.08841099163679
64.16554659498208
36.04988052568698
6.345579450445371
9.612828554360812
4.8187350657108725
3.0215427120669056
2.5906137993103657
1.7258064516401148
5.042204301075269
49.44369772998805
132.1423237753883
142.45071684587813
93.99305555555556
30.39837216248507
6.345579450445371
6.017622461170848
3.458669354865921
2.3887022103020024
2.95680256869773
1.7258064516401148
9.328718637992832
45.411439665471924
66.70773596176822
117.44698327359617
64.27008661887695
19.59117383512545
6.345579450445371
5.859206989247312
4.218115292712067
2.3887022103020024
3.0841547192353644
3.5519713261648747
11.458721624850655
46.736857825567505
121.23282556750299
170.88933691756273
67.06279868578255
26.102897252090802
6.431951911589007
5.520086618876942
4.127352150537634
2.3887022103020024
2.5906137993103657
1.7258064516401148
3.5864844683393065
72.08408004778973
163.3811230585424
185.07691158900838
90.97632915173237
34.859244324970135
11.042040023894863
4.946931003584229
3.458669354865921
2.3887022103020024
2.5906137993103657
1.7258064516401148
14.31789127837515
53.263142174432495
141.7749402628435
176.32541816009558
118.3546146953405
40.013440860215056
11.121938470728791
7.351067801672641
3.458669354865921
2.462335722819594
2.5906137993103657
1.7258064516401148
3.6753061529271207
54.64083034647551
178.19967144563918
190.54659498207886
92.09266726403823
34.21856332138591
11.042040023894863
