0
0
0
0
0
0
340.00767455112134
1025.272926158037
1084.9627505390856
621.0328597713802
106.12071462888913
29.281815598389294
0
0
0
0
0
24.340736005414755
276.7441407661581
1286.938181574866
1418.5422325510617
564.2541442069512
63.19832456065454
29.986260154084647
0
0
0
0
0
0
370.22277507491026
937.5783191609629
1267.8960969153445
788.6875843192862
150.0309006695498
0
0
0
0
0
0
44.937077143259316
5.092717434234032
775.3507114103711
663.8549522467222
378.1659208324341
87.20410156824548
0
0
0
0
0
0
39.970186965694396
389.9789057136236
1685.6666787449108
1423.8731280539023
1038.5828160113288
198.08281098909666
0
0
0
0
0
0
36.145666720539936
461.2884524658889
1214.9418626782317
1612.637246827645
538.0877459277323
102.88524901891444
0
0
0
0
0
23.428130346748294
39.16322909915622
622.5845993527215
1864.715849274688
2355.3118182277585
596.182102399453
129.99285841984226
0
0
0
0
0
0
33.22776832271639
613.8112540040531
1908.9890118396322
1693.263178546913
781.67692873657
102.99940092276718
0
0
0
0
0
0
7.2340224645590325
411.315017913286
1462.6547837132225
1483.3721398478397
676.3656345753395
134.4513990965392
0
0
0
0
0
0
31.004177824244458
423.6385703623522
1319.0761962931024
1607.1244915456325
1287.5982937423541
141.65421441419267
0
0
0
0
0
0
0
342.7684280897904
690.4230203981759
1070.5023532403445
196.87009235316287
16.470882185152817
0
0
0
0
0
0
0
655.5917850028408
1144.5396722637258
1770.6754827424274
921.2884358071556
144.1349100439096
0.7388545863711045
0
0
0
0
0
4.494335633402088
268.41293969931337
1579.6592216827162
934.7075930543847
417.2803858255688
206.42336615996103
0
0
0
0
0
0
0
0
553.1130691988078
802.7728246645763
323.1699451549834
186.53251374003008
0
0
0
0
0
0
61.844419576743064
419.7425627857461
776.3914297464638
931.6040726751916
545.7791997928501
189.03603214505765
0
0
0
0
0
0
59.15870193482506
411.4035580080083
1332.9562057726953
1676.4120427188989
948.2597479464134
125.68310508783935
0
0
0
0
0
0
16.202884784752186
381.0770070056834
1156.8860736157476
1644.7028283761438
1302.344043861136
146.9434099614002
0
0
0
0
0
0
101.67930732513061
487.24315586742193
1044.3781260319092
1353.81300650878
575.1468461839979
53.01387538285043
0
0
0
0
0
0
0
419.6766689250332
1305.0012321606723
1791.7627582757539
655.2341394398165
93.91519381045961
0
0
0
0
0
0
0
369.7169391613595
773.0856728731808
1315.5750146360117
539.7953261115279
13.233756796585169
0
