14.137059438470729
8.539687873357229
4.760005973715651
3.2510379330943846
2.7689217443249703
15.158490143369178
10.14598267622461
124.04868578255675
273.9702807646356
232.69974611708483
127.19720728793307
53.97625448028674
29.347819593787335
6.730585424133811
7.249701314217443
3.761951164874552
5.6167786738351255
6.137544802867383
70.00970728793308
120.81354540023895
166.89852150537635
226.87014635603342
122.86663679808841
62.09826762246117
19.10203853046595
14.363425925925926
4.608385603345281
3.113399790919952
5.593899342891279
8.71889934289128
41.81279868578255
110.92555256869771
229.5146356033453
267.1695788530466
146.33325866188767
67.29502688172043
33.663231780167266
15.123357228195937
3.3547304360812427
5.973864994026285
2.8275126941457587
13.933430406212665
31.034348864994026
108.54689366786141
165.6899641577061
186.7891278375149
155.63097371565112
54.69459378733572
24.370706391875746
11.129330943847071
10.787671744324971
2.5281884707287934
4.57456317204301
7.744735663082437
38.898036140979684
125.64030764635604
221.79323476702504
295.3035394265233
153.50507765830343
70.60857228195938
31.235737753882916
8.810595878136201
4.743242234169654
3.5157332735961777
2.688694743130227
8.451500896057347
27.68126493428913
83.64247311827957
199.94436977299878
168.0794504181601
68.45019414575867
48.378509557945044
25.616076762246117
19.622647849462364
3.724985065710872
2.364930555555556
4.437317054958185
7.575156810035843
22.88788082437276
104.69123357228196
216.80592891278374
197.2528375149343
85.0731780167264
21.869250298685785
23.61891427718041
13.39699074074074
9.096326164874553
4.808564814814815
3.9938097371565107
14.454562425328554
29.02199074074074
104.63000298685783
202.13709677419354
179.22603046594983
182.1609916367981
26.781884707287926
24.06130525686977
14.599163679808841
7.568697729988054
3.0718115292712063
1.216808542413381
7.13687275985663
37.16849611708483
91.23618578255676
226.1017771804062
187.90247909199522
145.12320788530465
39.28953853046595
21.02822580645161
8.415845280764636
3.3596363500597364
2.9643817204301075
3.6004592293906805
22.396990740740737
31.218077956989248
84.02105734767025
186.82758363201913
187.37305854241336
98.5655615292712
39.25832586618876
17.260491338112306
16.856966845878137
11.552083333333334
1.1705936379928314
5.199111409796894
9.69597520908005
31.81660692951015
97.9140531660693
217.39060633213853
212.45818399044205
146.2410394265233
41.23215352449223
20.483086917562723
8.122797192353644
5.218264635603346
2.9614508661887697
3.6509744623655913
8.185259856630825
71.67488052568697
113.1152927120669
210.13030167264037
267.99843189964156
188.27508960573476
49.39777479091996
26.849761051373953
11.193175029868579
7.79872311827957
2.822412634408602
9.47337962962963
12.041255973715652
25.017025089605735
89.15098566308242
191.91457586618876
204.192054958184
103.55622759856631
45.512022102747906
20.755002986857825
11.545437574671446
6.124962664277181
6.004368279569892
1.134153972520908
14.905503285543608
36.716957885304666
76.65061230585424
153.5002240143369
179.40748207885304
93.45280764635604
26.763104838709676
23.99189814814815
12.430854241338114
3.4320639187574673
3.201004330943847
3.2691980286738342
14.770459976105137
35.266129032258064
71.85409199522103
197.63142174432497
201.5356182795699
204.980958781362
36.805331541218635
23.470915471923536
8.62040770609319
3.929248805256869
3.022905465949821
1.3123618578255676
11.95859468339307
32.14923088410991
98.73805256869773
229.55943847072885
298.83475209080046
179.94959677419354
72.05346475507767
22.66017025089606
7.972072879330944
2.8812612007168457
4.470493578255675
4.972233422939067
5.298984468339307
36.693548387096776
97.49663978494624
217.76471027479093
217.24649044205492
130.20721326164872
44.03711170848268
19.6560633213859
5.907631421744325
4.182833034647551
3.0553091397849457
3.036898894862605
21.831541218637994
30.00593637992831
109.19130824372758
200.50029868578255
149.21408303464756
111.03307945041816
39.20183691756272
15.105436081242534
7.448140681003583
8.21878733572282
5.215841547192354
4.6624477299880525
8.829338410991637
30.009520609318997
76.2238649940263
193.28815710872163
190.6589755077658
100.10155316606928
54.74163679808841
15.284423536439663
14.622610513739547
7.59270459976105
0.8099697580645161
3.9450903524492236
10.594422043010752
34.232377538829155
104.46684587813623
227.77105734767025
112.38649940262843
79.32683691756273
52.76545698924731
