552.8289635603347
154.9266420250896
172.76231556152925
131.64663242980885
163.16165173237755
206.84319332437272
367.37552606033444
3162.797909199522
6702.746225358422
4539.841644265235
1471.6762470131425
805.9252785244922
290.1356134259259
299.12083034647554
148.94565748207884
90.96688343787336
80.21979584826762
233.2969716995221
216.48708744026274
2083.513608870968
6044.622561977302
4668.391987753884
1560.4477934587815
590.022186753286
489.7647715053764
301.9887283452808
184.80556638291523
171.72488668608125
66.83654204749104
219.31718936678615
580.198664501195
3557.1989807347654
6442.853259408602
5966.07748282557
2309.395642921147
1169.5264411589003
275.2114964157707
250.99425291218637
233.22088933691757
103.25045616786137
137.2282958109319
271.66306675627237
612.7523398297493
2141.7087514934287
5331.402460424134
4485.074339157705
2427.1358870967747
698.1561742084823
370.8726303016727
192.67054248805255
163.08975781324673
152.99174697580645
130.36043749999993
177.03835984169652
256.1111523670848
2345.715819145759
5513.4487791218635
4053.1026919056153
1777.455779569893
568.320205719833
644.473696236559
299.1293682795699
220.12293309438465
212.1876173088411
154.88442110961768
215.02491412783743
525.1881709229391
2430.71621490442
4801.439590800477
3389.029379480286
880.0351172341698
589.9391117831541
403.7199115143369
211.98865890083636
102.40298838859019
90.83061286589007
149.1563839605735
176.2940307646356
275.7530047789726
2367.81431451613
7636.432101254479
5130.810532407406
2316.679536290323
751.353531212664
318.3655107526882
224.11666106630824
204.40922491039422
119.71279498954598
121.7674911626344
156.14308975507768
647.4432086320192
3080.186215651135
7146.676366487453
3641.398353494626
2329.8852225209075
588.8442801672643
369.5490117234169
265.95444407108715
126.52083632019111
173.69306880973718
138.92273876194741
708.8027527628435
675.6309811827955
2669.0989471326166
6234.184068847072
2990.6777105734773
983.9888216845878
443.1643481182796
379.67306451612905
152.6723812724014
161.45508101851848
134.19848765681002
129.44886215651135
198.09389822281963
618.8749137544802
2492.904450418159
3961.9927494026283
2504.8619100955807
1592.984584080048
342.10797901732366
515.992679958184
346.4696057347671
119.05474962664276
285.0264748357228
253.94533266129045
329.3992432048984
723.3705753434888
1836.1204525089606
5251.924768518518
4054.2310297192353
3464.841349313021
636.8037335722817
503.12108422939093
191.01183169056148
113.3357729241338
115.29047744922342
208.7207392099762
265.60855212066895
664.6603210872163
2665.8662746415775
7331.893779868578
7093.671953405016
1953.1551709976097
556.0725347222219
330.9651709976104
438.32198066009556
123.91692685931899
166.27944892473118
349.5028494623655
222.7270956541219
588.6546680854242
2466.9585088112312
4508.510345728791
3785.646848864994
2540.9679136798104
1022.0847520908005
408.6806698028674
195.54427680704896
141.63290247909197
197.39958075716848
97.59255738500595
133.9890636200717
647.735095206093
2976.901052867384
7628.667663530466
4002.8439665471924
2417.8213373655917
686.5843301971327
572.0509318996418
286.30093376642765
170.82993690262845
179.4750545848268
102.68086600209078
201.7360091845878
548.3019885005973
1952.033139187575
6442.276751045401
4415.827068399047
1946.558034647551
650.7102777777777
278.6700332287934
243.271195863202
119.79152027329748
110.06242432048985
234.66829573626043
334.7560032108721
633.2844459378734
2843.16647625448
7659.899320489844
5472.105480884112
1784.4067913679798
711.2851586768221
348.8439232377539
261.2364751344086
421.48714717741944
158.41224126344085
138.53197767323775
69.89515445788533
724.8031018518523
2584.115725806452
6059.214583333335
4058.849622909201
1777.6359094982083
514.7800937126642
336.5746064814815
210.34204039725205
213.17535804958192
109.87676915322578
119.70234972371566
193.2958254928315
742.0225108273595
3730.951747311828
6784.631630824373
6174.125156810036
2753.779330943846
785.5876571833932
225.09360364396656
219.12808915770614
152.9661904121864
184.95417637395454
64.16482321535243
110.75607452210276
427.0380111260453
3084.712910692951
6970.84263739546
4144.167913679808
1399.1109057646356
611.8535368130224
276.2973596176822
264.7426840651135
98.55716472520909
139.0116401956392
131.28464728942652
262.56575343488635
832.9323730585422
3229.9226105137395
5709.395680256871
3200.2205757168467
915.8344795400241
625.2356660692948
