0.0
0.0
0.0
0.3733557347670251
0.0
0.7467278972520908
0.0
37.70911738351254
107.52684438470726
116.48738052568697
70.93738799283155
10.080734767025088
5.226911589008363
0.0
0.0
0.0
1.1200899790919951
0.7467278972520908
0.0
51.895721326164875
129.55675029868578
139.63369922341695
60.109132317801674
16.05430854241338
0.0
0.0
0.0
0.0
0.0
0.0
1.8667764336917563
92.5939366786141
157.554846176822
141.87481332138591
142.6219384707288
18.667764336917564
0.0
0.0
0.0
0.0
0.7467278972520908
0.3733557347670251
0.0
70.56399342891278
135.90247909199522
128.80958781362008
172.49189814814815
13.440852747909199
0.0
2.240142249103943
0.0
0.0
0.0
0.7467278972520908
0.0
29.12205047789725
118.35510005973715
126.56851105137396
50.028001792114694
18.667764336917564
0.0
0.0
0.7467278972520908
0.0
0.7467278972520908
0.0
1.1200899790919951
44.802830047789726
205.71931003584228
104.91196236559139
85.12731481481482
0.0
0.0
0.0
0.0
0.0
0.0
0.0
0.0
66.45937873357228
135.90247909199522
172.49189814814815
173.23906063321385
20.534595280764634
0.0
0.0
0.0
0.0
0.0
2.240142249103943
0.0
36.21580047789726
96.32515681003584
107.15344982078852
146.7307347670251
26.881705495818398
8.960569743130227
0.0
0.0
0.0
2.6135043309438473
0.0
1.1200899790919951
0.0
84.75392025089606
120.96957138590203
111.63560334528077
16.427848715651137
0.0
0.0
0.0
0.0
0.0
0.0
0.0
23.14804734169654
105.28573028673836
90.35285991636798
50.028001792114694
0.0
6.7206541218638005
0.0
0.0
0.7467278972520908
0.0
0.0
0.0
53.390008960573475
85.12731481481482
103.79144265232975
114.99309289127838
12.694190561529268
0.0
0.0
0.0
0.0
1.1200899790919951
0.0
0.0
37.70911738351254
111.262208781362
86.99085274790922
54.8839605734767
8.2139075567503
0.0
0.0
0.0
0.0
0.0
0.0
0.7467278972520908
47.417712066905615
142.99570639187573
159.7959229390681
160.16969086021504
27.62833408004779
8.2139075567503
0.0
0.0
0.0
0.0
0.7467278972520908
0.0
38.82937574671445
123.95366636798086
139.26030465949822
146.7307347670251
16.05430854241338
8.2139075567503
0.0
0.0
0.0
0.0
0.0
0.0
29.12205047789725
121.71255227001194
103.79144265232975
92.96733124253285
25.761540471923535
0.0
0.7467278972520908
0.0
0.0
0.0
1.493414351851852
0.0
21.654760304659497
114.24630376344086
112.75201612903226
51.148558841099174
8.960569743130227
0.0
0.7467278972520908
0.0
0.0
1.1200899790919951
0.0
0.0
77.65688470728793
125.44795400238948
206.466472520908
146.7307347670251
12.320687724014338
0.0
0.0
0.0
2.6135043309438473
0.0
0.0
0.0
51.895721326164875
105.28573028673836
138.89071833930706
38.82937574671445
10.080734767025088
0.0
0.0
0.0
0.0
0.0
0.7467278972520908
0.0
44.802830047789726
120.96957138590203
96.32515681003584
77.65688470728793
21.654760304659497
0.0
0.0
0.0
0.0
0.0
1.8667764336917563
0.0
40.32254330943847
134.03513291517325
105.28573028673836
54.8839605734767
11.947565710872162
