1661.7210385005296
1287.41961154674
1252.9727278882037
769.7381848511571
609.5695461020491
1182.4697125078067
1577.0917786699238
2043.9773262427273
3006.440939025841
3354.284392201682
3427.756593665704
2194.9530897243594
1854.7603399455702
1547.6473906504348
1384.054977920878
978.3097234884423
884.5402448347238
1049.5321660470904
1330.8148673048518
1962.194936536996
2355.8249416474578
2593.4418736538414
2151.015446417153
2189.311210658631
1640.4692078854616
1168.9218932722845
909.2317840205138
868.0358252909472
706.1272250599718
1083.4934959869095
1345.3553434143894
2034.2750400915115
2909.533550620789
3821.6988084984832
2980.347631838925
1955.5677795551967
1590.5256927002783
1203.668245713596
855.5934389661577
919.7452720685707
831.4783912009566
1019.6959820356797
1172.4339214594993
1789.633020060009
2614.9629013673743
2633.1678832347607
2447.5221084452382
1901.9804115799925
1524.5641265064953
1167.1451587162799
745.2172130247518
880.1921967005034
896.6026152376395
1106.466741110384
1589.0851116867777
1924.5411482031438
2588.861584723276
2849.4188170643306
2250.80935318284
1721.0854656001238
1202.697225792897
1192.0746391008802
784.5254250047809
816.1115825251942
708.6091526081033
1132.4999501261398
1549.9676290340135
2635.363530829693
3277.298022436259
4078.6611196302288
3681.424311901216
2611.788825823118
1596.730256479604
907.4194500579273
762.4721261355518
674.840372792783
649.4442691280075
1009.6600350306938
1252.3938805842286
1961.17808056815
2579.8895362003964
2873.7582406190113
2410.7300464964683
1901.963594275063
1482.4151892674986
1049.4525703912248
732.9209090555148
814.7430335192481
699.075701687987
884.8560616721684
1306.764168515506
1691.7230065014967
2352.452783913652
2879.8096703656806
2268.1939806103874
1728.0974547208991
1619.6889835695756
1306.619279953171
676.1767120932558
993.0026636788801
798.6592090013166
1157.4225849964123
1236.124470553678
1883.3094407952067
3059.3501935345776
3515.466500720425
2334.6007500075416
1760.4742883732629
926.098079623882
823.6242749459024
716.472921297785
614.1153050647639
628.9137368193357
1110.9145383391117
1503.5863022586584
1976.5503138255679
2614.8792135343024
2536.837935722887
2244.325686154646
1988.3619499919826
1733.8159200246034
1280.8482411049158
850.2475135349716
790.3884860167167
861.3281874592476
1217.3757532397049
1432.3789568432585
1971.498316816534
2157.9936309889786
2873.415088702576
2221.484419859817
2070.995925849648
1388.5937784489909
1165.319709884601
756.0913635219193
844.978713771698
793.1561265295197
1248.4860545201507
1578.161116251927
2164.210350431838
3365.114017497646
3578.3887459127113
3646.1288185318044
2272.2418746085755
1310.5852778978988
1078.1757325918502
826.4489325038273
1105.0542318942046
989.9979597829285
1225.333332211509
1331.9602415040865
1963.5618240175365
2692.2194362884593
3574.628383136819
2965.570760941868
1738.1316523635899
1530.2163203734187
1193.1865367448827
921.0021916945251
800.9957556001891
867.2169346371899
1422.0350803222868
1554.3548901513727
2104.871748595258
3014.808407078148
3699.092447215325
3433.6065989504305
2288.908940428783
1787.1572678979724
1153.1057573991352
1034.4948977894671
786.9994509541286
916.8610485763487
1367.0789394854833
1624.3725049048185
2552.656548486518
3083.4720087621236
4210.757678776119
3208.173780212592
1872.8611037056985
1506.748229862862
1156.5250964867835
842.9596313187334
926.7631391219564
893.4964860726672
1197.0344425583467
1649.9470148296773
2443.9089289335475
3328.9800869301966
3804.834127901221
3015.3847110139777
2062.8937387129067
1441.3577247767255
835.7322714302583
514.3847506177481
779.2413178243485
484.4476068036783
728.3924872189519
1198.79266637179
1974.1716063174763
3176.20828051468
3566.0988600410874
2860.944953023983
2069.1632151896742
1189.7595282417947
906.6943856461988
749.7261598624804
742.8257764239653
678.6665586410666
1291.3246211329847
1389.4263557207314
1516.480983112284
2626.3822788609355
2999.3402876600694
2297.548458565943
1644.1024748638372
1313.3780693143963
871.8936399959209
635.2224940663015
611.4337602917516
461.65943558748404
692.6113739349752
1171.2725156756474
1713.2972139603123
2165.3954621472335
3096.796602821873
1754.2206404015392
1614.0393108007795
1039.3084983082103
781.3078695013355
670.7046917672212
631.2701943088172
587.1586222383016
689.9632023321333
1264.9342480232106
1807.9678216206416
2437.897643940956
2400.5273788149884
2073.4087234604667
1666.4206577993516
