0.0
0.0
0.7467278972520908
0.0
0.0
0.3733557347670251
0.0
29.49514635603345
142.6219384707288
130.67312574671445
70.56399342891278
0.0
0.0
0.0
0.0
0.0
0.0
0.0
0.0
44.802830047789726
175.475993130227
134.78192204301072
33.22883064516129
0.7467278972520908
2.6135043309438473
0.0
0.0
1.8667764336917563
0.0
0.0
0.0
46.29678166069295
131.0468936678614
140.75425627240142
0.0
3.733557347670251
0.0
0.0
1.1200899790919951
0.0
0.0
0.0
0.0
25.014878285543606
151.20911738351253
120.2227822580645
40.69593787335723
0.0
0.0
0.0
0.0
0.0
0.0
0.0
0.0
24.64175627240143
114.99309289127838
147.10450268817203
126.1951164874552
40.32254330943847
2.6135043309438473
0.3733557347670251
0.7467278972520908
0.7467278972520908
0.0
0.3733557347670251
0.0
36.21580047789726
136.64964157706092
142.24854390681006
97.07194593787335
8.960569743130227
7.093738799283154
0.0
0.0
0.0
0.0
0.0
0.0
68.69631123058544
138.1439292114695
118.72849462365589
97.81910842293907
4.853823178016726
0.0
0.0
0.0
0.0
0.0
0.0
0.0
49.65464456391876
222.89366786140985
132.54084528076464
158.67540322580646
18.667764336917564
0.7467278972520908
0.3733557347670251
0.0
1.1200899790919951
0.0
0.0
1.1200899790919951
50.775164277180416
126.56851105137396
120.2227822580645
73.92562724014337
15.307683691756269
4.853823178016726
0.0
0.0
0.0
0.0
0.0
0.0
51.895721326164875
243.42928614097968
178.83800029868578
99.68679062126643
33.975433094384705
0.3733557347670251
0.0
1.1200899790919951
0.0
1.1200899790919951
0.0
0.0
47.043944145758665
145.98394563918757
146.7307347670251
102.67502986857825
0.0
0.0
0.0
0.0
0.0
2.9868690262843485
0.7467278972520908
0.3733557347670251
56.37828554360812
106.77968189964157
110.88847819593788
66.45937873357228
13.814392921146954
6.7206541218638005
0.0
0.0
0.0
0.0
0.7467278972520908
8.2139075567503
21.281257467144563
123.20687724014337
116.11402329749106
33.975433094384705
14.187481332138592
0.0
0.0
0.0
0.0
0.0
0.0
0.0
48.53823178016727
111.262208781362
138.51732377538832
110.51508363201911
15.681186529271207
0.0
0.0
0.0
0.0
0.0
0.0
0.0
85.12731481481482
126.1951164874552
126.1951164874552
37.70911738351254
0.0
0.0
0.0
0.0
0.0
0.0
0.0
0.0
17.174473566308244
99.68679062126643
147.85129181600954
77.28349014336916
22.774962664277183
4.853823178016726
0.0
0.0
0.0
0.0
0.0
0.0
29.49514635603345
151.20911738351253
175.10259856630825
110.51508363201911
35.842293906810035
0.0
0.0
0.0
0.0
0.0
0.0
0.0
51.52232676224612
170.25082138590204
206.466472520908
167.63597670250897
8.960569743130227
4.853823178016726
0.0
0.0
0.0
0.0
0.0
0.0
79.52456690561529
105.28573028673836
167.63597670250897
38.82937574671445
0.0
0.0
0.0
0.0
0.0
0.0
0.0
0.0
37.70911738351254
172.49189814814815
167.63597670250897
177.34367532855435
49.65464456391876
