4.851403823205228
4.5703778375149335
2.3887022103020024
2.5906137993103657
1.7258064516401148
4.448939665471923
42.86514336917563
104.40188172043011
111.8839605734767
88.96393369175627
31.64613201911589
6.345579450445371
4.851403823205228
3.458669354865921
2.3887022103020024
3.13511798088411
1.7258064516401148
9.945131421744325
44.67965949820788
122.78972520908005
191.11036439665472
113.62791218637993
23.64770011947431
14.563918757467142
6.5437948028673825
3.458669354865921
2.4265158303464753
2.5906137993103657
1.7258064516401148
4.0770758661887685
0.6368354241338112
87.77628434886499
98.61111111111111
77.20318100358423
30.87178912783752
6.393343040621265
4.851403823205228
3.8925104540023896
6.97240890083632
2.6224555704898447
2.2193473715651133
5.746729390681003
54.778972520908006
148.1070788530466
317.07362604540026
102.82295400238948
29.117756869773
6.855062724014336
6.241300776583035
3.95221027479092
2.3887022103020024
3.0622759856630823
1.7258064516401148
3.6262843488649934
39.21370967741935
65.42712066905615
167.49178614097968
53.061902628434886
30.843413978494624
10.461096176821984
4.851403823205228
3.7611671146953407
3.2671370967741935
3.1550179211469533
1.7258064516401148
6.7854091995221015
44.784199522102746
170.75866188769413
141.4986559139785
138.7884557945042
36.425104540023895
9.808318399044206
7.705197132616488
3.458669354865921
3.500410692951015
2.6065348715651133
1.7258064516401148
10.598879928315412
61.510603345280764
145.15755675029868
245.17995818399044
105.46632317801672
39.84206989247313
6.536626344086022
4.851403823205228
3.458669354865921
2.3887022103020024
2.5906137993103657
4.225470430107526
11.000612305854242
36.52367084826762
108.72535842293907
172.50597371565112
65.67764336917563
37.35364396654719
6.345579450445371
6.045474910394265
3.649716248506571
2.3887022103020024
2.5906137993103657
1.7258064516401148
8.240008960573476
16.690934886499402
95.83706690561529
124.54450418160096
76.33699223416964
29.876045400238954
14.563918757467142
8.630899044205494
3.7213672341696533
2.3887022103020024
2.5906137993103657
1.7258064516401148
7.423103345280764
54.4578853046595
139.45265830346474
136.32392473118279
65.67764336917563
27.050104540023895
14.859991039426523
5.432534348864994
3.458669354865921
3.0454375746714457
2.7020609318996414
1.7258064516401148
8.811992234169654
56.04838709677419
90.33004778972521
132.9786439665472
54.30891577060932
39.002389486260455
10.958781362007167
4.851403823205228
3.458669354865921
2.76086096176822
2.5906137993103657
1.7258064516401148
14.26823476702509
43.82467144563919
148.1070788530466
142.64486260454004
105.07803166069297
35.34460872162485
6.345579450445371
8.314142771804063
3.458669354865921
2.485024641577061
4.501082735961768
1.7258064516401148
8.373670848267622
46.99820788530466
119.3847072879331
139.45265830346474
101.43033154121864
27.620221027479097
13.271356033452808
4.851403823205228
3.474590427120669
4.62869623655914
2.78803390083632
3.0512246117084825
9.018458781362007
36.235439068100355
132.1423237753883
119.63485663082437
75.4035991636798
51.36872759856631
6.345579450445371
4.851403823205228
3.458669354865921
3.7021729390681
2.5906137993103657
2.512283452807646
3.3106854838709676
6.546072281959379
70.68399044205496
94.76926523297492
68.91465053763442
23.663754480286737
7.95758661887694
4.851403823205228
3.458669354865921
2.3887022103020024
2.694100955794504
2.097965203106332
4.496356033452807
41.18130227001195
89.22117682198328
83.52747909199522
61.39523596176822
28.683915770609318
6.517517921146952
5.758885902031063
3.458669354865921
2.794690860215054
2.686140979689367
1.7258064516401148
5.388306451612903
53.263142174432495
145.15755675029868
167.6859318996416
77.20318100358423
30.39837216248507
12.398820191158903
4.851403823205228
3.458669354865921
2.4730846774193544
2.5906137993103657
1.7636200716845878
13.189605734767024
64.19877538829152
126.17234169653524
158.59468339307048
85.03248207885305
43.537186379928315
16.439665471923536
7.211618876941458
3.713407258064516
5.600059737156512
3.139896953405018
4.97886798088411
5.042204301075269
50.75044802867384
135.27105734767025
148.1070788530466
102.8602897252091
15.133288530493163
6.345579450445371
4.851403823205228
3.458669354865921
2.5240330047789725
4.2797565710872165
1.7258064516401148
0.3684483273596177
67.5739247311828
170.88933691756273
317.07362604540026
94.89284647550777
52.42868876941458
16.335872162485067
