2064.402516248439
1755.0122713436333
1555.237083473628
1415.4448291163894
1564.561056705395
1621.0401022927533
1736.6649910355152
2746.655260830541
3284.2989027355184
3566.0440248181703
3129.428748683622
2547.248825984814
2003.2127854354155
1692.4890386492395
1549.1225070427408
1510.0136428806172
1301.0745022271967
1917.1101760530646
2448.4923762654244
2829.181099918119
3220.6866239951273
4644.1566660672215
3909.054163561716
3118.9186479346163
2001.999595430264
1492.5520754706113
1516.9829750300726
1498.168037432524
1611.493337664512
1925.3044902372083
2163.6251014789054
2876.616176590914
3374.442862150059
3867.8406469094757
3177.9763691447774
2889.029562709319
2496.4215783036248
2504.2204111855212
1921.3662044231462
2070.222295664747
1753.0572442475507
2138.2264143833504
2381.204026746239
2828.8403751974042
3389.152656445033
4875.890105456982
3863.604732399838
3389.9563673744947
3027.0310657239397
2591.143725024522
1538.9180381442259
1749.3477746574933
1800.7888690832199
1694.931933762713
2299.5300153606136
2956.847969439703
3316.939362501052
4819.908773754893
3746.4132958351697
2957.257542213027
2184.0583443711535
1946.8106120698164
1808.3056826586048
1241.3030214439514
1213.1918575812215
1504.808382137789
2032.2269218954234
3145.6099615345906
3522.8909137146347
4159.012896810635
3692.8989609454206
2567.4660958350646
2113.88913491449
1599.5456896039261
1211.050708871513
1117.4531901464268
1161.2049639458094
1670.5505218885191
2055.7915583022696
2568.191159271854
3866.1033205492613
3972.5836587791064
3130.1622448238277
2506.6474353742283
1948.3106156414535
1388.0887860423597
998.1734180160882
1168.2334270377662
1063.1249176378078
1459.052312418882
1915.4683799850413
2161.3608387894296
2856.9448164704027
3113.0837519068996
2556.0740582686904
2369.376905139059
1962.3133749972933
1491.0533375995278
861.1098441870433
923.0661157398124
939.7650483083659
1066.427662654715
1535.943511772316
2097.9235499648607
2841.093749388819
3687.2385661326107
3225.221605742307
2062.6521968260704
1833.3058566549448
1576.5272319351507
893.986496566602
769.1673510623743
800.0088253049987
1087.3645174311075
1325.288848554955
1698.1509597335719
2677.1019285880657
3318.3264736559804
3165.5420093326634
2300.8103146873223
1616.113377461879
916.8068805911763
756.1508326807298
811.7094836272296
696.3444777818275
1101.1761728932297
1424.6934095015613
2431.7206025094847
3156.40287904752
4432.459480877009
4580.613937482279
3151.761969009742
1551.3632004920005
1403.967357734063
1012.8701979006528
843.605311740635
1058.3669146866278
1164.4942821933885
1613.5451925661453
2308.3157603780733
2502.524187748543
3730.098983367909
3432.6826939798348
2382.966560988504
1689.0719005084125
1765.577371630083
1124.85086649427
1281.2605266970718
1145.6389865153067
1860.2438011481875
1973.9685061396895
2580.015706932709
2983.5814247890585
3623.1871869002607
3044.630199412597
2676.5028553205793
1865.9700875478518
1909.586096183352
1752.7149157088613
1388.9879860362707
1266.0688421192688
1710.6561025743774
2143.8499207666646
2723.3419434877314
2976.230125268111
3885.376646737429
3318.0731834785083
2614.8202046163574
2181.257364970851
1849.8874330263752
1771.8044333330752
1498.3924729075338
1538.2215488750353
2058.3478048528664
2100.9507314579855
3366.6915320587996
4287.986420351132
4738.810210138124
3950.383382960503
2802.4730511370003
2271.0325787278557
1690.5711463673092
1455.4650151299634
1337.9984105526612
1200.5173395672912
1581.2764135111538
1881.003247655245
2750.339372481935
3210.5334023423843
3799.9346356670535
3466.6736895086015
2487.65900902354
1681.8145236118512
1324.412229614249
809.9482400144025
889.9096160621025
1005.3304402116831
1240.7058993306605
1574.1027656848128
2763.5678466101876
3149.577889236305
4440.474233398316
3425.1242391649625
2429.423183827667
1296.9401734030841
1048.6854138720055
902.9183716307
956.3623579651835
715.993395558629
1033.1281265839998
1502.0989886359046
2223.4030895937653
2805.5983257546036
4227.154355760429
3039.3875042648674
2186.2932604074467
1449.0526250192947
981.5726050496843
426.25390012962265
667.9671384279524
600.4467350946524
864.2662705150225
1422.7443085370578
2152.6491554178974
2899.40538598236
3789.7628513284426
2897.0531598161165
1784.1145796179842
1079.3252247120338
673.9060288502004
433.18125165372066
734.2455601989009
674.5357040782062
1104.318225853639
1629.259912599077
2611.336735897821
3187.9560407450167
3832.55665002168
3675.8426018953537
2310.044709471992
