5.440486857825568
3.458669354865921
2.3887022103020024
2.5906137993103657
1.7855100059737157
7.458198924731182
21.334005376344088
103.65516726403823
54.53629032258065
85.1370221027479
30.067204301075275
7.905839307048983
5.556712962962962
6.909610215053765
3.870967741935484
3.3719384707287934
2.048607377538829
5.380465949820788
26.269787933094385
96.90486857825567
117.44698327359617
84.4388440860215
24.15546594982079
6.817241636798088
5.1539015830346475
3.458669354865921
2.3887022103020024
2.5906137993103657
4.229353345280765
5.029883512544803
45.411439665471924
110.03584229390681
138.35125448028674
87.76172341696535
30.608198924731184
8.912074372759857
6.5437948028673825
5.08262395459976
2.3887022103020024
2.5906137993103657
1.7258064516401148
7.095669056152926
32.25246415770609
106.2313321385902
173.4281660692951
87.76172341696535
31.6819743130227
9.82433542413381
4.949316756272402
3.9538157108721625
2.3887022103020024
2.5906137993103657
2.0123842592592593
2.5257019115890085
61.510603345280764
148.21908602150538
172.50597371565112
85.1370221027479
37.35364396654719
6.923499103942651
6.101217144563919
3.458669354865921
2.3887022103020024
2.5906137993103657
1.7258064516401148
11.414292114695339
39.87455197132616
91.2410394265233
134.45340501792114
64.47916666666667
26.102897252090802
6.345579450445371
4.921456839904421
3.458669354865921
2.5256235065710873
2.5906137993103657
1.7735700418160096
10.46297789725209
75.21654719235364
164.060633213859
191.11036439665472
129.01396356033453
39.002389486260455
14.876045400238946
5.6792861409796895
3.458669354865921
2.3887022103020024
2.5906137993103657
1.8026247013142174
17.024357825567503
62.92189366786141
170.75866188769413
176.32541816009558
123.2903972520908
54.24992532855436
9.808318399044206
6.212664277180406
3.5430518219832736
2.4205439814814813
2.5906137993103657
1.7990442054958184
5.4282556750298685
59.28539426523297
137.78375149342892
126.8107825567503
138.2060185185185
45.26471027479092
7.23715651135006
4.851403823205228
3.458669354865921
2.3887022103020024
2.5906137993103657
1.9104950716845879
10.57871863799283
41.91308243727599
163.90008960573476
122.75238948626045
101.43033154121864
27.050104540023895
8.409722222222221
7.351067801672641
3.458669354865921
2.3887022103020024
2.5906137993103657
1.9168533452807646
5.029883512544803
53.580495818399044
186.08124253285544
191.82347670250897
93.15673536439665
29.873058542413382
7.284908900836319
6.017622461170848
5.408938172043012
2.3887022103020024
2.5906137993103657
1.7258064516401148
5.746729390681003
70.45250896057348
176.32541816009558
232.05645161290323
132.38164575866188
35.520833333333336
6.441106630824371
5.805070191158901
4.483982974910394
3.8729465352449224
2.5906137993103657
1.7258064516401148
4.922356630824373
44.14202508960574
95.83706690561529
164.060633213859
56.76560633213859
29.06810035842294
9.092779271206691
4.851403823205228
3.7707287933094387
2.3887022103020024
2.5906137993103657
1.9232265531660693
8.055197132616486
91.8010752688172
174.82078853046596
190.54659498207886
93.99305555555556
30.063844086021504
12.493279569892474
8.33015979689367
3.95221027479092
2.3887022103020024
2.5906137993103657
3.2972296893667856
10.626508363201912
42.93981481481482
154.0359916367981
97.12888291517322
80.08176523297492
29.876045400238954
8.034722222222221
4.978770908004779
3.9394787933094384
2.418951986260454
2.5906137993103657
1.7576482228195938
8.055197132616486
44.14202508960574
103.9986559139785
165.46818996415772
91.51396356033453
33.92734468339307
10.4413082437276
5.158673088410992
3.458669354865921
2.3887022103020024
2.5906137993103657
2.048995669056153
4.496356033452807
43.458781362007166
88.54540023894863
93.69399641577061
78.19257765830345
35.22140083632019
11.967219235364395
9.547864396654719
4.977523894862605
2.3887022103020024
2.5906137993103657
1.7258064516401148
0.3334229390953121
55.28300477897252
6.451986260454002
120.15382317801672
89.9719982078853
27.758736559139784
11.270908004778972
5.859206989247312
3.5541965352449223
2.3887022103020024
2.694100955794504
1.7524742383512544
3.4289277180406215
77.70310633213859
82.49701314217444
141.67040023894862
100.87029569892474
18.91278375149343
10.803464755077659
6.017622461170848
3.458669354865921
2.3887022103020024
2.5906137993103657
1.7258064516401148
8.240008960573476
55.35394265232975
170.88933691756273
141.7749402628435
102.13971027479091
45.26471027479092
7.539650537634409
