312.7022972670251
214.18641166367982
93.89019593787334
126.9567742682198
305.7667040023894
204.09243167562732
1219.310084378734
3408.9163717144565
7496.522016875744
5368.262933094384
2729.7909908900833
1331.1044205495814
362.898964307049
520.3463732078854
121.55262585872161
131.245773708184
84.0873576762246
191.78887320788527
572.0223689516127
2422.80384557945
4690.178991188769
4397.055167264037
2443.28810483871
615.0511529271207
436.1962104241338
336.915752688172
162.97505600358423
137.37851515830346
132.60591532258064
155.8996901135006
413.74342256571094
1964.4812014635604
5430.353647700121
4846.36372461171
1738.560524940263
572.4651836917564
380.95201500896064
514.848007392473
174.8571624850657
142.51636966099164
193.0747364844684
176.2532594086021
717.2747771057348
2989.3504965651136
6051.811835424131
4592.301803315413
2002.6401321684589
774.7592383512543
437.39713410991635
275.42691158900845
146.15592555256865
127.03267921146951
180.49730357676225
172.3916998954599
893.540610065711
2122.7367719534054
7390.320228494624
4852.642256571087
3894.5613127240144
1062.2841435185182
746.8332299133813
316.2442670997612
194.4273607377539
114.5213789202509
125.51421202956989
235.00241823476708
566.1838272849463
3071.231638291518
5991.993003285544
5037.646871266427
1926.9582026583032
1502.1625784050182
527.7052915919951
188.36170437574677
151.81912223715648
137.84332799432494
76.61214837216248
165.45954973118276
272.0832302867383
2531.180596624851
5962.043862007166
3159.259083781362
1198.6798051075275
803.3306137992831
431.25032220728804
277.28114172640375
119.1912983124253
202.9519405241936
126.61854145273297
210.56395683990442
823.5258982974914
2249.6949895459984
6936.152531362007
5353.251672640384
2070.3009893966537
411.57322356630823
446.34205533154125
167.54187387992835
154.01152367084828
162.2752531735364
359.40137768817203
579.6662145310634
1091.0402180406215
3926.0840763142173
6476.427396953406
4615.758374402629
1342.6242010155318
941.9661215651137
434.73240778076445
171.58797565710873
300.5700287485066
129.92936861559144
111.30429644563917
239.24145385304655
638.2589053166066
3039.916677867383
6830.503584229389
4542.421695788531
3754.88041741338
832.1520501045401
674.8849402628435
231.76006309737153
166.305595504779
177.09121837664276
115.02782213261649
132.20011014038232
347.07957735961764
2035.2384707287936
4632.2761574074075
5290.758266129034
1954.2143107825564
1086.7155764635602
618.8393779868577
363.5913817951016
237.4718996415771
156.7624887992832
146.1976637544803
70.54154745370371
392.5589139038233
2625.9628770908007
6043.5879629629635
3599.8195788530466
3741.0773446833937
1172.3477822580646
388.09366300776594
209.83787821087225
249.104396281362
184.69039467592594
56.073731630824376
114.54365796744325
646.9091114097969
2405.9856444145753
7228.038717144563
4536.0126978793305
2241.170825866189
1007.9337701612901
414.8029928315413
403.785042562724
202.13751232078857
132.37134445937875
139.4260773222819
71.78660032108719
549.1447804659499
2719.240255376344
3352.9250522700117
4229.809427270013
1364.7787410394262
911.074697580645
510.1973256421744
343.63854241338106
204.2827508960573
130.38719425776588
128.36023644713262
412.59305966248496
749.8342282706094
2325.1023334826764
6366.528782108722
3976.409266726404
1595.8096139486258
592.8429726702511
461.3370855734767
239.4525843787336
69.40496232825564
160.70009632616487
76.10634879032258
114.42939620669057
526.4017469384709
2261.458576015532
5708.379103195939
3710.2023185483863
1057.7018070489844
505.78568025686997
371.3075097072879
317.1910244922342
179.3615524193549
164.17769705794504
94.11659136051374
168.7605174731183
553.3855238201911
3489.3917600059735
4561.218171296296
2923.6529345878134
1453.3373021206687
877.2730727299884
467.91938134707294
232.54339008363206
127.93488388590208
206.67119776732375
125.36442947281958
174.7425963261649
556.0708788829154
2562.0532855436077
5899.632399940261
3923.27383512545
1479.1373357228197
804.7025586170848
312.4531231332139
264.6835812425329
127.37386051373961
359.2726071535245
128.63849649044207
258.00594646057345
498.58950978195946
1556.2035887096774
5145.18089157706
3904.261611409797
2509.5242346176824
728.720636574074
284.55427718040636
214.75269115890083
193.66398708183993
91.3626678240741
117.55957108721624
154.04546669653516
613.4332646356036
3955.2644003882915
6934.071781660693
5323.785580943847
1562.4983572281963
714.8245542114695
