20.376642771804065
4.146132019120379
2.863575268821692
3.1056227598611184
2.068884408606638
0.3997162485110588
4.487753882915173e-12
255.3755973715651
471.18391577060925
525.3039127837515
206.68570788530465
28.51482228195938
14.029868578255678
4.146132019120379
2.863575268821692
3.1056227598611184
2.068884408606638
0.3997162485110588
4.487753882915173e-12
94.08602150537635
312.12477598566306
323.66823476702507
110.35991636798089
22.167637395459977
5.815785543612612
4.146132019120379
2.863575268821692
3.1056227598611184
2.068884408606638
0.3997162485110588
4.487753882915173e-12
131.42323775388292
557.0452508960573
501.40382317801675
152.55227001194743
17.31414277180406
5.815785543612612
4.146132019120379
2.863575268821692
3.1056227598611184
2.068884408606638
0.3997162485110588
4.487753882915173e-12
79.15322580645163
272.9241338112306
338.9773745519713
155.91136499402626
15.447281959378731
12.536103643966547
4.146132019120379
2.863575268821692
3.8523222819593785
2.068884408606638
0.3997162485110588
4.487753882915173e-12
124.70019414575866
385.30241935483866
377.8057795698925
315.3330346475508
49.42286439665472
5.815785543612612
4.146132019120379
2.863575268821692
3.1056227598611184
2.068884408606638
0.3997162485110588
4.487753882915173e-12
85.87141577060933
366.2623207885305
264.30779569892474
104.01284348864993
17.31414277180406
5.815785543612612
4.146132019120379
2.863575268821692
3.1056227598611184
2.068884408606638
0.3997162485110588
4.487753882915173e-12
115.74223416965353
328.55361409796893
234.8088410991637
88.33183990442056
10.966984020310633
8.802658303464753
4.146132019120379
2.863575268821692
3.1056227598611184
2.068884408606638
0.3997162485110588
4.487753882915173e-12
194.14725209080046
396.5046296296296
479.36342592592604
167.10909498207886
22.91427718040621
5.815785543612612
4.146132019120379
2.863575268821692
3.1056227598611184
2.068884408606638
0.3997162485110588
4.487753882915173e-12
157.18227299880525
287.1135752688172
377.8057795698925
99.15770609318996
12.833796296296295
9.175989396654721
4.146132019120379
2.863575268821692
3.1056227598611184
2.068884408606638
0.3997162485110588
10.827546296296296
273.296370967742
574.9738649940263
583.9038231780168
232.44885005973717
51.6627464157706
5.815785543612612
4.146132019120379
2.863575268821692
3.1056227598611184
2.068884408606638
0.3997162485110588
1.4934363799283155
282.25843787335725
542.8800776583034
513.7085573476703
355.28113799283153
34.862044504181604
11.41633064516129
4.146132019120379
2.863575268821692
3.1056227598611184
2.068884408606638
0.3997162485110588
32.482265531660694
262.09864097968943
474.14725209080046
554.4235364396653
370.590651135006
56.14135304659498
5.815785543612612
4.146132019120379
2.863575268821692
3.1056227598611184
7.295900537634409
0.3997162485110588
4.487753882915173e-12
114.2461917562724
348.713784348865
366.2320788530466
176.4433990442055
35.60868428912784
5.815785543612612
5.639568399044205
2.863575268821692
3.1056227598611184
2.068884408606638
0.3997162485110588
4.487753882915173e-12
41.81608422939068
246.41763739545996
331.8828405017921
99.15770609318996
30.754778972520914
5.815785543612612
4.146132019120379
2.863575268821692
3.1056227598611184
2.068884408606638
0.3997162485110588
4.487753882915173e-12
166.5162037037037
338.6361260454002
505.47715053763443
338.4808094384707
30.754778972520914
5.815785543612612
4.146132019120379
2.863575268821692
3.1056227598611184
2.068884408606638
3.0132205794504183
23.14799880525687
115.74223416965353
480.52195340501794
243.77165471923536
181.67002688172045
18.807459677419352
17.016465053763437
4.146132019120379
2.863575268821692
3.1056227598611184
2.068884408606638
0.3997162485110588
4.487753882915173e-12
93.33818697729988
355.80869175627237
435.6791367980884
131.26792114695337
22.541143966547192
12.909647550776583
4.146132019120379
2.863575268821692
3.1056227598611184
2.068884408606638
0.3997162485110588
6.347222222222222
112.75462962962963
514.1136499402628
456.21677120669057
164.49783452807645
53.15830346475508
5.815785543612612
4.146132019120379
2.863575268821692
3.1056227598611184
2.068884408606638
0.3997162485110588
3.360203853046596
109.01919056152927
329.6733124253286
456.21677120669057
129.77635902031062
37.47550776583035
13.65628733572282
4.146132019120379
2.863575268821692
3.1056227598611184
2.068884408606638
0.3997162485110588
4.487753882915173e-12
202.35775089605735
529.7823327359617
498.0398745519713
245.89008363201916
7.606780167268525
