5.815785543612612
4.519489247311827
2.863575268821692
3.1056227598611184
2.068884408606638
0.3997162485110588
4.487753882915173e-12
134.4108422939068
471.18391577060925
308.73506571087216
112.22744922341698
12.833796296296295
5.815785543612612
4.146132019120379
2.863575268821692
4.599059139784946
3.1889523596176823
0.3997162485110588
4.487753882915173e-12
101.92465651135007
455.86805555555554
435.3031660692952
39.04946983273596
49.42286439665472
5.815785543612612
4.146132019120379
2.863575268821692
8.332638888888889
2.068884408606638
0.3997162485110588
26.88168309438471
238.20303166069294
571.2514934289128
644.7573178016727
169.7248357228196
39.34195788530466
5.815785543612612
5.266199970131421
2.863575268821692
3.1056227598611184
2.068884408606638
0.3997162485110588
7.093862007168458
252.76433691756273
536.9071087216248
483.834005376344
421.3691009557945
49.42286439665472
5.815785543612612
4.146132019120379
2.863575268821692
3.1056227598611184
2.068884408606638
0.3997162485110588
4.487753882915173e-12
163.52859916367981
354.68862007168457
418.8739545997611
75.63881421744325
22.541143966547192
5.815785543612612
4.146132019120379
2.863575268821692
3.1056227598611184
2.068884408606638
0.3997162485110588
14.560857228195937
188.1724163679809
520.091472520908
644.7573178016727
152.1759259259259
12.833796296296295
14.029868578255678
4.146132019120379
2.863575268821692
3.1056227598611184
2.068884408606638
0.3997162485110588
26.88168309438471
92.21848864994027
423.7597072879331
205.6907108721625
34.56910842293907
7.606780167268525
14.776508363201911
4.146132019120379
2.863575268821692
3.1056227598611184
2.068884408606638
0.3997162485110588
4.487753882915173e-12
137.0221027479092
320.3393817204301
363.9926821983274
98.03800776583036
62.86439665471922
5.815785543612612
6.3862679211469535
2.863575268821692
3.1056227598611184
2.068884408606638
0.3997162485110588
4.487753882915173e-12
166.5162037037037
402.85170250896056
319.9369026284349
59.210834826762245
7.606780167268525
5.815785543612612
4.146132019120379
2.863575268821692
3.1056227598611184
2.068884408606638
0.3997162485110588
4.487753882915173e-12
39.575679510155325
455.86805555555554
331.8828405017921
132.38761947431303
40.462141577060926
5.815785543612612
4.519489247311827
2.863575268821692
3.1056227598611184
2.068884408606638
0.3997162485110588
4.487753882915173e-12
124.70019414575866
444.67331242532856
271.39784946236557
56.22379032258065
7.606780167268525
5.815785543612612
4.146132019120379
2.863575268821692
3.1056227598611184
2.068884408606638
4.13328853046595
4.487753882915173e-12
137.0221027479092
408.0783303464755
250.11798088410987
158.89896953405017
13.954002389486257
12.536103643966547
4.146132019120379
2.863575268821692
3.1056227598611184
2.068884408606638
0.3997162485110588
4.487753882915173e-12
86.24365292712066
309.1416517323775
250.86618876941463
106.25261350059738
25.901321684587813
14.402927120669059
4.146132019120379
2.863575268821692
3.1056227598611184
2.068884408606638
0.3997162485110588
4.487753882915173e-12
132.54293608124254
389.0382317801673
284.46759259259255
50.996789127837516
12.833796296296295
11.042801672640383
4.146132019120379
2.863575268821692
3.1056227598611184
2.068884408606638
2.6398521505376342
4.487753882915173e-12
73.17839008363202
363.27508960573476
364.7405167264038
28.221886200716845
28.51482228195938
9.549357825567503
7.133004778972523
2.863575268821692
3.1056227598611184
2.068884408606638
0.3997162485110588
4.487753882915173e-12
85.87141577060933
146.35640681003585
284.46759259259255
78.24970131421745
17.31414277180406
15.896244026284347
4.146132019120379
2.863575268821692
3.1056227598611184
2.068884408606638
0.3997162485110588
4.487753882915173e-12
138.14180107526883
370.369623655914
390.12768817204307
141.72192353643968
32.248543906810035
5.815785543612612
4.146132019120379
2.863575268821692
3.1056227598611184
2.068884408606638
0.3997162485110588
4.487753882915173e-12
55.257616487455195
282.25843787335725
239.29211469534056
31.955607825567505
10.593652927120667
8.429289874551971
4.146132019120379
2.863575268821692
3.1056227598611184
2.068884408606638
0.3997162485110588
4.487753882915173e-12
92.96632317801672
557.0452508960573
492.06541218637994
130.89605734767025
62.86439665471922
15.896244026284347
4.146132019120379
2.863575268821692
3.1056227598611184
2.068884408606638
0.3997162485110588
4.487753882915173e-12
97.82183393070491
276.65994623655916
87.70908004778974
76.38664874551971
10.966984020310633
