0.0
0.0
0.0
0.0
0.0
0.0
1.1200899790919951
33.975433094384705
100.80734767025089
111.63560334528077
124.7008288530466
18.667764336917564
0.0
0.0
0.0
0.0
0.0
0.0
1.1200899790919951
16.05430854241338
156.06507616487454
112.75201612903226
97.07194593787335
16.427848715651137
0.0
0.7467278972520908
0.0
0.0
0.0
1.493414351851852
0.0
33.975433094384705
92.96733124253285
131.0468936678614
48.911626344086024
2.240142249103943
0.7467278972520908
0.0
0.0
0.7467278972520908
0.0
0.0
1.8667764336917563
22.774962664277183
91.47337962962963
86.24406362007169
88.11137246117084
10.827396953405017
1.1200899790919951
6.3471139486260455
0.0
0.0
0.0
0.0
0.0
40.32254330943847
72.80510752688173
136.64964157706092
30.615330047789726
18.667764336917564
0.0
0.0
0.0
0.0
0.0
1.1200899790919951
0.0
23.52158751493429
92.5939366786141
111.262208781362
66.45937873357228
16.05430854241338
1.1200899790919951
0.0
0.0
0.0
0.0
0.0
0.0
32.1086096176822
111.262208781362
141.87481332138591
106.40628733572282
32.1086096176822
0.0
0.7467278972520908
0.0
0.0
0.0
0.0
0.0
34.72207287933094
122.45971475507764
102.30167264038232
57.87219982078853
0.0
6.3471139486260455
0.0
0.0
0.7467278972520908
0.0
0.0
6.7206541218638005
65.71221624850656
121.33919504181601
121.71255227001194
100.06018518518518
14.187481332138592
0.0
0.0
0.0
0.0
0.0
0.3733557347670251
2.240142249103943
20.534595280764634
99.68679062126643
94.45747461170848
1.493414351851852
20.908131720430106
0.0
0.0
0.0
0.0
0.0
0.0
0.0
31.735513739545997
101.92790471923539
243.42928614097968
171.3713410991637
29.12205047789725
0.0
0.0
0.0
0.0
0.0
0.0
1.8667764336917563
47.043944145758665
150.0885976702509
96.32515681003584
33.975433094384705
0.0
0.0
0.0
0.3733557347670251
1.1200899790919951
0.0
0.0
0.0
46.67054958183991
102.30167264038232
120.96957138590203
85.12731481481482
18.667764336917564
0.0
0.0
0.7467278972520908
0.0
0.0
0.0
0.0
67.94914874551971
152.70306899641574
179.21139486260455
118.35510005973715
0.7467278972520908
0.0
0.0
0.0
0.3733557347670251
0.0
0.0
3.3602337216248506
38.455607825567505
102.67502986857825
177.71706989247312
106.03251941457587
11.574025537634409
0.0
0.0
0.7467278972520908
0.0
0.0
0.3733557347670251
0.0
17.921139486260454
123.20687724014337
200.86790621266428
94.45747461170848
12.320687724014338
1.1200899790919951
0.0
0.0
0.0
0.0
0.0
0.0
39.57579151732378
173.23906063321385
116.11402329749106
124.7008288530466
12.320687724014338
0.0
0.0
0.0
0.0
0.0
0.0
0.0
85.12731481481482
141.87481332138591
184.06317204301075
126.94190561529271
14.561017771804062
1.493414351851852
0.0
0.0
0.0
0.0
0.0
4.853823178016726
13.440852747909199
200.86790621266428
143.36910095579452
126.56851105137396
7.093738799283154
0.0
0.0
0.0
0.0
0.0
0.0
3.733557347670251
41.06933243727599
123.20687724014337
153.82362604540023
133.6613649940263
22.401422491039426
