2433.3447130823683
1723.2186893543862
905.5089547400557
956.6793176169862
854.8712900536615
1519.9469078483082
1809.04720355045
2797.13987851274
2908.470381976857
4563.114290648521
3459.635289902261
2110.3767195033315
1618.486172532189
1056.7757919347837
808.3108806986554
723.1990454717162
796.6696056471486
992.4265787561709
1159.9590167970862
1547.5297595656702
2742.253096516035
2625.515985063638
2000.6117763155994
1721.582215736289
1216.3040458484243
929.1406208708506
629.7158229990087
526.5834051893944
502.9242971925885
986.8381838602666
1212.173753659312
1644.4702984547148
1991.1002135538833
1987.9721433252457
1903.2315961459735
1340.495773880167
1088.336467789885
994.3822988796654
463.94824594047054
930.9897762501713
804.2457971149349
1038.432484051809
1693.382637110634
1980.9523263622796
2430.955986791507
2639.3928309647486
2893.19217266268
1504.4776636707934
1258.0478257299121
981.7937474259566
750.6981792732585
684.3757951174687
549.3421242728848
1139.748350280038
1670.3708009042202
2049.60162834054
2561.957003630085
3698.5702880918093
2914.7910586786584
2073.905429011115
1222.8572093651792
895.6764536170094
666.8737120791536
729.7248329732231
609.963544782536
933.4863087730929
1252.8114425047427
2410.913493493971
3108.7829388042414
4015.6434224976133
3205.9314056885505
2043.6027819163066
1502.8370665154455
1481.5694575250718
1043.9663861415252
743.464006305328
818.083515693121
1118.137090735592
1297.657769473117
2378.790532031711
3047.418098028355
3325.3767815389638
2921.3065847282487
2372.820038420821
1695.7736458087172
1406.4041011558602
1387.2067326815607
870.0699339075396
894.5721435936023
1293.806557490567
1585.7548719205245
2199.227027558844
3460.329363214725
4022.380608239038
4384.796131148023
2421.523320909669
1932.6242695612116
1231.4699855983324
770.8320701428373
963.6618669345551
737.9748956052592
1004.170646525683
1158.4912141319335
2213.22988210345
2615.1339524951513
3574.328433217439
2648.7157066981044
2011.4384871486513
1303.2071335366659
1058.8107258120913
689.2624000910946
647.5930223586703
760.892532742275
1000.004804916173
1096.467880813019
2055.665849219833
3111.2978739285654
3338.3034375149996
3059.6725350196393
2193.337416688517
1365.5507019839824
828.2590161945216
562.9769378181255
642.8674697383409
515.3997040363078
583.5797817641976
1138.362883814584
1418.0291262550052
2652.955033318727
2985.8349662414066
2666.851534555158
1664.4471541949276
1258.8653734310694
945.3968790900967
862.5521796808202
769.5462615614231
677.1647062786233
999.820380610354
1525.296349973552
1960.0986046134385
2925.5837195585787
4075.846257860142
3394.1414006703944
2285.747374160547
1451.493349881173
1368.0680115643718
990.8638406579491
974.877962479629
1004.0588121574806
1756.8017573907202
1841.5727810799528
2556.491860606544
3098.757175237085
3885.133498130844
3382.079945529682
2763.694118761439
1777.296039608784
1746.7713149706885
1322.801122810116
1586.0096668905119
946.6322949269153
1739.7415468694787
1733.6119652708462
2982.363799819869
3907.171086289617
4529.559181086293
3716.00332834111
2420.9427665936582
1597.9878757235406
1162.1037599379645
667.7821476401242
662.7983682181668
617.9121903027533
999.7829172333923
1660.680211744722
2092.0099833730164
3243.0503465757442
3815.404296159631
3050.497854286667
2161.0056302887333
1532.855372186637
1082.751328565636
685.9816855302026
866.9796937814547
709.1458939281033
1062.1338690816435
1704.6938412932368
2638.257039745972
3494.697713124939
3859.5946939107803
2822.332665016367
1954.6592069028707
1294.6963075126878
760.5102209523615
696.7156981983933
758.7438267849218
609.9176512331888
936.3972310958933
1271.3628985999858
1476.1137956842617
2398.9321044394123
1970.37775789055
2210.339763358511
1411.571481318706
1336.9296297949602
739.1004863033082
606.8136934646316
684.8569405518027
567.7803971267294
680.3563900995318
1089.6229230743747
1501.8805462843272
2279.9705367761094
2883.1357999061865
2718.2491231418094
1928.629266978533
1161.270060801851
933.6806620986696
990.4613448727532
815.4542426692902
522.7777707876036
955.3716420054652
1608.2282653769616
2193.5921101670037
3471.2172886107955
3442.8962892018008
4151.48315533583
2458.766311995523
1486.6499857634078
932.9704628406427
761.326148607126
759.7507610650898
769.5097232687677
1229.1469967616435
1145.929861075779
2037.7039252646082
2771.9090052014094
3856.781672423115
3274.012703448519
2423.479334621337
