31.450343488649946
22.5034348864994
3.235084378733572
14.428614097968937
5.315673536439665
30.162410394265233
39.55607825567503
108.91353046594982
212.05645161290323
203.896729390681
85.96811529271207
33.028673835125446
26.891017025089607
14.069332437275985
3.968675328554361
8.156959378733573
4.113119772998806
3.6821124551971325
30.04864844683393
62.662783751493414
195.91285842293905
190.37933094384704
95.47677718040623
34.325940860215056
10.09826762246117
9.603233273596176
4.267921146953405
3.4668048088410996
1.0978569295101552
8.530689964157705
69.8435633213859
77.91069295101553
203.36693548387098
179.18421445639186
117.97043010752688
54.03785842293907
20.849425029868577
11.903188470728795
3.914926821983274
6.656959378733572
2.086361260454002
13.86308990442055
39.9893219832736
87.39620669056151
152.16024492234166
239.74723715651135
178.22132616487454
35.266129032258064
14.309177120669059
5.330943847072879
3.366211170848268
4.691875746714456
3.9463224313022707
9.410954301075268
27.81899641577061
84.96751792114695
106.44302568697732
146.67861409796896
90.65860215053763
24.393779868578253
15.45784796893668
8.812761350059738
5.724051672640383
4.128225806451613
3.814624402628435
10.089568399044206
29.425216547192353
95.94123357228196
188.33930704898447
229.30182198327356
115.98416965352449
43.1211917562724
16.422640382317798
14.161962365591398
6.551000597371565
2.7441494922341696
8.053427419354838
13.6507243130227
39.77411887694146
97.10573476702508
214.53293010752688
161.18951612903223
86.87275985663081
40.32332735961768
24.513104838709676
5.102389486260454
22.65150836320191
6.033378136200717
4.419963410991636
4.590796744324971
47.86290322580645
99.43697729988052
175.16950418160098
226.1536738351254
82.87074372759857
39.18298237753883
25.533154121863795
14.46419504181601
0.8687361857825567
3.3951164874551973
1.3894787933094386
8.370333034647551
30.13515531660693
93.96766726403823
154.1009557945042
115.07056451612904
104.84617682198328
28.28711170848267
21.709005376344088
11.569033751493428
3.7239097968936687
3.4317017622461163
2.460196385902031
6.591509856630824
23.39717741935484
50.48275089605736
73.72871863799283
96.54793906810036
54.80249402628435
31.245482377538828
18.825343488649942
12.607788231780164
5.262544802867384
3.2662373058542404
4.694332437275985
5.54133064516129
20.50365890083632
130.24342891278374
194.7700119474313
181.02673237753882
149.94847670250897
62.38351254480287
12.602449223416968
5.982377538829152
3.583359468339307
3.0496789127837514
4.159692353643966
9.834602747909198
21.479316009557945
93.38635005973714
143.9587066905615
226.09020310633213
89.08415471923536
30.317278972520903
10.346998207885305
10.023334826762246
4.660771356033454
2.820411439665472
2.327617234169654
7.1090576463560335
33.63717144563918
114.3637992831541
234.5538381123058
183.4001642771804
105.14448924731182
41.16868279569893
14.78774641577061
6.789911887694146
3.9726627837514936
2.355999850657109
4.468794802867383
8.17648596176822
30.70676523297491
78.64023297491039
167.06391875746718
189.73566308243727
149.86297789725208
53.96020011947432
9.97700119474313
17.01463560334528
3.920986409796894
5.69582586618877
3.8125821385902032
3.7144003882915166
20.932385005973714
76.83729091995222
190.01157407407408
133.6208183990442
119.48476702508961
55.26545698924731
13.275052270011948
7.853121266427718
3.476172341696536
5.624887992831542
6.093040621266429
10.579114396654719
28.500373357228195
93.61596475507766
189.03375149342892
264.6919802867383
123.60663082437276
40.84722222222222
12.058094384707289
8.937948028673837
4.856320937873357
6.72793458781362
4.022315561529271
7.459752090800478
59.61506869772999
106.95639187574672
182.02471624850654
197.75985663082434
48.43899342891278
53.83997909199522
17.64564665471924
6.7854316009557945
5.264635603345281
3.825802718040621
2.358542413381123
10.483273596176824
25.834192054958184
100.20646654719235
202.294280167264
205.43682795698925
96.70138888888889
61.66704002389486
22.050328554360814
8.6711096176822
9.520310633213859
3.2187686678614096
3.2247013142174428
5.6029719235364395
31.495071684587813
72.62694145758663
197.1804062126643
205.0690710872163
98.85902031063321
54.14389187574672
30.98260155316607
10.023372162485066
9.44761798088411
3.7005413679808834
5.15990890083632
8.833333333333334
26.68033154121864
102.76919056152927
234.5415173237754
226.1159647550776
162.55114994026283
43.24820788530466
