5.815785543612612
4.146132019120379
2.863575268821692
3.1056227598611184
2.068884408606638
0.3997162485110588
4.487753882915173e-12
111.63493130227002
272.5526433691756
323.66823476702507
101.02561230585424
18.434326463560335
5.815785543612612
4.892831541218639
2.863575268821692
3.1056227598611184
2.068884408606638
0.3997162485110588
4.487753882915173e-12
159.798013739546
509.2458183990442
537.9618428912785
120.06608422939068
39.34195788530466
9.922726254480285
4.146132019120379
2.863575268821692
3.8523222819593785
2.068884408606638
0.3997162485110588
4.487753882915173e-12
109.01919056152927
484.6397102747909
341.21677120669057
94.30704898446834
14.32709826762246
5.815785543612612
4.146132019120379
2.863575268821692
3.1056227598611184
2.068884408606638
0.3997162485110588
4.487753882915173e-12
53.76168608124253
208.70855734767025
253.85379330943846
64.81276135005973
47.18245967741935
12.163007765830345
4.146132019120379
2.863575268821692
3.1056227598611184
2.068884408606638
0.3997162485110588
4.487753882915173e-12
141.1290322580645
387.1706989247312
526.7633661887693
191.3806750298686
9.8469160692951
20.376642771804065
4.146132019120379
2.863575268821692
6.092495519713261
2.068884408606638
0.3997162485110588
14.187724014336917
53.01795848267623
544.3436379928315
409.16778673835125
167.10909498207886
74.06660692951016
6.935853494623656
4.146132019120379
2.863575268821692
3.1056227598611184
2.068884408606638
4.506656959378733
4.487753882915173e-12
116.86193249701317
568.6417264038232
583.9038231780168
366.8552120669056
21.04786439665472
13.65628733572282
4.146132019120379
2.863575268821692
3.1056227598611184
2.068884408606638
0.3997162485110588
4.487753882915173e-12
58.24522102747909
259.85439068100357
286.70736260454004
104.01284348864993
18.06081989247312
8.055921445639187
4.146132019120379
2.863575268821692
3.1056227598611184
2.068884408606638
0.3997162485110588
4.487753882915173e-12
139.26149940262843
373.7287186379928
331.8828405017921
142.84162186379928
12.460237455197133
24.1103270609319
4.146132019120379
2.863575268821692
3.1056227598611184
2.068884408606638
0.3997162485110588
4.487753882915173e-12
57.12514934289128
484.6397102747909
249.37051971326164
85.72095280764636
7.606780167268525
8.055921445639187
4.146132019120379
2.863575268821692
3.1056227598611184
2.068884408606638
0.3997162485110588
21.28113799283154
82.88418458781362
187.80055256869773
171.341472520908
31.582511947431303
34.862044504181604
8.055921445639187
4.146132019120379
2.863575268821692
3.1056227598611184
2.068884408606638
0.3997162485110588
4.487753882915173e-12
48.534572879330945
320.3393817204301
168.72573178016725
104.01284348864993
32.248543906810035
5.815785543612612
4.146132019120379
2.863575268821692
3.1056227598611184
2.068884408606638
0.3997162485110588
4.480372610513739
226.62933094384704
353.19705794504176
555.8870967741937
177.9394414575866
15.820863201911589
5.815785543612612
4.146132019120379
2.863575268821692
3.1056227598611184
4.309020310633214
0.3997162485110588
4.487753882915173e-12
173.23924731182797
403.2276732377539
426.7166965352449
31.208968040621265
14.32709826762246
5.815785543612612
4.146132019120379
2.863575268821692
3.1056227598611184
2.068884408606638
0.773073476702509
4.487753882915173e-12
158.3019713261649
252.76433691756273
281.4799880525687
329.5224761051374
18.434326463560335
5.815785543612612
4.146132019120379
2.863575268821692
6.465826612903226
2.068884408606638
0.3997162485110588
4.487753882915173e-12
86.24365292712066
370.369623655914
322.9245071684587
66.67600059737157
7.606780167268525
5.815785543612612
5.266199970131421
2.863575268821692
3.1056227598611184
2.068884408606638
0.3997162485110588
4.487753882915173e-12
125.82026583034646
542.8800776583034
144.08639486260455
44.64960424133811
10.966984020310633
5.815785543612612
4.146132019120379
2.863575268821692
3.1056227598611184
2.068884408606638
0.3997162485110588
4.487753882915173e-12
111.2585872162485
287.1135752688172
239.66435185185182
63.69295101553166
59.50526433691756
8.055921445639187
4.146132019120379
2.863575268821692
3.1056227598611184
2.068884408606638
0.3997162485110588
4.487753882915173e-12
100.43309438470729
353.19705794504176
295.293458781362
253.35685483870967
21.794504181600953
5.815785543612612
5.266199970131421
2.863575268821692
3.1056227598611184
2.068884408606638
0.3997162485110588
1.8668085424133811
171.74320489844683
572.3603643966547
511.8484916367982
286.2104241338112
34.48846326164874
