14.029868578255678
4.146132019120379
2.863575268821692
3.1056227598611184
2.068884408606638
0.3997162485110588
4.487753882915173e-12
132.54293608124254
363.27508960573476
277.7494026284349
90.57160991636799
32.248543906810035
18.88332586618877
4.146132019120379
13.6911215651135
3.1056227598611184
2.068884408606638
0.3997162485110588
4.487753882915173e-12
143.36880227001194
210.57160991636798
184.78270609318997
99.53405017921146
53.15830346475508
5.815785543612612
4.146132019120379
2.863575268821692
3.1056227598611184
2.068884408606638
0.3997162485110588
4.487753882915173e-12
143.36880227001194
342.7430555555555
580.1851851851851
152.55227001194743
28.51482228195938
5.815785543612612
7.506335872162485
2.863575268821692
3.1056227598611184
2.068884408606638
0.3997162485110588
4.487753882915173e-12
123.2086320191159
328.55361409796893
246.7588859020311
58.09065113500597
35.235140382317795
5.815785543612612
4.146132019120379
2.863575268821692
4.225690710872162
2.068884408606638
0.3997162485110588
4.487753882915173e-12
41.81608422939068
395.3853046594982
161.63530465949822
75.2665770609319
7.606780167268525
5.815785543612612
4.146132019120379
2.863575268821692
3.1056227598611184
2.068884408606638
0.3997162485110588
4.487753882915173e-12
151.95489844683394
276.65994623655916
372.95512246117084
156.28322879330943
18.434326463560335
6.935853494623656
4.146132019120379
2.863575268821692
3.1056227598611184
2.068884408606638
0.3997162485110588
4.487753882915173e-12
4.487753882915173e-12
170.6235065710872
169.10170250896059
118.57452210274793
7.606780167268525
8.802658303464753
7.506335872162485
2.863575268821692
3.1056227598611184
2.068884408606638
0.3997162485110588
20.90804211469534
115.74223416965353
474.14725209080046
385.2721774193548
18.14142771804511
20.674320489844682
30.457549283154123
4.146132019120379
2.863575268821692
3.1056227598611184
2.068884408606638
0.3997162485110588
4.487753882915173e-12
81.39262246117084
368.50209080047796
561.8608124253286
282.47946535244927
32.248543906810035
5.815785543612612
4.146132019120379
2.863575268821692
3.1056227598611184
2.068884408606638
0.3997162485110588
4.487753882915173e-12
236.33512544802866
521.594982078853
354.28651433691755
179.05876642771804
17.31414277180406
5.815785543612612
4.146132019120379
2.863575268821692
3.1056227598611184
2.068884408606638
0.3997162485110588
13.814180107526882
126.19623655913979
544.3436379928315
437.91778673835125
111.4796146953405
35.235140382317795
5.815785543612612
9.37314814814815
2.863575268821692
3.1056227598611184
2.068884408606638
0.3997162485110588
4.487753882915173e-12
100.43309438470729
536.9071087216248
340.8449074074074
143.9616935483871
10.593652927120667
5.815785543612612
11.239994026284348
2.863575268821692
3.1056227598611184
2.068884408606638
0.3997162485110588
3.360203853046596
238.20303166069294
444.67331242532856
749.6520310633214
158.89896953405017
48.67618727598566
5.815785543612612
4.146132019120379
2.863575268821692
3.1056227598611184
2.068884408606638
0.3997162485110588
4.487753882915173e-12
57.49738649940263
272.5526433691756
399.83385603345283
144.3376642771804
14.32709826762246
5.815785543612612
4.146132019120379
2.863575268821692
6.8391950418160095
2.068884408606638
0.3997162485110588
27.628360215053764
187.42420848267622
472.29054659498206
467.41151433691755
94.6789127837515
62.86439665471922
22.243466248506568
4.146132019120379
2.863575268821692
3.1056227598611184
2.068884408606638
0.3997162485110588
8.960722819593787
248.28068996415772
521.594982078853
554.4235364396653
445.26135005973714
41.95545848267623
5.815785543612612
4.146132019120379
2.863575268821692
3.1056227598611184
2.068884408606638
0.3997162485110588
4.487753882915173e-12
173.23924731182797
502.16509856630813
580.1851851851851
189.88463261648747
9.473588709677419
5.815785543612612
4.146132019120379
2.863575268821692
3.1056227598611184
2.068884408606638
0.3997162485110588
4.487753882915173e-12
94.08602150537635
320.3393817204301
467.41151433691755
283.2231929510155
64.73192951015531
16.64333183990442
4.146132019120379
2.863575268821692
18.039986559139784
2.068884408606638
0.3997162485110588
4.487753882915173e-12
101.92465651135007
427.1199223416965
363.9926821983274
155.91136499402626
21.42096027479092
5.815785543612612
5.266199970131421
2.863575268821692
6.092495519713261
2.068884408606638
0.773073476702509
4.487753882915173e-12
202.35775089605735
633.2138590203107
470.775462962963
430.32706093189967
44.19586320191159
