0.0
0.0
0.0
0.0
0.0
0.0
1.493414351851852
64.21792861409797
116.11402329749106
158.67540322580646
199.37361857825567
10.080734767025088
0.0
0.0
0.0
0.0
0.0
0.0
0.0
38.455607825567505
140.75425627240142
147.85129181600954
16.05430854241338
0.0
0.0
0.0
0.3733557347670251
0.7467278972520908
0.0
0.0
0.0
53.01627837514934
190.0396505376344
134.03513291517325
125.44795400238948
12.694190561529268
0.0
0.0
0.0
0.0
0.0
0.0
0.0
50.028001792114694
109.7679211469534
123.20687724014337
72.05794504181601
12.320687724014338
2.240142249103943
0.0
0.0
0.0
0.0
0.0
7.467278972520908
22.401422491039426
126.56851105137396
200.86790621266428
139.63369922341695
11.200899790919951
0.0
0.0
0.0
0.0
0.0
0.0
0.0
70.56399342891278
130.67312574671445
222.89366786140985
132.1674507168459
14.93414351851852
0.0
0.0
0.0
0.0
0.0
0.0
0.0
67.206541218638
205.34595280764637
243.42928614097968
155.31791367980884
7.840404719235366
4.853823178016726
0.0
0.0
0.0
0.0
0.0
0.0
47.417712066905615
133.6613649940263
122.83310931899643
107.52684438470726
10.080734767025088
0.0
0.0
0.0
0.0
0.0
0.0
0.0
25.761540471923535
106.40628733572282
121.71255227001194
33.975433094384705
0.0
0.0
0.0
0.0
0.0
0.0
0.0
0.0
37.33557347670251
125.44795400238948
159.7959229390681
166.14202508960574
32.85528673835125
0.0
0.0
4.480283004778973
1.1200899790919951
0.0
0.0
0.0
42.18798536439665
114.99309289127838
93.71449372759857
67.206541218638
1.8667764336917563
0.0
0.0
0.0
0.0
0.3733557347670251
0.0
0.0
68.69631123058544
103.79144265232975
148.96766726403823
113.12574671445641
18.667764336917564
0.0
0.0
0.0
0.0
0.0
0.0
4.106933243727599
43.682310334528076
91.47337962962963
141.87481332138591
101.92790471923539
14.93414351851852
0.0
0.0
0.0
0.0
0.0
0.0
0.0
22.774962664277183
113.12574671445641
94.83086917562724
63.0973715651135
1.1200899790919951
0.3733557347670251
0.0
0.0
0.0
0.0
0.0
0.0
26.508169056152923
148.22087813620075
154.57075119474314
38.82937574671445
14.187481332138592
0.0
1.493414351851852
0.0
0.0
0.0
0.0
0.0
16.05430854241338
99.68679062126643
79.52456690561529
39.57579151732378
0.7467278972520908
0.0
0.0
0.0
0.0
0.0
0.0
0.0
76.1667413381123
206.466472520908
136.27624701314218
93.71449372759857
11.947565710872162
7.467278972520908
0.0
0.0
0.0
0.0
0.0
0.0
35.842293906810035
100.43395310633214
101.92790471923539
85.87029569892474
1.493414351851852
8.960569743130227
0.0
0.0
0.0
0.0
0.0
7.093738799283154
45.54999253285544
95.20463709677419
142.99570639187573
105.28573028673836
10.827396953405017
1.493414351851852
0.0
0.0
0.0
0.0
0.0
0.0
41.06933243727599
125.44795400238948
120.2227822580645
33.975433094384705
0.0
