5.042450716845878
3.458669354865921
2.3887022103020024
2.6686267921146953
2.518667861409797
8.240008960573476
61.01777180406213
170.75866188769413
160.84229390681003
91.51396356033453
35.022401433691755
10.934513142174433
5.937201314217443
3.458669354865921
2.3887022103020024
2.664247311827957
1.7258064516401148
11.223506571087217
34.52247610513739
81.8847072879331
148.21908602150538
91.57370071684588
33.55361409796894
11.042040023894863
5.042450716845878
3.458669354865921
2.419747983870968
2.6869362305854243
1.8165546594982078
17.922281959378733
65.77434289127838
214.94175627240142
317.07362604540026
188.896729390681
48.424432497013136
12.698999402628434
6.84468339307049
3.7181824970131423
2.5256235065710873
2.5906137993103657
5.376530764635604
8.13957586618877
47.64411589008363
68.56332138590203
135.27105734767025
74.2648596176822
19.74649044205496
7.69209229390681
4.946931003584229
4.637208781362008
2.3887022103020024
2.5906137993103657
1.7258064516401148
8.811992234169654
53.263142174432495
164.57959976105138
176.32541816009558
91.65210573476702
32.48730585424134
9.22688918757467
6.197916666666667
3.5733012246117086
2.3887022103020024
2.5906137993103657
1.7258064516401148
8.551762246117084
50.75044802867384
96.90486857825567
161.67861409796893
81.71333632019116
25.393518518518523
6.652848715651135
5.188926224611707
3.586036439665472
2.675280017921147
2.5906137993103657
1.7258064516401148
3.6753061529271207
51.194743130227
114.63186977299881
115.4868578255675
28.308318399044204
25.227374551971327
8.610327060931898
5.539986559139785
4.039799880525687
2.3887022103020024
4.274268219832736
1.7258064516401148
7.095669056152926
0.1990068697729988
124.58183990442055
148.21908602150538
98.17465651135007
39.591173835125446
12.148670848267622
6.204711768219833
3.906063321385902
2.3887022103020024
2.5906137993103657
1.7258064516401148
7.617249103942652
37.26291816009558
117.36111111111111
154.0359916367981
75.4035991636798
35.022401433691755
10.888963560334528
4.851403823205228
3.458669354865921
2.3887022103020024
2.6224555704898447
2.3944892473118276
15.073192951015532
48.17801672640382
121.21042413381123
160.84229390681003
76.48633512544802
38.52523894862605
10.929286140979688
4.8991674133811225
3.458669354865921
2.4205439814814813
7.133997909199522
1.7258064516401148
4.160707885304658
46.99820788530466
67.54778972520909
80.42861409796893
55.06683094384707
15.579077060931903
9.996303763440858
4.886429211469534
3.458669354865921
2.3887022103020024
2.5906137993103657
1.7258064516401148
5.109781959378733
2.7211768219832733e-11
104.40188172043011
113.66114097968936
73.43974014336918
26.118951612903224
6.345579450445371
4.851403823205228
3.458669354865921
2.3887022103020024
2.5906137993103657
1.988504330943847
11.458721624850655
54.84991039426523
119.63485663082437
179.86857825567503
129.47319295101553
35.03061529271206
12.497386499402628
5.520086618876942
3.67759109916368
2.3887022103020024
2.5906137993103657
4.821311230585424
0.42895011947431294
39.03076463560335
87.3618578255675
142.648596176822
51.191382915173236
19.829749103942653
9.879666965352449
4.851403823205228
3.458669354865921
2.4683094384707287
2.7418645459976103
1.7258064516401148
0.8429062126642772
34.52247610513739
45.43757467144564
143.2534348864994
50.46333632019116
27.050104540023895
6.551751045400238
5.133210125448029
3.458669354865921
2.3887022103020024
2.5906137993103657
1.7735700418160096
0.3334229390953121
35.30540621266428
53.263142174432495
106.2313321385902
50.70601851851852
17.187089307048986
6.88691009557945
4.851403823205228
3.609920101553166
2.3887022103020024
2.5906137993103657
1.7258064516401148
2.836969832735962
46.33736559139785
93.71266427718041
62.92189366786141
64.08714157706093
29.77150537634409
10.089232377538828
5.02334229390681
3.458669354865921
2.3887022103020024
2.5906137993103657
1.7258064516401148
4.791308243727598
2.7211768219832733e-11
93.71266427718041
135.52867383512546
60.01754778972521
29.77150537634409
8.399380227001194
5.104540023894862
3.458669354865921
2.3887022103020024
2.5906137993103657
1.8324783452807647
7.4473715651134995
39.21370967741935
119.8439366786141
132.9786439665472
68.91465053763442
35.34460872162485
6.345579450445371
6.882877837514934
3.458669354865921
2.3887022103020024
2.686140979689367
1.8420288231780164
10.598879928315412
70.72132616487455
211.52927120669057
207.77329749103941
128.87582138590204
35.03061529271206
11.400462962962962
