1402.7534011050698
843.5214335300143
392.8423108481796
634.9136030112522
423.18954386190546
597.5857560412594
1054.5337402888006
1805.608516505572
2171.7454790497363
2578.4574806126757
2251.4577958759774
1486.056883033797
1179.1139316421047
811.2726557340673
628.8188929447728
764.1405739962082
643.2616158024649
1007.2467650614279
1274.9924098675756
2224.2302598643555
2768.8051126450673
3448.5609372739145
3101.470001375337
1676.7261076120367
1368.8012419356403
990.2209598792147
790.0263916220673
659.898277501222
814.580126045635
1241.5793726296808
1423.3251089460502
1977.0173825347624
2739.8343906745517
3128.0248613658655
2422.951727567717
1753.365770893309
1357.5406232558346
1597.0355844232736
962.2659244052254
1306.351301787806
1065.2821266400242
1670.5938079765406
1695.6551430843497
2252.6637361591734
2491.756263075856
3181.6255445250845
2719.104732399837
2176.5127069802315
1695.2321745949057
2306.1798734713575
1785.3271503007375
1351.625873522486
1626.7762431498263
1759.520044948496
2008.5938221109127
2761.5435974265624
3379.516785589464
3710.1889783546517
3754.6408570657572
2813.4865184675064
2614.8203739410455
2487.5823526612144
1393.4347597195358
1817.8930565395306
1432.274953086001
1638.0039988119227
2150.5438163099993
3148.6381276038865
3730.7106344434287
4379.231609474912
4024.169980957371
2918.743425584168
2501.62863237566
1691.5344254163501
1341.6528556755754
1251.5757782587334
1114.8163670222727
1477.7266087314113
1887.3231368566298
2291.7960353172534
3380.9663805851046
3740.4652672020457
3161.511669853697
2870.388176114968
2445.1129901934246
1141.8273949133268
849.3325204653108
890.5941677785082
960.7438401288472
1191.253617675752
1576.443786944419
2209.9137248408038
2858.7939913509285
3838.4719687527754
3413.115650263911
2279.551136023169
1698.4358100331362
1382.2166963211516
1086.6338659911055
958.4226457577338
1149.554670097493
1367.763168927117
1783.9229248547533
2617.554747694847
3342.1765973577562
3964.320182022695
3698.929864404197
2288.3788619993074
1726.818337987084
1355.0651127595224
902.942806303759
852.7352621286827
1117.6839940624666
1552.169679468144
1833.9435229874514
2829.1334082102744
3688.1619121603476
4203.58177532862
4128.459198699449
2731.607469705244
1997.232190932609
1647.5767058599931
1395.4640532601807
1415.2964198578154
1461.6581811495098
2034.476134064079
1883.396093940033
2346.561376852377
3425.8619366938774
3523.4504829678103
3343.123682105936
2600.139731853232
2089.8555242673906
2173.3866864377674
1934.1807303080618
1653.7433157728938
1618.3205048897341
1953.7980273397443
2164.5741949556304
3129.864102671981
3756.127697306489
4541.5262907155775
4294.880050610661
3053.592419710128
2666.089448298137
2264.3366980936435
1682.3544693915221
1730.1258679455796
1924.5897448038381
1987.2430992365998
2396.3661353212906
3246.2439588741654
4435.7801180387605
5230.587164498825
4901.534358612117
3812.0800170589323
2884.9725554391307
1893.6103606696129
1632.1219497590407
1616.7117987602853
1644.2580453749438
1916.9719381478535
2319.8427224393054
3010.252487095854
4220.65723473645
4604.28054458689
4726.527111196546
3242.7637418027375
2558.004094361533
2015.4189593107242
1507.2181430104947
1395.5451125431373
1733.056686643853
1978.9206136192945
2398.768589134209
3174.7486445139966
4675.745044903104
5123.067789289859
5211.630284095507
3547.3715315730824
2427.909818871225
1674.2944326576323
1307.487654765567
1401.1216964696268
1067.2462314430381
1868.9051489502224
2062.489738097299
2573.7299340112077
3435.5827340329465
3271.155140446027
3595.167566450059
2600.8912372194777
2258.046453122007
1055.8594219678928
896.8286014241994
936.8832439742883
968.6967160106682
1460.845797404137
1840.0568912821852
2311.4666668013465
3223.9331535732226
3330.188391104407
2931.2634640753554
2047.5300013306537
1543.952979556011
1233.6439525518142
1006.8451338768175
1125.865677110942
1062.1974539516991
1284.1602879489944
2070.502666204603
2511.604146194721
3386.353351142894
4257.384381148718
3804.3763782194696
2515.2304990573853
1777.4287824267021
1075.4763162205331
863.2210073578185
899.0073452678567
1019.3630287774481
1495.05078739077
1682.2192375991842
2174.4814918874326
2935.06590718905
3025.5315938613003
2349.867153245028
1922.9662821269455
1362.640495022667
828.8799237128047
691.3248866596945
693.8274262383276
737.9110150847771
1358.5403024665425
1842.474570603856
2203.163158388862
2767.485058068793
3227.997174215229
2601.4854483708614
1793.2688358160783
