27.046296296296298
9.028188470728795
5.925888590203106
4.911514336917563
4.239635603345281
11.811043906810037
52.5
93.88142174432497
200.48200418160096
222.7736708482676
176.80592891278374
78.89672939068099
43.24234617682198
8.76665173237754
4.323054808841099
3.2086058841099163
6.380525686977299
10.410356929510156
43.05779569892473
115.71833930704898
178.15076164874552
220.28748506571088
128.66375448028674
80.26881720430106
26.601030465949822
4.120049283154122
6.883064516129032
5.432795698924732
2.1819444444444445
9.966435185185185
37.962626941457586
100.91920549581837
196.50313620071682
156.13575268817203
125.79711768219833
44.76030465949821
26.34722222222222
7.951090203106333
4.461424731182795
5.772849462365592
3.2554808841099163
7.427792712066906
23.536178315412187
84.49223416965353
129.33019713261646
114.79017323775388
72.73857526881719
27.583408004778974
19.455346475507767
19.775462962962962
5.628024193548387
2.3930742234169653
3.798797789725209
9.667226702508959
28.206130525686977
86.46356033452808
138.87432795698925
134.82265531660693
98.04920848267622
63.40464456391876
15.921557646356034
13.98125746714456
3.042801672640382
5.887724014336918
4.008273596176822
11.185969235364398
27.440561529271207
96.19847670250897
135.21281362007167
175.93189964157705
18.071273894862603
46.44246565113501
13.971363500597372
5.744324970131422
6.1392622461170845
2.18126866786141
3.6331615890083633
3.4799395161290323
23.77221475507766
80.29905913978494
138.86536738351253
143.0111260454002
91.7850209080048
30.376008064516128
7.085610812425327
18.441756272401435
3.902856182795699
3.97389486260454
0.9781586021505376
4.200757915173238
29.66091696535245
110.3946385902031
239.60162783751494
183.77165471923536
134.5784796893668
27.643891875746714
27.63978494623656
11.271953405017921
3.432269265232975
5.545586917562724
3.2786103643966547
2.1413978494623658
22.67488052568698
86.90860215053762
225.41853345280768
202.07698626045396
113.6126045400239
29.830458482676224
12.504741636798089
4.356197729988053
1.2877949522102747
0.9110730286738351
2.0803464755077656
7.601777180406211
36.85446535244923
81.42211768219833
226.26941457586622
194.8991935483871
107.05533154121864
38.09225657108721
24.3765307646356
21.315524193548388
7.870743727598566
4.459080047789725
1.6537111708482677
3.6653860513739547
26.79035991636798
7.997897998805257
151.26008064516128
120.53054062126643
107.27822580645162
65.19003882915173
18.249402628434886
8.085237455197133
3.2895945340501793
4.991121565113501
3.690897550776583
8.493354241338112
36.70471176821983
89.50866188769413
187.01202210274792
138.454674432497
133.13993428912784
41.356966845878134
22.682272998805253
13.600321087216248
5.057086320191159
4.518537186379929
6.801075268817204
7.834229390681004
18.201351553166074
83.00851254480287
160.61715949820788
189.891353046595
92.8770908004779
37.03785842293907
22.96057347670251
7.489732676224611
9.290807945041816
5.9042002688172035
3.812802419354839
6.7464531063321385
23.394638590203105
96.78614097968938
183.5573476702509
224.11439665471923
114.70542114695343
32.51866786140979
26.111559139784948
12.123431899641576
5.298088410991637
2.1689777479091994
4.825033602150538
20.627202807646352
49.87417861409797
29.058169056152927
215.3767174432497
329.4941009557945
98.48566308243727
47.829301075268816
27.3988201911589
15.334864097968937
6.184513142174432
3.81709229390681
3.0668048088410993
8.40542861409797
28.066793608124254
86.45571983273597
181.88097371565112
200.32631421744324
129.01993727598565
76.37656810035844
31.84378733572282
9.116188769414576
10.73077210274791
4.986824223416966
3.5784647550776585
9.60401732377539
45.89792413381123
120.69668458781359
202.57243130226996
235.78068996415772
213.42443249701319
66.83766427718041
27.74395161290323
14.589344384707289
5.383318399044205
3.6381832437275987
4.750821385902031
10.437873357228195
42.84796893667862
97.39508661887695
192.55114994026286
188.17540322580646
108.08243727598567
32.492756869773004
13.437014635603347
3.236701015531661
8.176149940262844
3.468847072879331
2.726336618876941
9.616338112305854
26.58867234169653
111.43667861409799
226.4295848267622
147.2431302270012
97.0291965352449
28.763366188769414
15.040733273596176
4.812798685782557
5.679323476702509
1.8294242831541214
1.637029569892473
8.778225806451612
59.549731182795696
86.56959378733572
269.8592443249701
214.30518219832737
139.49970131421742
74.06249999999999
