7.382765830346475
3.458669354865921
2.3887022103020024
2.5906137993103657
2.3626418757467142
11.804450418160096
64.28838112305854
174.82078853046596
167.49178614097968
85.65598864994027
46.09655017921147
15.321087216248507
11.45870669056153
3.458669354865921
2.5797491039426523
2.5906137993103657
1.7258064516401148
10.46297789725209
75.05227001194743
156.45534647550775
245.17995818399044
103.32325268817205
34.14239844683393
15.130301672640382
7.741114097968937
4.382093787335723
3.3200791517323776
2.5906137993103657
1.7258064516401148
0.3334229390953121
53.263142174432495
179.86857825567503
177.24761051373955
48.66002090800478
25.80047789725209
9.43186230585424
4.9791704002389485
3.458669354865921
2.3887022103020024
2.5906137993103657
1.7258064516401148
13.819832735961768
71.65098566308244
117.44698327359617
232.76956391875746
64.98319892473118
36.467293906810035
6.993540919952209
4.96762619474313
3.458669354865921
2.4794504181600954
2.5906137993103657
1.7258064516401148
8.551762246117084
65.42712066905615
141.4986559139785
185.07691158900838
106.75813918757467
31.64613201911589
16.439665471923536
4.851403823205228
3.458669354865921
2.3887022103020024
2.5906137993103657
1.7258064516401148
10.598879928315412
34.6598715651135
114.91562126642772
69.77673237753883
12.635939366786141
15.133288530493163
6.345579450445371
4.851403823205228
3.458669354865921
2.3887022103020024
2.5906137993103657
1.7258064516401148
14.84544504181601
39.87455197132616
85.30465949820788
128.57676224611708
60.82399940262844
26.258587216248507
8.171744324970131
4.851403823205228
3.458669354865921
2.3887022103020024
2.5906137993103657
3.6760752688172045
0.3334229390953121
45.43757467144564
118.75
107.37380525686977
33.378509557945044
31.53151135005974
7.1957511947431305
4.905137395459976
3.458669354865921
2.3887022103020024
2.5906137993103657
1.7258064516401148
16.846266427718042
39.33691756272401
190.54659498207886
181.01478494623655
123.74215949820788
33.411364994026286
6.345579450445371
4.893992682198327
3.458669354865921
2.5725806451612905
2.5906137993103657
1.7258064516401148
8.453195937873357
54.84991039426523
172.50597371565112
140.9199522102748
85.8090651135006
20.60371863799283
6.536626344086022
4.988325119474313
4.858124253285544
4.299171146953405
2.5906137993103657
1.7258064516401148
10.323715651135005
41.91308243727599
37.53360215053763
118.80973715651135
74.2648596176822
33.92734468339307
6.441106630824371
4.851403823205228
4.10663082437276
2.3887022103020024
2.5906137993103657
3.208071983273596
3.538284050179211
6.328405017921147
133.24746117084825
116.819743130227
62.6198476702509
38.256421744324975
7.698887395459976
4.851403823205228
3.570116487455197
2.3887022103020024
2.5906137993103657
1.7258064516401148
3.5447804659498208
77.70310633213859
132.9786439665472
168.35050776583034
102.82295400238948
29.873058542413382
8.691569593787335
8.947132616487455
3.458669354865921
2.3887022103020024
2.5906137993103657
2.7336096176821982
8.284438470728793
49.91412783751493
120.15382317801672
161.67861409796893
70.04218936678615
18.584229390681003
7.019041218637992
4.851403823205228
4.466472520908005
3.5827732974910393
2.5906137993103657
1.7258064516401148
2.0225657108721626
60.67054958183991
119.8439366786141
178.19967144563918
105.07803166069297
15.133288530493163
10.958781362007167
9.547864396654719
3.458669354865921
2.3887022103020024
2.5906137993103657
1.7449111409796894
10.323715651135005
37.53360215053763
114.63186977299881
164.57959976105138
56.36611409796894
30.067204301075275
6.882915173237754
8.947132616487455
3.458669354865921
2.4312910692951015
3.8483796296296298
3.337813620071685
1.006884707287933
13.09923835125448
84.36379928315412
119.3847072879331
63.691382915173236
51.656959378733575
12.706093189964157
4.851403823205228
3.649716248506571
2.3887022103020024
2.5906137993103657
1.896953405017921
7.230451015531661
50.459229390681
130.7347670250896
148.86126045400238
64.16554659498208
29.77150537634409
6.345579450445371
4.851403823205228
3.8805630227001187
2.5256235065710873
3.0622759856630823
5.0676896654719235
7.617249103942652
30.107153524492233
122.75238948626045
211.52927120669057
52.483198924731184
36.425104540023895
6.345579450445371
4.937776284348865
3.458669354865921
2.3887022103020024
2.5906137993103657
3.5304659498207887
6.367622461170848
52.172939068100355
71.80406212664278
121.67712066905615
84.4388440860215
29.159572879330945
6.926709976105138
