0.0
0.0
0.0
0.0
0.0
0.0
0.0
10.080734767025088
107.52684438470726
106.03251941457587
18.667764336917564
0.0
0.0
0.7467278972520908
0.0
0.0
0.0
0.0
0.0
26.881705495818398
130.67312574671445
138.89071833930706
125.0745594384707
10.080734767025088
0.0
1.1200899790919951
0.0
0.0
0.0
1.493414351851852
0.0
17.921139486260454
84.75392025089606
85.87029569892474
70.56399342891278
0.0
0.0
0.0
4.480283004778973
0.0
0.0
0.0
0.0
37.70911738351254
107.15344982078852
155.31791367980884
126.1951164874552
10.827396953405017
0.7467278972520908
0.3733557347670251
0.0
0.0
0.0
0.0
0.0
29.12205047789725
121.71255227001194
159.7959229390681
95.20463709677419
29.49514635603345
0.0
0.0
0.0
0.0
0.0
0.3733557347670251
0.0
38.08262395459976
118.72849462365589
141.50141875746715
141.50141875746715
8.2139075567503
0.0
0.0
0.0
0.0
0.0
0.0
0.0
40.32254330943847
97.07194593787335
96.32515681003584
47.79110663082438
0.3733557347670251
0.3733557347670251
1.1200899790919951
0.0
0.0
0.0
0.0
6.3471139486260455
82.88620071684589
125.0745594384707
123.20687724014337
50.775164277180416
22.401422491039426
6.7206541218638005
1.493414351851852
0.0
0.0
0.0
0.0
0.0
65.71221624850656
111.262208781362
89.97909199522103
72.05794504181601
12.320687724014338
0.0
0.0
0.0
0.0
0.0
0.0
0.0
32.1086096176822
104.91196236559139
110.51508363201911
38.82937574671445
7.093738799283154
0.0
0.0
5.226911589008363
0.0
0.0
0.0
0.0
27.62833408004779
99.68679062126643
84.38052568697731
86.99085274790922
10.453856780167264
7.093738799283154
0.0
0.0
0.0
0.0
0.0
0.0
30.615330047789726
141.87481332138591
128.80958781362008
96.32515681003584
17.921139486260454
0.7467278972520908
0.0
0.0
0.0
0.0
0.7467278972520908
3.3602337216248506
26.881705495818398
222.89366786140985
171.3713410991637
120.2227822580645
15.681186529271207
0.0
2.6135043309438473
0.0
0.0
0.0
0.0
0.0
61.6034572879331
152.70306899641574
206.466472520908
132.1674507168459
7.093738799283154
0.0
0.0
0.0
0.0
0.0
0.0
0.0
41.06933243727599
118.72849462365589
222.89366786140985
100.06018518518518
17.921139486260454
0.0
0.0
0.0
0.0
0.0
0.0
0.0
8.2139075567503
106.77968189964157
106.03251941457587
79.52456690561529
9.707194593787337
5.973573775388291
0.0
0.0
0.0
0.0
0.0
0.0
33.975433094384705
94.83086917562724
70.93738799283155
0.0
12.320687724014338
1.8667764336917563
0.0
0.0
0.3733557347670251
0.0
0.7467278972520908
0.0
14.561017771804062
97.07194593787335
67.206541218638
46.29678166069295
1.1200899790919951
0.0
0.0
0.0
0.0
0.0
0.0
0.0
48.53823178016727
205.71931003584228
134.408527479092
87.36458333333333
5.973573775388291
0.0
0.0
0.0
0.0
0.0
0.0
0.0
46.67054958183991
125.44795400238948
77.65688470728793
85.12731481481482
14.187481332138592
