0.0
0.0
0.0
0.0
0.0
0.0
0.7467278972520908
48.53823178016727
153.82362604540023
131.7936827956989
40.69593787335723
1.8667764336917563
0.0
0.0
0.7467278972520908
0.0
0.3733557347670251
0.0
0.0
53.01627837514934
156.4384707287933
139.26030465949822
77.65688470728793
12.320687724014338
0.0
0.0
0.0
0.0
0.0
0.0
0.7467278972520908
75.04618428912784
147.85129181600954
177.34367532855435
82.88620071684589
14.561017771804062
0.7467278972520908
0.3733557347670251
0.0
0.0
1.1200899790919951
0.0
0.0
39.57579151732378
119.84901433691756
87.36458333333333
84.38052568697731
21.654760304659497
0.0
0.0
0.0
0.0
0.0
0.0
0.0
13.814392921146954
99.68679062126643
130.67312574671445
148.22087813620075
27.62833408004779
0.0
0.0
0.0
0.0
0.0
0.0
0.0
38.455607825567505
95.20463709677419
121.33919504181601
48.911626344086024
22.401422491039426
0.0
0.0
0.0
0.0
0.0
0.0
0.0
67.206541218638
82.51280615292713
170.25082138590204
65.71221624850656
14.93414351851852
0.0
0.0
0.0
0.3733557347670251
0.0
0.0
0.0
66.45937873357228
156.4384707287933
120.2227822580645
121.71255227001194
11.574025537634409
0.0
0.0
0.0
0.0
0.0
0.0
0.0
33.975433094384705
94.83086917562724
111.262208781362
40.32254330943847
11.200899790919951
0.0
0.0
0.0
0.0
1.1200899790919951
0.0
0.7467278972520908
40.69593787335723
145.98394563918757
172.49189814814815
147.10450268817203
13.814392921146954
0.0
0.0
0.0
0.0
0.0
0.0
0.0
50.775164277180416
173.23906063321385
132.1674507168459
160.16969086021504
11.947565710872162
0.0
0.0
0.0
0.3733557347670251
1.493414351851852
0.0
0.0
38.08262395459976
117.98133213859022
110.51508363201911
94.08788829151733
6.7206541218638005
4.853823178016726
0.0
0.0
0.0
0.0
0.0
0.0
17.921139486260454
90.35285991636798
175.10259856630825
132.1674507168459
13.814392921146954
1.1200899790919951
6.3471139486260455
0.0
2.240142249103943
0.0
6.7206541218638005
0.7467278972520908
38.455607825567505
148.22087813620075
210.5752688172043
141.87481332138591
11.574025537634409
0.0
0.0
0.0
0.0
0.0
0.0
0.0
47.79110663082438
120.96957138590203
133.6613649940263
49.65464456391876
8.2139075567503
0.0
0.0
0.0
0.0
0.0
0.0
0.0
69.44347371565114
147.85129181600954
114.99309289127838
97.81910842293907
8.960569743130227
0.0
0.0
0.0
0.0
0.0
0.0
0.0
68.32291666666666
97.07194593787335
141.12802419354838
67.206541218638
0.0
0.0
0.0
0.0
0.0
0.0
0.0
0.0
29.12205047789725
106.40628733572282
138.1439292114695
134.03513291517325
33.22883064516129
0.0
4.853823178016726
0.0
0.0
0.0
0.0
0.0
23.52158751493429
97.44571385902032
104.91196236559139
116.48738052568697
0.7467278972520908
0.0
0.0
0.0
0.0
0.0
4.853823178016726
0.0
51.52232676224612
131.0468936678614
186.30424880525686
160.91685334528077
15.681186529271207
