5.815785543612612
4.146132019120379
2.863575268821692
3.1056227598611184
4.309020310633214
0.3997162485110588
4.487753882915173e-12
157.93010752688173
417.7844982078854
408.0480884109916
157.40292712066903
35.60868428912784
5.815785543612612
4.146132019120379
2.863575268821692
3.1056227598611184
2.068884408606638
0.3997162485110588
2.6135043309438473
29.495221027479094
297.19160692951016
533.138440860215
136.87126642771804
65.47565710872162
5.815785543612612
4.146132019120379
2.863575268821692
4.225690710872162
2.068884408606638
0.3997162485110588
4.487753882915173e-12
55.257616487455195
355.0649641577061
334.87007168458774
60.70415173237754
10.593652927120667
10.296158154121864
6.759636350059737
2.863575268821692
3.1056227598611184
2.068884408606638
0.3997162485110588
4.487753882915173e-12
148.96766726403823
282.25843787335725
249.37051971326164
213.03203405017922
7.606780167268525
5.815785543612612
4.146132019120379
2.863575268821692
3.1056227598611184
2.068884408606638
0.3997162485110588
4.487753882915173e-12
177.34655017921148
627.2401433691756
541.3257915173238
34.56910842293907
35.235140382317795
5.815785543612612
4.146132019120379
5.850448028673835
3.1056227598611184
2.068884408606638
0.3997162485110588
6.347222222222222
171.74320489844683
526.0655615292712
652.2393966547191
477.37343189964156
35.235140382317795
5.815785543612612
4.146132019120379
2.863575268821692
3.1056227598611184
2.068884408606638
0.3997162485110588
2.986872759856631
163.52859916367981
423.7597072879331
418.5024641577061
161.8817204301075
34.11495669056153
11.042801672640383
7.506335872162485
2.863575268821692
3.1056227598611184
2.068884408606638
0.3997162485110588
4.487753882915173e-12
88.11118578255675
388.29039725209077
533.138440860215
201.45833333333334
47.18245967741935
13.282780764635604
4.146132019120379
2.863575268821692
3.1056227598611184
2.068884408606638
0.3997162485110588
22.774865591397848
113.50283751493428
407.33049581839913
363.9926821983274
78.24970131421745
22.167637395459977
21.496789127837516
10.493354241338112
2.863575268821692
3.1056227598611184
2.068884408606638
0.3997162485110588
2.6135043309438473
137.0221027479092
334.1565860215054
371.0872162485066
129.40001493428912
21.794504181600953
11.042801672640383
4.146132019120379
2.863575268821692
3.1056227598611184
2.068884408606638
0.3997162485110588
4.487753882915173e-12
368.50209080047796
424.1356780167264
485.69071087216247
94.6789127837515
20.674320489844682
5.815785543612612
4.146132019120379
2.863575268821692
3.1056227598611184
2.068884408606638
0.3997162485110588
4.487753882915173e-12
137.76993727598565
279.27120669056154
365.112380525687
101.02561230585424
21.794504181600953
5.815785543612612
6.759636350059737
2.863575268821692
3.1056227598611184
2.068884408606638
0.3997162485110588
7.093862007168458
141.1290322580645
502.16509856630813
470.775462962963
260.4517622461171
47.556003584229394
5.815785543612612
4.146132019120379
2.863575268821692
3.1056227598611184
2.068884408606638
3.386589008363202
32.85536140979689
82.88418458781362
526.4183841099164
492.06541218637994
205.94198028673836
17.31414277180406
5.815785543612612
6.0129405615292715
2.863575268821692
3.1056227598611184
2.068884408606638
0.3997162485110588
4.487753882915173e-12
139.26149940262843
536.9071087216248
436.4224910394265
167.10909498207886
32.248543906810035
20.376642771804065
4.146132019120379
2.863575268821692
3.1056227598611184
2.068884408606638
0.3997162485110588
2.240135902031063
88.11118578255675
238.20303166069294
294.17376045400243
104.01284348864993
34.48846326164874
5.815785543612612
8.253072729988052
2.863575268821692
3.1056227598611184
2.068884408606638
0.3997162485110588
4.487753882915173e-12
129.1838410991637
368.50209080047796
526.7633661887693
184.65763142174433
28.51482228195938
5.815785543612612
4.146132019120379
2.863575268821692
5.719127090800478
2.068884408606638
2.6398521505376342
4.487753882915173e-12
29.121639784946243
248.28068996415772
243.77165471923536
90.57160991636799
18.807459677419352
14.029868578255678
4.146132019120379
2.863575268821692
3.1056227598611184
3.1889523596176823
0.3997162485110588
4.487753882915173e-12
49.28270609318996
395.3853046594982
225.85088112305854
26.35551075268818
15.073775388291514
11.41633064516129
4.146132019120379
2.863575268821692
3.1056227598611184
2.068884408606638
0.3997162485110588
4.487753882915173e-12
159.04980585424133
241.5621266427718
334.1218637992832
153.29562425328555
34.48846326164874
