1243.812428882848
1092.3652694021762
944.7258491546313
852.9931803708698
835.239252643268
1265.766460566349
1377.132116184858
2406.2825644446393
3551.0213751070837
3980.579568426294
3817.322864573707
1968.2789148438335
1470.7296649157015
1096.1627543003754
881.362594408333
777.5422653044525
825.2933227917124
994.1703948404003
1425.0164951423662
2021.7173902406998
3425.4641292221286
3192.858241634725
3843.9511543024564
2600.257394947761
1564.2623007767395
1164.617823678498
637.1376614100003
778.9868102073153
681.3394778974869
588.463398540673
1248.5289582590726
2048.6719748286678
2214.014128577778
3037.2224046753063
2818.7247861101323
2059.670803748745
1311.1861915055365
907.0522062870735
673.8227381746401
464.092419619347
703.0495381543617
903.0625318415343
1502.6342126781374
1928.3446837398176
3343.107390614686
3019.3538898058478
3250.397183116682
1644.2341824879977
1516.0665085256103
1221.4392410042128
722.6927693270219
879.5700528832992
606.4308410440915
1144.2986414986756
1458.8205208863
2041.9238729641959
2670.900413875008
2668.613298844498
2274.97896937161
1721.250112404185
1022.207855273184
802.8924930435327
685.1341026108141
793.5696507748956
679.2202338506361
694.1853051888643
1227.8590119491873
1913.9770874306485
2763.374713744503
2481.2006208249727
1938.1786241772015
1371.8180596940856
1287.41045361222
926.7207306732199
783.135901523843
617.7346156243243
704.0490249523804
853.6187193198216
1355.5666255065698
1439.2627206517818
2212.3093054656306
1458.0925409475647
2025.3022164486783
1357.4588526382654
1525.7474361312984
1153.5553145668523
698.7880125501382
963.4307538000128
838.00545079193
1098.3452962898505
1306.8643574342634
1844.1152369375773
2185.915507927989
2458.3666073429795
2168.993749128907
1760.3072590817112
1271.1346862278788
907.3996824322628
788.1555057760512
712.4823679799558
879.1216343298712
1052.26837726045
1094.162194568015
1904.9186515180256
2894.814534185713
2845.837617805252
2841.946180115068
2009.2446774114933
1065.4458544148022
773.7484199578495
549.2050785558495
763.2862989417051
478.30446934621756
779.2892773624092
1267.4353950005932
1866.12273392712
2717.3731091436207
2584.436166009625
1679.2809579587074
1518.136479561875
1245.7597596303385
760.2706313378904
644.555480978221
784.3714590603241
728.1982214347546
1149.7621171136598
1769.6597737488735
2218.266995878661
3280.6871980439378
3279.5188820120165
3162.1901807618497
2189.1220123191824
1594.8604899185239
1432.6328367513863
1140.187622482493
1029.5309494347807
979.9535559650033
1523.1474176473907
1833.1858175661453
2398.9901406050762
3224.262740615926
4271.750043702435
3601.9892837349107
2578.552645964609
1788.4652920854737
1320.8654241987801
1080.5873210940306
1339.0552996958772
1300.6285739555694
1695.2768667843884
1945.1263279736195
2721.903744567116
3294.892270816536
3592.887866410415
3265.0481728295613
2921.2910759000306
2560.5675263172666
2307.9547565776184
2072.5510044185394
1682.767066830774
1498.5929953450755
2073.5943806508412
1936.6081674811212
2577.2391545092364
3089.9608899037157
4310.140610297761
3092.127701100969
3448.3233296163576
2057.251182175153
2702.910103277271
1986.9353323772805
2035.900977985191
2040.8019711420604
1920.2085134848846
2411.6423230798478
2743.850276085084
3591.6017877346444
6048.601988811963
3498.1906492388775
3862.258505139392
2404.668480758919
2901.7402435895315
2649.1218811693907
1816.2046788471655
1518.0720412548658
2031.0631387949059
2135.278817398373
2954.9524922549335
3425.1973957712967
4188.984292178404
4162.995000739187
3094.225765295941
3071.472674000143
1775.9677366333651
1725.4097095484528
1585.609846050154
1579.272309611325
2039.382718700434
2049.701533605961
2663.4741488802
3636.5905983163534
3771.5999801127728
2710.744273513827
2616.179904257774
2096.5567579311614
1432.7052802101177
1236.051223333209
1460.7932196736663
1171.9158081930373
1603.4074280326258
2206.7317955355466
2897.942105424111
3799.0840821763477
4595.3564540280495
4340.786212448857
2977.747072384747
2281.63617489982
1845.5469554081071
870.4384114050114
1353.0740268688123
1416.7781221167552
1834.8025384361706
1991.0345639134027
3049.7567233689156
3018.736874930986
3506.715696310523
3709.884701034754
3015.1920736442707
2361.3767442759527
1855.910553939807
1609.2085134219396
1639.67060873534
1689.5310311391388
1951.8750582909156
2583.375029833245
3086.5966335979406
4778.7451349803805
4579.12221155095
3690.283350103238
3048.512264728862
