0
0
0
0
0
0
0
542.7113222153849
980.6523413395631
534.4498251238294
74.18997239471948
0
0
0
0
0
0
0
139.85696932051897
554.2466493168015
733.2304792655184
407.80775830492007
135.79946703377277
0
0
0
0
0
9.881724223518749
0
582.1690863054957
1123.782769579123
2211.43589679587
806.1144063025599
17.32323937922721
0
0
0
0
0
0
107.7776909425425
537.4818303374599
1746.9442000603112
2144.769677455803
561.5862463999371
199.24367743443426
0
0
0
0
0
0
69.10228075303012
319.94343677694496
1175.0431721738237
1697.2762791889086
861.1981833948412
222.79323512290782
32.502181473242246
0
0
0
0
0
18.598511702618794
395.4174100525078
761.3221643508722
1054.0586177953867
464.7461987353785
59.68049991497174
0
0
0
0
0
0
41.82478077179662
466.22184546980657
614.5343976617844
1080.5197782038633
676.4064900935986
59.07641576751253
0
0
0
0
0
0
23.69719036572716
327.13861362173543
861.933680298413
1310.113163612624
535.1999275418268
144.19246394546724
0
0
0
0
0
0
0
404.49228792523354
1570.3332484683006
1057.9379253914472
476.88908140927026
25.712039777542742
0
0
0
0
0
0
88.22121038099479
389.1060136120535
1195.82126797769
3239.2933236842223
686.6380189514341
0
0
0
0
0
0
0
30.556760634014886
301.6020601089063
631.253740230912
1080.4052803610134
328.0005060329717
61.72905870845028
0
0
0
0
0
0
66.97962075708945
314.36605322267343
1150.1867003401896
1785.5522748571227
453.5039375992705
216.47126757079135
0
0
0
0
0
0
0
503.73559501592035
1271.9325938452012
1556.873064977921
476.81854293429046
140.17149937382013
0
0
0
0
0
0
0
356.70949299748116
1049.7099180638018
604.3300976633814
431.9468268754135
0
0
0
0
0
0
0
2.4552320020715825
723.0060783174068
1397.7694912757352
1352.3817757815239
388.5913264356219
100.04973435533245
0
0
0
0
0
0
0
559.3780950450454
799.2573557129583
1719.8570098634625
924.3928871339879
62.38695813443431
0
0
0
0
0
0
3.769678392876429
585.453127077368
999.1997683588781
1674.7816067512936
542.3279895003235
168.44232722543845
0
0
0
0
0
0
0
459.2738458315797
1411.2452855301178
2159.8942490416352
763.958076769422
145.00263733028174
0
0
0
0
0
0
0
494.62551898477034
1179.4927196158694
944.5170145481554
398.1952356166384
0
0
0
0
0
0
3.6162198382103057
20.559712735928485
474.85881490807384
1784.0773096712692
2118.937843190373
640.8788087877525
132.46086999849672
0
