0
0
0
0
0
0.4238509810154696
406.9390514925791
1048.6282875678341
1817.7024458795872
359.6514380270553
221.09499031586643
0
0
0
0
0
0
23.550077403264197
192.82698873509486
1184.8167658042569
1286.7101686323042
411.6469906824589
97.38014953078594
0
0
0
0
0
0
0
516.6411591848267
964.9252426974028
1694.9148394482006
771.1453949525
96.23068412235745
0
0
0
0
0
0
36.878684072769445
612.4571887603989
1849.2052514342658
2185.1579689731266
1387.3523754321952
223.95410156824542
17.29745694603011
0
0
0
0
0
11.551877527223667
285.13896395735117
1646.1176942765715
1186.4702009332336
584.8350561546981
76.13429695086484
23.40406319367233
7.1514526428916625
0
0
0
0
67.77033069903456
477.30361076935355
1541.763845951828
2665.9843943784217
809.6483791415912
194.27831950875904
7.1551290752279755
0
0
0
0
0
0
427.3172755773333
1376.5822620584393
1643.247899470291
843.2519948725713
31.318761944334497
2.7763103604362556
0
0
0
0
0
73.17643170383948
613.8937659514845
1196.1294688288792
1724.3571152255272
806.1359341129141
282.55208162766564
0
0
0
0
0
0
72.07564432835832
642.3118817125692
1037.9314414193157
1924.779696598138
896.9301507043718
145.45412460430504
0
0
0
0
0
0
42.84736778840219
632.2709628354703
1841.1229406180723
1618.7866779255608
1031.2889299430708
357.6225163855189
97.27123964968507
0
0
0
0
19.612976077521573
7.26994761131477
381.814873728978
926.7969749979368
1415.5475294649564
194.67755203058226
269.4236898315089
0
0
0
0
0
0
61.39072440105602
633.4139922907738
1037.9245288945506
1392.124482145056
740.4114196781234
72.70771470340782
0
0
0
0
0
0
26.958642682386554
568.9275006312131
1352.9985287317006
1614.355890545424
751.6979485495831
246.146895132482
0
0
0
0
0
0
44.35510496255758
530.154086784817
1168.299747812906
2261.8412983802277
1115.2947211406465
131.39806780215673
0
0
0
0
0
0
0
13.557302929115352
1300.0372630797972
1047.8787142522526
597.0922971644152
32.804886685081584
0
0
0
0
0
0
57.162659521443956
708.8755562158938
1701.8727230964703
1433.9105492899855
761.8813130599137
96.84969708306033
0
0
0
0
0
0
0
122.22956076912432
702.1003806647323
0
460.9088586759508
4.03323971050412
0
0
0
0
0
0
32.468435162645534
779.8839115424518
1461.95466426369
1893.5173075840494
994.9859292186451
59.41299425979186
0
0
0
0
0
0
0
348.17017250926267
1133.379368361389
1113.1759153844757
339.12676190098733
57.881255638416604
0
0
0
0
0
0
0
399.93609985431044
1466.397351487279
1854.9440409203612
771.2973422405602
142.12839538678833
0
