0
0
0
0
0
0
280.20895143284184
592.6653992763169
904.542723657365
315.9809631166609
10.899873828411259
0
0
0
0
0
0
66.50116760637054
733.5841198581533
1722.9006965091553
2145.396324546283
588.8770534064734
165.80013907678358
0
0
0
0
0
0
39.94570559410131
382.6637846328553
1019.2651471179524
1616.4945138806972
511.96864764067203
34.01872922391063
0
0
0
0
0
0
28.437637179101586
372.72712603638456
629.9325513147915
1350.773261685193
562.5002248945607
163.98531423252265
0
0
0
0
0
0
27.253639773340737
351.04372052843837
946.1834051487339
1449.8673783525883
769.3343841116873
101.61204486006434
0
0
0
0
0
0
30.242291571197043
218.83105252562606
1130.081498281577
945.7611267559602
357.88165273776815
122.17478754938034
0
0
0
0
0
0
98.11562605256125
498.82563877924497
2181.4534538147122
2181.2235565790133
885.3017260553672
121.30532108411947
0
0
0
0
0
0
0
327.13861362173543
785.2692537751158
1230.717628965073
444.6100231212772
43.41931579731913
0
0
0
0
0
0
0
415.15425029082485
1038.265596138551
925.3457061560832
407.3748191631531
1.5936482004817805
0.33487518071830635
0
0
0
0
0
30.172897955666222
577.980714926271
1616.1035260422059
2351.1365883198264
1204.2197841844088
178.1613455372513
8.243013843233506
0
0
0
0
0
26.598763322186947
67.61378352587165
1166.7992151413061
1373.4313406955416
493.2454283746684
2.87328660570239
0
0
0
0
0
0
0
400.6649630195672
1195.2777995038691
1380.7438071151873
439.7128683041688
101.01786255287024
0
0
0
0
0
0
45.479364008551414
246.25579364196562
708.4114618260853
1153.06332782141
555.5849706523311
36.88013139293594
0
0
0
0
0
0
0
499.0538030333236
1239.2357543839928
1732.650736850956
1102.8384039363452
301.8003975512606
0
0
0
0
0
0
6.5723168288338485
463.5840353066543
1324.162860451362
2169.514018911751
803.0887876064702
155.84255842940658
0
0
0
0
0
0
14.63107349993858
546.6996302899677
1631.9040851036389
2168.0876699590417
940.597337552148
131.6159754582097
33.362861795415455
0
0
0
0
0
74.93757713839612
766.1498116651817
1076.8461243923311
1412.6224819006363
833.0007792255324
88.18829496737393
0
0
0
0
0
0
65.57711945177338
621.3224569426906
2160.1800973580744
2256.5698762817788
1442.7304782031138
184.61867675680497
0
0
0
0
0
0
102.02812719325804
457.77926749134156
1696.8997536660481
1429.158218251859
763.577553418311
269.13726668979064
0
0
0
0
0
0
83.33267420546254
330.0764821721121
719.4230384645788
1147.583303166478
330.0764641043595
56.318882244613846
0
