264.8033161589009
350.83727374551967
180.90238608870968
132.650410692951
158.57130652628436
111.80856589755079
566.159659498208
3026.021307497014
7052.49081914576
5483.024805854243
1733.0907519414568
1159.0231966845881
381.6699204749103
469.24097408900826
283.8505951314216
171.77593787335726
48.191959154719235
141.1082190860215
675.0045168757464
2465.05970355436
6576.54813694743
5285.237567204303
3435.5053203405005
1148.4235961768222
288.92934214456403
567.7084554211472
176.97568847072878
125.66002467891282
196.94891875746717
242.3213242980884
558.7751497162483
3587.0197879330944
6810.102273745519
5754.624115143369
3482.06719683393
1195.4030577956985
567.8186062574672
211.76500634707293
153.01800802718043
137.6350552942055
98.65752893518514
138.91899014336914
399.6485771356034
2100.128775388292
5566.557463410993
3390.8456093189966
666.6181720430108
609.096898148148
300.4535390531661
178.6482063918757
171.98444481780166
120.02180040322587
80.85008938172045
64.55835556302269
639.5885510005972
1507.9968089157705
3379.5886536738367
2575.4278263142182
1590.793604390681
619.2598779121864
533.0134987305856
190.25035991636798
125.85733057048984
168.7652605286738
105.63253293010752
138.77961208183996
580.9796281362009
1990.5160543608129
5906.446034946237
3439.2379592293914
1546.2315748207884
554.1418854540028
277.55007205794493
273.63670736260457
148.8646830197133
137.3681053240741
159.2536968339307
292.58915994623646
507.1743462514938
3362.1599537037023
5959.59918234767
4882.1270609319
1484.9434737156512
795.7033325866186
358.68233609617675
302.55336544205494
324.3297879330943
118.4844399641577
161.55437839755075
127.87329002389491
408.2855772102749
2862.5630637694144
5992.969336170849
2894.2671781660697
1834.1526993727596
705.045029495221
533.9326344086021
186.8264165173238
231.54662485065703
155.97241114097966
77.66593847072879
158.48655988649935
423.8704084528076
1899.4577583632022
5074.828685035843
2794.853677568699
1399.379084528077
710.1298316158898
274.9331291069295
459.65599350358434
171.87063918757465
104.25675918458784
97.55415445788532
153.2256374701314
581.7588761947428
2765.1830010454005
6608.558075716849
5696.819496714458
1479.670695191159
1274.5074932795699
493.5627004928314
253.51260155316612
157.83795960274787
144.08126997461173
126.5924139784946
151.71736596475506
1029.7065897550776
3667.679181600955
6163.4363724611685
4789.296303763441
2966.565501792115
1004.8117532855434
503.78255002986856
279.97847371565103
159.8467327508961
207.66775974462362
168.95565598864997
136.01589269713264
584.6376792114696
3569.9297043010747
6392.479618428912
5679.68831765233
3256.3487604540023
740.9961667413382
292.8882926373955
209.09372573178015
113.56360047043013
171.02936715949815
152.74115774342894
207.55167040023895
519.938725358423
2026.3503882915172
5499.997408900837
3683.9732713560343
1385.471542712067
962.2067428315414
230.65304099462367
313.4473349761049
97.23034837962966
175.63956740106033
83.93954790173238
368.81338336320186
732.8759251792115
2969.9729764038234
4165.965714605735
2939.889979091996
2185.888276583036
633.6139027031062
250.7106111857826
223.04152815113505
212.0121509109917
129.9707432795699
255.5004528823179
209.49006459080044
869.2782556750296
2034.154622162485
5549.704965651135
3921.594855137395
2519.2756571087216
625.5274249551971
508.0201799581839
258.0338366188771
160.3308762694146
176.56427094534052
115.56930331541221
113.26144395908003
472.14436137246133
3509.4294392174434
7299.676922789728
3950.0140083632014
1670.3284796893672
922.7811417264041
397.9599936529273
331.0780163530466
115.01000283751492
126.63967715800474
85.88746546445641
165.92170661589012
1377.370799731183
3324.717398446834
6585.788937425328
4642.161144713261
1844.1577844982087
918.1493231033453
358.67987268518516
226.55863388590203
166.83681824970134
102.6581513590203
89.46751907855436
244.54272961469533
503.6790057497014
1463.5840281884705
4971.455118727597
3736.5579786439644
2326.94005376344
699.05523708184
296.7791513590204
352.49605958781365
112.87454525089608
168.99770624253281
87.41979540023893
179.79247274492226
556.3900914725211
2150.484360065711
5362.559423536438
4541.888220579451
3093.7818399044204
1004.7237387992832
593.8405551821985
261.74354614695335
177.11436081242536
236.63343227299885
149.48111148446839
253.67792861409797
561.8687567204305
2353.451144713261
6026.9885640681
4710.509819295099
3583.793451314216
1155.3842779271204
