2162.777221296227
1945.09084810588
1266.142556890593
1172.213402891778
1383.5459189365765
1687.7954980514157
1834.3421706950135
2830.968645687172
3901.179088667418
4502.816276908972
4189.9508887672555
2807.1141186968794
2395.6088241152247
2750.093156779467
1955.5275324310342
1690.5768281031383
1311.2437319912349
1524.2320420924914
1983.213806970323
2728.353930712624
3791.141955536346
4280.383965947747
4060.7304255091467
2768.1412061783444
2530.045145012103
2141.557690763325
1907.6773373359263
1055.639591718666
1076.2027888293871
1359.0111266619394
1474.7888148898971
2164.7786541894807
2765.1008893304656
3849.9802825128195
3191.278265799498
2394.205115278017
1477.6572264517727
1260.4120367828914
846.8439971352135
1057.0042289084745
1188.3889982798094
1243.8891387710444
1794.9156269553177
1759.874134157978
2833.2194052502905
3281.026455516721
2465.058768391474
2083.436467434234
1638.6484305686224
1082.1236234713572
821.3039763909404
1071.761880093574
914.6191725106388
1205.011418903096
1136.9677024125842
1730.5257994874933
2207.6353339765606
2697.6804284741283
2030.068612442099
1910.4082665260494
1314.7396615754535
756.3275438201155
555.7224650660112
631.3718199803917
748.2845830889873
794.3669953770361
1317.1233787353283
1695.9594239001822
2338.9427693000594
2430.3330879695372
2180.834754702887
1438.0498809306434
1499.6894746695675
702.6140886481306
731.990567630474
667.6757222551487
816.6010522821291
1002.6998946483762
1227.8256607514923
2218.6544731906124
2692.0571623951405
3167.1587782534207
2524.8283514546515
1545.1205536537973
947.1740639688137
619.3600711379388
689.6678437926711
650.7868581906937
606.8175139639729
1014.1389200951072
1395.9272397520656
1904.8145051574106
2183.7948388718364
1641.257168872251
1802.7267389735903
1133.9593274807555
1102.4109183067324
1055.839299367747
787.697008165538
949.6652084817481
910.2307031769441
1025.8741157610475
1377.649194269329
1424.5554496064374
2077.3408036002884
1936.72729074432
1735.314048992011
1375.1824238272643
1469.0301248747783
1060.5995400295337
1137.0227346191707
899.2031112176905
843.8360553677229
1302.2570898624094
1380.6187981517294
2275.040472129031
2839.2693569034764
3261.1245247312495
2339.8604830483146
2621.508156682544
2014.0009110640303
1343.058521122837
1098.5521618324624
1444.619123710862
1249.7711138332018
1805.3186549720829
2005.2052785278456
2613.127184797419
4038.729406078584
4676.27522908489
4157.413444650736
3174.907055628621
2450.505005300842
2630.9060562107643
1433.673685057164
1540.063346388185
1607.8304843550864
1583.453273755515
2053.637710487292
2819.5254415310005
3150.252869050811
3906.6908665817655
3501.202519248651
2542.1381335691494
1892.3477517628924
929.7719355488402
710.2441893736
847.0181170495216
702.6366616198468
922.5931686810432
1284.0996814682446
2325.286424525301
2523.0490472502283
3387.632714080665
2193.55155544605
2000.5555770947742
1113.819688055618
774.5963261714061
504.3054772381335
480.8922647101056
480.8601488695674
894.3352109973164
1256.8133765611694
1672.8312132009921
1713.9366142167378
2152.681642257141
1887.4232058799398
1492.3773208051277
829.7800725574709
733.0832588925638
567.2558408898255
680.0678051954669
730.4459750249754
1059.855671863022
1457.0483718403018
1664.197031610771
2489.6502644371544
2245.2035046423084
2559.5683814670733
1192.0401508980522
1291.4171254721807
921.7774299694589
689.2576898611463
665.4203871431635
832.431314328342
1372.5942842548818
1490.893396998136
1883.0970113708238
2576.360963572969
2297.3004510792393
2519.3312089231777
1640.8280278407442
1218.9181638448258
960.8955965497324
656.8228890586086
843.4541949151484
766.9487541304411
974.6383675952965
1688.3624431041676
2217.990554196806
2497.3846768707135
3240.261643792581
2941.063042181689
1978.9031046759346
1501.2269602907788
905.865069636642
646.5482988260412
677.5753619974416
559.9066531004447
1158.5869157865097
1150.2247428175056
1724.7875019294881
2283.156871901557
2399.1807894521835
2549.68346453966
1545.962955001232
1089.7751757958772
1064.257525151238
683.1569056553094
709.8035855605689
498.52744484674326
811.1019111960264
1057.0106839850866
2108.180334480026
2118.2233743336146
2065.6709681145853
2636.5002550968793
1978.6477710755696
1459.3552613010424
982.0091314487671
756.4932521017494
694.6212733112067
563.3710098577761
798.8165898022651
937.5517547436411
1763.2749639444169
2414.5441978537397
3198.83457714235
2964.5587010590343
1965.0389224349553
