280.25187126642766
260.43065076164874
130.38028408751492
221.19940042562726
204.37526698775395
264.3501695041816
550.7535685483874
2732.377856182796
5420.100421893668
4578.738799283155
3299.4109879032258
498.3359464605735
501.8158049955198
302.098316532258
154.59719145758658
219.62224970131422
115.5479665098566
821.9066558393068
672.471258213859
2075.6584789426524
6476.119545250893
3784.9842256571087
1701.5221736857823
702.4455070191161
255.92874551971332
139.50008449074068
216.27120258363198
148.22937552270005
162.44703923984468
259.2021341099163
867.251347072879
3560.1081541218646
7735.465232974909
5538.845848267622
3199.05919578853
890.4152942054957
727.3033385603344
218.6271161887694
197.35587589605734
140.60584468339312
75.7016322057945
97.83945486111111
555.8929278673834
2189.4220355436073
5413.429540023894
3737.361226851853
2023.1918122759866
526.7163381123057
466.796227225209
643.6478154868578
139.61930163530465
164.16144601254481
157.15153031660694
188.66747909199523
739.1583755227003
2759.5622834528067
5665.022715053763
5168.2895086618855
3549.64990292712
1227.3046781660687
328.59207847968935
456.4127516427717
278.44463709677404
151.80981522550778
145.74692992084826
226.11141129032254
825.1249350358421
2746.77179286141
7247.903237007167
5252.907833034648
2174.0179510155303
1290.9602449223414
442.3804364545999
148.71343413978494
92.18256679360813
137.30190341248505
65.70412156511354
147.0043132840502
564.5021262694147
2110.6237044504187
4880.883710424134
4056.07578405018
2437.9776844384714
590.9835666816011
264.1412429062126
246.18788567801667
187.85391465053766
148.68964594534052
223.32102673237745
246.49145273297484
673.1222741188769
2909.232567951016
7401.071079749106
6424.187283452809
1838.7128098864987
818.0648794056157
449.6167152031063
245.1284169653525
112.55069698327362
163.0882156137993
86.98171385902032
159.1473782855436
292.6125765382318
2648.485416666667
6819.364344384708
4399.824070340502
2001.7534050179222
868.5374298088415
217.97602038530462
264.6429562425329
165.65069780465956
157.85164807347675
114.14092096027478
178.14738089904424
738.7511081242534
2619.255189665472
6715.963209378735
4595.659061379927
1975.2579861111103
565.6460312126644
453.7665442054959
245.43696721923536
169.55334154719233
189.72912029569892
111.20492133363197
169.13793496117086
830.8866677867385
4589.841173835124
7516.453998655916
5247.591218637995
1698.4720094086022
631.3836757019119
481.5810827359616
160.51459304062126
92.86886282855437
149.75430227001198
83.10138250448028
176.3033609617682
563.7801467293905
3159.2873543906812
7490.992480585424
5002.892600059738
2098.200739247312
1027.9800925925924
458.05168234767007
313.4528222072881
175.85014784946236
134.2029290621266
96.53063788082437
135.86838605137396
696.7531933243731
2064.731048387096
5373.296669653526
3565.3929136798088
1484.7565636200713
791.9557907706095
394.10736745818394
238.0912873357229
142.07413045101552
138.85549537037036
82.87727699372759
133.81355585424134
834.7400466696536
3434.559572879332
6807.077471624851
4398.048275089605
2781.1621229091998
986.1638776881721
381.69374290621255
414.7362212514936
113.9078965800478
149.20884266726407
79.50486402329749
177.76164389187585
1465.2915994623659
4031.7502538829167
7599.1142510454
6482.3508027180405
3246.086988500598
1082.2340763142179
402.60927904719233
396.2585804958183
188.34092629928315
134.12706380675033
84.51201803315413
200.76468525985672
696.0516390382317
3312.6799021804068
7522.931081989244
5597.320299432498
2973.2871415770614
500.82732489546004
637.381282482079
388.79666255973706
155.86499290621265
156.49482265531657
94.54287757616486
181.20932982377542
679.0160065710871
1976.224843189964
6760.62642622461
3747.3200642174434
1601.2576762246122
1257.2072095280766
676.6127762843487
222.61226291816004
170.5564900686977
154.59738213112303
174.67447319295107
266.7536902628435
675.5005607825566
2572.1123954599766
5468.340961021504
3906.259453405017
3018.7211954898435
674.4071609916372
227.5457403673835
258.44334677419357
153.0057866636798
129.10795945340504
188.66645795997607
139.3193555854241
565.0901347819594
3186.538567801673
6906.420926672639
4547.316517323775
3513.4301373954586
800.289332810633
215.79086656212664
305.3781638291518
156.2984539277181
156.5131220131422
111.16529708034649
347.5227620967741
521.2912084453407
4115.876863052569
8308.473842592595
7454.616771206694
3832.4312724014344
1056.4406100657104
