452.73924917861416
151.37920885603344
175.21468936678613
92.36512668010752
92.89393096624852
115.85074917861415
537.5701213410994
2425.700373357228
4681.195620519713
4950.878576762245
2455.3693025686975
890.6635976702513
513.656945191159
384.5460819892475
120.15996804062124
144.43096393369174
112.6914429584827
264.2547024342891
1377.2752613500595
2850.4766987753883
6823.709311529273
5446.619515382317
1954.897535842294
610.2019026284346
452.7258057048983
235.5314699074074
174.04179491487457
152.0040138888889
206.496371901135
118.79611260454004
591.2589161439666
3424.6459864097974
6170.248051075268
5551.500582437277
3977.358968040619
888.8712216248507
473.7990188172044
167.23525350955794
158.69746229091996
116.78612824820787
291.4235207586619
163.1471475507765
664.8081925776579
3202.2145347968935
6747.107418608124
6020.949876792115
3239.9420437574686
1181.140531660693
609.6564508661887
241.49875112007172
130.10344496714455
113.19488313918758
178.2189798760454
229.08382877837514
638.7134651284349
3452.5594235364406
7081.931466547192
6825.463474462365
2669.36021132019
770.1192379778969
468.7505044056153
197.67750485364397
147.9559173387097
158.92062794952213
127.61196027479089
171.51723155615292
618.9834938769417
3022.439811081243
5745.369377240145
4163.097323028674
3962.060285991636
733.1501941457587
452.5353072729989
376.4792006421745
96.06170471176821
116.53135050776582
386.76119362305866
192.4575455495818
621.1865624253284
2974.2044840203102
4712.8493839605735
3192.965490591398
1576.3008475209074
897.3772924133813
466.0459658751492
203.83190412186374
147.21430966248505
194.60146919802872
132.19578755973714
188.30572729988052
632.795322207288
2545.951848118279
4673.429928315412
2977.1291853345283
1265.9517585125452
588.4423864994022
479.70171669653496
264.6811282855436
133.2978342667264
101.41547259557946
185.76731582287934
191.58037522401435
456.9067719534052
2118.5593160095577
5899.152445489844
2902.1155017921155
1737.767252837515
256.29942876344074
641.5230507019115
209.8532799432497
164.79334841696533
104.47927837514936
95.78447621714456
131.904648297491
747.4955555555553
2357.1480100059734
5914.457784498206
4271.4583669354815
2325.5018369175637
920.1088522998805
209.69261126045402
343.16952732974903
171.0806711469534
134.90668802270014
73.115135640681
176.5464228643966
538.3052281212663
2256.610120221028
5385.5836021505365
5508.547390232976
2859.9627128136203
734.7625657108717
366.37288455794504
344.75111895161274
139.68482004181607
117.86635890830341
131.14565546594983
136.3841405316607
789.2470564516127
2683.0167973416965
7103.533497610517
4373.920202359616
1890.1888739546005
838.4755376344086
590.2219907407407
284.1836506869773
178.91394227897248
150.42434121117083
64.82862884557944
106.70462227449227
493.0339079301077
1958.258165322581
5933.113448327359
5343.510401732381
1902.778151135006
1147.8261872759856
317.7615199372759
211.81868018219834
139.70924059139784
162.18053319145758
143.41542544056156
570.2129428016729
1016.2976291816007
2842.493746266428
6609.497726254479
4974.054065860214
2611.213116039427
614.8424040471926
382.17879293608127
201.2954562425329
132.92600742980883
149.559270198626
104.54663605137394
230.2600944593788
429.70465240442053
3393.0907295400248
6664.1493130227
5446.738168309439
1490.3159796893665
1119.9644451911593
473.27725507765814
260.20489060633207
300.7747140083632
338.0883583482678
148.13842510454003
292.4349551971327
713.8038866487456
2966.967633661888
6392.886376194744
5103.059311529271
2229.2822207287945
936.3369212962959
414.6414908154121
198.84820265830345
156.61359617682203
164.28501956391875
87.19945135155315
159.1618387843489
280.43830906511363
2605.4256309737157
5396.06395609319
3435.8552008661886
1784.8028673835133
670.9600115740741
219.53053651433692
219.53790994623657
96.21393880675029
121.36431709229392
158.93003181003584
125.86943290770613
676.8774305555556
2665.559587813619
6279.977968189964
4661.2673611111095
1864.8320116487455
378.5695810931898
521.6604301075268
189.00747013142174
158.68499999999997
140.34074951463566
167.10118839605735
184.56094422043012
492.37635491338136
3802.5023596176816
7129.160076911592
5294.054050925925
2724.2806974313035
858.2353909050181
243.02013814217443
205.0110551075269
114.7799892846476
107.77249932795698
88.59909755824371
109.84351926523293
511.11460498805246
1702.1074671445635
5114.159038978494
3714.4686678614084
1752.8310595878133
215.10656884707288
