5.415807945041816
3.458669354865921
4.649417562724015
2.5906137993103657
3.8752240143369177
9.945131421744325
65.41218637992831
168.30197132616487
215.3935185185185
118.3546146953405
34.29136798088411
9.44108422939068
5.556712962962962
3.458669354865921
2.3887022103020024
2.5906137993103657
1.7683953106332138
0.3334229390953121
60.66308243727599
173.4281660692951
261.6636798088411
113.5943100358423
41.40307646356033
8.845243428912784
5.814628136200717
3.485337141577061
2.3887022103020024
2.6686267921146953
1.7258064516401148
15.26733870967742
76.02673237753883
167.6859318996416
191.82347670250897
125.11611409796893
43.36058841099164
15.34087514934289
5.908564814814815
3.458669354865921
2.586122311827957
2.5906137993103657
5.505301672640383
3.8121789127837515
34.44780465949821
82.93757467144565
119.63485663082437
65.67764336917563
37.35364396654719
10.461096176821984
4.851403823205228
3.458669354865921
2.3887022103020024
2.5906137993103657
1.7258064516401148
10.323715651135005
40.70340501792115
156.45534647550775
176.77718040621266
85.1370221027479
34.29136798088411
9.442204301075268
4.851403823205228
4.772140083632019
2.3887022103020024
2.5906137993103657
2.48525238948626
5.7067801672640375
47.88306451612903
141.81600955794505
122.75238948626045
53.0880376344086
49.45191158900836
7.659050179211469
7.716061827956989
3.458669354865921
2.3887022103020024
2.5906137993103657
1.7258064516401148
6.136514336917562
45.803464755077655
108.72535842293907
140.9199522102748
10.014560931899641
23.86424731182796
8.037970430107526
6.373842592592593
3.458669354865921
2.4937798685782555
2.5906137993103657
1.7258064516401148
15.808333333333334
41.18130227001195
86.07004181600956
128.57676224611708
81.71333632019116
20.46669653524492
7.2992458183990445
6.045474910394265
4.350246415770609
2.3887022103020024
2.5906137993103657
1.7258064516401148
9.997401433691756
37.130376344086024
141.67040023894862
137.78375149342892
62.89239844683393
34.859244324970135
7.682160991636796
7.705197132616488
3.487327135603345
3.062163978494624
2.5906137993103657
1.8165546594982078
10.626508363201912
59.02777777777778
137.17891278375149
224.19354838709677
102.8602897252091
34.6777927120669
7.659050179211469
7.948028673835125
3.458669354865921
2.3887022103020024
2.5906137993103657
4.812089307048985
10.57871863799283
39.87455197132616
54.60722819593787
140.5428614097969
64.91226105137396
46.91494922341697
11.440412186379929
4.851403823205228
3.4897151284348866
2.4265158303464753
2.5906137993103657
1.8026247013142174
2.795228494623656
42.93981481481482
119.3847072879331
167.49178614097968
93.99305555555556
28.232526881720432
11.671146953405017
6.204711768219833
3.458669354865921
2.3887022103020024
2.5906137993103657
2.3069369772998805
11.223506571087217
42.02508960573477
87.77628434886499
167.49178614097968
80.3132467144564
30.41106630824373
8.928726105137395
4.851403823205228
4.1392995818399045
2.3887022103020024
2.5906137993103657
1.7258064516401148
13.369563918757464
70.68399044205496
158.61335125448028
201.25448028673836
91.57370071684588
29.140531660692957
8.585573476702509
5.524865591397849
4.405988649940263
2.3887022103020024
2.5906137993103657
3.2482452210274784
6.686842891278375
74.80958781362007
132.1423237753883
179.00985663082437
91.65210573476702
30.87178912783752
13.911663679808838
5.937201314217443
3.611510603345281
4.000709378733571
2.5906137993103657
1.7258064516401148
6.701777180406212
16.260454002389487
115.4868578255675
75.40322580645162
39.760678016726395
27.758736559139784
8.409722222222221
6.33366935483871
3.458669354865921
2.3887022103020024
2.5906137993103657
1.7258064516401148
11.55766129032258
41.18130227001195
78.13246714456392
83.68802270011948
50.94870071684588
27.328629032258064
7.67099761051374
5.1539015830346475
3.458669354865921
3.500410692951015
2.725944593787336
6.100806451612902
7.520176224611707
53.263142174432495
160.84229390681003
217.79047192353644
144.0826612903226
25.2942054958184
9.22688918757467
4.867324895459976
3.458669354865921
2.7867383512544803
2.5906137993103657
4.063060035842294
6.701777180406212
54.60722819593787
163.3811230585424
157.69862604540023
78.19257765830345
27.050104540023895
7.495855734767025
4.851403823205228
3.458669354865921
2.774006869772999
2.5906137993103657
1.7258064516401148
9.064381720430108
35.17734468339307
65.42712066905615
138.61260454002388
40.59251792114696
15.133288530493163
7.511798088410992
