1938.9390492532193
1114.3459668334788
998.7013681211783
693.1121387042031
875.2836675924906
777.6218996344494
1151.8092122123367
2006.8033679093949
3291.929148404574
3020.918427446607
2665.6192728771716
1881.0528507757338
1853.5032834939566
1579.593485333828
1058.9454946472822
965.9489521324094
968.6201328275545
1010.3235090130407
1728.8981670360345
2019.5048753064116
2617.602947173144
3298.6738778354425
3289.1603463574156
2177.564555939396
1431.8304422044573
1102.893249305737
647.6887807349707
662.9492990065985
671.3571011053725
1031.6739738841616
1452.184342070303
2414.9187004857763
2576.392425322103
3396.600428868853
3607.351331809055
2012.3697284799289
1545.731957634568
866.9141611855205
749.2878255402314
861.4702085978415
1107.0479215175637
1120.6349926390253
1648.8489901572293
2390.3036219118603
2938.295689599154
3670.100044226399
3815.5540678239704
1868.196324065058
1505.8286501026719
1039.6165968883226
1063.7191358144769
949.7217292572534
1106.306949915059
1315.6227193063216
1800.6189863880916
2484.7102790275176
3988.7783148606686
4500.145407566123
3532.483486994071
2521.5851631807673
1538.2834377104598
1166.2866574700563
571.6346029095
487.9724920234024
629.1002517717834
1019.078868136892
1084.8257495537277
1637.0303543063958
3072.75990266326
3206.3226339671473
2824.529747982458
1905.1980253452195
1333.4259068678953
928.836714096159
905.3259104844167
716.315705080716
747.4208999523804
1186.196052802498
1201.959158735363
2040.8163235490351
2825.77438909765
3908.2494293884274
3526.4501032467674
2411.5318813121007
1617.7397188373916
737.0474553971984
742.4648703757058
907.0211398513864
775.2075953558484
1069.7396328340562
1257.4300735334277
1903.1892774095015
2491.549349027152
2551.3829977252976
2043.5974715004704
1487.9369432214971
1420.1525849733987
850.1929620021555
751.383252565179
934.1216227589274
884.8331647211494
1118.0040590107483
1200.202441357143
1776.7617668107373
2089.2351285704194
2853.6881629068057
3028.589351411366
1700.958357220335
1883.6210000241203
890.3847998861654
748.6780217308793
824.3187026155402
708.449715761988
1468.1827955075707
1360.2658385489806
2174.840905223417
2823.111691879582
2848.855072819661
3211.653755151061
1752.6576862524355
1305.2382542539945
822.691401200495
500.8276994668712
793.5210614348757
841.303303573345
993.622502791677
1140.1103688802946
1998.5907451319467
2079.3012362757167
2753.4402529797567
2274.5969497283954
1427.7129472056804
1398.8356205935547
948.0846927101683
651.8577688385265
746.3729454025226
820.4481217505466
876.7166496515725
1233.3371433576626
1911.3829012084202
2509.350192079485
2475.773863893594
2153.959545831687
1807.6301362573208
1130.4942683399536
965.9166824126394
741.5662226770651
690.1755991283748
597.0102400995362
664.3187738931101
1066.1211211337168
1549.5798422373687
2195.0641756851137
2374.4223272825766
2026.9349410493958
1297.798804394654
1138.8845588740162
820.3310483936282
695.1553278952421
673.4263596921849
759.7554169400571
1290.305883787042
1625.3518248885289
1672.5586848258436
2459.853639306344
2637.0912898079173
2072.901625832151
1672.2112477764533
972.5001517092026
763.3074039045114
816.6918959973519
780.2692762229456
637.6515992782608
989.0554478486843
1270.31647966587
2118.3016948425516
2048.1863046103913
3036.752451774924
2178.1819194001678
1898.9394713878964
1424.4576235307231
926.3061336731628
1328.0107887261413
1021.9997393310364
526.1168191073149
1245.3680633767458
1324.936288276511
1897.5123787543362
2477.9486091822887
2447.7631153564193
2197.91995593632
1686.0988611740777
1106.9471344989481
857.7466419499714
800.9208355938532
736.171134132592
707.2465214542157
882.3750499429664
917.1958137732234
1857.2964345731511
2008.176003782303
2527.5380177471807
1853.084737970219
1352.4515963127324
954.3475808104921
1049.7340809867012
810.1465059646313
1212.4519300978006
1072.2563163322252
1565.8998899501896
1990.8435077517943
2360.0894135184967
3024.302540957709
3308.2139435740482
3323.847704384342
2258.1965235496214
1725.2082552462955
1961.4491507486096
1460.9943638393001
1394.5089627633765
1533.2198698019406
1830.9491259511042
2086.785728787953
2729.7912439782335
3332.3428785152123
3673.492764709567
3985.0125385496885
2327.154192819896
2034.7595623763107
1553.8456868549792
1334.4904071196706
1229.2551397986613
1321.3773965065216
1616.436832857821
1764.5208855680132
2640.9417239503905
3036.9836318441803
3179.8948743347023
2587.6508530900974
2517.5962738387784
