4.851403823205228
3.7611671146953407
2.3887022103020024
2.5906137993103657
1.7258064516401148
2.6706765232974914
29.657631421744323
63.1347072879331
75.05227001194743
38.0331541218638
15.133288530493163
6.345579450445371
4.851403823205228
3.458669354865921
3.062163978494624
2.5906137993103657
1.7258064516401148
5.370758661887694
59.28539426523297
165.17697132616487
148.58124253285544
113.62791218637993
29.159572879330945
9.556936977299879
5.876717443249701
4.007952508960574
2.3887022103020024
2.5906137993103657
1.7258064516401148
11.993742532855435
11.725657108721625
62.92189366786141
87.77628434886499
57.27337216248507
27.620221027479097
11.107004181600956
5.341771206690561
3.493694743130227
3.069332437275986
2.5906137993103657
1.7258064516401148
5.258751493428913
53.263142174432495
77.70310633213859
132.9786439665472
58.87507467144564
29.64531063321386
11.042040023894863
5.432534348864994
5.9622162485065715
2.670508512544803
3.2163231780167263
1.7258064516401148
7.259199522102748
49.91412783751493
119.63485663082437
135.44653524492233
92.09266726403823
31.69952210274791
6.345579450445371
4.851403823205228
3.458669354865921
2.3887022103020024
2.689325716845878
1.7258064516401148
6.61739844683393
26.667786738351253
82.46341099163679
81.8847072879331
53.77128136200718
32.912933094384705
6.345579450445371
4.851403823205228
3.649716248506571
3.538978494623656
3.3707437275985663
1.8531735364396655
12.79944743130227
42.04002389486261
136.96983273596177
141.81600955794505
58.87507467144564
49.45191158900836
15.738873954599761
6.293869474313023
3.458669354865921
2.3887022103020024
2.5906137993103657
1.9391465053763441
7.34731182795699
51.194743130227
139.45265830346474
158.59468339307048
102.8602897252091
42.445116487455195
11.898148148148149
4.976385155316607
3.458669354865921
2.3887022103020024
2.705245669056153
5.825642174432497
12.958870967741936
53.263142174432495
140.7706093189964
222.52837514934288
108.08355734767025
51.36872759856631
13.084304062126643
5.6792861409796895
3.5430518219832736
4.072356630824372
2.809535543608124
3.9180854241338112
5.109781959378733
51.40755675029869
136.32392473118279
167.6859318996416
128.00216547192355
36.04988052568698
6.345579450445371
7.00082138590203
4.091509856630824
2.3887022103020024
2.6256391875746714
1.7258064516401148
3.5864844683393065
34.42204301075269
100.73924731182795
121.6995221027479
75.05637694145759
25.2942054958184
6.345579450445371
5.499365292712067
3.458669354865921
2.3887022103020024
3.1319444444444446
1.810188918757467
6.367622461170848
32.25246415770609
105.8355734767025
119.9260752688172
63.20975209080048
25.393518518518523
13.107825567502987
4.988325119474313
4.127352150537634
4.663007765830346
2.5906137993103657
3.2860663082437283
9.886140979689365
57.80689964157706
181.01478494623655
186.08124253285544
134.17376045400238
31.64613201911589
12.698999402628434
11.45870669056153
6.547379032258065
2.3887022103020024
2.5906137993103657
2.5696311230585422
8.863888888888889
50.38829151732377
77.36335125448029
146.8563321385902
89.52023596176822
30.067204301075275
10.65710872162485
5.591733870967742
3.458669354865921
2.3887022103020024
2.811122311827957
1.988504330943847
11.932511947431303
76.17980884109916
211.52927120669057
261.6636798088411
150.17211768219832
45.41517323775388
12.148670848267622
7.948028673835125
3.595590651135006
2.4364658004778974
2.715595131421744
1.7258064516401148
12.386514336917562
64.63560334528077
201.25448028673836
224.19354838709677
129.78307945041817
45.24044205495819
11.400462962962962
4.851403823205228
3.458669354865921
2.3887022103020024
3.603195937873357
3.0723192951015528
4.22231182795699
64.19877538829152
103.9986559139785
77.70310633213859
53.20004480286738
38.256421744324975
13.242607526881718
5.849649044205496
3.458669354865921
2.3887022103020024
2.6256391875746714
1.7258064516401148
0.3334229390953121
64.63560334528077
146.8563321385902
174.82078853046596
104.68227299880526
37.04002389486261
12.493279569892474
5.7827807646356035
3.458669354865921
3.402852449223417
3.4869698327359617
1.7258064516401148
10.323715651135005
34.44780465949821
135.44653524492233
190.54659498207886
110.86506869772998
41.40307646356033
8.610327060931898
5.2367084826762245
6.425888590203106
2.3887022103020024
2.5906137993103657
1.7258064516401148
15.076179808841099
71.80406212664278
224.081541218638
211.3500597371565
124.54487753882916
35.27180406212665
10.934513142174433
