0
0
0
0
0
88.08484261781355
372.3788663073938
1407.0702678545726
1690.4387810050353
0
105.83334157034672
0
0
0
6.543056485428345
0
0
26.36914849048047
436.22711567655244
1934.174218014531
1571.909541392161
794.9930181615509
287.11741804930443
0
0
0
0
0
0
0
300.33597698649925
567.484606496686
853.1432594004104
398.5800574375656
2.869050311126877
0
0
0
0
0
0
18.94738180275752
607.7599814724657
1206.2747705501558
1868.4203644331023
943.9324232219201
0
0
0
0
0
0
0
0
329.2870747697766
1398.4724583148031
1877.6208879105338
698.5215854259047
61.46826499148612
0
0
0
0
0
0
46.044300233084726
388.82354804533935
1646.5002557487214
1400.5617539961038
709.2220051869916
100.42796108581999
14.773856673794299
0
0
0
0
0
43.32205526403076
510.7473084327694
1733.3949114013305
1280.2994974392277
738.00595245919
247.39220131112063
0
0
0
0
0
0
34.84041019846311
428.85755030034943
1231.3531098085687
1771.687237686698
1053.4335744952318
34.45426203387828
0
0
0
0
0
3.4310570994952627
84.57456159239652
411.02977299094425
1686.7016027096383
1779.9346398478394
889.2587797366299
126.01710996870166
0
0
0
0
0
0
0
297.4666020230452
584.3584543576185
710.8423828240076
492.28952731463596
67.30359464119392
0
0
0
0
0
0
0
294.76103561667213
787.4421362882596
957.1917946979312
352.67419181552856
21.426191324937776
0
0
0
0
17.205067212665316
0
37.70583790165337
0
2007.3924948443707
1471.1705544270153
1106.0905564762115
245.680982325869
0
0
0
0
0
0
0
0
734.3553088989645
708.1525601989485
81.46392823894993
89.39095875255364
0
0
0
0
8.331314801414212
0
0
404.8068645625946
436.2679377770635
706.6161639716252
0
0
0
0
0
0
0
0
58.17637148833205
678.8980287355668
1341.4194315385785
1383.893125841261
785.5391310951202
250.45863519165263
0
0
0
0
0
0
18.65702182729821
419.764519776228
1527.1676753067454
1667.4622966018137
650.8568208257441
95.15902354662069
0
0
0
17.889815109135505
0
0
47.13993675607834
356.09866172491877
1061.467166805712
1573.0678970738738
679.2616065851502
200.7052827212568
0
0
0
0
2.2333162030827687
0
0
708.5024897981267
1239.4445836185287
1239.1587353020898
874.4598688841173
178.07966092645847
2.789641080409055
0
0
0
0
0
60.94923681094026
482.7038493312459
1081.815001575248
1133.0878030786212
831.7298084959693
86.67848532778342
0
0
0
0
0
0
0
348.69356699887425
1040.9631370308864
1291.449417264447
402.5828111772387
279.3542018384012
0
