14.402927120669059
4.146132019120379
2.863575268821692
3.1056227598611184
2.068884408606638
1.8931526284348865
4.487753882915173e-12
148.96766726403823
355.80869175627237
377.8057795698925
74.89060633213859
22.167637395459977
22.243466248506568
4.146132019120379
2.863575268821692
3.1056227598611184
2.068884408606638
0.3997162485110588
4.487753882915173e-12
143.36880227001194
407.33049581839913
331.8828405017921
135.00336021505376
32.248543906810035
5.815785543612612
4.146132019120379
2.863575268821692
3.1056227598611184
2.068884408606638
0.3997162485110588
11.947319295101552
36.58908303464755
104.91188769414576
354.28651433691755
42.78319145758662
44.19586320191159
12.536103643966547
5.266199970131421
2.863575268821692
3.1056227598611184
2.068884408606638
0.3997162485110588
4.487753882915173e-12
114.62253584229391
348.713784348865
406.9287634408603
45.39669205495819
49.42286439665472
5.815785543612612
4.146132019120379
2.863575268821692
3.1056227598611184
2.4422416367980886
0.3997162485110588
4.487753882915173e-12
75.41778673835127
480.52195340501794
347.9398148148148
62.19739396654719
7.606780167268525
5.815785543612612
4.146132019120379
2.863575268821692
3.1056227598611184
2.068884408606638
0.3997162485110588
31.73517771804062
250.14822281959383
536.9071087216248
554.4235364396653
85.72095280764636
7.606780167268525
9.175989396654721
4.146132019120379
2.863575268821692
3.1056227598611184
2.068884408606638
3.386589008363202
4.487753882915173e-12
202.35775089605735
334.1565860215054
396.8458781362007
284.3473715651135
7.606780167268525
12.536103643966547
4.146132019120379
2.863575268821692
3.1056227598611184
2.068884408606638
3.0132205794504183
4.487753882915173e-12
88.11118578255675
529.7823327359617
429.3279569892473
161.51022998805257
20.674320489844682
5.815785543612612
6.759636350059737
2.863575268821692
3.1056227598611184
2.068884408606638
0.3997162485110588
4.487753882915173e-12
272.9241338112306
408.0783303464755
525.3039127837515
101.02561230585424
12.833796296296295
5.815785543612612
4.146132019120379
2.863575268821692
3.1056227598611184
5.055757168458781
1.5197841995221024
4.487753882915173e-12
171.74320489844683
377.8360215053764
41.412186379928315
88.33183990442056
7.606780167268525
5.815785543612612
7.506335872162485
2.863575268821692
3.1056227598611184
2.068884408606638
0.3997162485110588
4.487753882915173e-12
125.82026583034646
273.296370967742
396.1025238948626
75.63881421744325
7.606780167268525
5.815785543612612
4.146132019120379
2.863575268821692
3.1056227598611184
2.068884408606638
0.3997162485110588
4.487753882915173e-12
111.2585872162485
361.4116636798089
414.39516129032256
181.67002688172045
10.966984020310633
9.549357825567503
4.146132019120379
2.863575268821692
3.1056227598611184
2.068884408606638
0.3997162485110588
4.487753882915173e-12
104.91188769414576
222.14568399044205
25.73118279569892
45.02311081242533
15.820863201911589
5.815785543612612
4.146132019120379
2.863575268821692
3.1056227598611184
2.068884408606638
0.3997162485110588
4.487753882915173e-12
53.01795848267623
227.74865591397855
163.49835722819594
20.008236260454005
45.68914277180406
5.815785543612612
4.146132019120379
2.863575268821692
3.1056227598611184
2.068884408606638
0.3997162485110588
4.487753882915173e-12
72.43018219832736
373.7287186379928
490.2053464755078
357.52538829151734
7.606780167268525
5.815785543612612
4.146132019120379
2.863575268821692
3.1056227598611184
2.068884408606638
0.3997162485110588
4.487753882915173e-12
123.2086320191159
329.3014486260454
182.1669653524492
112.97565710872165
7.606780167268525
5.815785543612612
4.146132019120379
2.863575268821692
3.1056227598611184
2.068884408606638
0.3997162485110588
4.487753882915173e-12
188.1724163679809
398.0006720430108
555.1329151732377
131.6442652329749
28.88791816009558
7.309221923536438
4.146132019120379
2.863575268821692
3.1056227598611184
2.068884408606638
0.3997162485110588
4.487753882915173e-12
99.31302270011948
356.55615292712065
399.83385603345283
155.53539426523298
39.34195788530466
5.815785543612612
4.146132019120379
2.863575268821692
3.1056227598611184
2.068884408606638
0.3997162485110588
4.106940710872162
75.41778673835127
287.1135752688172
362.12477598566306
121.93361708482676
7.606780167268525
16.269825268817204
4.146132019120379
2.863575268821692
3.1056227598611184
2.068884408606638
0.3997162485110588
4.487753882915173e-12
132.54293608124254
633.2138590203107
555.1329151732377
347.8147401433692
11.713720878136199
