15.496079749103943
15.857676224611708
3.7872685185185184
3.6637507467144563
3.924619175627241
10.197841995221028
61.0674283154122
82.19384707287934
193.620445041816
179.29211469534047
133.21572580645162
32.989284647550775
35.65822879330943
10.367234169653525
8.622797192353644
3.2650910991636803
4.333546146953404
15.158004778972519
47.81025985663082
128.1261200716846
222.03741039426518
228.00664575866188
139.96639784946237
65.89568399044205
12.990964755077659
19.80159796893668
5.7561977299880525
1.961850358422939
1.1525238948626046
9.224499701314215
29.026022998805256
64.05503285543608
135.9572879330944
176.25672043010752
35.14180107526881
43.28629032258065
6.6625224014336935
9.801709976105137
4.461133512544802
5.116300776583034
2.1177120669056153
9.219608721624851
28.72502240143369
61.51695041816009
237.7124402628435
221.05996117084825
76.02299880525688
42.80689964157706
10.892771804062127
11.094384707287933
4.451135005973716
3.864097968936678
3.706552419354838
4.77530615292712
30.28838112305855
74.63672341696534
186.55876642771804
224.45713859020307
147.14232377538832
40.61361260454002
28.366300776583035
8.903337813620073
6.489097968936679
3.957119922341696
7.674432497013144
17.095168757467146
51.22050477897252
118.17390979689367
235.24081541218638
254.34475806451613
128.21049880525686
39.0994623655914
23.081279868578257
7.323887395459976
2.9143705197132617
3.7092741935483864
2.1247311827956987
8.816382915173238
30.511723416965353
74.71624850657108
144.18197431302266
216.64725209080046
171.4142771804062
43.429771505376344
18.266875746714458
13.297043010752688
4.761226851851852
2.784401135005974
2.650996863799283
13.303539426523301
25.103830645161292
93.26762246117084
211.45945340501788
207.29540023894862
126.81115591397847
39.966061827956985
14.983236260454003
15.482900238948625
7.342405913978495
3.321038679808841
10.656511350059738
27.023372162485067
37.823103345280764
141.9571385902031
238.13284050179212
282.44885005973714
120.94347371565114
36.35386798088411
32.63250448028674
5.866338112305853
7.695639187574671
1.9818585722819597
1.950869922341697
7.165285244922342
17.33008512544803
98.21460573476702
147.37753882915175
145.11648745519713
36.9837962962963
28.16293309438471
16.45605585424134
8.187201314217445
4.794765531660693
4.069347371565113
5.298674581839904
7.59098715651135
33.02912186379928
82.7960722819594
187.06466547192355
210.99910394265234
93.57414874551971
44.93652927120669
31.962664277180405
18.165023894862603
8.257504480286737
4.297998805256869
3.4038045101553167
9.04334677419355
35.93962813620071
107.51680107526882
234.42727001194743
236.77419354838705
188.83661887694146
44.30406212664277
24.70221027479092
20.321647252090802
6.646916069295101
2.5099462365591396
5.281477747909199
8.06425477897252
13.719272700119474
81.55727299880526
166.31048387096774
124.41980286738351
52.448103345280764
33.609692353643965
25.940188172043012
7.990367383512546
8.462776284348864
5.355884109916368
5.800884856630824
12.257168458781361
38.19515382317802
47.327322281959376
139.7976403823178
141.21527777777777
80.8273596176822
38.85972968936678
14.613388590203103
7.4185334528076465
4.533299731182796
3.631776433691756
2.5449858124253284
5.638776881720431
22.17256571087216
80.97856929510155
174.45303166069297
135.98939665471926
155.63097371565112
39.48327359617682
15.132616487455197
9.348939665471924
6.7467891278375145
2.932452210274791
3.545669056152927
7.558617084826762
30.88407258064516
86.69466845878136
155.96550179211468
202.38836618876942
81.73275089605735
35.720840800477895
18.895609318996417
10.522625448028672
5.615404719235364
3.6614396654719235
4.963485663082438
6.76743578255675
30.476179808841106
108.29189068100361
202.6463560334528
268.94862604540026
148.91241039426527
46.51022998805257
21.735924432497015
23.95538381123059
10.630040322580646
4.184957437275986
3.6600806451612904
13.206951911589009
25.97158751493429
75.31436678614098
192.15987156511352
245.14112903225808
238.59505675029868
57.42159498207885
22.88608870967742
8.5567876344086
9.306376941457586
4.595497311827957
1.07988201911589
3.317193100358423
15.948924731182796
62.517921146953405
177.39583333333334
217.79345878136206
117.85543608124253
41.74141278375149
19.705010454002387
9.229204002389487
4.497591845878136
5.470094086021506
5.299092741935484
10.529196535244925
55.86768219832736
94.43585722819593
223.65628733572277
301.13089904420553
203.82056451612902
37.71460573476703
