4.851403823205228
4.405988649940263
2.3887022103020024
4.416778673835125
2.270310633213859
8.811992234169654
26.480361409796895
82.49701314217444
91.8010752688172
50.530540621266425
27.989471326164875
10.329674432497011
5.110916965352449
3.458669354865921
2.3887022103020024
2.7816606929510157
2.063328853046595
15.263978494623656
37.53360215053763
104.40188172043011
132.1423237753883
88.96393369175627
40.217293906810035
10.218413978494624
4.9660356929510145
4.302494026284349
2.3887022103020024
2.5906137993103657
1.810188918757467
9.010244922341695
54.0621266427718
161.67861409796893
189.44519115890083
84.68152628434886
37.04002389486261
9.930630227001195
4.946931003584229
5.284834229390682
2.5606406810035844
2.996602449223417
1.7258064516401148
7.259199522102748
54.64083034647551
130.7347670250896
211.52927120669057
105.46632317801672
37.04002389486261
8.7057945041816
6.897289426523297
3.458669354865921
2.3887022103020024
5.567876344086022
2.23528972520908
11.55766129032258
49.245818399044204
142.45071684587813
232.76956391875746
149.82489545997612
43.36058841099164
11.382915173237754
4.851403823205228
3.458669354865921
2.3887022103020024
5.687238649940263
1.996464307048984
7.095669056152926
52.990591397849464
167.6859318996416
163.3811230585424
94.89284647550777
62.269638590203115
10.803464755077659
5.742980884109916
4.286551672640383
2.5606406810035844
2.5906137993103657
2.512283452807646
5.467084826762246
4.696460573476703
44.14202508960574
104.40188172043011
54.30891577060932
23.351627837514933
11.615516726403822
7.7327135603345285
3.458669354865921
2.7867383512544803
2.686140979689367
3.8752240143369177
9.308930704898447
34.6598715651135
127.47535842293907
136.32392473118279
85.1370221027479
34.56466547192353
6.376625224014336
4.851403823205228
3.458669354865921
2.4312910692951015
2.5906137993103657
3.0858721624850656
5.746729390681003
59.28539426523297
158.61335125448028
167.6859318996416
68.6570340501792
26.73237753882915
6.345579450445371
4.93578629032258
3.458669354865921
3.168832138590204
4.950828853046595
1.7258064516401148
4.9171296296296285
40.90128434886499
118.3729091995221
76.95639187574672
73.43974014336918
30.843413978494624
9.446273894862605
4.851403823205228
3.458669354865921
2.3887022103020024
2.72753509557945
1.7258064516401148
9.722983870967742
63.67607526881721
176.77718040621266
201.25448028673836
113.28442353643966
48.45355436081243
12.335722819593787
5.436491935483871
3.458669354865921
2.3887022103020024
2.626037186379928
2.358646953405018
9.064381720430108
41.076762246117084
94.76926523297492
134.45340501792114
59.54338410991637
35.22326762246117
6.345579450445371
4.851403823205228
3.458669354865921
2.3887022103020024
2.5906137993103657
1.7258064516401148
9.308930704898447
56.9481780167264
176.77718040621266
224.19354838709677
118.3546146953405
36.04988052568698
6.345579450445371
4.851403823205228
4.711656212664277
2.3887022103020024
2.686140979689367
1.7258064516401148
7.34731182795699
25.46408303464755
107.37380525686977
141.7749402628435
81.28024193548387
23.663754480286737
6.971288829151731
5.499365292712067
3.458669354865921
2.3887022103020024
2.5906137993103657
1.7258064516401148
12.820355436081243
44.14202508960574
224.19354838709677
261.6636798088411
157.8483422939068
37.35364396654719
9.945340501792115
7.940113500597372
3.458669354865921
2.3887022103020024
4.950828853046595
1.7258064516401148
0.3334229390953121
76.17980884109916
160.84229390681003
187.50373357228196
64.16554659498208
29.876045400238954
7.105025388291516
6.211469534050179
3.458669354865921
2.3887022103020024
2.5906137993103657
1.7258064516401148
17.011290322580646
37.26291816009558
81.8847072879331
137.9965651135006
53.0880376344086
30.193399044205496
9.434289127837514
4.851403823205228
4.378098864994026
2.3887022103020024
2.5906137993103657
1.7258064516401148
9.205510752688172
26.480361409796895
72.08408004778973
45.803464755077655
54.41345579450418
32.72214755077658
6.345579450445371
5.432534348864994
5.549021804062127
2.719056152927121
3.036402329749104
1.8117794205495819
16.84813321385902
54.53629032258065
191.82347670250897
222.52837514934288
150.39986559139786
35.22326762246117
12.391726403823176
5.064743876941457
3.506432945041816
2.3887022103020024
3.768779868578256
3.208071983273596
11.458721624850655
77.70310633213859
185.59587813620072
317.07362604540026
125.75082138590203
43.36058841099164
17.235663082437277
