12.29632987856332
0
0
5.371861363910167
0
2.686731805388227
400.97205627155154
1067.4342911520637
1287.9216065725382
464.62194280602785
148.64009186903252
20.648601739368964
0
0
0
0
0
9.00471450003839
374.9263390935178
966.156744896252
995.0192337458051
662.0972594996633
151.146689255995
0
0
0
2.5479903451249655
0
0
119.17401353914315
618.8775689817203
1583.8548275241653
1932.7303263060255
905.4281757171357
152.1269654843646
33.19757137867171
0
0
0
0
0
68.13988478961537
440.26483511643227
1939.1148989850426
2144.769677455803
1171.053092278073
163.98531423252265
0
0
0
0
0
0
0
141.52818886774548
1078.9951584342775
832.7702308018119
355.6683894880314
198.08281098909666
0
0
0
0
0
0
25.834436135115794
388.064512800417
1101.3841416507528
1348.17637466516
558.8105655215196
135.10493241198495
0
0
0
0
0
0
104.79793638708932
278.61409457374907
1274.4612196450578
1173.0261252767427
792.7042798188079
59.80326761936438
0
0
0
0
0
0
0
281.603107349334
1129.702124145486
1179.0912848790517
451.955079871576
119.73510134092727
0
0
0
0
39.00765753505081
9.94830620343792
58.77217957328064
592.3843130148393
1475.7536487072489
1775.01939193864
688.1551357700827
16.613921497972825
0
0
0
0
0
0
31.702019819465484
324.6619425248373
1415.2164292680127
1372.1771349148082
169.88999774474354
156.44323024453928
0
0
0
0
0
0
0
323.72272916505926
1016.2802485941139
1329.9800264780981
476.68255501744005
180.58942310510503
0
0
0
0
0
0
61.822922728415634
483.4289265799017
1171.332160316295
827.6460621928456
433.1227398692824
138.92911553972803
0
0
0
0
0
0
17.968648656102218
379.78062189764074
1412.8234241916768
1918.929516590824
907.1172287168472
101.09552117788218
0
0
0
0
0
0
0
367.981894431173
1222.604556654005
1568.305232071984
1045.1565789662136
150.8350824377601
0
0
0
0
0
0
0
35.973670909999484
576.8495390654601
791.8710230933516
0
0
0
0
0
0
43.02689918910461
0
94.27070910328386
453.757948689012
1339.8263521287288
1398.8037691227216
914.652743764812
29.90611136024077
4.004177506287661
0
0
0
0
0
27.624778452613597
542.808264472828
1234.4558914174204
1329.2335183403015
772.1528849602996
186.12038128756504
0
0
0
0
0
0
72.94991664412704
779.8839115424518
1507.7562622326268
1873.2391564490426
743.1519985137469
68.89723858476201
0
0
0
0
0
0
28.847683644870955
419.6766689250332
707.2047865214846
1113.1759153844757
47.57475323909958
40.86908419277745
0
0
0
0
0
0
14.172802640349019
580.9049618614788
1327.1082236497639
1713.1369919358926
621.1405322047178
151.60980219682415
36.80519576106114
