7.093738799283154
0.0
0.0
0.0
0.3733557347670251
0.7467278972520908
1.8667764336917563
48.164463859020316
120.2227822580645
86.99085274790922
49.28539426523297
6.7206541218638005
0.0
0.0
0.0
0.0
0.0
0.0
0.0
11.947565710872162
106.03251941457587
199.37361857825567
68.69631123058544
0.7467278972520908
0.0
0.0
0.0
0.0
0.0
0.0
0.0
17.174473566308244
170.25082138590204
138.89071833930706
99.68679062126643
16.427848715651137
0.0
0.0
0.0
0.0
0.0
0.0
0.0
86.24406362007169
159.7959229390681
205.34595280764637
68.32291666666666
3.3602337216248506
0.0
0.0
0.0
0.0
0.0
0.0
0.0
49.28539426523297
114.61969832735961
139.63369922341695
88.11137246117084
16.427848715651137
0.0
0.0
0.0
0.0
0.0
0.0
1.493414351851852
25.761540471923535
100.43395310633214
111.262208781362
114.24630376344086
11.947565710872162
6.7206541218638005
0.0
0.0
0.0
0.0
0.0
0.0
13.814392921146954
126.94190561529271
56.37828554360812
50.028001792114694
7.467278972520908
0.0
0.3733557347670251
0.0
4.106933243727599
0.0
0.0
5.973573775388291
37.70911738351254
86.24406362007169
153.4502314814815
57.87219982078853
8.960569743130227
0.0
3.3602337216248506
0.0
1.1200899790919951
0.0
0.0
0.7467278972520908
25.761540471923535
128.80958781362008
137.7701612903226
125.44795400238948
10.453856780167264
0.0
0.0
0.0
0.7467278972520908
0.0
0.0
0.0
44.42947281959379
107.52684438470726
66.45937873357228
32.1086096176822
13.814392921146954
0.7467278972520908
0.0
0.0
0.0
0.0
0.0
0.0
38.455607825567505
160.91685334528077
150.0885976702509
172.49189814814815
7.093738799283154
1.493414351851852
0.0
0.0
0.0
0.0
0.0
0.0
66.45937873357228
91.09961170848267
159.7959229390681
25.761540471923535
0.0
0.0
0.0
0.0
0.0
0.0
0.0
0.0
51.52232676224612
147.10450268817203
104.91196236559139
66.45937873357228
10.080734767025088
0.0
0.0
0.0
0.0
0.0
0.0
0.0
46.29678166069295
175.10259856630825
112.75201612903226
79.52456690561529
0.0
0.0
0.0
1.493414351851852
0.0
0.0
0.0
0.7467278972520908
20.908131720430106
120.2227822580645
92.5939366786141
7.467278972520908
7.467278972520908
0.0
0.7467278972520908
0.0
0.0
0.0
1.1200899790919951
8.2139075567503
68.32291666666666
116.48738052568697
146.35734020310636
32.1086096176822
10.827396953405017
1.493414351851852
0.0
0.0
0.0
0.0
0.0
0.0
91.09961170848267
156.06507616487454
139.26030465949822
109.7679211469534
0.0
1.493414351851852
0.0
0.0
0.0
0.0
0.0
0.0
40.32254330943847
175.10259856630825
116.48738052568697
61.6034572879331
0.0
0.0
0.0
0.0
0.0
0.0
0.0
7.093738799283154
69.81686827956989
116.48738052568697
162.78416218637992
72.05794504181601
8.587029569892474
5.600451762246117
0.0
0.0
0.0
0.0
1.1200899790919951
0.0
47.043944145758665
173.23906063321385
145.98394563918757
142.99570639187573
14.561017771804062
