25.851329151732376
7.8775388291517325
5.682833034647551
2.8917674731182794
3.628673835125448
7.186081242532856
40.06772700119474
109.98954599761052
200.24118876941458
257.76097670250897
140.79599761051372
35.82541816009557
15.689217443249701
5.448924731182796
7.342293906810035
2.426187275985663
4.71531884707288
7.001157407407407
29.225769115890078
96.31757765830345
171.79510155316603
188.6633811230585
79.57922640382318
33.05432347670251
14.451426224611708
17.06335872162485
5.200716845878136
4.105014187574671
6.407146057347671
13.611969832735959
14.05148596176822
57.868130227001195
206.50798984468338
187.61536738351253
80.50776583034647
29.293906810035843
14.584938769414572
10.397700119474313
5.531884707287933
3.261420997610514
5.4729316009557945
8.952770310633214
45.36514336917563
89.8346027479092
202.00007467144565
243.47894265232975
153.27284946236557
64.485513739546
11.492756869772998
5.672005675029869
6.017958482676225
3.172166218637993
3.3094272700119483
6.613537933094385
15.832474611708482
65.97147550776583
126.17458183990439
105.20721326164876
52.34916367980884
21.751978793309437
20.25179211469534
16.123506571087216
5.584976105137396
4.135622013142174
1.1422830794504182
7.149977598566308
34.45023148148148
62.10872162485066
207.50373357228196
184.53554360812424
79.52770310633214
32.229390681003586
15.715800477897252
8.713448327359618
7.468451314217443
2.7108236260454004
3.121217891278375
6.230809438470728
34.5276284348865
83.57862903225806
222.517174432497
210.40285244922342
187.24910394265234
42.31944444444444
39.05536887694145
5.633475209080048
5.056115591397849
4.27621714456392
4.0649940262843485
8.926747311827956
15.48446833930705
74.81444145758663
142.32302867383515
189.88873954599762
78.25828853046595
34.37470131421745
20.43357974910394
15.560297192353644
4.939956690561528
5.116102897252091
3.264269713261649
14.391241039426523
37.94485513739546
109.9820788530466
208.5476403823178
215.67502986857826
138.7593339307049
58.48790322580645
16.754666965352445
9.296146953405017
5.547416367980883
4.91084229390681
4.536465800477897
8.283639486260453
38.04069593787336
115.4047192353644
188.44832735961765
207.9155465949821
182.97491039426524
64.52546296296296
29.59632616487455
6.422155017921147
0.8932571684587813
3.1700268817204296
3.2477113201911587
2.3845318100358424
25.539687873357227
105.64068100358423
189.870445041816
154.60648148148147
68.95646654719235
33.297192353643965
15.556675627240143
13.666255973715652
6.056675627240143
4.420291965352449
2.3284162186379924
9.68399044205496
29.21960872162485
87.52912186379929
170.48275089605735
182.98312425328555
108.54465352449223
44.23443100358423
17.709602747909198
9.822804659498207
5.0596251493428905
3.8719011350059738
3.1785580943847065
8.078778375149342
31.47916666666666
79.66173835125448
224.21445639187576
229.10207586618876
106.1126045400239
43.039799880525685
15.775014934289125
14.512619474313023
5.079413082437276
3.212048237753883
2.092794205495818
1.4479428016726403
39.034946236559136
109.86857825567505
203.59505675029868
241.85185185185185
126.29144265232975
45.584304062126634
22.089531063321385
6.793309438470729
7.6543458781362
3.6386499402628436
10.817428315412187
15.376792114695341
55.680256869773
85.42824074074075
285.06832437275983
250.70265830346474
171.71520310633213
71.47289426523298
17.366188769414578
13.22233422939068
6.453031660692951
2.716737604540024
5.342480585424134
9.051933990442055
39.99861857825567
124.97423835125448
229.4026284348865
261.4236111111111
123.12313321385902
66.73275089605734
28.139187574671446
7.1732004181600955
6.984468339307049
2.595493578255675
4.074525836320191
8.938993428912784
44.391801075268816
111.61028972520909
221.15255376344086
262.6743578255675
210.5055256869773
70.47640382317802
21.70837066905615
14.793234767025089
6.903225806451613
4.878214605734766
6.248917264038233
16.56272401433692
40.127202807646356
103.10334528076464
259.04980585424136
261.5483124253286
204.53181003584228
61.56175328554361
30.213821684587813
7.787074372759856
5.618914277180407
3.133564814814815
2.746068548387097
7.705271804062128
26.767025089605735
90.5973715651135
167.62880824372763
232.96258960573476
146.5897550776583
51.659572879330945
11.6728270609319
9.269750597371566
5.80062724014337
4.6928950119474315
3.5053240740740748
5.46415770609319
28.7738201911589
100.7179659498208
249.61618876941458
238.36693548387098
157.00828853046596
52.52837514934289
