5.63788082437276
3.458669354865921
2.3887022103020024
2.5906137993103657
1.7795400238948622
5.955062724014337
43.43264635603345
121.44937275985663
214.94175627240142
116.24514635603346
34.859244324970135
6.345579450445371
6.101217144563919
3.487327135603345
2.3887022103020024
2.5906137993103657
1.7258064516401148
6.693936678614098
37.73521505376344
97.12888291517322
106.61589008363202
61.27949522102748
30.067204301075275
9.945340501792115
4.851403823205228
4.036589008363202
2.3887022103020024
2.6988761947431303
1.9805443548387096
9.722983870967742
51.76597968936679
140.5428614097969
157.69862604540023
103.32325268817205
32.68966547192354
8.39146505376344
4.9660356929510145
3.7213672341696533
2.3887022103020024
2.5906137993103657
2.314889486260454
10.598879928315412
55.35394265232975
119.3847072879331
148.58124253285544
80.35058243727597
28.683915770609318
7.2992458183990445
4.851403823205228
3.458669354865921
2.3887022103020024
2.5906137993103657
2.518667861409797
12.79944743130227
83.94190561529271
114.85215053763442
170.75866188769413
52.56907108721626
19.229017323775388
11.479241338112306
5.450828853046595
4.194220430107527
2.3887022103020024
2.5906137993103657
1.7258064516401148
5.885991636798088
43.57078853046595
54.53629032258065
110.03584229390681
73.75709378733572
24.7703853046595
6.345579450445371
5.188926224611707
3.458669354865921
2.418951986260454
2.5906137993103657
1.850787783751493
2.0170773596176823
70.72132616487455
168.35050776583034
232.76956391875746
105.07803166069297
49.65576463560334
12.673984468339308
4.851403823205228
3.7181824970131423
2.3887022103020024
5.567876344086022
1.7258064516401148
9.205510752688172
18.679062126642773
134.45340501792114
116.819743130227
93.15673536439665
24.383587216248507
10.461096176821984
5.2732974910394255
5.030092592592593
2.4173599910394263
2.5906137993103657
1.8404383213859021
11.90787037037037
52.97565710872163
167.6859318996416
232.76956391875746
129.23051075268816
49.123357228195935
11.678987455197133
6.335648148148148
3.458669354865921
2.3887022103020024
2.5906137993103657
3.8752240143369177
1.1135528673835124
46.736857825567505
141.7749402628435
179.86857825567503
103.32325268817205
43.537186379928315
7.431376941457587
5.814628136200717
3.458669354865921
2.3887022103020024
2.5906137993103657
1.7258064516401148
6.379569892473119
41.076762246117084
69.77673237753883
114.93055555555556
85.03248207885305
19.72222222222222
10.958781362007167
5.064743876941457
3.485337141577061
3.069332437275986
2.5906137993103657
1.7258064516401148
9.945131421744325
44.784199522102746
119.3847072879331
136.1036439665472
87.91479988052569
34.29136798088411
10.445415173237752
4.851403823205228
3.458669354865921
2.3887022103020024
3.0380077658303466
1.7258064516401148
12.687813620071685
65.15830346475508
189.44519115890083
174.82078853046596
105.07803166069297
47.636648745519715
6.345579450445371
6.104390681003585
3.458669354865921
2.3887022103020024
4.592629928315412
1.9168533452807646
5.955062724014337
13.98446833930705
124.46236559139786
114.91562126642772
131.07862903225808
27.758736559139784
13.532332735961768
4.986734617682198
3.458669354865921
2.3887022103020024
2.6208635752688174
2.1739844683393073
16.88210872162485
42.02508960573477
158.59468339307048
207.77329749103941
119.2469384707288
35.22326762246117
10.218413978494624
5.1634632616487455
3.7118055555555554
2.3887022103020024
2.5906137993103657
1.7258064516401148
11.90787037037037
51.76597968936679
138.35125448028674
165.46818996415772
113.79218936678615
41.613649940262846
9.22688918757467
5.344944743130227
3.6238463261648746
2.3887022103020024
2.5906137993103657
2.978793309438471
8.240008960573476
44.784199522102746
94.76926523297492
130.7347670250896
127.43466248506569
48.424432497013136
10.934513142174433
7.351067801672641
3.458669354865921
2.3887022103020024
2.5906137993103657
7.099163679808841
7.18452807646356
46.736857825567505
116.1215651135006
140.19563918757467
83.2814366786141
41.80107526881721
10.19377240143369
5.484244324970131
4.378098864994026
2.3887022103020024
2.5906137993103657
1.7258064516401148
3.5494474313022693
40.70340501792115
91.2410394265233
129.15919952210274
68.05966248506572
22.69563918757467
6.652848715651135
4.976385155316607
3.458669354865921
2.3887022103020024
2.5906137993103657
3.3974761051373954
16.593876941457587
66.70773596176822
172.50597371565112
261.6636798088411
119.35894563918758
50.875522700119475
11.718936678614096
