15.014224910394265
1.0590531660692953e-09
1.0590531660692953e-09
1.0590531660692953e-09
38.258434139784946
104.97446236559142
539.965651135006
889.9178614097968
1013.8694743130227
534.0027628434888
91.83501344086022
1.0590531660692953e-09
1.0590531660692953e-09
32.69626269414576
1.0590531660692953e-09
31.485674283154122
1.0590531660692953e-09
93.12339456391875
669.0923685782557
2341.385155316607
1913.267995818399
1267.9663231780166
359.0352449223417
27.84739023297491
1.0590531660692953e-09
39.34872311827957
3.1294280167264037
5.048551373954599
22.049749850657108
129.60080645161293
430.8355734767024
977.4686379928314
1300.295698924731
784.9723715651135
187.1945564516129
1.0590531660692953e-09
1.0590531660692953e-09
1.0590531660692953e-09
2.7308990442054957
20.984916367980883
1.0590531660692953e-09
89.04778972520909
477.6840651135006
1270.5936379928316
1229.883139187575
1031.02859916368
169.02486559139788
1.0590531660692953e-09
0.915227001194743
1.0590531660692953e-09
1.0590531660692953e-09
12.827049731182795
33.54798387096774
22.906664426523296
518.9784946236559
1364.971251493429
1085.3001792114696
870.9651284348865
79.11846624850656
47.088000298685785
1.0590531660692953e-09
1.0590531660692953e-09
1.0590531660692953e-09
1.0590531660692953e-09
6.310659348864994
104.86667413381123
438.18847072879333
1244.9649044205496
2323.9762544802866
670.7724761051375
205.22894265232975
1.0590531660692953e-09
1.0590531660692953e-09
1.0590531660692953e-09
1.0590531660692953e-09
22.049749850657108
1.0590531660692953e-09
100.11032706093191
422.9887246117085
1641.0636947431306
1938.1130525686976
1281.5927419354837
240.7224089008363
1.0590531660692953e-09
1.0590531660692953e-09
1.0590531660692953e-09
1.0590531660692953e-09
1.0590531660692953e-09
1.0037974163679808
47.088000298685785
173.52150537634407
568.0917712066907
786.8985215053764
563.9531063321386
74.22845728793308
1.0590531660692953e-09
1.0590531660692953e-09
0.44284498207885303
16.827143070489843
12.236656212664279
1.0590531660692953e-09
92.91479988052568
561.972072879331
1087.373431899642
1656.0207586618876
1144.3391577060931
210.29950716845877
1.0590531660692953e-09
1.0590531660692953e-09
1.0590531660692953e-09
1.0590531660692953e-09
15.014224910394265
1.2030704898446836
39.60688470728794
313.94007616487454
1330.915098566308
1938.1130525686976
697.6112604540023
190.10162783751497
42.63761947431302
1.0590531660692953e-09
1.4171232825567504
1.0590531660692953e-09
1.0590531660692953e-09
1.0590531660692953e-09
70.72323028673836
631.2051971326165
783.2314068100358
1108.6618876941457
446.9877538829152
243.5275537634409
22.049749850657108
1.0590531660692953e-09
1.8304480286738352
2.848965800477897
1.0590531660692953e-09
1.0590531660692953e-09
1.0590531660692953e-09
82.21296296296298
860.6638291517323
1240.3871714456393
465.9378733572281
120.67245370370371
1.0590531660692953e-09
1.0590531660692953e-09
1.0590531660692953e-09
15.014224910394265
4.7238015232974915
1.0590531660692953e-09
131.0476403823178
747.7019862604541
1688.2485812425325
1943.1858572281963
795.0138142174434
391.2671744324969
92.39124103942652
65.59539277180406
1.0590531660692953e-09
2.450377090800478
13.355167264038231
1.0590531660692953e-09
42.14251045400239
336.0972222222223
257.28699970131424
991.9007616487457
675.1975059737157
121.39930555555556
1.0590531660692953e-09
1.0590531660692953e-09
1.0590531660692953e-09
1.0590531660692953e-09
3.572423835125448
1.0590531660692953e-09
121.39930555555556
308.9882392473118
752.2214755077658
1031.02859916368
125.06735364396657
1.0590531660692953e-09
1.0590531660692953e-09
1.0590531660692953e-09
1.0590531660692953e-09
25.261140979689365
1.0590531660692953e-09
0.5535569743130226
1.0590531660692953e-09
313.68798536439664
1251.2059438470728
1440.8344534050182
669.0923685782557
247.2629554958184
25.301784647550782
20.369746863799282
4.576045400238949
31.389516129032263
6.880666069295102
1.0590531660692953e-09
57.41670400238949
316.5114247311828
871.7943548387096
1471.3709677419356
817.0221027479093
172.21931003584228
1.0590531660692953e-09
1.0590531660692953e-09
45.71901135005973
1.0590531660692953e-09
1.0590531660692953e-09
1.0590531660692953e-09
41.97703853046595
59.77426821983275
839.4134557945042
1031.02859916368
631.2051971326165
184.89624402628434
59.77426821983275
64.34804360812427
1.2695112753882916
1.0590531660692953e-09
1.5314990292712067
0.44284498207885303
78.15307646356034
431.5946087216249
860.6638291517323
1134.6191756272403
447.46490442054966
131.0476403823178
1.0590531660692953e-09
22.54837589605735
1.0590531660692953e-09
14.652591099163677
19.97084826762246
1.0590531660692953e-09
39.773148148148145
631.2051971326165
1241.2399193548388
1239.7580645161288
1249.0232974910393
275.79050925925924
72.42346176821982
