15.739359318996415
7.813022700119473
5.765531660692951
3.027217741935484
5.038754480286738
10.208071983273596
9.574932795698924
93.6503136200717
215.33564814814815
222.63478195937873
107.49514635603346
36.97688918757467
21.664575866188766
13.590763142174433
5.57113201911589
4.396061081242533
3.3487081839904427
15.170474910394265
64.97386499402629
116.44227897252091
251.09655017921148
273.23999402628436
194.0102299880526
71.51321684587813
15.404345878136201
26.284124850657108
8.607190860215054
4.960946833930705
7.345056750298686
10.359729689366786
37.202807646356035
97.7299880525687
194.066233572282
231.560633213859
175.70079151732378
46.549059139784944
26.78517025089606
10.708856033452806
3.171240292712067
5.592032556750298
2.81215651135006
25.16588261648745
30.75679510155316
92.88045101553168
202.4985065710872
165.40695937873355
105.02165471923536
43.31160394265233
16.7002688172043
12.346811529271205
4.298711917562724
2.4772214755077657
10.186603942652331
4.70880376344086
38.208557347670244
104.41681600955795
189.61954898446834
225.48835125448028
82.81137992831542
53.59879032258065
16.659610215053764
10.110961768219832
8.411514336917563
3.2549544504181602
4.477844982078853
12.05876642771804
43.20975209080048
122.74940262843491
217.39060633213853
249.3623058542413
189.56541218637992
44.17898745519714
23.37705346475508
19.68589456391876
7.683691756272402
3.075242682198328
8.664314516129034
17.709602747909198
45.84826762246117
84.8719384707288
252.99432497013143
237.03367682198328
120.90501792114698
47.054584826762245
25.311865292712067
3.9917600059737164
2.8552979390681
3.595239695340502
3.768488649940263
13.547901732377536
29.201836917562723
80.08848566308244
145.57833034647552
189.75918458781365
116.48073476702508
35.18581989247312
14.709154719235364
8.789165173237754
7.304883512544803
5.357190860215054
2.8308355734767026
8.72868130227001
36.92040023894862
103.94601254480287
278.99006869773
290.419280167264
171.52105734767025
70.23633512544802
13.688097371565114
15.773148148148149
7.653039127837514
3.773472968936679
4.628479689366786
9.555032855436082
46.98476702508961
148.59505675029865
273.87059438470726
252.82855436081238
144.30592891278374
54.320116487455195
32.27180406212664
12.227187873357227
5.971214157706094
8.280316606929508
1.9427008661887695
10.837850955794504
42.58923237753883
112.53024193548387
230.518219832736
235.06757765830346
211.83953106332137
65.76164874551971
28.190300179211462
12.840315113500598
8.35375597371565
2.5253994922341696
1.0323667114695338
9.174880525686977
31.427606033452808
81.79472819593788
201.71482974910396
199.34326463560333
102.35961768219833
42.29465352449223
20.77729241338112
10.959117383512545
3.9131757765830346
1.5010080645161288
2.914702807646356
7.792152031063323
42.858198924731184
95.72132616487455
174.34998506571088
229.28128733572282
166.27986857825567
37.820303166069294
30.41913082437276
3.6969347371565116
6.355585424133811
9.006608422939069
2.2332325268817206
7.967331242532854
24.571087216248507
54.34177120669056
155.62051971326164
166.95303166069297
89.0445788530466
35.24544504181601
11.703927718040623
4.535114247311827
5.452396953405018
4.743540919952211
4.51873133213859
5.379293608124254
29.45303166069295
75.5047789725209
176.91121565113502
124.47169952210275
94.54226403823178
24.384744623655912
9.08549880525687
4.547509707287933
6.02942054958184
4.879293608124254
3.2719235364396653
2.7348155615292713
30.89165173237754
109.79614695340504
221.21565113500594
202.74828255675024
175.9931302270012
40.038231780167266
21.681600955794504
9.370967741935486
10.194556451612904
6.209602747909199
1.6547117682198325
3.5812985364396654
29.591435185185187
68.94377240143368
158.37029569892476
202.53434886499406
126.16338112305854
62.80988649940264
10.742868876941456
12.110327060931901
4.212929360812424
3.494119623655914
4.4605286738351255
11.545474910394265
29.92189366786141
100.34759557945041
240.27217741935485
237.99395161290323
191.96983273596177
60.20161290322581
51.20109020310633
12.924432497013143
4.48812724014337
2.407478345280764
4.8747909199522095
4.590639934289128
31.962141577060933
88.5207586618877
186.92316308243727
212.90098566308242
128.89934289127837
58.71714456391876
23.678502090800478
23.410058243727597
5.636835424133812
3.6190710872162493
4.079032258064516
17.475694444444443
28.457959976105137
90.49096475507764
210.55816905615293
231.2761350059737
150.14486260454004
45.77471624850658
