6.370258363201912
3.458669354865921
2.3887022103020024
2.5906137993103657
5.469459378733572
10.46297789725209
51.76597968936679
85.26359020310633
97.12888291517322
60.82399940262844
24.005376344086024
6.345579450445371
4.851403823205228
6.670026881720432
2.3887022103020024
5.686118578255676
1.7258064516401148
9.328718637992832
64.12783751493428
224.19354838709677
183.21759259259258
131.07862903225808
49.58109318996416
9.092779271206691
4.851403823205228
7.306862305854243
2.7262246117084827
3.13511798088411
3.9180854241338112
12.820355436081243
41.31944444444444
93.64172640382318
124.54450418160096
84.84580346475508
33.13284050179212
6.345579450445371
4.851403823205228
3.458669354865921
2.6832399940262843
4.6809662485065715
1.7258064516401148
8.938560334528075
45.803464755077655
121.6995221027479
117.80540621266428
108.40091099163679
31.39374253285544
6.345579450445371
4.950115740740741
3.458669354865921
2.3887022103020024
3.9001269414575868
5.018667861409797
2.607728494623656
49.75731780167265
130.7347670250896
103.96505376344086
93.07833034647551
22.788231780167266
10.934513142174433
4.851403823205228
3.458669354865921
2.3887022103020024
2.5906137993103657
2.4064366786140976
10.4528972520908
42.02508960573477
119.2465651135006
222.52837514934288
73.91763739545998
34.859244324970135
6.345579450445371
4.851403823205228
3.458669354865921
2.3887022103020024
4.782892771804063
1.7258064516401148
9.997401433691756
40.568996415770606
157.1609916367981
185.59587813620072
132.38164575866188
38.256421744324975
6.345579450445371
4.851403823205228
3.458669354865921
2.3887022103020024
2.5906137993103657
1.8340688470728794
4.922356630824373
16.690934886499402
54.4578853046595
75.40322580645162
63.691382915173236
22.320041816009557
6.345579450445371
4.851403823205228
3.506432945041816
4.081093189964157
3.843600657108721
1.7258064516401148
9.308930704898447
53.87171445639188
104.16293309438471
158.59468339307048
119.2469384707288
35.34460872162485
6.345579450445371
4.851403823205228
3.458669354865921
2.3887022103020024
4.109468339307049
1.8555630227001194
4.206257467144563
30.13142174432497
127.47535842293907
185.59587813620072
76.48633512544802
33.411364994026286
10.508512544802867
4.851403823205228
3.611510603345281
2.3887022103020024
2.5906137993103657
1.7258064516401148
7.18452807646356
60.49880525686977
75.05227001194743
106.20146356033453
52.49439964157706
38.52523894862605
8.537858422939069
4.851403823205228
3.6560894563918755
2.6959714755077657
2.5906137993103657
1.7258064516401148
0.3334229390953121
7.951015531660693
82.46341099163679
118.80973715651135
54.30891577060932
26.76560633213859
6.345579450445371
4.851403823205228
3.458669354865921
3.9075567502986863
3.100097072879331
1.7258064516401148
12.958870967741936
71.65098566308244
161.67861409796893
186.08124253285544
85.8090651135006
52.666890681003586
15.270683990442052
11.211917562724015
3.458669354865921
2.6529868578255673
3.9506795101553167
1.7258064516401148
4.448939665471923
32.25246415770609
24.708781362007173
95.02314814814815
74.33953106332139
26.835050776583035
6.345579450445371
4.851403823205228
3.458669354865921
2.3887022103020024
2.975918458781362
1.7258064516401148
12.035185185185183
29.657631421744323
72.08408004778973
98.77165471923536
21.682347670250895
15.133288530493163
6.345579450445371
4.851403823205228
3.458669354865921
4.888366188769415
2.5906137993103657
1.7855100059737157
0.3334229390953121
30.107153524492233
119.8439366786141
137.9965651135006
73.75709378733572
38.88254181600956
8.849126344086022
6.882877837514934
3.95221027479092
5.4749850657108725
3.3309438470728794
1.7258064516401148
5.911006571087216
30.377464157706093
83.52747909199522
140.9199522102748
87.91479988052569
31.69952210274791
6.345579450445371
4.851403823205228
7.916554659498207
2.3887022103020024
2.5906137993103657
1.7258064516401148
4.4332586618876935
5.803091397849462
80.42861409796893
98.77165471923536
70.1280615292712
32.912933094384705
12.148670848267622
11.092443249701315
3.595590651135006
2.3887022103020024
2.755790770609319
1.7735700418160096
7.895773596176822
41.39411589008363
82.46341099163679
108.68428912783752
52.54293608124253
27.758736559139784
6.345579450445371
7.091397849462366
3.458669354865921
3.8729465352449224
4.583893369175628
1.7258064516401148
4.22231182795699
60.49880525686977
118.89187574671446
118.75
129.2641129032258
41.613649940262846
13.35946833930705
