5.876717443249701
3.458669354865921
2.496964605734767
5.801971326164875
1.7258064516401148
0.3334229390953121
60.66308243727599
157.1609916367981
92.51045400238948
108.08355734767025
45.51075268817204
10.929286140979688
16.45049283154122
3.458669354865921
2.3887022103020024
2.5906137993103657
2.111111111111111
11.223506571087217
50.75044802867384
78.28554360812426
118.75
53.77128136200718
27.758736559139784
12.713933691756273
4.851403823205228
3.458669354865921
2.3887022103020024
2.5906137993103657
1.7258064516401148
9.711036439665472
49.75731780167265
122.75238948626045
183.21759259259258
90.05787037037035
32.912933094384705
15.217667264038232
8.740292712066905
3.8889262246117084
3.2850582437275984
2.5906137993103657
1.7258064516401148
6.136514336917562
63.1347072879331
98.45430107526882
108.68428912783752
76.33699223416964
34.29136798088411
10.218413978494624
5.758885902031063
3.458669354865921
2.3887022103020024
2.5906137993103657
1.7258064516401148
12.035185185185183
2.7211768219832733e-11
78.13246714456392
95.02314814814815
93.31727897252091
27.18637992831541
10.4413082437276
5.770833333333333
3.458669354865921
2.3887022103020024
2.644347371565113
1.7258064516401148
0.3334229390953121
66.8570788530466
98.77165471923536
111.8839605734767
73.75709378733572
27.487679211469533
8.385454002389487
4.851403823205228
3.458669354865921
2.3887022103020024
3.13511798088411
1.7258064516401148
7.34731182795699
30.377464157706093
79.89097968936679
137.17891278375149
22.254704301075268
31.69952210274791
6.345579450445371
4.851403823205228
3.458669354865921
2.3887022103020024
2.7020609318996414
3.244660991636798
0.3334229390953121
11.725657108721625
45.411439665471924
100.73924731182795
48.84296594982079
15.67461917562724
15.076538231780168
4.851403823205228
3.458669354865921
2.3887022103020024
4.927867383512544
1.7258064516401148
11.932511947431303
51.194743130227
124.54450418160096
100.73924731182795
91.57370071684588
27.551896654719236
10.445415173237752
4.851403823205228
3.458669354865921
4.580981182795699
2.6988761947431303
1.7258064516401148
0.3334229390953121
34.44780465949821
82.46341099163679
114.63186977299881
72.21886200716845
23.584229390681006
7.187798685782557
4.851403823205228
3.458669354865921
2.3887022103020024
2.5906137993103657
1.7258064516401148
6.879495221027479
23.12313321385902
87.3618578255675
86.07004181600956
76.69168160095579
22.222968936678615
6.345579450445371
5.7827807646356035
6.559363799283154
5.681563620071684
3.9001269414575868
1.7258064516401148
7.895773596176822
30.377464157706093
161.67861409796893
179.00985663082437
50.19825268817204
38.88254181600956
6.345579450445371
4.851403823205228
3.458669354865921
2.3887022103020024
3.127949522102748
1.7258064516401148
0.38118652927120666
46.99820788530466
30.96326164874552
95.97147550776583
61.036813022700116
35.03061529271206
8.537858422939069
4.851403823205228
3.630607825567503
2.882243130227001
5.121975806451613
1.7258064516401148
4.22231182795699
42.02508960573477
83.44907407407408
106.2313321385902
85.03248207885305
26.835050776583035
6.345579450445371
4.851403823205228
3.595590651135006
4.381981780167263
2.809535543608124
2.6332885304659497
9.7267174432497
37.53360215053763
127.47535842293907
183.21759259259258
76.48633512544802
27.620221027479097
11.967219235364395
4.851403823205228
3.458669354865921
2.3887022103020024
2.5906137993103657
2.6452359617682197
8.811992234169654
58.43040621266428
128.57676224611708
130.7347670250896
84.4388440860215
45.26471027479092
7.224014336917561
4.851403823205228
3.458669354865921
2.9260379330943844
2.5906137993103657
4.376568100358423
9.997401433691756
37.29540023894862
164.060633213859
173.4281660692951
108.81533751493428
31.824223416965353
8.845243428912784
4.851403823205228
3.458669354865921
2.6020422640382317
2.5906137993103657
1.7258064516401148
0.3334229390953121
31.781660692951014
148.86126045400238
128.57676224611708
73.91763739545998
24.108796296296298
6.345579450445371
4.851403823205228
3.458669354865921
2.3887022103020024
3.4344384707287934
1.7735700418160096
0.3334229390953121
39.21370967741935
95.83706690561529
117.36111111111111
64.08714157706093
17.223640979689367
11.382915173237754
4.851403823205228
3.458669354865921
2.3887022103020024
3.4344384707287934
1.7258064516401148
9.328718637992832
16.56623357228196
53.87171445639188
75.40322580645162
41.88172043010753
21.98439366786141
6.345579450445371
