6.241300776583035
5.818884408602151
2.3887022103020024
2.5906137993103657
6.314740143369176
11.414292114695339
72.08408004778973
207.77329749103941
232.76956391875746
119.66509856630825
34.56466547192353
12.713933691756273
8.436454599761051
4.382093787335723
2.3887022103020024
2.5906137993103657
1.8770571983273592
10.626508363201912
60.49880525686977
163.65740740740742
157.1609916367981
125.75082138590203
31.64613201911589
14.876045400238946
6.109169653524492
3.458669354865921
2.4683094384707287
2.5906137993103657
1.7258064516401148
3.3106854838709676
52.70683990442055
16.23618578255675
137.9965651135006
54.30891577060932
18.214381720430108
9.550440561529271
4.851403823205228
4.366151433691757
2.5001493428912784
2.7816606929510157
1.7258064516401148
12.752031063321386
63.810483870967744
158.59468339307048
165.46818996415772
145.15793010752688
35.22326762246117
15.723192951015532
4.851403823205228
3.458669354865921
2.3887022103020024
2.5906137993103657
2.8760827359617687
13.432661290322581
41.076762246117084
132.9786439665472
224.081541218638
72.3980734767025
35.022401433691755
10.329674432497011
4.851403823205228
3.458669354865921
2.3887022103020024
2.5906137993103657
1.7258064516401148
15.076179808841099
83.52747909199522
124.58183990442055
160.84229390681003
93.57116188769415
34.859244324970135
9.930630227001195
4.851403823205228
3.458669354865921
2.3887022103020024
3.0841547192353644
1.7258064516401148
7.4473715651134995
55.5331541218638
178.19967144563918
148.21908602150538
53.061902628434886
39.84206989247313
11.270908004778972
4.851403823205228
3.458669354865921
4.6722296893667865
2.5906137993103657
1.7258064516401148
6.940725806451613
39.33691756272401
173.4281660692951
232.05645161290323
120.7179659498208
40.5973715651135
9.434289127837514
5.77482825567503
6.674693847072878
2.3887022103020024
3.036402329749104
1.7258064516401148
9.258527479091995
56.04838709677419
163.65740740740742
176.32541816009558
86.58564814814815
32.912933094384705
10.958781362007167
4.851403823205228
3.6720094086021504
3.1242532855436083
2.5906137993103657
1.7258064516401148
16.846266427718042
74.80958781362007
148.1070788530466
261.6636798088411
125.75082138590203
46.91494922341697
6.393343040621265
5.805070191158901
4.132131123058542
2.3887022103020024
3.0841547192353644
1.7258064516401148
11.55766129032258
49.87679211469534
129.15919952210274
148.21908602150538
90.97632915173237
36.6274641577061
12.713933691756273
6.375858721624851
3.458669354865921
3.7487679211469533
2.5906137993103657
1.7258064516401148
4.776373954599761
37.29540023894862
75.40322580645162
113.66114097968936
67.4361559139785
30.98902329749104
10.218413978494624
6.250858721624851
3.458669354865921
3.23252688172043
2.5906137993103657
1.7258064516401148
5.109781959378733
41.5621266427718
140.5428614097969
142.45071684587813
104.39852150537637
37.35364396654719
13.435259856630825
4.851403823205228
6.419914874551972
2.3887022103020024
2.5906137993103657
2.3992682198327357
15.26733870967742
60.77882317801673
142.45071684587813
191.82347670250897
105.07803166069297
35.34460872162485
10.78853046594982
7.812649342891278
3.458669354865921
2.3887022103020024
2.715595131421744
1.7608318399044205
8.373670848267622
60.49880525686977
156.45534647550775
211.3500597371565
119.66509856630825
32.48730585424134
10.19377240143369
4.851403823205228
4.132131123058542
2.3887022103020024
2.5906137993103657
1.7258064516401148
11.000612305854242
21.906735364396656
121.44937275985663
132.9786439665472
87.76172341696535
31.811155913978496
9.56160394265233
5.881496415770609
6.80055256869773
2.3887022103020024
3.5952060931899643
1.7258064516401148
9.970519713261648
43.458781362007166
171.30749701314218
176.32541816009558
110.34236857825567
37.35364396654719
6.3742372311827955
4.851403823205228
3.458669354865921
3.351926523297491
2.5906137993103657
1.7258064516401148
8.373670848267622
23.869100955794504
87.77628434886499
87.77628434886499
104.68227299880526
51.656959378733575
6.345579450445371
4.851403823205228
3.595590651135006
2.3887022103020024
2.6256391875746714
1.7258064516401148
2.364896953405018
20.387544802867385
104.40188172043011
121.6995221027479
26.30712365591398
22.03031660692951
6.380604838709678
4.851403823205228
3.458669354865921
2.3887022103020024
2.902673237753883
1.7258064516401148
8.453195937873357
63.12724014336918
154.11439665471923
191.11036439665472
103.34192054958184
34.859244324970135
7.370893070489843
