2321.9879030465286
900.6971839780429
737.2724889395774
693.9917504126859
719.9346603493606
850.0935416595391
1661.5857974871285
1873.456963339501
2484.0710577534396
3466.761393396426
2870.9641056131327
1860.1723848259119
1238.8366989658807
1109.2435488045564
504.4498031896952
659.164073100151
364.8413417582598
713.5242740220014
992.4217632128565
1929.566318705456
2577.574605625952
3187.919136198645
2747.5344503000674
2164.531551160423
1149.6129578854616
578.3596135530493
613.6246454303114
502.6089913602426
691.9015156812384
716.3413547832057
1193.3495750452134
1722.222318317319
2785.790763882437
2877.728441861686
2131.7218552558916
1653.4491191609318
1651.9550684469948
1024.7265079223778
791.2713231507453
829.0294977256785
808.9853722344095
1259.3948884723588
1461.482860751614
2430.749974211741
3368.3821628667765
4284.688641896651
4093.386094407005
2683.454313909742
1957.9949770142616
1190.0546569241644
970.2136287953613
1337.9286139645415
1035.849787803351
1567.2147630637894
2010.9645621049376
2656.1327812676604
3580.2881416229175
4381.136073635417
3886.1593382485485
2722.5938997399076
2060.6326797952865
1408.1322667890531
927.7905661711487
1357.9705416052418
1171.7451618300272
1709.8548019033212
2484.0128164593425
2969.135611176169
4328.336104873536
4867.131325723419
4473.591799953783
2931.3132433858423
2463.8135972800815
1942.6456186660525
1137.561368220378
1980.6077297969641
970.5675322701818
1703.3551179159986
2013.1755524778966
2359.904514259907
3483.3924297189164
3908.7719054935624
3780.497482279025
2468.5871008461513
1530.9450951814777
1388.5423964067566
1167.550464013699
956.9969351022829
1078.3737602304
1787.8887632850717
1842.848457643344
2962.49400411201
3488.675961930378
3965.4096554313905
3572.904404744199
2216.797742205965
1683.8714693820016
1439.831701548153
799.6505998620732
890.78446998115
892.7879687086048
1327.4648677025048
1744.5211700757816
2511.140250233677
3041.9993497472433
3811.668337637987
3656.6606738426667
2303.9768309359856
1648.3778697971204
1141.1593779924979
763.5553996430659
889.1176161460065
803.0640418521915
974.2659465679055
1139.0848498990406
1941.6295775651126
2438.9193158341827
3135.151630466017
3488.941389559664
2125.306805129377
1152.0520908728708
989.3659643725379
755.2854682840753
650.4356701565013
713.337223824241
1209.8534414117491
1413.8286842924815
2321.2070085728064
3107.93268788862
3435.500736850724
3439.815177028275
2234.764209153112
1615.903340127605
1048.0480663660824
919.3677337429468
798.785230348759
796.8936373568791
1028.6727099861005
1490.4840889221787
2044.2528571522685
3057.246297963597
3283.774909293832
2564.835621100504
2045.8020971294832
1624.2128913984961
1145.4629227053522
770.2230849829193
763.7905222167852
742.8847866198467
1006.7630365125844
2009.7674607394515
2345.2045323508682
3052.587111019643
3663.3690492061155
3031.023717931115
1778.3577575009856
1336.5289398477325
698.0592219300677
662.4988934567712
572.1459161437974
627.8439429257203
723.9347603551421
1316.9934915551962
1846.0571540612073
2935.0743494317917
3166.7420887923854
2789.048280551386
1947.429687889954
1121.3726502157735
920.7320342808555
460.7690065857633
755.3515641560402
875.1186139138646
1062.6156405010147
1553.8501826228594
2304.501911389743
3154.3854570894846
3381.83701718711
3285.20936115644
1823.4466025109548
1059.4987413622641
830.4385298798538
713.051951360549
651.5020026225538
801.0341354155582
942.0029558498634
1559.684899387622
2116.495133383966
3032.2278915896954
3580.027713624042
2761.6230772027475
2871.8044316639225
2051.906802584372
1362.146305928466
988.7345340705555
1021.3141598195687
1077.4736876728548
1418.8274103073632
1962.5298266167113
2381.489307183665
3392.5854646544635
3601.638846600227
3747.851016345369
2243.9034033617168
1805.740707303921
1591.5383932626874
1298.2441668815964
1633.8781285745033
1594.9653825657965
1761.153634723187
2052.9940939226412
2820.3937780644937
3181.0625133292756
4935.138189392446
4041.616708267262
3145.701601207924
2467.8114773191755
1687.7744307665312
1592.6457945441987
1754.2495645032204
1571.2797141119765
2002.0303498160981
2335.9066255920147
3502.956196935223
4249.963629709959
5405.273753359506
3609.3779432689225
3208.755857993131
2359.5707070895733
1752.5102888561737
1669.7867258173997
1977.678266292091
1570.6540109031766
2297.8565733745463
2370.7935520853375
2815.038725891848
4022.450727871661
4012.091409579625
3565.404541859509
3536.973174227071
