470.4622005675031
186.76931152927116
130.26674798387094
116.13426672640385
80.4403228046595
137.64928726105134
306.3059281660693
1955.4872752389485
6119.781992980884
4087.24103195938
1711.3034311529275
365.18169653524507
358.6324309289128
152.413861260454
147.33273932198324
160.9744187574671
142.6964501941458
185.5554775238949
1106.8228173536438
2734.710569743131
5412.571822729987
3829.367465651133
1339.9480585424135
637.7204065860217
332.98961357526866
230.96222931600946
112.19294100955794
81.67152647102749
61.150925739247334
52.1221959154719
478.5834136051374
2171.5898036140984
4410.932373805256
3251.614699820788
1658.682538082438
970.2312275985665
818.2762294653522
254.63882317801682
141.57045960274795
123.2227372685185
122.25265766875746
103.73181081989249
404.57319705794504
1584.5945870669052
5005.709136051375
3943.448790322581
1489.1257989844687
532.4529177867383
356.81794130824375
337.72053950119476
148.36229316009556
96.55032138590205
130.45669858870968
132.53692465651136
551.1032567951012
2368.1775612305855
6008.734068847074
4528.876933990441
2096.670400238949
800.5951482228194
575.7696344832735
409.24307160991646
286.52853457287927
229.43874589307055
144.8115603345281
308.4383210125449
629.8366639038234
3358.9145049283156
7792.41778673835
5979.212234916366
4241.178237007167
1607.8335162783749
449.80425776583024
270.91329599761053
297.0838851553167
107.7903517398447
114.00352456690564
194.89477598566313
861.6390568996414
3015.6475358422936
7082.759938769414
6260.674820788529
4042.1079898446847
1173.8404943249702
429.4134535543606
250.38642809139776
152.8427933094385
143.71915154569894
109.37044646057348
349.94633587216254
755.5591035692951
3007.075212813619
6752.725470430106
4333.412406660694
1786.3505413679816
844.8243779868578
352.31241076762245
167.9581324671445
140.44500765382318
161.6098538679809
167.772337962963
214.41724350358422
969.5338074970132
2983.6815561529265
6878.941020758663
5134.35259856631
2005.3979241338109
919.5792129629627
340.02054248805246
258.1504349611708
154.905566009558
124.55357459677424
142.12839941756272
288.3312163978496
787.6956014784945
4445.103931451612
6873.310267323774
4897.07210274791
2069.152281212665
871.2859655017919
446.84959416069285
219.45193059289127
129.40619847670254
118.24944914874551
83.03934793160097
129.1307396953405
513.0527053464755
1931.8382874103945
5471.861193249702
3373.0014635603347
1538.4594384707286
735.392783378136
423.7029136798088
234.71195191158895
82.44476937724014
276.9317794205496
266.40602971923533
153.85484781959383
385.4944295101553
2326.408019713262
5533.9778375149335
4153.11140232975
1809.7382280465943
583.7309139784948
343.48803054062114
295.1574249551972
149.1688306451613
217.98014721475505
185.59279398148146
137.59519526583034
210.15121826463556
3072.009042712067
6722.493044354838
4353.441857078851
1462.6495519713262
758.613834378734
389.8142745669056
198.44835498805264
143.72115404719239
102.25646957138586
79.16312626941458
327.6722965203108
514.6378337813621
2770.0173648446835
6946.635431600955
4563.596587514933
1914.1998245221032
780.6597181152928
384.73044093488653
468.18770982676216
166.11590128434884
142.4411213784349
84.89883120519713
279.9752747909199
795.3666226105137
2420.2616076762242
6376.894179360813
5568.835965501791
2174.915191905616
794.280420400239
463.7112802419354
371.70630787037055
129.82294328703705
106.28046471774194
145.8050231481481
170.6942166965353
537.6663392323776
2134.27882691159
5814.239000896056
4029.2549581839903
1509.7043944145762
617.768673461768
662.1657045250895
218.12715912485066
105.50214538530466
90.76924861857827
56.1468944519116
151.98108497610508
245.22344235364406
1561.3443761200715
4301.800780316606
2622.843048088411
1326.245568249701
516.4117932347667
336.7416420250896
231.33299432497014
147.34101366487454
138.81631279868577
89.43128472222222
269.32667861409806
516.7181787634411
2446.322393966547
5405.959154719236
4106.38699223417
1901.536133512544
584.6590274044205
234.93542413381118
249.84218600657113
150.49804786439663
145.70314280913976
103.49337556003586
191.94017697132617
540.9268511051375
2603.5654271206686
5861.410129181602
3864.544429510156
1219.3576090203103
328.20453068996414
531.9800981929512
198.0475321087216
135.95478270609317
84.1911124551971
337.07456093189967
251.33436529271202
650.3612447729986
2143.2916069295106
5574.488493130227
3768.00247162485
1698.427262544803
867.1651045400235
