6.109169653524492
3.458669354865921
2.3887022103020024
3.2592965949820787
1.7258064516401148
0.5053614097968936
53.2444743130227
129.15919952210274
148.86126045400238
81.28024193548387
31.647998805256865
7.026209677419355
4.851403823205228
3.458669354865921
2.6482153524492236
2.920967741935484
3.2972296893667856
5.7067801672640375
60.49880525686977
138.35125448028674
173.4281660692951
73.30533154121864
30.608198924731184
14.252165471923536
5.7827807646356035
3.458669354865921
2.3887022103020024
2.5906137993103657
1.7258064516401148
13.114187574671446
53.2444743130227
82.93757467144565
91.8010752688172
60.08848566308244
30.608198924731184
11.270908004778972
8.95123954599761
3.458669354865921
2.4153699970131424
2.5906137993103657
1.7258064516401148
5.7067801672640375
58.43040621266428
116.1215651135006
106.20146356033453
70.29980585424134
23.351627837514933
13.788455794504182
5.436491935483871
4.981108124253286
2.3887022103020024
2.72753509557945
1.7258064516401148
20.544743130227
69.18682795698925
185.07691158900838
191.82347670250897
113.79218936678615
41.613649940262846
14.067353643966547
8.193287037037036
5.719384707287933
2.3887022103020024
5.444407108721625
1.7258064516401148
9.018458781362007
67.06242532855435
189.44519115890083
222.52837514934288
127.07623954599761
49.58109318996416
18.971027479091994
9.440337514934289
3.458669354865921
2.3887022103020024
2.5906137993103657
1.7258064516401148
13.189605734767024
49.44369772998805
98.61111111111111
127.47535842293907
98.85043309438471
49.27718040621266
6.88691009557945
4.851403823205228
4.901135005973716
2.977785244922342
2.5906137993103657
1.7258064516401148
10.598879928315412
45.803464755077655
133.24746117084825
128.57676224611708
73.75709378733572
32.130002986857825
13.963933691756269
6.029569892473118
3.458669354865921
2.3887022103020024
2.975918458781362
1.7258064516401148
11.932511947431303
68.56332138590203
183.21759259259258
183.21759259259258
99.95930406212665
33.48230286738351
11.898148148148149
6.109169653524492
3.458669354865921
3.069332437275986
2.5906137993103657
1.7258064516401148
10.427508960573476
69.18682795698925
167.49178614097968
168.30197132616487
99.95930406212665
37.04002389486261
7.343824671445639
4.851403823205228
3.458669354865921
2.4484057646356034
2.5906137993103657
1.7258064516401148
7.423103345280764
54.4578853046595
154.0359916367981
176.32541816009558
117.0030615292712
36.425104540023895
13.19668458781362
4.851403823205228
5.719384707287933
2.3887022103020024
2.705245669056153
1.7258064516401148
4.776373954599761
45.411439665471924
128.61783154121864
132.9786439665472
72.55114994026285
35.34460872162485
6.345579450445371
4.851403823205228
3.458669354865921
2.465520459976105
4.636499402628435
1.988504330943847
7.458198924731182
39.03076463560335
128.57676224611708
116.1215651135006
64.91226105137396
28.619698327359618
8.691569593787335
5.484244324970131
3.7707287933094387
3.6385155316606927
6.965613799283154
2.837514934289128
14.31789127837515
66.50985663082437
168.81720430107526
215.41218637992833
113.79218936678615
34.6777927120669
6.542999551971326
4.851403823205228
3.458669354865921
2.419747983870968
3.179696833930705
1.8627277479091993
11.000612305854242
46.33736559139785
98.77165471923536
145.13515531660693
115.86058841099161
45.41517323775388
6.345579450445371
7.937686678614098
3.458669354865921
2.3887022103020024
2.5906137993103657
1.7258064516401148
9.722983870967742
45.411439665471924
99.74611708482678
148.58124253285544
88.96393369175627
37.04002389486261
7.105025388291516
9.946236559139784
3.541457586618877
2.3887022103020024
2.5906137993103657
1.7258064516401148
5.7067801672640375
2.7211768219832733e-11
52.990591397849464
83.68802270011948
28.714531063321385
24.744997013142175
6.345579450445371
4.851403823205228
3.458669354865921
2.4794504181600954
2.7203703703703703
4.937163978494624
0.36208071983273593
40.568996415770606
81.8847072879331
119.2465651135006
74.33953106332139
33.55361409796894
6.345579450445371
4.851403823205228
3.6576762246117083
3.5668682795698925
2.5906137993103657
1.7258064516401148
15.076179808841099
73.60737753882916
171.7928614097969
163.3811230585424
83.23663381123059
33.81235065710872
11.615516726403822
5.758885902031063
3.494092741935484
2.3887022103020024
2.5906137993103657
3.986521804062127
2.5941382915173237
26.480361409796895
64.28838112305854
2.7211768219832733e-11
32.752389486260455
24.797267025089607
6.542999551971326
