0.0
0.0
0.0
0.0
0.0
0.0
0.0
72.05794504181601
126.56851105137396
205.34595280764637
84.75392025089606
0.0
0.0
0.0
0.0
0.0
0.3733557347670251
4.480283004778973
0.0
29.86869026284349
68.69631123058544
177.34367532855435
50.028001792114694
0.0
1.493414351851852
0.0
1.1200899790919951
0.0
0.0
0.0
2.240142249103943
35.842293906810035
170.25082138590204
90.35285991636798
22.774962664277183
12.320687724014338
0.0
0.0
0.0
0.0
0.0
0.0
0.0
37.33557347670251
111.262208781362
170.25082138590204
190.0396505376344
27.62833408004779
1.1200899790919951
0.0
0.0
0.0
0.0
0.7467278972520908
0.0
32.85528673835125
97.81910842293907
141.87481332138591
136.64964157706092
29.12205047789725
0.0
0.0
0.0
0.0
0.0
0.0
0.0
41.06933243727599
153.4502314814815
224.76138739545996
120.96957138590203
17.921139486260454
2.240142249103943
0.0
0.0
0.0
0.0
0.0
0.0
92.5939366786141
163.53132467144565
177.71706989247312
65.71221624850656
17.921139486260454
0.0
0.7467278972520908
2.6135043309438473
0.0
0.0
0.0
0.0
49.28539426523297
141.50141875746715
135.15568996415772
153.82362604540023
20.161469534050177
2.240142249103943
0.0
0.0
0.0
0.0
0.0
0.0
53.01627837514934
120.2227822580645
141.87481332138591
93.71449372759857
11.947565710872162
0.0
0.0
0.7467278972520908
0.0
0.0
0.0
0.0
45.54999253285544
97.07194593787335
120.96957138590203
70.19026284348865
18.667764336917564
0.0
0.0
0.0
0.0
0.0
0.0
8.2139075567503
41.06933243727599
107.9002016129032
166.14202508960574
67.206541218638
0.0
0.0
0.0
0.0
0.0
0.0
0.0
8.2139075567503
52.64288381123058
130.67312574671445
163.53132467144565
87.36458333333333
15.307683691756269
0.0
0.0
0.0
0.0
0.0
0.0
0.0
32.1086096176822
119.84901433691756
205.34595280764637
90.35285991636798
27.62833408004779
0.0
0.3733557347670251
0.0
0.0
0.0
0.0
0.0
37.70911738351254
91.47337962962963
134.03513291517325
118.72849462365589
26.881705495818398
0.3733557347670251
0.0
1.493414351851852
0.0
0.0
0.0
0.0
29.49514635603345
135.15568996415772
113.12574671445641
125.0745594384707
16.427848715651137
0.3733557347670251
0.0
0.0
0.0
0.0
0.0
0.0
38.82937574671445
190.0396505376344
163.53132467144565
126.94190561529271
29.49514635603345
0.0
0.7467278972520908
1.1200899790919951
0.0
0.0
0.0
0.0
37.70911738351254
159.7959229390681
136.27624701314218
16.05430854241338
7.467278972520908
0.0
0.0
0.0
0.0
0.0
9.707194593787337
0.0
38.82937574671445
139.26030465949822
87.36458333333333
40.69593787335723
10.827396953405017
1.1200899790919951
0.0
0.0
2.6135043309438473
0.0
0.0
0.0
72.05794504181601
148.96766726403823
141.12802419354838
114.24630376344086
0.0
0.0
0.0
0.0
0.0
0.0
0.0
0.0
14.93414351851852
125.44795400238948
141.87481332138591
36.21580047789726
0.0
