33.02486559139785
12.879704301075268
6.652105734767025
3.9360551075268817
2.3940822879330943
6.559102449223416
39.46068548387097
108.62268518518519
187.97192353643968
150.20908004778974
105.18369175627242
44.398148148148145
25.560035842293907
12.289949223416965
3.0124999999999997
5.126037933094384
2.984949970131422
12.10028375149343
27.530764635603344
97.0142622461171
149.2010155316607
176.8092891278375
72.11880227001194
56.17234169653525
14.082213261648745
8.789165173237754
3.957037783751494
1.0782556750298686
3.0709117383512545
2.9427083333333335
6.064404121863799
96.61178315412187
154.86969832735963
185.64777479091995
4.3698103345280765
12.443324372759857
12.813134707287933
6.665061230585422
5.084080047789725
4.070359169653525
2.9726515830346476
5.492980884109916
28.477150537634408
105.46408303464754
228.08654420549578
239.93652927120672
149.78270609318997
78.05368876941456
26.494885005973714
9.313172043010752
4.9793160095579445
2.1917712066905617
2.2389486260453997
8.635752688172044
54.84841696535245
96.32579151732376
197.71953405017922
199.30182198327358
135.8113052568698
52.11618876941458
4.350619772998805
5.092443249701314
5.304995519713262
6.37970430107527
1.740751941457587
5.527292413381123
56.617756869773
110.35244922341697
285.2639635603345
292.07773297491036
186.59124850657108
45.377090800477895
16.305443548387096
5.103979988052568
7.778673835125448
3.603434886499403
2.3618279569892473
9.545176224611708
31.38679808841099
102.74156212664279
225.78479689366787
198.21348566308242
144.21408303464756
48.85005973715651
16.372834528076464
12.222259557945042
12.754405615292711
3.072875597371565
6.148805256869774
14.588821684587813
37.8782482078853
99.6046146953405
245.54734169653526
268.55697431302275
128.05742234169654
36.769787933094385
17.98775388291517
8.311118578255675
5.447099014336917
2.992241636798088
4.051836917562724
8.141689068100359
44.044205495818396
77.41263440860214
179.12186379928315
228.2276732377539
178.53009259259258
63.87582138590203
24.207138590203105
9.846363500597372
4.727187873357227
4.598711917562724
3.946419504181601
4.720168757467145
26.872797192353644
93.86126045400239
277.425701911589
237.68070489844678
189.6524044205496
48.182123655913976
26.48349761051374
9.519638590203106
8.332549283154123
2.19466472520908
5.061574074074075
7.121639784946237
11.842331242532858
94.44444444444444
220.86357526881721
204.61506869772995
99.35483870967741
63.51403823178017
24.354614695340505
11.128472222222221
8.345430107526882
3.9360551075268817
5.1167861409796895
7.574335424133811
25.409834229390682
94.8163082437276
185.47080346475508
172.63515531660693
154.8816457586619
48.43563321385901
18.613313918757466
17.952434289127837
5.22061678614098
3.2576799581839904
5.2078106332138585
10.432609020310633
73.16345579450419
92.77292413381123
247.6650238948626
302.9364545997611
243.26127538829152
71.40270310633214
31.885192652329742
6.970131421744325
8.852897252090802
0.6172558243727598
3.198487903225807
11.758437873357229
37.32250597371565
80.43384109916369
154.52060931899643
196.0020908004779
173.31541218637992
29.83732825567503
20.17331242532855
18.672304360812426
5.598902329749104
3.226945191158901
3.0271878733572284
14.381571087216251
60.648148148148145
90.73962066905615
175.97371565113502
191.65845280764634
132.84684886499403
44.277927120669055
21.623394563918758
10.077508960573478
7.417376045400239
3.2372797192353637
6.153935185185186
14.693212365591398
39.327322281959376
68.09923835125448
174.45303166069297
257.76172341696537
102.06839904420549
68.0421146953405
26.56989247311828
10.031922043010754
9.799021804062127
3.0601254480286735
4.0344534050179215
10.653524492234169
29.050963261648747
90.93600657108723
189.24283154121864
283.88478195937876
134.15807945041817
43.735439068100355
21.714792413381122
8.936790621266429
4.267917413381123
5.479715501792115
7.633549880525688
9.387358124253286
39.737716547192356
81.9959677419355
183.77501493428912
251.57071385902032
142.0430107526882
27.090389784946236
25.34752090800478
10.551560633213859
4.585450268817204
2.91693921744325
7.301261947431301
18.423947132616487
38.48618578255675
169.4011350059737
207.3334826762246
188.67271505376343
95.75866188769413
65.80383811230585
22.804883512544805
6.283004778972521
4.439180107526881
3.018932945041816
4.338620071684588
24.137656810035843
35.492196833930706
76.80368876941458
229.75171744324976
201.48484169653526
125.70191158900836
35.182123655913976
