2.240142249103943
0.0
0.0
0.0
0.0
1.1200899790919951
0.0
70.93738799283155
141.87481332138591
138.89071833930706
110.51508363201911
2.9868690262843485
0.0
0.0
0.0
0.0
3.3602337216248506
0.0
0.0
43.30854241338112
138.1439292114695
173.23906063321385
79.52456690561529
20.534595280764634
0.0
0.3733557347670251
0.0
0.0
0.0
0.0
0.7467278972520908
53.390008960573475
107.15344982078852
125.44795400238948
63.0973715651135
8.2139075567503
0.0
0.0
0.0
0.0
0.0
0.0
0.0
31.735513739545997
131.0468936678614
114.24630376344086
110.51508363201911
31.735513739545997
2.9868690262843485
0.7467278972520908
0.0
0.0
0.0
0.0
0.0
38.08262395459976
151.20911738351253
135.90247909199522
112.75201612903226
21.281257467144563
0.0
0.0
0.0
0.0
0.0
0.0
0.0
50.775164277180416
139.26030465949822
178.83800029868578
76.90972222222223
8.960569743130227
0.0
0.0
0.0
0.0
0.0
0.0
0.0
48.53823178016727
163.53132467144565
111.262208781362
121.71255227001194
16.05430854241338
0.0
0.0
0.0
0.0
0.0
0.0
0.0
70.93738799283155
122.0863201911589
132.1674507168459
92.96733124253285
0.0
0.0
1.493414351851852
0.0
0.0
0.0
0.0
7.467278972520908
21.654760304659497
123.20687724014337
178.83800029868578
76.1667413381123
20.161469534050177
0.7467278972520908
0.0
0.0
0.0
0.0
0.0
0.0
66.45937873357228
153.82362604540023
224.76138739545996
111.262208781362
0.0
1.493414351851852
0.0
0.0
0.0
0.0
0.0
0.0
27.62833408004779
151.20911738351253
129.55675029868578
54.8839605734767
26.881705495818398
2.240142249103943
0.7467278972520908
0.0
0.0
0.0
0.0
7.840404719235366
50.775164277180416
96.32515681003584
106.40628733572282
92.96733124253285
2.6135043309438473
1.1200899790919951
0.0
0.0
0.0
0.0
0.0
0.0
17.921139486260454
96.32515681003584
163.53132467144565
155.6913082437276
22.774962664277183
0.0
0.0
0.0
0.0
0.0
0.0
0.0
38.08262395459976
116.11402329749106
106.77968189964157
140.00709378733572
0.7467278972520908
0.0
0.0
0.0
0.0
0.3733557347670251
0.0
0.0
53.76340352449223
120.2227822580645
112.75201612903226
151.5825119474313
19.041304510155317
3.733557347670251
1.1200899790919951
0.0
0.0
0.0
0.7467278972520908
0.0
32.1086096176822
109.7679211469534
155.31791367980884
100.80734767025089
17.921139486260454
3.3602337216248506
0.0
0.0
0.0
0.0
2.240142249103943
0.0
90.35285991636798
106.40628733572282
96.32515681003584
153.82362604540023
12.694190561529268
0.0
0.0
0.0
0.0
0.0
0.0
0.0
54.8839605734767
126.56851105137396
178.83800029868578
125.0745594384707
4.853823178016726
0.0
0.7467278972520908
0.0
0.0
0.0
0.0
0.0
86.99085274790922
113.12574671445641
97.81910842293907
15.307683691756269
14.561017771804062
0.0
0.0
0.0
0.0
4.480283004778973
0.0
0.0
46.29678166069295
103.04842443249701
146.7307347670251
82.88620071684589
0.7467278972520908
