23.669840203106332
11.870146356033453
4.448140681003585
3.225265083632019
2.3339605734767024
5.829599761051374
20.324111409796895
75.8717891278375
161.0655615292712
200.41218637992833
56.068548387096776
36.10827359617682
19.450194145758662
7.97886798088411
3.6452359617682193
3.320530913978494
6.110689217443249
12.28860513739546
29.494324970131416
89.19205495818397
204.1468787335723
206.18914277180411
132.315188172043
41.945676523297486
25.365180704898442
17.07086320191159
5.388216845878136
3.717028823178016
1.422800925925926
15.59087514934289
36.4335050776583
86.75179211469533
189.5676523297491
193.99454898446834
120.2665770609319
44.07855436081242
26.232937574671446
12.487529868578257
4.9380227001194745
6.362432795698926
7.277815113500599
19.584864097968936
31.596774193548388
92.7116935483871
244.45041816009552
233.7302120669056
160.15270310633215
69.33430406212665
15.873469235364396
9.981369474313023
4.966323178016726
2.030357676224612
5.477747909199522
11.745109020310633
49.79838709677419
106.85185185185183
270.7784498207885
241.12007168458777
106.22610513739546
46.743951612903224
42.8464008363202
22.66569593787336
8.532332735961768
2.7667450716845883
3.7511686081242535
8.924805854241338
41.48838859020311
128.83587216248506
215.4640830346475
267.4107676224612
203.75448028673836
61.71744324970131
24.228009259259256
7.111335125448028
9.628882915173238
3.964986559139785
4.084617682198328
8.612305854241338
31.44937275985663
98.33221326164875
234.6053614097969
240.77807646356032
144.60461469534047
35.79693100358423
17.987529868578257
8.71781660692951
9.649716248506573
3.1793794802867374
4.8684289127837514
7.032071385902031
40.46378434886499
112.70908004778973
165.00261350059736
185.663082437276
102.83826164874552
35.2040770609319
18.177083333333336
6.821049880525687
4.192577658303465
4.57539949223417
4.301549432497014
6.389075567502987
36.47957735961768
67.35812425328554
196.98775388291514
175.9931302270012
68.25418160095579
41.11312724014337
21.96105884109916
14.557758363201911
5.631645758661888
6.801000597371565
4.5165994623655905
8.348491636798089
47.377538829151725
145.2467891278375
242.2076612903226
283.12089307048984
217.33758960573476
47.30361409796894
27.76646505376344
13.092219235364395
5.210125448028673
4.936170848267622
4.180813172043011
2.9840539127837515
38.28251941457587
105.28225806451613
300.1751045400239
239.6061081242533
121.69690860215056
42.269713261648754
22.105548088410988
5.583594683393071
6.748245221027479
3.277490292712067
1.2942502986857825
5.821460573476702
25.260528673835125
80.80458482676225
114.37163978494621
173.49387694145761
54.531810035842305
39.69713261648746
14.97315561529271
8.673200418160096
3.743171296296296
4.137529868578255
3.688989695340502
12.171184289127838
20.283116786140976
65.05339008363201
155.07653823178018
130.29607228195937
86.4889486260454
35.419392174432495
8.363276583034645
7.085722819593787
4.753614097968936
2.750948327359618
1.0970243428912785
13.521580047789724
41.75645908004778
85.83295997610514
247.7848715651135
290.419280167264
205.87925627240142
38.704413082437284
24.173312425328554
10.207138590203106
4.849350358422939
2.9856145459976107
3.269388440860215
4.063272849462366
36.93544653524493
96.71296296296296
218.28517025089604
211.875
158.82056451612902
48.7406660692951
33.20474910394266
6.202023596176822
5.912485065710872
2.4357078853046596
15.405727299880523
13.826799581839902
36.72502240143369
88.29637096774194
208.03539426523298
213.7813620071685
138.1108124253286
71.26642771804062
24.68593189964158
9.28311678614098
6.428614097968938
2.825802718040621
1.271680854241338
7.959192054958183
21.435334528076464
43.00011200716846
149.11589008363202
136.30861708482675
80.51261947431301
37.459789426523294
25.39926821983274
13.76933990442055
8.346102150537634
6.490740740740742
0.9882228195937873
9.143070489844684
39.353531959378735
94.11364994026283
214.8891129032258
270.2180406212664
178.0249402628435
57.71692054958184
24.561118578255677
16.037186379928315
4.719571385902031
3.506257467144564
2.849996266427718
10.900126941457586
46.31533751493429
116.23543906810038
220.61753285543608
260.0645908004779
184.1733870967742
71.37395459976105
32.75242682198327
9.596214157706095
4.044578853046595
3.3891763739545997
3.7136611409796902
4.169239097968936
35.880563022700116
79.87604540023895
197.8942652329749
191.02785244922342
105.0459229390681
35.56253733572282
