0.0
0.0
0.0
0.0
0.0
0.0
0.0
25.014878285543606
116.48738052568697
118.72849462365589
11.574025537634409
7.093738799283154
0.0
0.0
0.3733557347670251
0.0
0.0
0.0
5.226911589008363
34.72207287933094
125.44795400238948
114.99309289127838
91.47337962962963
27.62833408004779
0.3733557347670251
0.0
0.0
0.0
0.0
0.0
0.0
51.148558841099174
146.35734020310636
134.78192204301072
90.35285991636798
0.0
0.0
0.0
0.0
0.3733557347670251
0.0
0.0
0.0
37.70911738351254
152.70306899641574
128.06283602150538
160.16969086021504
15.307683691756269
1.493414351851852
0.0
0.0
0.0
0.0
0.0
0.0
38.82937574671445
119.84901433691756
128.80958781362008
84.38052568697731
4.853823178016726
6.7206541218638005
0.0
0.0
0.0
2.6135043309438473
0.0
0.0
86.24406362007169
147.85129181600954
224.76138739545996
122.83310931899643
6.7206541218638005
0.0
0.0
0.0
0.0
0.0
0.0
0.0
68.32291666666666
134.03513291517325
138.1439292114695
94.08788829151733
7.093738799283154
0.0
0.0
0.0
0.0
0.0
0.0
0.0
30.615330047789726
98.93966547192353
95.20463709677419
29.49514635603345
9.707194593787337
0.0
0.0
0.0
0.0
0.0
0.0
0.0
14.93414351851852
138.89071833930706
145.98394563918757
99.68679062126643
0.0
0.0
0.0
0.0
1.493414351851852
1.493414351851852
0.0
0.0
19.041304510155317
107.9002016129032
159.7959229390681
86.99085274790922
11.574025537634409
1.8667764336917563
0.0
0.0
0.0
0.0
0.0
0.0
47.043944145758665
206.466472520908
156.4384707287933
91.47337962962963
0.0
0.0
0.0
0.0
0.0
0.7467278972520908
0.0
0.0
69.06970579450419
123.95366636798086
105.28573028673836
125.44795400238948
9.707194593787337
0.0
0.0
0.0
0.0
1.493414351851852
0.0
0.0
40.32254330943847
114.24630376344086
66.45937873357228
17.174473566308244
0.0
0.0
0.7467278972520908
0.0
0.0
0.3733557347670251
0.0
0.0
66.45937873357228
120.2227822580645
142.6219384707288
123.20687724014337
7.467278972520908
0.0
0.0
0.0
0.0
0.0
0.0
0.0
40.32254330943847
126.56851105137396
114.24630376344086
73.92562724014337
0.0
0.0
0.0
0.0
0.0
0.0
0.0
0.0
50.028001792114694
102.30167264038232
145.98394563918757
112.75201612903226
34.34897700119474
0.3733557347670251
0.0
0.0
0.0
0.0
6.7206541218638005
4.480283004778973
45.54999253285544
131.0468936678614
170.25082138590204
87.36458333333333
8.2139075567503
4.853823178016726
0.0
0.0
0.0
0.0
0.0
0.0
32.1086096176822
158.67540322580646
146.35734020310636
77.28349014336916
7.467278972520908
0.7467278972520908
0.7467278972520908
0.0
0.0
0.0
0.0
1.1200899790919951
39.57579151732378
134.78192204301072
106.77968189964157
101.92790471923539
9.707194593787337
6.7206541218638005
0.0
0.0
0.0
0.7467278972520908
0.0
0.0
17.921139486260454
131.0468936678614
141.50141875746715
114.24630376344086
8.2139075567503
