4.937776284348865
3.570116487455197
5.894489247311828
3.94392174432497
3.1157034050179213
6.686842891278375
45.803464755077655
129.15919952210274
215.41218637992833
68.67943548387096
49.45191158900836
11.671146953405017
4.851403823205228
5.522812126642772
5.593563321385902
2.5906137993103657
1.7258064516401148
5.955062724014337
55.28300477897252
152.49402628434888
154.11439665471923
106.63866487455198
45.26471027479092
16.009557945041813
5.477113201911589
3.458669354865921
4.077844982078853
2.5906137993103657
1.7258064516401148
7.988366188769414
37.73521505376344
174.82078853046596
98.61111111111111
97.9506421744325
45.41517323775388
6.616237305854241
9.898446833930706
3.549817054958184
4.004666965352449
2.7816606929510157
1.8169541517323775
0.46875373357228195
37.26291816009558
86.51060334528077
107.37380525686977
94.0527927120669
29.876045400238954
6.558919504181601
6.045474910394265
3.458669354865921
2.541543458781362
2.5906137993103657
2.1540845280764636
0.7055816905615293
37.29540023894862
119.57138590203107
157.69862604540023
62.60491338112305
15.133288530493163
6.345579450445371
5.344944743130227
3.458669354865921
3.238873954599761
2.6988761947431303
1.7258064516401148
12.752031063321386
49.91412783751493
145.13515531660693
157.69862604540023
105.60073178016727
41.613649940262846
8.87694145758662
4.851403823205228
3.458669354865921
3.4744997013142176
3.840427120669056
4.063060035842294
3.538284050179211
16.54868578255675
118.80973715651135
111.8839605734767
85.03248207885305
32.72214755077658
6.345579450445371
4.958075716845878
3.458669354865921
2.3887022103020024
2.5906137993103657
1.7258064516401148
11.55766129032258
34.52247610513739
68.56332138590203
93.19369772998806
34.509408602150536
31.39374253285544
11.678987455197133
5.137981630824372
3.458669354865921
2.3887022103020024
2.5906137993103657
1.7258064516401148
7.259199522102748
78.65890083632019
145.13515531660693
138.61260454002388
84.84580346475508
39.84206989247313
8.629106929510154
6.164874551971326
3.458669354865921
2.3887022103020024
7.2038157108721625
1.8929734169653525
1.3412261051373955
33.32026583034648
64.70280764635604
115.4868578255675
25.104166666666668
30.87178912783752
6.460211320191159
5.499365292712067
3.458669354865921
2.3887022103020024
2.5906137993103657
2.3825418160095575
12.687813620071685
41.5621266427718
157.69862604540023
163.3811230585424
106.05249402628435
31.53151135005974
15.723192951015532
6.941756272401434
3.458669354865921
2.3887022103020024
2.670221027479092
1.7258064516401148
2.6706765232974914
49.75731780167265
113.66114097968936
167.49178614097968
70.29233870967742
33.411364994026286
6.345579450445371
5.217592592592593
4.637208781362008
3.2309214456391877
2.5906137993103657
4.376568100358423
0.3334229390953121
59.28539426523297
143.2534348864994
168.35050776583034
118.31354540023895
35.03061529271206
6.345579450445371
6.463410991636798
4.378098864994026
3.0454375746714457
2.5906137993103657
1.7258064516401148
11.223506571087217
27.073999402628434
64.70280764635604
65.15830346475508
10.409386200716845
18.139971624850656
6.443492383512544
5.859206989247312
4.942913679808841
2.553879181600956
2.8453517025089607
1.7258064516401148
12.687813620071685
41.18130227001195
121.23282556750299
148.21908602150538
115.83071983273597
40.013440860215056
7.67099761051374
4.851403823205228
3.5541965352449223
2.595669056152927
2.5906137993103657
1.7258064516401148
7.072147550776583
81.8847072879331
127.47535842293907
114.11290322580645
68.6570340501792
46.09655017921147
8.435931899641577
6.523073476702509
4.323178016726404
2.3887022103020024
2.5906137993103657
1.7258064516401148
5.4282556750298685
43.458781362007166
93.19369772998806
127.47535842293907
98.85043309438471
34.29136798088411
12.391726403823176
6.104390681003585
3.458669354865921
2.6020422640382317
2.5906137993103657
1.7258064516401148
6.879495221027479
5.470430107526882
86.07004181600956
95.44877538829152
102.8602897252091
31.824223416965353
6.345579450445371
4.851403823205228
3.6457362604540022
2.3887022103020024
2.5906137993103657
2.4064366786140976
5.4282556750298685
20.916591995221026
61.510603345280764
49.75731780167265
9.629256272428647
15.133288530493163
6.345579450445371
4.949316756272402
3.595590651135006
5.2700119474313025
2.5906137993103657
3.7190860215053765
12.958870967741936
41.5621266427718
116.819743130227
181.01478494623655
75.35132915173237
32.72214755077658
11.107004181600956
