593.1443466248505
205.43834565412178
183.35881347072876
153.70111043906812
117.78644481780161
224.9305062724015
928.397588112306
2896.1388888888887
7027.3601665173255
4887.005073924731
2281.6888179510165
1242.008874701314
561.1114314516128
298.1789665471923
226.1551579301076
108.36417152031063
154.28754965651137
412.9477460424135
1205.010345728793
4104.583822431303
7806.992372311826
6818.366132765833
3946.4689366786133
1081.5310931899644
433.8168828405018
159.5295056750299
139.57964717741936
136.78137115442055
186.75693959080056
347.52098118279565
501.9519130824373
3340.7557048984463
7179.954898446836
5318.242499253285
3368.9702135603347
921.3956541218644
794.1006880973713
210.04164538530466
126.54342028823177
134.80875052270014
126.62341502389489
207.7043391577061
441.47847894265243
3062.5146430704904
4506.61999327957
4057.671897401433
230.1922245445042
706.1494657258064
352.74009333930707
247.40002762843488
255.28759483273592
98.09538343787335
164.98537854689363
750.2439579599762
1341.7363388590204
2421.4060185185185
6114.035528673836
3642.713078703703
2355.7532295400247
806.7813982228195
369.2113063769414
258.37658378136206
88.9242358870968
149.2618320639188
131.78263265382316
175.47679622162488
703.6472491039428
2860.872912933095
5739.2736521804045
2736.6658938172036
3027.892349910395
811.3052665770609
323.8660263590202
356.9235931899641
159.44298387096774
111.8570615666069
82.8487133363202
261.1493152628435
736.9987328255675
2452.4049081541216
6862.099268219834
3370.0393705197134
1986.583497610513
378.1492581391876
372.7150813918758
333.9710480137396
166.86761835424133
227.9996370967742
95.29433926971325
156.0838826538232
497.70669168160106
2437.231836170848
4418.833811230587
4193.274593040622
311.3747987977897
601.2922912933093
337.20541965352453
248.80574783452806
124.05062182646361
144.1741240666069
109.70472897998803
132.3308072356631
436.63780951314226
2460.719575119474
7303.594937275987
4642.24950716846
2784.502535095578
808.9665449522099
313.5195844534051
145.89669728195935
139.8173454301075
83.62001877986857
102.9119173760454
169.62290695937878
571.6074025537633
2307.2330159796893
8495.171258960574
4577.845347968935
2394.0879816308243
1294.4228867980887
329.8322864396655
294.1476157407407
310.1358661887693
177.5262850955794
74.31234557945041
226.62856630824376
434.8559815561528
2196.8615479390683
5361.147162485064
3695.460140382317
771.844699447431
641.1827553763442
294.4172330495818
181.92631496415774
120.09434012843488
223.42255241935484
115.38682829301074
88.5437317054958
574.4499873058543
2451.069496714456
5748.098394563918
4895.91645758662
1505.065572729988
617.2138806750298
631.1142450716848
652.8416020758663
137.77795362903228
217.10915875896055
120.43180287485066
229.39625037335722
314.05487455197135
2552.7023036140986
4521.484531810036
3050.0280876642764
1802.4849462365592
662.4216248506569
265.9057877837516
224.58373245221028
200.19475433094394
326.85365841547195
90.67799649044206
139.7872626941457
587.481875
1541.4025119474309
3123.014377986858
2944.678087664277
1203.1772625448039
470.56145459976113
358.8843985215052
350.97215016427725
136.87665434587814
79.57327038530468
168.13469059886498
210.52151583034652
627.0081683094386
3246.62748655914
7730.022147550778
5238.500716845878
3235.880350209081
1435.5109468339308
567.431467667264
255.32730436081238
180.9071273894863
170.2975664949223
71.73856227598566
224.50480772102745
379.4491969086022
2628.2181190262836
7912.316297043012
5072.381108124253
2897.8411252986834
694.0535890830348
292.12798909796896
160.68933094384712
114.08420295698924
132.05897076612905
75.42448499103946
192.90601067801674
982.2263888888891
3443.188608870967
8337.001127538831
4181.315983422939
2275.054935782556
1047.0450231481477
399.76658042114684
117.23940270310632
173.2100186678614
136.8160836693548
127.03843772401437
351.932408527479
849.4115695937875
3091.8621863799285
5912.510804958185
5621.201228345283
3522.809837962963
1212.0862007168455
618.6302352150537
214.59922304360816
114.87870310633215
160.59564232377537
154.56788687275989
330.13004778972515
731.5593540919954
3003.033874701314
8314.057631421743
6593.417596326165
3332.394926075269
1030.739859617682
477.0110203853045
268.2029189068099
138.96788194444449
136.7363782482079
97.1229932422342
296.947521281362
627.403278823178
3394.1272625448023
9980.486420997615
5425.823842592594
1938.2171333632016
702.0854573626041
