508.2131208930706
185.01058542413386
149.814978718638
135.0515240442055
116.54511966099166
203.71669466845879
773.6322427568695
3233.959494474312
7167.377247610512
5816.5104764038215
2839.2348528972516
739.191986633811
317.70195489844696
147.2651261947431
176.3227639635604
118.66276101403827
114.32126978793312
179.71666106630818
557.4038735812426
2420.3980212066904
5894.164004629631
4284.741009557945
1545.0068772401435
589.2824156212664
291.818951239546
369.989597520908
141.08492383512547
124.604835536141
123.82410954301082
246.7853390083632
284.2167723267623
2032.8726403823175
6320.811316457588
4396.926500896056
1415.4989023297487
555.7224238351256
286.97206541218634
273.1811921296296
156.99373133213862
106.53857175925924
160.82092891278373
190.71925067204305
891.1451314217445
2820.184946236559
6942.84973864994
5368.8497199820795
2794.403599163679
1185.3304062126642
229.23282855436074
142.20934625149349
141.80513515531655
68.97378401284348
66.96266543458779
151.18907034050181
284.4623002538829
1809.4180443548391
4638.963343787337
2440.8848528972526
995.3538082437276
399.9419892473118
434.6419582586619
383.8044190561529
153.86567652329748
117.54955234468339
91.3255224537037
167.08272214755078
580.2261163381127
1614.97851702509
5884.95145235962
3889.0299208482684
1435.9818847072881
606.5836350059735
294.1106866039427
235.5737619474313
201.1191849611709
173.4271643891875
124.93291024492233
231.41057683691756
680.5690744474313
3313.7424619175627
7735.196990740739
5203.716218637995
3382.7117682198327
859.1798607377538
746.1768776135008
160.0898749253286
151.7237552270012
137.98867805406218
110.24064497461168
226.32192689665467
326.10323402031065
2384.2297341696535
4984.29463485663
4362.109557945042
1520.9934849163678
619.4162051971322
427.7705671296296
375.93104950716855
151.6506637544803
226.70223200418158
138.05515572729985
289.50159983572286
851.7581354540024
4354.3544989546
7984.555409946238
5623.36711469534
2833.096128285544
1169.6150126941457
415.06093152628443
237.431039053166
173.1252098267623
164.5280574223417
146.98234972371563
216.7059330197134
729.809216323178
4496.202411887694
6950.4414351851865
5439.834177120669
3448.4027553763426
1186.920605585424
569.5877673237753
178.0260140382318
47.74817100507765
95.79879260005977
91.49713713410992
40.77050026135006
501.444270086619
2558.8486521804066
5341.807004181597
3305.9151433691754
1349.1741375448028
609.3937078106333
320.37332437275984
315.9005570489844
136.34902292413378
154.0763676075269
137.25651415023893
190.78158452807648
529.459332810633
2429.217323775388
5352.737208781361
4090.601575567503
1948.4854204002386
842.2918021953407
358.3138381123059
282.19471475507765
126.7629349611709
133.47570459976106
99.93159692353646
159.35637955495812
622.1748991935482
2370.417529121864
6617.380081391876
4950.760017174434
2039.4902927120665
787.3734767025089
345.9385349462366
366.9152505227001
138.06225395758662
156.14385409199528
92.71662003434886
51.87446945937873
668.3752538829151
3235.5465203106332
6923.3181600955795
5486.99666218638
2405.47598192951
881.5039124103946
470.8491972819592
161.63013179510153
185.1842107228196
162.3556297043011
321.8281645758662
382.8613145908005
1121.6465800477897
3057.425343488651
8299.859087514933
5707.931675627242
3239.6852038530465
1268.6817465651127
342.3810577210277
336.2842346176823
179.35316905615292
207.2127651956392
174.31173536439667
222.16880861708486
799.1908318399048
4163.182945041816
8381.17766950418
6399.719388440861
2607.325414426523
1310.562865890084
592.809646430705
181.14405876642778
149.0590565262844
129.74860778823177
94.72764224910391
223.04525649641585
832.4740460722818
3348.8194743130225
7190.9209826762235
5797.337096774192
3621.4556862305863
1304.4100545101558
424.55009744623663
337.27239732676236
180.29962178912777
322.95953811977296
189.41832810633215
350.6897729988052
794.7626706242531
3244.259725955795
7748.410312126642
5986.055264336916
3813.9375784050167
1142.655615292712
627.8234778225806
184.14225358422934
161.11266390382323
123.5137722894265
95.79343705197134
246.91213410991634
576.3002710573476
2783.6346027479085
5846.704439217442
4969.087070639185
2752.436839157707
1018.1580122461172
255.30605062724004
249.36716397849463
155.72262059438472
162.70648428166072
181.73435207586618
155.88565972222224
562.8182967443249
3699.333471475507
7574.770038082436
5725.805925179212
3269.4197841995206
1018.5351665173241
