0
0
0
0
0
39.52077451745514
715.2320622452672
1817.9065880457315
2280.8132583049155
1235.5534690903764
23.495154593046863
12.59039534749322
0
0
0
0
0
114.40013714042075
740.5778474567198
1043.258746090995
1368.3111244268084
470.18977742081006
116.42988071358162
0
0
0
0
0
23.421740651236792
71.1162551759412
411.49741665197126
988.8081578706408
1351.1842540240664
565.552503674125
166.79721638042196
7.117000888827043
0
0
0
0
0
26.058156892363257
290.62075656207156
751.352802210849
796.3844474677495
451.8953861848833
159.62506184303638
8.626309992625096
0
0
0
0
0
0.5083814101388455
380.4205873145794
1125.9702181714342
1202.4013538603542
539.4893273613886
95.96184324716114
0
0
0
0
0
0
0
40.023182155255675
925.5582754619833
1412.332960686665
242.45942304840133
61.26177978354999
0
0
0
0
0
0
0
312.4531776083966
765.8228534562886
1144.1025141656314
482.69270574473376
115.11987454887452
0
0
0
0
0
0
42.24285195473551
348.8060270028584
1182.691595471651
861.6991851180002
495.62966171148025
57.498467529696725
0
0
0
0
0
0
17.328257828955685
411.02977299094425
1608.7830692568307
1199.6240066339806
1192.1104822455902
220.3937527405057
0
0
0
0
0
0
7.999286844555094
245.20782812818254
1013.4956258032574
1633.655256181236
496.27847594068146
208.23176071048903
0
0
0
0
14.388543139012889
0
0
271.04120288071044
977.7460490720113
1340.3664512092812
279.8452640974878
5.749929377506447
0
0
0
0
0
0
12.8470789410799
424.3059427089339
1242.2681668873818
1471.1705544270153
578.2179459624722
95.56572694952493
0
0
0
0
0
0
45.57046317223123
445.93728259059174
1353.5335496397054
2132.2292477736205
834.0534593022713
152.66149340010443
0
0
0
0
0
0
0
738.3294900106235
1391.7215668093215
2023.362729085126
893.7176602087467
211.24293787384124
0
0
0
0
0
0
57.10349215738823
383.92192359817153
872.7287953378616
1677.5087172391104
678.5849793627426
48.50287802319387
0
0
0
0
0
0
18.65702182729821
285.8551335755112
575.2564596556105
970.0929716316825
426.4870478269389
51.454386449846524
0
0
0
0
0
0
0
220.78351088859858
895.3370144759629
917.2326969543993
388.80685748120766
43.902527344912755
0
0
0
0
0
0
0
314.04983149466204
1280.44182077504
1666.1953989818985
909.730179517331
349.8546011893019
0
0
0
0
0
0
0
352.05794132646696
1113.4674806672435
1301.9214350977372
688.2348114828274
62.59604805179771
0
0
0
0
0
0
59.79757862601214
424.71731251858756
1056.3947379866813
1591.2716992238256
482.3935190625434
32.49208266277395
0
