19.530353942652333
17.324036738351253
7.447095280764636
5.354790173237754
6.024298088410992
24.95795997610514
50.16913082437277
158.7492532855436
208.0988649940263
281.01329151732375
193.36656212664278
69.9537037037037
23.70359169653525
19.354353345280764
7.017622461170848
3.3465651135005974
3.519313769414576
9.048349761051375
38.62343189964158
76.21154420549581
192.21512843488648
220.62948028673836
99.13007765830346
22.195713859020312
13.780801971326165
7.374103942652329
3.649477299880526
4.08593936678614
4.44323476702509
4.526530764635603
22.725993130227
95.9001642771804
193.42107228195937
197.54741636798087
71.89665471923536
21.46023745519713
17.320415173237755
8.006160394265233
5.805331541218639
4.650563769414576
2.6347408900836315
4.46326164874552
25.34251792114696
108.08841099163678
188.7470131421744
182.05757168458783
119.48738052568697
63.17241636798089
35.28181003584229
13.254368279569892
5.674171146953405
2.3693548387096777
6.682721027479092
9.627128136200717
46.82758363201911
115.07056451612904
172.08818697729987
218.75
91.92129629629629
19.36480734767025
19.339717741935484
7.715651135005972
4.0568287037037045
4.719548984468339
3.858471475507766
5.3735065710872165
53.28965053763441
130.67428315412187
216.15068697729987
257.64859617682197
139.56429211469538
33.56373207885304
21.658714157706093
8.534796893667862
4.1520609318996415
5.5757541816009555
2.097147550776583
13.730249402628433
38.4986559139785
125.66382915173237
250.42936081242533
235.67465651135
171.72901732377537
35.083781362007166
21.24372759856631
9.883848566308243
4.474798387096775
3.4612903225806453
2.3457997311827956
7.615890083632019
15.975619772998805
99.17600059737157
211.71184289127837
268.5188918757467
177.98013739545996
38.17252837514934
23.243242234169653
22.284722222222225
4.185233721624851
4.059423536439666
2.1755264336917564
8.571049880525687
30.481220131421743
117.98909796893668
301.40718339307045
231.26157407407408
111.94743130227002
71.60506272401433
32.020534647550775
11.322879330943847
5.890755675029869
2.1851441158900835
5.321385902031063
8.3163082437276
36.32022849462365
91.93137694145757
212.0665322580645
248.67308841099162
203.54278673835125
70.10379330943846
15.58456541218638
9.525388291517324
5.5004853643966545
3.506347072879331
6.470362903225807
13.612716547192354
42.20056750298685
90.78479689366786
236.11820489844683
262.0926672640382
178.1425477897252
40.682310334528076
16.773633512544805
10.926672640382318
6.943287037037037
2.2778561827956993
2.233381869772999
12.692540322580646
22.973043608124254
50.83183990442055
227.13373655913978
260.3961320191159
214.5456242532855
51.5722072879331
31.975395758661893
14.546333632019117
9.124514635603346
6.661514336917563
4.651097670250896
6.951911589008363
19.374701314217447
78.55100059737157
160.54696833930703
217.8770908004779
149.6792861409797
42.952210274790914
19.52471624850657
12.101777180406215
3.7907706093189963
2.627669504181601
2.4685521206690564
2.773719384707288
28.225134408602152
69.35035842293907
227.9174133811231
231.7536589008363
116.51620370370371
58.746639784946225
24.46419504181601
8.94115890083632
6.028076463560334
2.7164165173237755
4.1463709677419365
9.39527329749104
27.049059139784948
108.79181600955795
202.9330943847073
274.54114396654717
135.36962365591398
64.17674731182795
33.608012246117084
5.052158004778972
3.733646953405018
9.2886798088411
4.476205943847074
18.299395161290324
22.142771804062125
93.24484767025089
125.92592592592592
116.55876642771804
52.206914575866186
14.532706093189967
10.184065113500596
10.175365890083633
14.104950716845877
4.17962962962963
2.0622311827956987
2.667670997610514
37.12716547192353
87.58848566308244
220.93115292712068
226.1159647550776
126.55764635603346
61.590501792114694
28.999327956989248
9.678464755077659
4.7498207885304655
3.5081466547192353
1.708549880525687
8.243204898446832
19.26556899641577
105.0645908004779
180.48387096774192
184.71998207885304
88.47147550776585
35.63123506571087
14.009520609318997
12.739620669056153
8.452658303464755
5.0891950418160095
2.2922640382317807
13.121005077658303
25.236857825567505
93.50619772998806
176.26642771804063
113.66450119474311
32.599313022700116
22.742495519713263
16.707213261648743
9.057646356033453
4.954525089605735
6.050365890083633
3.9600395758661895
6.30148596176822
22.262320788530463
70.31772700119474
191.89105436081243
188.15785543608126
103.2418608124253
42.635640681003586
