8.83549880525687
3.6238463261648746
5.242495519713262
3.2911439665471924
3.0791143966547194
9.205510752688172
54.88724611708483
124.58183990442055
178.19967144563918
128.87582138590204
47.38575268817204
7.034162186379929
6.535058243727598
3.458669354865921
2.711503136200717
2.5906137993103657
1.7258064516401148
5.029883512544803
34.14389187574672
72.08408004778973
62.92189366786141
63.691382915173236
20.46669653524492
10.125074671445638
4.851403823205228
3.595590651135006
2.3887022103020024
3.9001269414575868
1.7258064516401148
0.6152292413381123
64.12783751493428
215.3935185185185
128.57676224611708
70.29980585424134
20.506645758661886
6.345579450445371
4.851403823205228
4.942913679808841
2.423727598566308
2.5906137993103657
6.434587813620071
5.094847670250896
40.568996415770606
152.49402628434888
142.648596176822
75.35132915173237
31.53151135005974
11.671146953405017
4.851403823205228
3.458669354865921
2.3887022103020024
2.9886499402628433
3.035319593787335
11.000612305854242
53.580495818399044
107.54554958183991
140.5428614097969
75.04144265232975
19.02217741935484
6.345579450445371
5.2367084826762245
3.458669354865921
2.3887022103020024
2.621659572879331
2.46135752688172
11.458721624850655
52.70683990442055
154.11439665471923
201.25448028673836
97.40554062126644
37.04002389486261
6.345579450445371
4.851403823205228
3.458669354865921
2.3887022103020024
3.980510752688172
3.0723192951015528
4.876807048984468
34.52247610513739
119.57138590203107
157.69862604540023
106.53412485065711
31.647998805256865
7.046109617682198
6.76187275985663
3.753207138590203
2.969832735961768
3.6477747909199523
1.7258064516401148
8.811992234169654
47.136350059737154
87.3618578255675
134.45340501792114
88.96393369175627
42.207287933094385
7.375672043010753
5.610849761051374
3.458669354865921
3.238873954599761
6.041554659498208
1.7258064516401148
11.000612305854242
50.38829151732377
135.44653524492233
176.32541816009558
90.05787037037035
38.52523894862605
15.982676224611708
7.434550477897252
4.405988649940263
2.3887022103020024
2.5906137993103657
1.7258064516401148
0.36526471027479085
37.53360215053763
119.2465651135006
113.66114097968936
89.52023596176822
52.666890681003586
8.034722222222221
5.556712962962962
3.458669354865921
2.3887022103020024
3.2274492234169654
2.837514934289128
9.328718637992832
55.35394265232975
102.87858422939068
119.3847072879331
102.82295400238948
49.65576463560334
11.440412186379929
5.217592592592593
3.458669354865921
2.8094011350059738
2.5906137993103657
1.7258064516401148
8.453195937873357
47.046744324970135
130.7347670250896
114.91562126642772
104.68227299880526
48.27396953405018
6.345579450445371
6.164874551971326
4.772140083632019
4.892249103942652
5.337813620071685
1.7258064516401148
15.076179808841099
32.9043458781362
84.42353643966547
100.71311230585424
85.1370221027479
33.13284050179212
6.835946833930705
4.851403823205228
4.058094384707288
2.5725806451612905
2.5906137993103657
1.7258064516401148
15.808333333333334
80.42861409796893
170.75866188769413
261.6636798088411
113.28442353643966
29.873058542413382
15.321087216248507
4.851403823205228
3.458669354865921
2.3887022103020024
2.5906137993103657
1.7258064516401148
14.31789127837515
50.38829151732377
185.59587813620072
185.59587813620072
117.17480585424134
34.6777927120669
12.148670848267622
5.2721027479092
4.036589008363202
5.851441158900836
2.8947132616487457
3.3417712066905616
12.687813620071685
66.70773596176822
121.23282556750299
128.61783154121864
85.8090651135006
21.17943548387097
6.372247237156511
4.883245594384707
3.458669354865921
2.9332063918757467
2.6256391875746714
1.7258064516401148
7.072147550776583
60.67054958183991
215.3935185185185
224.081541218638
134.211096176822
39.84206989247313
13.35946833930705
4.851403823205228
3.474590427120669
2.5733908303464754
2.5906137993103657
1.7258064516401148
8.240008960573476
2.7211768219832733e-11
86.51060334528077
67.5739247311828
68.67943548387096
21.374327956989248
10.218413978494624
5.436491935483871
3.458669354865921
2.3887022103020024
2.5906137993103657
1.7258064516401148
0.3334229390953121
15.710125448028673
81.8847072879331
86.07004181600956
42.949522102747906
15.133288530493163
6.345579450445371
4.947726254480287
3.458669354865921
2.3887022103020024
2.7203703703703703
2.512283452807646
6.367622461170848
42.02508960573477
105.8355734767025
207.77329749103941
57.80727299880526
35.22326762246117
6.345579450445371
