0
0
0
12.80698307836656
0
0
579.541724730333
1580.6959398975837
905.0628102762419
962.9896250043552
261.81590578779
0
69.9062275036137
0
0
0
0
64.04369299466205
474.9282058796589
755.4469928054516
1177.9747295642037
394.2705719249919
75.25821106005715
11.68839575742993
0
0
0
0
0
47.26496335993164
463.4538085277179
1218.7861297941768
1850.2489941674355
772.0556398748417
127.99102611757846
36.765447722757756
0
0
0
0
0
8.926399126532914
602.0815913888338
963.6691104545766
1070.3397939432575
627.3464017165438
141.2527500150794
0
0
0
0
0
0
69.53447908038973
0
750.0715473231663
926.3357923310833
803.3931505394055
65.86316493174898
0
0
0
0
0
0
0
638.6880193715041
964.3777199064278
1101.158752203989
597.6117154617824
67.82752799143532
0
0
0
0
0
0
18.46329630345729
256.4097188270346
765.8228534562886
1364.0913134487857
58.13737420351512
110.6232720996511
0
0
0
0
0
0
0
60.346312247780816
404.21601303437495
982.0367000522898
334.4431324402736
0
29.561690211611513
0
0
0
0.2607451993280172
0
64.1862700750728
471.472948020813
1229.565252649901
980.6451386530966
779.3946817676933
64.80097346929897
0
0
0
0
0
0
0
295.2548338032124
788.5187739514058
1124.3433535528009
575.6601963707889
22.069649002006358
0
0
0
0
0
0
9.125943728399626
175.66638955932444
838.2653889764316
824.4983956537255
620.8507151130195
6.540587979657005
0
0
0
0
0
0
18.576693636420416
250.1542850028407
1613.1888658121127
1794.003589074566
342.48989936749024
179.25595245729076
0
0
0
0
0
0
0
422.47700779967164
246.06730113313432
924.9674496852089
454.11805010274907
137.65327954108406
0
0
0
0
0
0
0
369.1505025554262
792.8730005010779
1030.6398348198927
703.1475437212916
50.6448195942714
0
0
0
0
0
0
34.059286661569786
320.84844689566245
1251.261128073823
1833.344664073041
612.1852631142359
57.43123077110309
0
0
0
0
0
0
23.239160417501296
537.7412969566344
1261.1980665851204
1283.4494531131638
693.5681410169032
240.3271089707545
0
0
0
0
0
0
34.33318645739257
315.5151043772485
1630.2791441055922
1727.8547100965739
946.5170576006822
98.43627883834162
0
0
0
0
0
0
0
256.4511905149726
1469.8123404883017
1257.629837452627
580.1177243201986
16.32786881176318
0
0
0
0
0
0
0
332.5881085905051
914.1649119695131
1138.734831155085
475.62392438605315
0
0
0
0
0
0
0
23.320166738317965
94.47134477665213
474.02765315991917
698.6567051975414
241.78001846517193
0
0
