358.1968988948626
237.46342592592597
203.99547864396655
84.59757997311826
116.84490001493428
121.37910271057352
706.5865737007168
3649.4945527180407
6256.960427867386
6679.250317353644
2876.613183243728
836.472831167861
480.435608572282
224.90266091696535
150.36801000597376
111.44567831541217
164.5342196833931
78.46285300925928
500.11259109916375
1719.039680406213
5432.331205197133
2999.1761462066906
779.932100881123
553.1684673685785
220.34489097968935
326.85125522700105
145.8888810483871
174.5999065113501
265.7453515158303
214.02670586917557
725.2850686977297
3360.6570676523297
7604.33374775986
5577.728834378734
2410.638638739545
1214.5432198327355
505.2289415322581
217.2974902927121
164.45382877837514
124.02081548685784
74.69285640681005
274.6480126194743
616.7330223267621
2488.407646356034
5240.133086917562
4308.092891278374
3403.1189478793317
1177.8172976403823
571.3258598416963
229.22983796296282
198.83979764038224
164.0770896804062
153.8025539874552
136.0219030017921
653.3920635454006
3148.5763104838707
6190.763642473117
5895.918824671446
2059.071460573477
697.7201840651132
371.2330417413382
250.59364359319
122.28708277329751
126.06341707735962
114.41902452956988
237.6987089307049
700.1074357825568
2730.537608273597
6592.278490890084
6488.675235215053
2177.817652329749
1108.6499029271206
434.64201463560346
306.1131735364396
195.1141293309439
125.7396022998805
165.7718119026284
99.3501824596774
556.636822729988
3244.7233572281953
7785.53319892473
4221.233139187575
2186.5423088411
619.9840501792114
257.5940897550777
353.1185808691756
161.7516681600956
224.8062578405018
53.79766300776585
116.94274999999999
565.7713422192354
2038.4109094982075
5227.266106630824
2377.3101441158906
1506.5214456391875
1158.355760902032
364.8145829599761
543.5075134408602
156.8996337365592
167.56162709080047
66.93529831242532
188.32153188470724
547.4054581093188
2281.0245333034654
6718.546460573477
5902.060121714454
2685.0769862604543
696.9275724313021
385.1774245818399
219.72311081242532
136.859451239546
128.7692305480884
116.75910737753885
102.92407743428913
687.8384998506573
2124.586185782556
4674.557762096773
3734.1208295997612
1848.9546557646363
634.9555607825566
313.5941356780167
188.3955996117085
134.85060446535243
285.42782041517336
145.7656766353046
178.3935435334528
382.71390382317804
2363.36521430705
3950.775944593788
3398.524843189965
1781.4104204002392
737.1708885902028
341.91739284647554
305.4888142174432
241.84718787335723
122.40175448028671
148.57104771505374
429.91411925029877
708.3025552568702
2123.0313172043006
5930.628419952209
3815.1366300776567
3448.186036439665
710.7515307646354
282.9649137544803
247.01750373357223
139.35321871266427
135.8763257168459
101.96962328255673
260.0774518369176
492.54077172939077
1782.0244063620064
5381.122326762244
5163.4811155913985
1988.4645945340499
1405.3287410394266
496.8434401135006
372.6924940262844
194.08382952508958
323.17584908900835
186.2857467144564
344.1583135454001
677.728427792712
1876.3527180406209
6393.659348864992
5733.8489433990435
2305.037619474312
1307.4384259259257
413.43602262544823
217.85697767323776
230.89376157407403
102.5112363724612
82.29491577060931
230.53189665471928
1004.8363127240143
3741.3522513440844
7727.1865367383525
5520.729174133812
3118.7653785842285
1618.5117010155313
321.5064254778972
192.07639672939067
179.67568473715647
167.20500739247314
102.64622110215052
175.75714643070486
748.8514516129032
3438.080070191159
8074.708893369173
4202.590748207886
2989.87709453405
864.306978046595
452.4966035692951
352.86615852747906
142.05758997909197
185.22276717443256
91.54074604988052
160.9305047789725
1165.0254256272399
4775.737201314217
8608.158344534053
4359.253154868577
1903.0244287634405
1034.5726627837514
461.48043981481493
176.77518761200716
193.4172360364397
93.85902404420547
118.6965984692354
133.14465539127832
531.633107078853
2906.351139859618
5863.117308841101
4442.846400836319
1917.091984020311
877.2434998506575
289.5125280017922
266.5638052568698
180.70372647849464
136.725151396356
156.38666789874554
401.29552083333334
845.3903737305855
1487.8646505376341
5836.445467443251
5386.621621117084
720.8038425925924
622.3595978942654
218.81456466547198
151.5648596550179
109.4061132019116
131.87213336320193
89.93717211768221
301.07586656212663
826.3997199820789
3102.221482974911
5856.025515232976
4793.769343637994
2063.7370818399045
771.6247722520908
