1252.0578104539343
966.2912177295365
660.9709432406528
658.6334129724228
641.5780033899823
858.5096942133023
1106.1954338371881
2052.6080348747464
3171.1252356208233
3938.595697458555
2812.3162561507693
1898.846436498553
1528.1143759372067
1032.648163499897
738.3527340439365
597.2687213976419
666.6806868896813
1077.710837268715
952.3131184995947
1791.5344563996007
2787.9427209186642
2317.025953701631
2030.381235694334
1629.6716347924425
1431.0979638591768
951.0350093117113
681.0059551674674
828.5923246935756
708.030536738586
970.7347116380442
1744.7486080499928
2281.675402248023
2875.8255122396654
3998.9294312583397
3555.2388019404766
2127.209968921984
1696.550386547352
1243.601086215388
758.7854845904108
1026.023785360088
677.8495075390686
849.9552999120235
1481.1510174869786
2175.2963974494946
2901.7992364928214
3174.9567870579385
3464.7137527104705
2209.8530818308896
1660.4408962197567
1307.5318223960883
697.7230485982285
820.1226092602403
759.5440463158955
1204.9976487418055
1536.8225892853436
2303.371614152966
3465.7995999562504
4118.304681759673
3282.108479526927
2611.5512324758693
1672.4164984930173
1310.0578671474746
974.2983200540646
1226.0462412766876
1181.7431393165864
1893.424682802365
1779.7658219850293
2505.2594351008997
3772.485970464933
4320.116914134412
3243.391456465135
2329.687795357167
2002.8231104222557
1411.5104334808666
1149.9508768822661
1106.2190428943366
1272.6694363920458
1592.142988659725
1858.8619510740727
2737.3220657832044
2874.473444503862
3388.0091740120815
3035.63260025991
2330.125444633487
1903.176864148025
1412.9375166277832
862.560014491596
1317.2943962731308
835.5024750601489
1368.969315107054
1513.1190811499157
2376.7091288133242
2957.338502999674
2958.9924660646047
2805.7656129281904
2254.421543729263
1546.0689006842713
1379.204692886266
849.5532544319655
1064.7529175617963
1067.6143015939094
1046.5340347425285
1453.0426082478234
2145.88109178087
2896.038447716179
3426.6926431935426
2695.4328139262993
2177.772679203609
1803.0549195283027
1242.1194474369422
1198.3009940277732
1305.1592716119562
1260.9466926885116
1749.6884518695774
2131.176400824966
2736.1673277144564
3004.761411861662
3746.5729267623133
3784.3238940399515
2787.479945810381
2549.804088334042
2039.4323099519888
2151.576777274517
2142.22160653643
1898.3680556641461
2417.2758988490245
2335.379475809805
3065.339852808171
3895.7049735815704
4565.990282848335
4576.360129238552
3619.845040993019
3269.4400598109974
3016.044956300372
2460.8583960786705
2754.237749389978
2175.703483160343
1904.177418767462
2029.6588003170407
2825.8401443386474
3471.0972462909554
3822.933041014263
4031.240788364542
2818.184134913235
3060.4445222228687
2364.8708938821737
1639.9024681967783
1819.0987510100945
1761.983057975879
1460.004594905655
1969.8411058260704
2691.0539984500324
3416.887006479617
4167.0687579874775
3844.3383087315915
2792.2960415511657
2183.5605520042436
1714.1715501857423
1591.3348604519917
1401.1758817949321
1486.0417819340837
1660.4970986914623
1820.980733938708
2649.078487693227
3523.0320480578375
3667.907411373031
3577.7020663936823
2613.784724478962
2142.8887419123093
2169.482456174522
1528.4634611108531
1484.110625535967
1545.208147217329
2002.4729545691155
2318.3487638653924
3099.1684884506744
3757.50573785412
4339.266676685317
4377.906867130156
3512.676889249308
2045.0593111053945
1544.5074516241789
1042.5259955660454
1301.9541598806186
1005.5353674944121
1542.3383254735202
2017.0498112753166
2887.7641522011713
3957.1062144690263
4653.850854305045
4275.409165912422
2606.482784411832
1995.1586096333563
1121.8469107671763
1080.207331262909
973.2258907036794
1051.7839419291265
1149.2537185510905
1853.0654336955643
2423.6163457141306
3086.552411339054
3947.5931103397725
3475.539823095667
2410.5171578420036
1525.5865331701098
1086.6041601384338
877.9697269174391
921.085091686809
1066.2308918250565
1323.1823981640482
1906.0999257625463
2564.7371547072653
3241.7670832217473
3470.431364422316
3382.528894647187
2341.305248908043
1468.1724353538223
1255.27650663272
889.0332236063247
1060.5225879500554
1095.5574321525976
1795.9872942605427
1956.3541763685987
2687.101664378473
3302.9784706597807
4227.098275462255
3160.5215364588867
2771.915057515237
1967.0611752795373
1594.9237222492457
1169.152403087412
940.1216142236914
1185.475370296844
1583.2279555430057
1864.3578964700455
2635.367086106902
3456.5481069039197
3650.6727641196485
3114.3104558380055
2369.454319687046
