5.815785543612612
4.146132019120379
2.863575268821692
3.1056227598611184
2.068884408606638
0.3997162485110588
4.487753882915173e-12
170.6235065710872
348.713784348865
354.28651433691755
150.68436379928315
21.42096027479092
5.815785543612612
4.146132019120379
2.863575268821692
4.225690710872162
2.068884408606638
0.3997162485110588
4.487753882915173e-12
114.2461917562724
455.86805555555554
482.7273745519713
158.89896953405017
14.700642174432497
12.163007765830345
4.146132019120379
2.863575268821692
3.1056227598611184
2.068884408606638
0.773073476702509
4.487753882915173e-12
134.0344982078853
531.6427718040621
456.21677120669057
164.49783452807645
7.606780167268525
5.815785543612612
4.146132019120379
2.863575268821692
3.1056227598611184
2.068884408606638
0.3997162485110588
55.257616487455195
212.0676523297491
633.2138590203107
644.7573178016727
315.3330346475508
40.089045698924735
8.429289874551971
4.146132019120379
2.863575268821692
3.1056227598611184
2.068884408606638
0.3997162485110588
4.487753882915173e-12
222.52202807646353
557.0452508960573
595.4554958183991
176.4433990442055
34.48846326164874
18.88332586618877
4.146132019120379
2.863575268821692
3.1056227598611184
2.068884408606638
0.3997162485110588
4.487753882915173e-12
137.0221027479092
423.7597072879331
526.7633661887693
142.84162186379928
47.18245967741935
11.042801672640383
4.146132019120379
2.863575268821692
3.1056227598611184
2.068884408606638
0.3997162485110588
4.487753882915173e-12
73.17839008363202
279.6426971326165
209.798013739546
75.63881421744325
7.606780167268525
5.815785543612612
4.146132019120379
2.863575268821692
8.332638888888889
2.068884408606638
0.3997162485110588
4.487753882915173e-12
94.08602150537635
407.33049581839913
414.39516129032256
132.38761947431303
7.606780167268525
16.64333183990442
4.146132019120379
2.863575268821692
3.1056227598611184
2.068884408606638
0.3997162485110588
4.487753882915173e-12
188.1724163679809
536.9071087216248
595.4554958183991
291.0655615292712
34.11495669056153
9.549357825567503
4.146132019120379
2.863575268821692
3.478979988052568
2.068884408606638
0.3997162485110588
4.487753882915173e-12
163.52859916367981
529.7823327359617
644.7573178016727
315.3330346475508
42.32900238948626
5.815785543612612
4.146132019120379
2.863575268821692
3.1056227598611184
2.068884408606638
0.3997162485110588
5.227016129032258
259.85439068100357
471.18391577060925
377.8057795698925
257.4641577060932
9.8469160692951
5.815785543612612
4.146132019120379
2.863575268821692
3.1056227598611184
2.068884408606638
2.266524790919952
4.487753882915173e-12
235.2154271206691
544.3436379928315
483.834005376344
330.2662037037037
30.754778972520914
26.723827658303463
4.146132019120379
2.863575268821692
3.1056227598611184
2.068884408606638
0.3997162485110588
1.4934363799283155
55.257616487455195
202.35775089605735
106.37768817204301
44.64960424133811
25.901321684587813
14.776508363201911
4.146132019120379
2.863575268821692
3.1056227598611184
2.068884408606638
0.3997162485110588
4.487753882915173e-12
88.11118578255675
353.19705794504176
331.8828405017921
21.50163157108722
10.966984020310633
5.815785543612612
10.119772998805255
2.863575268821692
3.1056227598611184
2.068884408606638
6.746938470728792
4.487753882915173e-12
58.24522102747909
353.19705794504176
264.30779569892474
28.221886200716845
19.927643369175627
5.815785543612612
4.146132019120379
2.863575268821692
3.1056227598611184
2.068884408606638
2.6398521505376342
13.814180107526882
112.75462962962963
423.7597072879331
390.12768817204307
142.84162186379928
16.940598864994026
30.457549283154123
4.146132019120379
2.863575268821692
4.225690710872162
2.068884408606638
0.3997162485110588
4.487753882915173e-12
151.95489844683394
471.93399044205495
442.3965800477897
170.09632616487454
45.68914277180406
9.549357825567503
4.146132019120379
2.863575268821692
3.1056227598611184
2.068884408606638
0.3997162485110588
4.487753882915173e-12
85.87141577060933
322.57840501792117
246.7588859020311
54.730510752688176
53.15830346475508
8.802658303464753
4.146132019120379
2.863575268821692
3.1056227598611184
2.068884408606638
0.3997162485110588
4.487753882915173e-12
73.17839008363202
255.3755973715651
279.6124551971326
39.04946983273596
10.220284498207887
5.815785543612612
4.146132019120379
2.863575268821692
7.212563470728792
2.068884408606638
0.3997162485110588
4.487753882915173e-12
124.32870370370371
493.9336917562724
362.12477598566306
220.49917861409796
13.954002389486257
