5.281660692951015
3.5573812724014338
2.3887022103020024
2.5906137993103657
2.7383885902031064
8.00442054958184
60.412933094384705
154.11439665471923
224.19354838709677
118.3546146953405
36.467293906810035
10.218413978494624
4.9660356929510145
3.458669354865921
2.3887022103020024
2.6065348715651133
1.7258064516401148
9.328718637992832
40.568996415770606
141.67040023894862
158.59468339307048
77.20318100358423
28.683915770609318
9.56160394265233
5.217592592592593
4.608945639187574
2.3887022103020024
3.603195937873357
1.7608318399044205
5.380465949820788
44.14202508960574
88.32138590203107
93.71266427718041
35.89904420549582
23.08430406212664
6.345579450445371
6.017622461170848
3.7707287933094387
2.3887022103020024
4.274268219832736
1.7258064516401148
1.5800253882915174
37.26291816009558
60.66308243727599
54.0621266427718
53.453927718040624
22.69563918757467
6.482500746714456
4.851403823205228
3.458669354865921
2.3887022103020024
2.5906137993103657
1.946314964157706
8.240008960573476
20.2113201911589
50.38829151732377
87.77628434886499
50.19825268817204
25.227374551971327
6.978419952210275
4.851403823205228
3.6576762246117083
2.3887022103020024
2.5906137993103657
2.048607377538829
0.3334229390953121
30.281884707287933
82.49701314217444
110.89083034647551
41.64090501792114
30.58057048984469
6.415632467144563
6.523073476702509
3.9044578853046596
2.3887022103020024
3.510043309438471
1.7258064516401148
8.551762246117084
70.68399044205496
190.54659498207886
177.24761051373955
120.52008661887695
49.65576463560334
10.65710872162485
7.598603643966547
4.115404719235364
2.3887022103020024
2.5906137993103657
1.7258064516401148
9.308930704898447
37.53360215053763
91.8010752688172
132.1423237753883
71.1398596176822
29.873058542413382
6.345579450445371
4.981160394265233
3.458669354865921
5.641763739545998
2.5906137993103657
1.7636200716845878
4.112918160095579
15.74074074074074
40.568996415770606
78.65890083632019
51.191382915173236
22.804286140979688
6.791367980884108
4.851403823205228
3.753207138590203
2.8368802270011946
3.6764112903225805
1.7258064516401148
5.109781959378733
65.42712066905615
179.26747311827958
165.46818996415772
120.52008661887695
32.72214755077658
9.306824970131421
4.851403823205228
3.458669354865921
2.485024641577061
3.080159796893668
1.7258064516401148
3.6753061529271207
51.194743130227
104.40188172043011
124.54450418160096
64.23648446833931
27.505600358422935
10.882989844683394
5.477113201911589
4.4887619474313025
2.711503136200717
2.5906137993103657
1.7258064516401148
6.386663679808841
41.076762246117084
136.32392473118279
148.21908602150538
83.2814366786141
40.013440860215056
6.418817204301074
4.851403823205228
3.458669354865921
2.3887022103020024
2.5906137993103657
1.7258064516401148
4.429151732377539
61.12231182795699
131.47774790919954
189.2659796893668
109.3753733572282
20.93637992831541
7.457287933094383
5.7827807646356035
3.5637470131421742
2.3887022103020024
4.782892771804063
1.7258064516401148
7.230451015531661
52.97565710872163
148.21908602150538
140.19563918757467
93.07833034647551
33.13284050179212
6.345579450445371
4.851403823205228
3.458669354865921
2.3887022103020024
2.5906137993103657
1.7258064516401148
9.355600358422938
54.0621266427718
152.49402628434888
176.32541816009558
141.10700418160096
31.369474313022707
13.271356033452808
5.2721027479092
3.6095206093189964
2.3887022103020024
2.5906137993103657
1.7258064516401148
9.308930704898447
55.28300477897252
168.81720430107526
217.79047192353644
120.19153225806451
35.22140083632019
6.934662485065711
5.2367084826762245
3.5430518219832736
2.8603643966547194
2.5906137993103657
5.310857228195937
0.3334229390953121
53.580495818399044
141.4986559139785
214.94175627240142
98.17465651135007
36.425104540023895
11.923163082437275
4.851403823205228
3.458669354865921
2.3887022103020024
2.673402031063321
2.518667861409797
5.555570489844683
39.87455197132616
119.3847072879331
214.94175627240142
76.1391129032258
29.06810035842294
9.442204301075268
4.886429211469534
3.458669354865921
2.3887022103020024
3.5952060931899643
1.7258064516401148
12.958870967741936
54.72296893667861
135.52867383512546
217.79047192353644
81.71333632019116
34.859244324970135
11.479241338112306
4.9660356929510145
3.458669354865921
2.3887022103020024
2.5906137993103657
1.7258064516401148
9.886140979689365
48.17801672640382
124.54450418160096
160.84229390681003
76.33699223416964
26.70773596176822
9.556936977299879
