2766.0682271206015
1906.8542889660944
1629.7469139694467
1795.382461284849
1723.3855985960747
1934.723594302908
2245.1409124811544
3128.5759634888445
4074.7341887271555
4458.085915499176
4195.017122339538
3099.150106600107
2824.649404312356
2154.8890535835294
1407.3450802207587
1452.2237542530781
1343.2795518090359
1605.785441136697
1925.532885524683
2893.8090793088013
3366.809253176729
3546.556606330066
3146.68782544941
2444.7857812978195
2052.277951911745
1166.7825417937897
1062.3262359321036
1017.9807390454278
1080.1804882021459
1332.1685176416293
1720.5328717895384
2580.879132086733
3368.7107011584244
3974.6701719990806
3559.1120098257834
2644.6492797045403
1713.0041723896456
1470.7126453551737
1071.710174703911
1071.9424345536363
1117.0433314638
1545.418591429347
2149.6528282695353
2530.199604588086
2995.241873888282
3688.7044349074013
3354.415925649538
2326.9920192562167
1647.1142683822425
1560.8249787580955
1123.0578156233182
1183.87927939913
1182.72021231052
1572.3875386014236
1535.8347566240534
2219.196785897291
2758.7646425189755
3299.4635825959926
2502.809203839949
2397.004742033816
1829.2817240007826
1446.8640469563156
991.0095245044818
1175.4057282838562
978.5192549079837
1486.40613814884
1833.634833335089
2445.9606410447473
3227.681979276165
4085.1480147915204
3853.9541804794712
2460.250818057287
1607.423662990954
1371.479836856016
1163.6009590208562
1075.8501472850173
940.0674251166572
1638.7532809984361
1934.6055815997588
2566.6796897378044
3789.3656786735155
4329.012347548521
4162.467837715106
2738.319553056425
1776.6048136701274
1914.8378601164343
1362.4753706743916
1438.2820866853174
1413.6211541969474
1688.5925155252146
2321.2938280137137
3281.1691086520336
4163.989096637665
4646.459087928403
4269.561102772872
3266.5084762262763
2264.913994770292
1946.1193583581874
2107.3165870185844
1931.1520961758933
1614.464661883634
2260.9242837718
2073.458044702424
2644.201439749807
3262.3716429073374
4248.4498116523255
3783.993223125823
2895.1481608344334
2586.9549083275856
2735.942778530132
1555.6571245534606
1729.656048419004
1528.3519928677238
1947.9904735989685
2124.7264179994
2362.7151883775377
3133.567542387349
3813.031857467211
3710.521997385232
2892.0134210194606
2087.1242421572206
1390.2936898803039
1178.245893164601
1092.6929569695242
1156.193578364264
1485.501040351414
1934.8071677154192
2485.030171655245
3063.1620113653207
3879.7480860144024
3522.1365255945852
2718.3578284780815
1989.8115913223478
1507.9079902012074
1084.858033922158
1286.0208209998937
1194.0108644327447
1679.0698545500188
1857.35901051716
2325.0336927257445
3019.2860605083993
2709.063626438396
3182.7423191291764
1856.734172248958
1650.2340159504674
1850.7246759908946
1710.3472113270057
1254.9158097018515
1370.6637255386045
1702.881368352489
2187.196044968841
2641.94749830069
3287.850477208411
3782.590748728217
3446.8390591796237
2649.088114318488
2706.749437159561
1843.0443361773798
1657.0245109896268
1770.0003926969632
1246.9947605780499
1785.9075302924177
2011.4450185862593
2681.315293248783
3111.7323131414682
3871.1548352081563
3144.7199502049107
2578.844424299751
2308.066153800005
1434.022528605826
1232.5178965947237
1250.1546070174502
1262.7936116737214
1896.2349542704283
1868.2544948988443
2672.0861482475675
3929.1699664980847
3681.3342916793463
3485.9179185041103
2658.267895073681
1950.8547524136377
1766.856458493951
1318.5950965218392
1457.8689634947164
1166.094178724997
1770.1720582990872
1985.1354556898914
2518.2313341008125
3260.276577372253
3663.012816670637
3319.922270751135
2557.4793121896096
1869.8205794660932
1083.0717875592902
901.4604375950486
1045.565241062102
945.8560984404769
1369.5395436705653
1859.5250887134873
2387.347931735635
3094.560587862351
3920.937233697002
3475.773096691844
2261.9559645923023
1534.4345319753663
1014.1500942782181
887.4320029031023
965.223730426354
860.5851929003256
1059.485176315183
1535.0419807207322
2172.5060241815786
2802.322280354364
3173.484664900213
2988.706948709312
2073.347979642811
1438.199093059915
1075.7109749720266
836.2976949324902
889.2361583652281
855.5502741478182
980.548628265919
1525.3342278918965
2151.141079701053
3185.5925835630055
3724.4188773141072
3142.4387332928186
2099.2984207171476
1429.5456473524162
1234.3484123627459
854.4654280276751
967.2225643805017
886.6534303326866
1181.7125579175572
1679.6710162430443
2388.9717829408337
2905.917861234863
3931.810383593963
3321.5943566743254
3003.7627127575365
