5.815785543612612
4.146132019120379
2.863575268821692
3.1056227598611184
2.068884408606638
0.3997162485110588
13.814180107526882
160.9173387096774
452.151284348865
415.8908303464755
211.1689814814815
51.6627464157706
9.175989396654721
4.146132019120379
2.863575268821692
3.1056227598611184
2.068884408606638
0.3997162485110588
4.487753882915173e-12
93.33818697729988
377.8360215053764
520.7892771804061
152.55227001194743
24.40800477897252
5.815785543612612
4.146132019120379
2.863575268821692
3.1056227598611184
2.068884408606638
0.3997162485110588
4.487753882915173e-12
116.86193249701317
423.7597072879331
366.6084229390681
206.3138440860215
14.32709826762246
13.65628733572282
8.253072729988052
2.863575268821692
3.1056227598611184
2.068884408606638
0.3997162485110588
4.487753882915173e-12
78.77688172043011
88.11118578255675
284.46759259259255
132.01575567502988
41.95545848267623
12.163007765830345
4.146132019120379
2.863575268821692
3.1056227598611184
2.068884408606638
0.3997162485110588
4.487753882915173e-12
202.35775089605735
474.14725209080046
322.1766726403823
328.77464157706095
34.48846326164874
5.815785543612612
4.146132019120379
2.863575268821692
7.212563470728792
2.068884408606638
0.3997162485110588
4.487753882915173e-12
85.87141577060933
224.76142473118279
435.6791367980884
87.21251493428913
45.68914277180406
5.815785543612612
4.146132019120379
2.863575268821692
3.1056227598611184
2.068884408606638
0.3997162485110588
4.487753882915173e-12
76.91345579450419
415.1732377538829
469.6688321385901
157.40292712066903
17.31414277180406
7.682594086021505
4.146132019120379
2.863575268821692
3.1056227598611184
2.068884408606638
0.3997162485110588
4.487753882915173e-12
148.96766726403823
336.3963560334528
436.4224910394265
127.16061827956989
22.541143966547192
11.042801672640383
4.146132019120379
2.863575268821692
3.1056227598611184
2.068884408606638
0.3997162485110588
4.487753882915173e-12
129.1838410991637
542.8800776583034
501.40382317801675
110.35991636798089
45.68914277180406
8.802658303464753
4.146132019120379
2.863575268821692
3.1056227598611184
2.068884408606638
0.773073476702509
4.487753882915173e-12
143.74029271206692
458.83475209080046
263.5599611708483
129.77635902031062
7.606780167268525
8.802658303464753
4.146132019120379
2.863575268821692
3.1056227598611184
2.068884408606638
0.3997162485110588
4.487753882915173e-12
115.74223416965353
531.6427718040621
505.47715053763443
268.28965053763443
30.754778972520914
6.935853494623656
4.146132019120379
2.863575268821692
4.599059139784946
2.068884408606638
0.3997162485110588
4.487753882915173e-12
99.31302270011948
246.41763739545996
79.12298387096774
70.03991188769415
7.606780167268525
17.763104838709676
6.3862679211469535
2.863575268821692
3.1056227598611184
2.068884408606638
0.3997162485110588
4.487753882915173e-12
73.92622461170848
266.20594384707294
284.46759259259255
112.97565710872165
7.606780167268525
5.815785543612612
4.146132019120379
2.863575268821692
3.1056227598611184
2.068884408606638
0.3997162485110588
4.487753882915173e-12
157.55824372759858
458.12537335722817
110.85648148148148
18.14142771804511
7.606780167268525
5.815785543612612
4.146132019120379
2.863575268821692
3.1056227598611184
2.068884408606638
0.3997162485110588
6.347222222222222
97.82183393070491
348.713784348865
385.2721774193548
123.05331541218638
28.51482228195938
6.189142771804061
4.146132019120379
2.863575268821692
6.8391950418160095
2.068884408606638
0.3997162485110588
6.720318100358422
94.83422939068102
426.37432795698925
409.54413082437276
158.89896953405017
51.6627464157706
19.629965651135006
4.146132019120379
2.863575268821692
3.1056227598611184
2.068884408606638
0.3997162485110588
31.73517771804062
92.21848864994027
406.95900537634407
298.6570340501792
88.7040770609319
50.54293608124253
5.815785543612612
4.146132019120379
2.863575268821692
3.1056227598611184
2.068884408606638
0.3997162485110588
4.487753882915173e-12
276.65994623655916
627.2401433691756
749.6520310633214
210.79301075268816
22.167637395459977
8.802658303464753
4.146132019120379
5.103711170848268
3.1056227598611184
2.068884408606638
0.3997162485110588
4.487753882915173e-12
268.0689964157706
415.1732377538829
372.95512246117084
111.4796146953405
22.91427718040621
16.64333183990442
4.146132019120379
2.863575268821692
3.1056227598611184
2.068884408606638
0.3997162485110588
23.14799880525687
226.62933094384704
373.7287186379928
396.8458781362007
519.1998954599761
12.087152777777776
