10.65449522102748
3.458669354865921
2.3887022103020024
2.5906137993103657
4.063060035842294
8.784363799283154
55.5331541218638
136.32392473118279
185.07691158900838
94.75843787335722
56.314590800477895
17.920026881720432
5.122061678614098
4.198999402628435
2.3887022103020024
2.78803390083632
2.48525238948626
12.958870967741936
64.28838112305854
168.35050776583034
211.3500597371565
113.79218936678615
43.537186379928315
9.235289725209078
5.114101702508961
3.458669354865921
2.5877090800477895
2.5906137993103657
1.7258064516401148
7.7762992831541204
54.0621266427718
158.59468339307048
215.3935185185185
113.79218936678615
45.41517323775388
11.615516726403822
5.520086618876942
3.458669354865921
5.485327060931899
2.5906137993103657
2.48525238948626
7.458198924731182
42.93981481481482
114.93055555555556
81.8847072879331
60.82399940262844
28.683915770609318
7.457287933094383
5.586954898446834
3.458669354865921
2.977785244922342
2.715595131421744
1.7258064516401148
5.885991636798088
75.50776583034647
148.86126045400238
189.44519115890083
125.75082138590203
49.793160095579445
9.851366487455197
5.532034050179211
3.458669354865921
2.6020422640382317
2.5906137993103657
1.7258064516401148
0.3334229390953121
37.73521505376344
93.19369772998806
136.91756272401435
115.86058841099161
41.40307646356033
6.345579450445371
5.02334229390681
3.458669354865921
2.8169802867383513
2.920967741935484
4.806899641577061
13.884050179211467
49.316756272401435
73.60737753882916
89.22117682198328
70.29233870967742
48.27396953405018
11.440412186379929
5.048823924731183
3.5733012246117086
2.3887022103020024
4.8513291517323776
1.7258064516401148
7.423103345280764
54.4578853046595
114.85215053763442
121.23282556750299
114.03113799283155
33.55361409796894
10.508512544802867
4.851403823205228
3.458669354865921
2.9260379330943844
2.5906137993103657
1.7258064516401148
10.626508363201912
19.544504181600956
73.65218040621266
69.77673237753883
52.49439964157706
21.17943548387097
10.934513142174433
5.758885902031063
3.458669354865921
2.3887022103020024
2.5906137993103657
1.7258064516401148
4.776373954599761
30.281884707287933
138.35125448028674
165.17697132616487
48.84296594982079
31.647998805256865
10.72057945041816
4.851403823205228
3.458669354865921
2.3887022103020024
2.5906137993103657
1.7258064516401148
7.7762992831541204
42.02508960573477
145.13515531660693
222.52837514934288
70.1280615292712
30.608198924731184
8.691569593787335
6.84468339307049
3.458669354865921
2.3887022103020024
2.78803390083632
2.46135752688172
13.114187574671446
64.71027479091995
168.81720430107526
173.4281660692951
105.60073178016727
33.411364994026286
6.361500522700119
4.851403823205228
3.458669354865921
2.3887022103020024
2.5906137993103657
1.7417275238948626
12.752031063321386
33.14068100358423
106.20146356033453
115.4868578255675
62.873730585424134
15.133288530493163
11.440412186379929
4.851403823205228
3.458669354865921
4.649417562724015
4.11305256869773
2.903972520908005
1.0737529868578255
83.94190561529271
172.50597371565112
214.94175627240142
83.23663381123059
30.39837216248507
6.345579450445371
7.937686678614098
4.42189366786141
2.3887022103020024
3.7691532258064515
2.215352449223417
4.7084229390681
19.431376941457586
119.60125448028674
127.47535842293907
55.04069593787336
23.73058542413381
15.030615292712064
5.058370669056153
3.458669354865921
2.3887022103020024
3.469048685782557
1.7258064516401148
4.9171296296296285
40.70340501792115
91.8010752688172
58.43040621266428
76.1391129032258
23.039874551971327
6.393343040621265
5.64426523297491
3.458669354865921
2.3887022103020024
2.5906137993103657
1.7258064516401148
10.427508960573476
53.2444743130227
98.61111111111111
128.57676224611708
84.68152628434886
29.117756869773
6.657638888888889
4.851403823205228
3.458669354865921
2.3887022103020024
2.5906137993103657
1.7258064516401148
8.453195937873357
37.26291816009558
129.15919952210274
98.61111111111111
99.95930406212665
33.81235065710872
6.609864097968937
8.056264934289128
4.7084826762246115
2.5606406810035844
2.5906137993103657
1.7258064516401148
5.029883512544803
34.52247610513739
41.076762246117084
81.8847072879331
9.629256272428647
35.34460872162485
6.52945788530466
5.770833333333333
4.0
2.3887022103020024
2.6192715800477897
1.7258064516401148
9.945131421744325
47.54704301075269
63.67607526881721
83.68802270011948
93.31727897252091
19.829749103942653
12.698999402628434
