0.0
0.0
0.0
0.3733557347670251
0.0
0.0
0.0
70.93738799283155
123.20687724014337
56.37828554360812
118.72849462365589
17.921139486260454
0.7467278972520908
0.0
0.0
0.0
0.0
0.0
0.0
52.64288381123058
148.96766726403823
200.86790621266428
172.49189814814815
35.842293906810035
0.0
0.0
0.7467278972520908
0.0
0.0
0.0
0.0
84.00675776583033
158.67540322580646
184.06317204301075
151.20911738351253
19.41442652329749
9.707194593787337
0.0
0.0
0.7467278972520908
0.0
0.0
0.0
49.28539426523297
110.51508363201911
111.262208781362
158.67540322580646
7.467278972520908
1.493414351851852
0.0
0.0
0.0
0.0
0.0
0.0
49.65464456391876
128.80958781362008
114.24630376344086
114.61969832735961
0.0
0.0
4.480283004778973
0.0
0.0
0.0
0.0
1.1200899790919951
47.417712066905615
171.3713410991637
178.83800029868578
169.13026433691758
33.22883064516129
0.0
0.0
0.0
3.3602337216248506
0.0
0.0
0.0
26.508169056152923
103.79144265232975
114.24630376344086
101.18111559139787
7.093738799283154
0.0
0.0
0.0
0.0
0.0
0.0
0.7467278972520908
46.29678166069295
120.96957138590203
121.71255227001194
126.1951164874552
8.587029569892474
0.0
0.0
0.0
0.0
0.0
0.0
0.0
48.53823178016727
156.06507616487454
171.3713410991637
131.7936827956989
6.7206541218638005
0.0
0.0
1.1200899790919951
0.0
0.0
0.0
0.7467278972520908
88.11137246117084
167.63597670250897
173.98622311827958
160.91685334528077
14.187481332138592
1.493414351851852
0.0
0.0
0.0
0.0
1.1200899790919951
0.0
40.32254330943847
130.67312574671445
92.5939366786141
50.775164277180416
9.707194593787337
0.0
0.0
0.0
0.0
0.0
0.0
0.0
49.28539426523297
94.08788829151733
105.28573028673836
38.08262395459976
1.493414351851852
4.106933243727599
0.0
0.0
0.0
0.0
0.0
0.0
8.960569743130227
94.45747461170848
122.45971475507764
29.12205047789725
4.106933243727599
7.093738799283154
0.0
0.7467278972520908
0.0
0.0
0.0
0.0
53.01627837514934
133.6613649940263
173.23906063321385
87.36458333333333
12.694190561529268
0.0
0.0
0.0
0.0
0.0
0.0
0.7467278972520908
50.028001792114694
222.89366786140985
205.34595280764637
175.475993130227
7.467278972520908
0.0
0.0
0.0
0.0
0.0
1.1200899790919951
6.3471139486260455
35.842293906810035
148.96766726403823
138.51732377538832
33.975433094384705
13.814392921146954
0.7467278972520908
0.0
0.0
0.0
0.0
0.0
0.0
45.54999253285544
101.18111559139787
120.96957138590203
38.08262395459976
7.093738799283154
0.0
0.0
0.0
0.0
0.0
0.0
0.0
27.25524566905615
61.6034572879331
65.71221624850656
10.080734767025088
0.0
1.1200899790919951
0.0
3.3602337216248506
0.0
0.0
0.0
0.0
30.615330047789726
101.18111559139787
154.57075119474314
111.262208781362
11.200899790919951
0.0
0.0
0.0
3.733557347670251
0.0
0.0
0.0
4.853823178016726
109.7679211469534
40.69593787335723
42.18798536439665
0.0
