17.71606182795699
8.935409199522102
4.777703106332139
4.28858646953405
1.5537186379928316
3.041886947431302
27.789650537634408
53.09587813620072
119.07482078853046
167.46863799283153
67.94952210274792
19.445415173237755
13.340912485065711
13.100171744324971
8.920250896057347
2.298080943847073
5.304136798088412
15.304696833930706
34.484692353643965
122.93608124253288
204.27643369175624
156.65546594982078
98.32474611708483
23.654084528076464
24.35569743130227
10.712701612903226
8.221326164874553
0.9438183243727598
2.485397998805257
14.05794504181601
44.79465352449224
81.82347670250896
258.47595579450416
239.14015830346474
156.61925029868578
41.60166517323775
43.08811230585424
21.037970430107528
8.74077807646356
3.495777329749104
3.6808766427718043
9.154457885304659
23.515979689366787
82.69339904420549
193.14740143369175
250.36215651135007
102.59669952210275
31.53845579450418
28.923013739545997
14.581653225806452
3.5825791517323777
5.445116487455197
6.429510155316607
12.780801971326165
41.606929510155325
80.1097670250896
218.5644414575866
198.9945489844683
106.95676523297492
43.379629629629626
42.16002090800478
11.168234767025089
3.751560633213859
8.0975582437276
2.7187014635603344
1.473797789725209
24.960536140979688
73.74402628434888
177.19086021505373
199.73902329749103
152.97155017921148
49.4952210274791
34.29099462365591
9.146468040621267
3.466248506571087
4.6721923536439665
2.2296931003584235
5.788679808841099
15.081914575866188
70.62126642771806
167.20019414575867
135.86506869772998
94.83908303464754
43.90681003584229
11.896916069295102
7.4246191756272415
10.86491935483871
7.857788231780167
7.537858422939068
6.36488201911589
30.54596027479092
90.4140531660693
214.5157556750299
182.98312425328555
113.44982078853046
35.81231332138589
23.720504778972522
9.181638291517325
5.163829151732377
1.8556787634408602
2.8306488948626045
11.584080047789724
38.58180256869773
110.12955495818399
250.00597371565112
204.41644265232975
156.71109617682197
72.40292712066905
17.30984916367981
7.03222072879331
7.441084229390681
3.6129965651135008
6.955010454002389
13.697057945041816
26.369138291517324
68.31391875746714
223.3923237753883
207.11282855436082
103.68279569892474
56.55055256869773
19.166704002389487
10.763478195937875
4.223883661887694
3.3094459378733565
3.9983198924731185
7.136723416965353
37.55409946236559
112.1389635603345
274.853270609319
295.41479988052566
199.73790322580646
41.35263590203107
23.250112007168457
13.491226105137395
4.34468339307049
3.889504928315412
5.1879778972520905
5.032855436081243
35.32877837514934
85.27852449223418
248.12798685782556
271.79920848267625
204.02292413381124
73.27994324970132
22.440524193548384
9.002837514934289
6.685483870967742
4.388142174432497
4.4037111708482675
9.127464157706095
58.607377538829155
166.24141278375146
226.2761350059737
335.12432795698925
172.3898596176822
65.92331242532856
20.560894563918758
8.447169952210276
4.110457735961768
4.524906660692951
0.8837574671445639
19.144339904420548
38.28251941457587
87.886798088411
208.1907108721625
204.817054958184
148.6648745519713
47.03181003584229
16.026732377538828
6.437313321385902
3.545340501792115
2.558684289127838
3.602008661887694
5.054323476702509
24.152068399044207
105.02912186379929
148.11230585424133
184.5687724014337
186.50425627240142
42.05540621266428
11.215613799283156
6.72610513739546
3.076747311827957
3.4314852150537636
2.2071273894862604
11.926448626045401
23.002165471923533
96.93361708482676
217.62022102747906
182.149417562724
103.20452508960574
64.25253882915173
16.613015232974913
9.054696833930706
5.200007467144564
4.535916965352449
3.9025276284348873
6.658079450418161
26.966733870967747
84.57735961768219
248.62455197132613
273.8410991636798
199.94847670250897
30.35282258064516
17.680816905615295
5.720504778972521
7.4394041218638
1.2956167861409797
6.751344086021505
7.659087514934289
21.760491338112306
63.569295101553166
228.48006272401435
159.7778524492234
94.99402628434886
32.03244474313023
15.462104241338112
11.444108422939069
4.838410991636799
3.911196983273596
5.156212664277181
8.769601254480287
29.683243727598565
91.53673835125447
195.1627837514934
192.15053763440858
81.61626344086021
45.2292413381123
27.73868727598566
15.91618130227001
5.266091696535246
3.5639523596176823
3.9845355436081245
6.487828554360813
26.77587365591398
77.1598715651135
216.77232676224617
227.07101254480287
166.81600955794505
43.20187425328555
