16.57343936678614
11.022886798088411
7.792973416965353
2.757885304659498
1.019216696535245
11.455271804062127
28.09080047789725
92.58176523297492
272.7721774193549
335.12432795698925
145.96027479091995
32.993951612903224
19.86768219832736
4.518888142174433
5.349761051373955
3.995243428912784
4.722894265232974
7.9611708482676224
30.47169952210275
107.3536439665472
298.6783154121864
194.26672640382316
168.36245519713262
30.746117084826768
11.151135005973716
6.752277479091995
5.413941158900836
3.230940113500597
2.6302904719235363
3.420381571087217
49.82041517323776
92.50149342891278
195.5689964157706
196.07340203106332
98.78434886499403
37.18372909199522
24.195228494623652
8.035954301075268
5.136835424133812
3.5080607825567505
4.3380264336917564
5.804696833930705
35.503658900836314
108.99641577060935
170.440188172043
193.2224462365591
112.52688172043011
21.436379928315414
23.791517323775388
7.47883064516129
5.0676896654719235
2.7544578853046593
10.955607825567503
10.543645459976105
29.996490442054952
61.55577956989247
142.51269414575864
183.53195937873357
88.29711768219833
29.45919205495819
14.792973416965355
11.496191756272403
7.724723715651134
3.3723043608124255
4.225328554360813
15.904607228195937
42.330122461170845
55.877389486260455
223.8705943847073
195.7601553166069
118.75784050179212
33.99910394265233
12.18204898446834
8.101553166069294
4.872087813620071
3.4136200716845884
3.581339605734767
3.3880152329749103
12.32814366786141
94.66733870967742
277.0762395459976
214.40374850657105
104.7423835125448
52.89053166069295
16.49559438470729
7.499514635603344
7.847184886499402
3.755395011947431
6.194444444444445
22.605025388291516
37.23794056152927
67.72774790919952
191.82347670250897
224.85812425328555
96.80070191158902
26.618055555555557
15.132765830346475
0.9790613799283154
6.039725209080048
5.19119623655914
1.3949858124253285
12.909946236559136
54.32534348864994
90.28561827956989
200.37298387096774
195.7538082437276
66.10663082437276
60.11126045400239
23.517809139784948
11.527180406212665
6.134632616487455
4.774716248506571
3.860259856630824
11.049955197132615
24.25115740740741
79.66285842293907
213.44384707287932
174.43660394265234
170.89120370370372
32.284498207885306
26.791517323775395
13.22584378733572
5.105361409796894
3.546863799283154
6.80503285543608
11.905652628434886
25.068585722819595
99.30779569892474
151.05398745519713
201.45833333333334
121.36686081242533
33.00578703703704
16.80387544802867
10.157855436081242
3.8376456093189963
5.974339157706093
3.5937873357228196
8.81518817204301
32.98536439665472
39.06249999999999
140.53502090800478
125.04032258064517
66.36238052568697
21.509856630824373
22.876754778972522
10.132840501792115
5.22520908004779
4.006757765830346
3.760401732377539
10.921408303464755
35.845094086021504
88.78509557945041
195.82511947431306
226.65994623655914
104.31974313022698
44.96826463560335
24.736521804062125
12.139075567502987
9.809438470728793
2.44224537037037
3.5639336917562723
8.338597670250897
38.302531362007166
82.903972520908
197.89837216248503
210.8781362007168
103.32399940262843
31.27643369175627
16.934849163679807
10.003994922341699
4.910282258064515
5.06526284348865
3.3085050776583036
12.92368578255675
30.493652927120667
73.79069593787335
150.88112305854244
193.78248207885304
127.48954599761052
55.32444743130226
31.288530465949822
10.144563918757466
5.089792413381123
2.3757952508960574
3.9807123655913976
12.392883811230586
13.559513142174433
48.5348715651135
196.55801971326164
165.30241935483872
85.6989247311828
42.972483572281966
6.14796146953405
12.59561678614098
6.220467443249702
3.3106780167264036
4.673148148148148
10.997013142174433
32.42353643966547
54.24507168458783
156.91793608124254
165.2632168458781
63.39344384707288
38.056376941457586
17.11316457586619
6.0468563321385895
3.934285394265233
4.881276135005974
2.7870482377538828
10.401284348864994
34.928464755077655
67.58811230585424
130.25350955794505
181.03531959378734
108.51366487455198
25.653860513739545
23.901545698924732
15.991338112305854
5.02848715651135
2.774059139784946
5.745381571087216
11.955981182795698
24.88519265232975
123.22057945041816
228.03800776583032
243.80077658303466
187.28046594982078
65.92405913978494
34.784012843488654
18.851627837514936
9.17558990442055
0.9132385005973715
3.4152479091995223
8.149305555555555
22.875933393070493
100.899417562724
223.57676224611708
218.83587216248506
136.27874850657108
47.126642771804065
