0.0
0.0
0.0
0.7467278972520908
0.0
0.0
0.7467278972520908
43.30854241338112
93.71449372759857
186.30424880525686
16.05430854241338
0.3733557347670251
1.493414351851852
0.0
0.0
0.0
0.0
0.0
0.0
69.06970579450419
151.95627986857826
111.262208781362
186.30424880525686
20.908131720430106
0.0
0.0
0.0
0.0
0.0
0.0
0.0
52.64288381123058
154.57075119474314
179.21139486260455
153.4502314814815
20.534595280764634
0.0
0.0
0.0
5.226911589008363
0.0
0.3733557347670251
10.080734767025088
49.28539426523297
130.67312574671445
132.1674507168459
101.92790471923539
16.427848715651137
6.3471139486260455
0.3733557347670251
0.0
0.0
0.0
0.0
0.0
16.427848715651137
126.1951164874552
92.96733124253285
49.28539426523297
8.960569743130227
0.0
0.0
0.0
0.0
0.0
0.0
0.0
38.82937574671445
94.08788829151733
85.12731481481482
14.187481332138592
0.0
0.0
0.0
1.1200899790919951
0.0
0.0
0.0
0.0
53.01627837514934
87.36458333333333
119.84901433691756
92.5939366786141
10.827396953405017
1.1200899790919951
0.0
0.0
0.0
0.0
0.0
0.0
20.161469534050177
85.12731481481482
177.34367532855435
51.895721326164875
15.681186529271207
0.0
0.0
0.0
0.3733557347670251
0.0
0.0
1.493414351851852
66.45937873357228
106.03251941457587
96.32515681003584
16.427848715651137
30.615330047789726
0.0
0.0
0.0
0.0
0.0
1.493414351851852
0.0
16.05430854241338
102.30167264038232
100.80734767025089
105.28573028673836
0.0
0.7467278972520908
0.0
0.0
0.0
0.0
0.0
0.7467278972520908
37.33557347670251
103.04842443249701
95.57803166069296
72.05794504181601
0.0
0.0
0.0
0.0
0.0
0.0
0.0
0.0
18.667764336917564
107.15344982078852
97.07194593787335
2.240142249103943
0.0
1.493414351851852
0.0
0.0
1.1200899790919951
0.0
0.0
1.1200899790919951
50.775164277180416
111.262208781362
134.03513291517325
54.13679808841099
6.3471139486260455
0.7467278972520908
0.3733557347670251
0.0
0.0
0.0
0.0
0.0
31.735513739545997
151.5825119474313
106.40628733572282
33.975433094384705
0.0
0.0
0.0
0.7467278972520908
0.0
0.0
4.853823178016726
0.0
38.82937574671445
114.61969832735961
106.77968189964157
100.06018518518518
11.200899790919951
0.0
0.0
0.0
0.0
0.0
0.0
0.0
23.52158751493429
102.30167264038232
85.87029569892474
92.96733124253285
6.3471139486260455
0.0
0.0
0.0
0.0
0.0
0.0
0.0
31.735513739545997
97.07194593787335
105.28573028673836
72.80510752688173
17.5475993130227
0.0
0.0
0.0
0.0
0.0
0.0
0.0
20.908131720430106
138.89071833930706
118.72849462365589
68.69631123058544
8.960569743130227
0.0
0.0
0.7467278972520908
0.0
0.0
2.9868690262843485
0.0
45.54999253285544
205.34595280764637
205.71931003584228
142.6219384707288
6.7206541218638005
4.480283004778973
0.0
0.0
0.0
0.0
0.0
0.0
7.467278972520908
91.84677419354838
114.24630376344086
91.47337962962963
12.320687724014338
