0.0
0.0
0.0
0.0
0.0
1.8667764336917563
8.960569743130227
57.87219982078853
141.50141875746715
141.12802419354838
184.06317204301075
12.320687724014338
0.0
0.0
0.0
1.493414351851852
6.3471139486260455
0.0
0.0
29.86869026284349
166.14202508960574
186.30424880525686
91.47337962962963
11.574025537634409
0.0
0.0
0.0
0.0
0.0
0.0
0.0
48.53823178016727
111.63560334528077
141.87481332138591
134.78192204301072
16.427848715651137
0.0
0.0
0.0
0.3733557347670251
0.0
0.0
0.0
29.49514635603345
98.5662709080048
103.79144265232975
31.735513739545997
10.453856780167264
0.0
0.0
0.0
0.0
0.0
0.0
0.0
37.33557347670251
107.9002016129032
107.52684438470726
90.35285991636798
2.6135043309438473
10.827396953405017
0.0
0.0
0.0
2.240142249103943
0.0
0.0
38.455607825567505
87.36458333333333
136.27624701314218
87.73797789725211
15.307683691756269
0.0
0.0
0.0
1.493414351851852
0.0
0.0
0.0
61.97681451612903
111.262208781362
92.96733124253285
11.574025537634409
10.453856780167264
0.7467278972520908
0.0
4.480283004778973
0.0
0.0
0.0
0.0
50.028001792114694
141.50141875746715
125.44795400238948
114.24630376344086
10.080734767025088
7.467278972520908
0.0
0.0
0.0
0.0
0.0
0.0
38.08262395459976
125.44795400238948
70.93738799283155
47.043944145758665
2.6135043309438473
4.853823178016726
0.0
0.0
0.0
0.0
0.0
0.0
41.06933243727599
84.00675776583033
118.72849462365589
71.3111559139785
14.93414351851852
0.0
0.0
0.0
0.7467278972520908
1.1200899790919951
1.8667764336917563
1.8667764336917563
33.22883064516129
141.87481332138591
97.81910842293907
32.85528673835125
11.574025537634409
0.0
0.0
0.0
0.0
0.0
0.0
0.0
65.71221624850656
148.22087813620075
135.90247909199522
93.71449372759857
9.707194593787337
0.0
0.0
0.0
0.0
0.0
0.7467278972520908
6.7206541218638005
38.82937574671445
136.64964157706092
154.57075119474314
123.20687724014337
12.694190561529268
0.0
0.0
0.0
0.0
0.0
0.0
0.0
26.881705495818398
138.1439292114695
177.34367532855435
178.83800029868578
29.12205047789725
8.587029569892474
0.0
0.0
0.0
0.3733557347670251
0.0
0.0
37.33557347670251
128.80958781362008
153.4502314814815
60.109132317801674
10.080734767025088
2.240142249103943
0.0
0.0
0.0
0.0
1.8667764336917563
0.0
41.06933243727599
119.84901433691756
130.67312574671445
65.71221624850656
13.814392921146954
0.0
0.0
0.0
0.0
0.0
0.3733557347670251
0.0
54.8839605734767
128.80958781362008
134.78192204301072
100.06018518518518
0.0
0.0
0.0
0.0
0.0
0.0
0.0
0.0
47.79110663082438
101.18111559139787
133.6613649940263
38.455607825567505
10.080734767025088
0.0
0.0
1.1200899790919951
1.8667764336917563
0.0
0.0
0.0
52.64288381123058
121.71255227001194
109.0207586618877
22.774962664277183
10.080734767025088
0.0
0.0
0.0
0.7467278972520908
0.0
0.0
0.0
50.028001792114694
134.03513291517325
151.20911738351253
29.86869026284349
0.0
