354.57879853643976
223.1582455943847
113.50112522401434
238.72004084528072
72.70401605436082
228.56029532556755
523.5958366935483
3817.016170101553
6840.297001941458
5227.314990292712
1977.9553912783758
516.0378218339306
387.7907243130227
305.5520277031063
248.4614635603345
119.54302755376342
49.309781712962966
89.75221225358426
498.8595135155318
2476.179786439665
5991.457937574671
4365.899600507765
2427.4004554958183
916.1955126194748
219.70681115591384
252.03054323476704
179.06928763440862
189.71522815860217
112.07762709080049
335.83598640979693
1231.8830570489847
3325.989273446834
8990.326220878138
5120.702811379925
3139.014079301075
960.3154569892475
225.07256645758662
222.22290882616488
135.15841621863797
87.88088717144565
65.77174893219834
326.1835106780167
512.4728699970133
3834.070232228197
6111.296572580643
4240.454674432498
1123.8854353345278
366.0444575119474
228.52401060334523
164.73879846176817
154.60774380226997
168.8096195489845
205.5001788381123
175.85371303763438
892.5806716696534
2903.656436678614
6863.76667040024
4940.883758960575
3353.7879218936664
1243.537440262843
553.2292708333333
278.9555212066906
139.1451695041816
82.83614213709681
69.17851762246119
201.8952094534051
666.9364187574672
3148.1858161589016
8100.51593862007
6872.8510566009545
4416.2621565113495
1459.6228643966544
568.6965091099163
175.30232452210274
149.83825552568698
91.13359453405016
102.51575836320188
194.12554136798082
547.9892913679807
3350.0599835722815
7968.232340203105
5699.123073476706
3235.742566457587
781.7320837066902
464.4402557497013
232.79786738351254
146.82003770908005
84.7186271281362
43.939831070788536
162.55358198924733
471.8931918309437
2558.418839605735
4962.776534498209
6231.203001792114
3435.7812350657123
883.8838410991636
332.19758811230594
305.6603864247312
166.34876045400236
295.4924174880525
135.73895758661882
276.12919653524506
379.0682732228195
4170.199514635604
9225.6786775687
6492.5344272700095
1714.0044242831539
888.9492898745519
601.4644687126644
226.48120557048983
124.45915845280767
172.5799200268817
85.03556776433692
294.2985719086023
745.354527329749
2487.639695340503
7514.867316308242
5611.954144265233
3287.6220168757472
1264.2343413978497
340.3479540023896
327.6087817353644
169.74526022998802
131.72837279719235
105.78607433542412
329.3964471326166
1116.6038866487454
5477.850776583038
9183.849910394263
7169.512884557945
2701.361316457586
416.8756470280764
344.36958594683387
189.5453800776583
72.11193869474313
218.9962557870371
119.37753957586621
213.0204943249701
786.8485315860214
2593.478274342892
8227.407989844683
3792.9822767323776
1531.8064702807649
659.3004394414577
494.9491192502987
245.81157482078854
126.2457308467742
128.87247315561532
91.54129771505376
204.67068137694142
1021.221875
2072.5999365292714
6625.123245221026
4689.8476590501805
1617.4528300477893
817.3728270609321
322.6998189217444
228.43700716845873
175.59428427419354
92.74749111409797
372.43011312724013
245.2487051971325
767.3067562724011
3208.8268219832744
6317.931615890082
4638.790591397848
2646.430129928316
951.4629480286742
326.4944687126643
215.44601067801673
191.19018966547193
219.9250077658303
165.5884426896655
214.2586506869773
348.32581167861395
3471.7862865890083
6265.625354689365
4620.995168757466
2487.5410879629626
543.3650619773003
471.49504517622444
347.7598969534049
124.48230286738351
166.31868690262846
105.70959876792116
154.33146766726398
431.7018406511351
2852.4858684289134
5753.571759259258
6199.378427419356
3675.2683766427717
1175.1519825268813
892.1586581541219
403.6437701612903
137.86079823775384
117.63417637395462
106.64035065710871
137.40776340352448
443.34979913381113
2311.459158452808
7221.246001344088
4606.841390382318
2750.3311379928314
903.2647494773
550.1443399044207
133.12827318548386
155.99346662186375
179.7403032407408
162.7338665247909
196.79344160692952
413.5160659348865
2732.963620071684
5793.399604241338
4410.733124253286
1604.2372274492238
734.8782130749702
584.5317323775386
211.1875470430108
181.47713709677421
103.70268503584232
124.9723627165472
104.80340639934289
1350.6262544802867
3421.9473230286744
8317.650466696536
6307.754196535244
3629.2706541218645
1093.0747013142168
400.5667461917561
216.85979316009562
120.78372084080047
140.2180603345281
89.26099817054956
222.85178315412188
580.9497147550779
2277.910603345281
7076.282407407404
4976.119851403824
1760.5322879330947
617.9534348864995
