17.447057945041816
7.2340203106332135
4.3264262246117084
4.87631421744325
2.3456578554360807
11.788119772998805
22.540770609319
89.50828853046595
198.44384707287932
212.8942652329749
90.01194743130227
23.33908303464755
19.563956093189965
11.669242831541219
9.503733572281961
4.802643369175628
0.9795739994026282
3.2466509856630825
26.9001642771804
72.83938172043011
188.97625448028674
187.4081541218638
129.40412186379928
44.52882317801673
11.81518817204301
9.1636798088411
6.159087514934289
4.4245519713261645
3.696535244922342
15.569593787335723
63.140307646356035
122.23006272401433
298.5442801672641
236.11783154121864
171.57332735961765
50.43757467144563
11.619698327359618
8.943399044205496
4.935222520908004
1.9688582735961764
1.0884076314217441
14.602523894862601
27.84449671445639
112.0493578255675
191.6532258064516
186.88769414575867
62.50448028673835
19.18820937873357
10.932907706093191
5.047670250896057
5.399156212664277
4.901657706093189
8.597035543608124
6.018705197132617
44.80398745519713
96.05772102747909
192.37791218637992
206.57706093189964
182.5470430107527
70.02389486260454
27.54879778972521
10.501904121863799
5.405801971326166
2.3698850059737153
2.327131869772999
8.56164127837515
35.95452508960574
150.01157407407408
284.4660991636798
295.70452508960574
234.68675328554357
75.06869772998806
27.656175328554365
5.714867084826762
4.651919056152927
1.46011798088411
2.985304659498208
10.93660394265233
29.37574671445639
102.51157407407408
256.41017025089604
241.51993727598565
167.75462962962962
43.446535244922345
23.157183393070486
9.393518518518517
6.004181600955794
2.3282295400238953
0.7806362007168459
6.050664575866189
27.604540023894863
109.58968040621266
193.4072580645161
267.7124402628435
175.15793010752688
43.860513739546
15.251642771804063
11.702322281959379
7.419280167264038
6.238313918757467
5.624402628434886
10.392211768219832
20.307385005973714
113.46064814814815
317.9790173237754
274.5306899641578
84.61768219832736
48.36544205495819
32.454189068100355
8.916629330943849
4.883064516129032
5.272095280764635
3.6216285842293905
14.577807646356034
38.79024790919953
90.6880973715651
207.30473416965353
261.92689665471926
169.32310334528077
68.51553166069294
18.60943100358423
13.445676523297491
5.3852299880525685
4.512358124253287
3.299443697729988
16.825567502986857
57.51381421744325
156.1122311827957
253.5465203106332
278.551747311828
134.7909199522103
19.40811678614098
15.334901433691757
6.299768518518518
1.6382803166069295
3.9104428016726405
4.477113201911589
10.948028673835125
42.13597670250896
88.25828853046595
210.93974014336916
173.7130376344086
85.19601254480287
33.698812724014346
24.983833632019113
10.126605436081242
4.199391427718041
3.788806750298685
3.8038194444444446
8.082549283154123
49.44444444444445
76.13799283154121
191.51732377538832
198.48790322580646
81.2679211469534
42.29091995221027
14.368578255675029
7.258773894862604
6.671445639187574
2.495116487455197
11.768630525686977
10.686305256869773
43.374029271206695
123.35162783751494
200.75082138590204
202.94616188769413
144.68152628434888
52.16360513739546
13.755675029868579
7.283004778972521
5.9749850657108725
6.2612380525686975
4.408919504181601
10.090613799283155
17.807048984468338
104.07482078853046
195.3685035842294
195.37933094384707
133.1768966547192
29.933393070489846
22.994810334528076
14.87219982078853
2.8868839605734764
5.160730286738351
1.453214979091995
8.71774193548387
23.177307347670254
83.70706391875747
199.63821684587813
263.9699074074074
182.47535842293905
66.90561529271208
49.20773596176822
15.255301672640382
5.516801075268818
5.582250597371566
3.6674395161290323
4.04460872162485
25.454226403823178
80.59961170848267
228.40352449223423
215.0836320191159
144.6430704898447
48.5196385902031
30.43469982078853
3.847886798088411
5.100246415770608
3.6481369474313023
5.411760752688172
8.875373357228195
21.59744623655914
97.55040322580645
179.26859318996412
184.70355436081243
84.85849761051374
36.95844534050179
31.822543309438466
8.567353643966548
6.639038231780167
1.563336320191159
4.183355734767025
3.7685297192353646
57.94578853046595
89.91338112305854
240.42562724014337
300.8583482676225
188.38373655913978
58.453554360812426
20.17898745519713
8.936342592592593
4.398812724014337
3.7690598864994027
3.332989844683393
11.60763888888889
31.688620071684593
105.0918458781362
215.70303166069291
220.71983273596172
84.42839008363202
33.12742682198327
