0.7467278972520908
0.0
3.3602337216248506
0.0
0.0
0.0
0.0
86.99085274790922
116.48738052568697
135.90247909199522
76.1667413381123
2.6135043309438473
0.0
0.0
0.0
0.0
0.0
0.0
0.0
2.240142249103943
97.07194593787335
126.56851105137396
20.534595280764634
14.187481332138592
0.0
0.0
0.7467278972520908
0.0
0.0
0.0
0.0
13.814392921146954
111.262208781362
89.97909199522103
63.0973715651135
4.853823178016726
0.0
0.0
0.0
0.0
0.0
0.7467278972520908
0.0
45.54999253285544
126.1951164874552
179.21139486260455
162.78416218637992
13.067312574671446
0.0
0.0
0.0
0.0
0.3733557347670251
0.0
4.106933243727599
49.28539426523297
101.18111559139787
82.51280615292713
57.87219982078853
8.960569743130227
0.0
0.0
0.0
0.0
0.0
0.0
0.0
17.174473566308244
130.67312574671445
127.68906810035843
70.56399342891278
2.240142249103943
2.240142249103943
3.733557347670251
0.0
0.0
0.0
0.0
0.0
50.775164277180416
91.47337962962963
107.52684438470726
34.72207287933094
0.7467278972520908
0.7467278972520908
0.0
0.0
0.0
0.3733557347670251
0.0
0.0
33.975433094384705
99.68679062126643
111.262208781362
48.53823178016727
6.3471139486260455
0.0
0.0
0.0
0.0
0.0
0.0
0.0
26.881705495818398
92.5939366786141
131.0468936678614
76.90972222222223
4.853823178016726
0.0
0.0
0.0
0.0
0.0
0.0
0.0
51.148558841099174
118.72849462365589
103.79144265232975
77.65688470728793
0.0
0.0
0.0
0.0
0.0
0.0
0.0
0.0
66.45937873357228
151.5825119474313
199.37361857825567
205.71931003584228
22.774962664277183
0.0
0.0
0.0
0.0
0.0
0.0
0.0
29.86869026284349
109.0207586618877
129.55675029868578
146.7307347670251
14.561017771804062
0.0
0.0
0.0
0.0
0.0
0.0
0.0
41.06933243727599
121.33919504181601
175.475993130227
121.71255227001194
20.534595280764634
0.0
0.7467278972520908
0.0
0.0
0.0
0.0
0.0
53.01627837514934
142.99570639187573
103.79144265232975
102.30167264038232
12.320687724014338
4.853823178016726
0.0
0.0
0.0
0.0
1.493414351851852
0.0
50.775164277180416
118.35510005973715
243.42928614097968
61.97681451612903
14.93414351851852
0.0
0.0
0.0
0.0
0.0
0.0
0.0
85.87029569892474
105.28573028673836
121.33919504181601
142.24854390681006
11.200899790919951
0.0
0.0
0.0
0.0
0.0
0.0
0.0
51.148558841099174
135.90247909199522
148.96766726403823
66.45937873357228
23.14804734169654
0.0
0.0
0.0
0.0
0.0
0.0
2.6135043309438473
11.200899790919951
243.42928614097968
177.34367532855435
98.5662709080048
34.34897700119474
0.7467278972520908
0.0
0.0
0.0
0.0
0.0
0.0
38.08262395459976
121.33919504181601
172.49189814814815
96.32515681003584
4.106933243727599
0.3733557347670251
0.0
0.7467278972520908
0.0
0.0
0.0
0.0
38.455607825567505
175.10259856630825
132.1674507168459
179.21139486260455
12.320687724014338
