2345.6749176821313
2758.5841762122127
1704.0078869383835
2208.3057065058756
1607.024974716148
2122.1231074450834
2392.8915957248814
2789.473335053959
3126.9762922217774
4376.299662512316
4121.832422518749
3103.016448445984
2220.2384537448543
2001.7440416360992
1368.590263912514
1410.7328492351573
1545.0087148168027
1779.9125285769592
2016.5760269524023
2448.2873312502584
2911.708278714363
4074.724131718356
3150.104305437463
2469.5714257123955
2095.0308939667043
1470.2913937203136
1555.063642592796
1363.4016959600035
1249.1667225211431
1784.7283059480803
2199.2156966103266
2802.755886865706
3749.0859662420544
4308.699517877215
4250.357790889104
2815.92722549307
2310.452678960733
1816.1118986407162
1802.0680600085714
1673.6359978750227
1278.0314191280765
2068.6159592608897
2162.344718950539
2523.196169701586
3720.4899361642683
4889.606801992229
4180.634936999595
3098.0192780674483
2042.8203242364827
1325.6271591643085
1227.9177543927328
1280.1572366497267
1345.433742029755
1674.9783047304543
1864.887629234568
2577.939266482716
3285.698233468796
4391.003979848085
3509.2927387861864
2825.1730776072927
2031.4084974476168
1499.5890096205933
1194.1746940086641
1473.3094917247158
1203.945525815989
1994.2172791285293
2186.671403675591
2737.4233762597996
4012.253970016905
4042.932931159498
3841.4973405750516
2884.060331199461
1903.0573248786473
1816.212841634988
1435.6561337520384
1353.8836486291032
1349.6321843012454
1571.0875495916255
1691.8357242222216
2394.1856129008866
3281.999542174112
3220.255365768352
3100.5503496625365
2548.6477452607264
2008.6782717047747
1969.154612655263
1483.4040202412978
1645.1130230652457
1641.7660996867926
1798.1180568931952
2093.6342095848017
3034.4820044106964
3790.563484331813
4041.4225735914856
4357.264582462239
2970.9259904138503
2341.740208181284
1676.1460817751547
1315.7234082551438
1228.7950247899914
1405.7420009666694
1902.2058249904373
2128.63874026694
2800.690171828659
4056.7487449085315
4418.531875571081
4470.626100963338
2694.656161879833
2018.2136672881597
1670.4715569052814
888.9701845893028
1285.3369485832818
1226.4222239758474
1547.7968262722065
1758.70783489008
2857.74204022939
3841.803347345532
4558.493140322647
3719.6694734903704
2792.779064687322
1984.6386686805179
2097.423162699897
1058.4969609662735
1169.7412824623561
990.9874179699997
1342.7581718478295
1973.2249880559216
2342.3071989849927
3080.584102912514
3320.354268810104
4008.4232639458405
2502.6574289858477
1791.4466794346536
1121.8648786420677
857.9376374167814
910.2307261671577
810.9612489906906
928.080255162325
1276.2372859801237
1934.955888812961
3111.8642116434053
3181.018524885229
2670.271702343037
2073.8460711438206
1647.3672820795005
921.5669549634158
660.1348233341739
685.4758492777177
663.1448482237892
907.5121665902427
1186.166538547098
1694.6547653257794
2887.826055912115
3287.932034570509
2845.088122052979
1847.37396120469
1500.1571283184614
1434.3935371929115
1026.233873295481
1449.0634265978
734.5567920147286
1153.5953252446282
1344.247535013977
2044.7165701305023
2917.2484235058664
3595.065640166341
2787.55216346656
2130.905580213729
1898.4617743197175
1053.8281849678326
986.8436209077463
936.271423027008
836.7307819992885
1138.1002346617076
1385.2037929872556
2537.3298049082623
3367.7267877346458
3934.4350981309594
3837.5782754336215
2212.8375448645997
1657.7703923479273
1551.8191339718485
1067.7442490009314
906.6754113740475
835.894424020696
1251.921891781763
1629.2154400088878
2281.3107957196894
3366.458327670938
3186.195537698117
2994.3632056376346
2496.5327769446867
1752.9059774648981
1611.552962887845
1133.0627486762903
1282.1129053392826
956.6511167723166
1509.9704315140534
2018.334769866414
2825.382295534919
3479.8566788121707
4356.145567030335
4109.189614015619
2973.3820398611197
2087.5466772859995
1392.7919392976328
1361.1090003642726
1145.4420137298196
1155.7652854929179
1595.8423765093285
1861.6974168019742
2515.189947419333
3745.3558526363227
4094.637965378112
4136.622457968571
2679.145149595019
1985.2368842785536
1245.5498321255504
997.7455481284276
985.6255531531611
1133.6339554500885
1340.6902139140677
1941.6901829396854
2396.059079253025
2690.024699751774
3618.0992088553244
2786.832169672747
2490.4205085307676
1782.1817957992503
1295.7396160664493
1102.3671618986427
1303.561095593166
1186.3375570501296
2017.3289374725155
1931.319451876257
2866.912964243103
4044.6967441500356
4723.201549961943
4169.243512886989
2829.2320227933783
