0.0
0.0
0.0
0.0
8.2139075567503
0.0
0.0
76.1667413381123
128.06283602150538
61.97681451612903
0.0
0.0
0.0
0.0
0.7467278972520908
0.0
6.3471139486260455
0.7467278972520908
0.0
38.455607825567505
159.7959229390681
137.7701612903226
102.67502986857825
0.0
0.0
0.0
1.493414351851852
0.0
0.0
0.0
0.0
39.57579151732378
121.33919504181601
103.79144265232975
88.11137246117084
0.0
4.480283004778973
0.0
0.0
0.0
0.0
0.0
0.0
11.574025537634409
123.20687724014337
125.0745594384707
116.11402329749106
15.681186529271207
11.947565710872162
0.3733557347670251
0.0
0.0
0.0
0.0
0.7467278972520908
54.8839605734767
153.82362604540023
160.16969086021504
134.03513291517325
17.921139486260454
0.0
0.0
0.0
1.1200899790919951
2.240142249103943
0.0
0.0
41.06933243727599
105.28573028673836
118.72849462365589
109.0207586618877
19.041304510155317
0.0
0.3733557347670251
0.0
0.0
0.0
0.3733557347670251
0.0
53.01627837514934
159.7959229390681
99.68679062126643
100.43395310633214
6.7206541218638005
0.0
0.0
0.0
0.0
0.0
0.0
0.0
35.842293906810035
102.30167264038232
79.52456690561529
85.12731481481482
0.0
0.0
2.240142249103943
0.0
0.0
0.0
2.240142249103943
0.0
53.01627837514934
159.7959229390681
130.67312574671445
95.20463709677419
6.7206541218638005
6.3471139486260455
0.0
1.1200899790919951
0.0
0.0
0.0
0.0
78.77740442054959
121.71255227001194
125.44795400238948
103.04842443249701
6.3471139486260455
0.0
0.0
0.3733557347670251
0.0
0.0
0.0
0.0
52.64288381123058
103.79144265232975
111.262208781362
94.08788829151733
10.080734767025088
0.0
0.7467278972520908
0.0
0.3733557347670251
0.0
0.7467278972520908
0.0
67.206541218638
128.80958781362008
140.75425627240142
128.80958781362008
27.25524566905615
0.0
0.0
0.0
2.240142249103943
0.0
0.0
0.7467278972520908
36.21580047789726
96.32515681003584
90.35285991636798
85.87029569892474
8.960569743130227
0.0
1.493414351851852
0.3733557347670251
0.0
0.0
0.0
0.0
44.802830047789726
130.67312574671445
190.0396505376344
160.16969086021504
13.814392921146954
0.0
0.0
0.7467278972520908
0.0
0.0
0.7467278972520908
0.0
13.814392921146954
97.07194593787335
142.6219384707288
107.52684438470726
31.735513739545997
0.0
0.0
0.0
0.0
7.467278972520908
0.0
0.0
20.908131720430106
166.14202508960574
171.3713410991637
40.32254330943847
20.908131720430106
0.0
0.0
0.0
0.0
0.0
0.0
0.0
45.54999253285544
148.22087813620075
132.54084528076464
40.32254330943847
32.1086096176822
0.0
0.0
0.0
7.093738799283154
0.0
0.3733557347670251
0.0
48.164463859020316
126.56851105137396
116.48738052568697
85.12731481481482
0.0
1.1200899790919951
0.0
0.0
0.0
0.0
0.0
0.0
29.86869026284349
141.87481332138591
157.554846176822
0.0
0.0
0.0
0.0
0.0
0.0
0.0
0.0
0.0
0.0
153.4502314814815
97.44571385902032
41.06933243727599
2.240142249103943
