437.0972853195936
272.1180630227001
181.47295474910393
178.42009449671446
188.43680107526885
443.081044280167
664.1125981929512
3061.4166704002387
7569.346654719236
4982.493600657109
2365.80716845878
1052.776945191159
488.10025612305844
272.74655727299887
115.76131679360813
117.70443589456394
88.14083318399044
163.4406205197132
703.1706011051375
2206.386674880526
5188.39829749104
3790.8550627240143
1680.0781324671445
585.0684632616486
327.2754984318996
262.5811790621266
130.891313844086
85.50728395310634
146.2358311678614
231.15376082735958
651.210721699522
2342.121774193548
5754.447218488649
4115.3333968040615
2323.07902479092
1101.8846811529272
510.36402068399025
333.4390546594982
148.4608213112306
212.35467805406205
202.3516267174432
338.4458762694146
811.4697289426525
4655.477550029867
8811.17164725209
6703.367652329749
2875.976224611707
1195.553248207885
334.174435483871
198.0555339008363
122.16957575418162
110.90605854241338
156.55665374850656
173.4761641278375
650.0740733273593
3071.4621714456393
6671.650869922343
4541.1988052568695
1831.2085013440865
812.9073248954599
545.8578300477898
245.24156810035848
132.57677680704901
104.11962141577061
132.75123850059734
173.21856593488658
625.3054846176824
2416.351022998805
6005.257347670252
4113.903927718038
1743.5425515232978
179.26341763739543
384.56659759557954
176.91000373357227
313.60920101553177
108.59933045848267
138.1031869772999
149.66586880227
650.6514142771803
1851.050843787335
5018.013698476701
2869.54396281362
1303.2750896057346
495.92781137992847
516.9222211021505
189.12060857228192
123.3371673387097
112.11727770310634
99.35373431899644
146.13440337514936
319.866469160693
2131.331866039427
6194.847323028674
4238.190023894863
2586.7527068399054
701.6410368130224
340.53068436379925
285.93473491636803
224.9702676971326
191.99132493279566
118.49675336021502
245.8191192502986
694.8813220579452
3562.3255301672634
7290.6921333632035
5887.496796594981
3182.0518966547197
938.3747125149341
685.5563134707284
356.6982078853048
188.694563172043
206.79612339456386
169.6240199746117
199.34349798387095
816.2420224761053
4096.501900388291
7376.978274342894
4689.902247610512
2105.2371602449225
999.9695370370374
580.410528300478
556.8625552568695
227.7334012843489
77.46444679659498
85.56567084826763
110.56404946983277
578.7779876045404
2746.867827807647
5067.79011723417
4148.100347222221
1822.6419466845884
906.5854652031062
320.74326239545996
155.65127408154126
160.53022588112307
97.72797054211472
77.30289064366785
175.58975134408598
539.347792712067
2373.2689814814808
6214.997793458782
4108.395990143368
2002.7580645161286
1039.8044056152928
550.9585868428911
169.28652777777785
134.5217514187575
132.1725250149343
89.63432500746717
88.61449749850658
162.38144489247307
1709.1193697729989
4978.987141577061
3925.5380376344074
1931.2569257765833
778.1498603643969
411.8555283004779
212.73955794504178
99.5094183467742
133.89978550627237
107.81219298835127
132.34730660095576
573.2302990591397
2287.7474014336917
5394.77796072282
3866.053046594982
1486.3366935483873
473.12902255077677
440.12840128434897
379.0289956690561
141.371379181601
350.44149044205494
235.57803080197135
158.81464755077664
459.5887399193549
2401.9520235961763
5639.604480286737
4437.278207138591
1636.4695975209083
550.1917540322584
274.234892099761
252.54727449223418
130.28227747909196
161.8548674208483
200.38806720430108
270.26552979390686
1391.0217443249699
3245.4339867084827
7202.988788082439
5377.1374402628435
2267.14155839307
955.0102075866189
423.3173454301074
275.9511103643967
310.25068025686966
128.11883923237752
103.33213194444441
230.34004592293905
786.0252975657107
3625.599712514935
6787.028154868578
4594.339105436081
2124.458015979689
826.3228994922343
483.26690188172034
183.58662783751492
86.96363056302272
96.27476971326162
82.18830163530465
197.43266502389494
32.471937283452796
1497.3961805555555
4067.8420586917564
3073.9636424731198
1283.0683131720427
316.82387470131414
173.35476291816008
219.76509744623647
163.9749221923536
96.26519212962963
260.15187612007156
245.6451152180405
623.5690498058541
2635.3324111409797
6008.187178912784
4510.579700567505
1838.0287335722826
888.5500634707288
260.23517958482677
203.49754666965356
121.14260939366788
60.29268197431303
77.77235513739545
153.64035618279567
354.59077247610514
1837.7133101851848
4188.996456839906
3515.695407706093
1186.665625
149.86343399044205
