6.388590203106332
3.458669354865921
2.3887022103020024
3.4344384707287934
1.7258064516401148
8.13957586618877
43.43264635603345
117.80540621266428
145.15755675029868
68.67943548387096
34.56466547192353
6.345579450445371
4.851403823205228
3.643357974910394
2.3887022103020024
2.5906137993103657
1.7258064516401148
5.388306451612903
46.33736559139785
93.64172640382318
111.08870967741936
73.82803166069296
34.14239844683393
6.345579450445371
4.851403823205228
4.5703778375149335
2.3887022103020024
3.3500597371565113
1.7258064516401148
1.6946833930704899
43.57078853046595
88.32138590203107
117.44698327359617
64.23648446833931
32.68966547192354
9.352262544802867
4.911107377538829
4.378098864994026
2.8094011350059738
2.5906137993103657
4.009333930704899
0.7187275985663082
13.98446833930705
108.68428912783752
191.82347670250897
95.699298088411
36.425104540023895
6.345579450445371
4.851403823205228
3.629816308243728
2.3887022103020024
2.5906137993103657
1.7258064516401148
6.386663679808841
26.667786738351253
95.83706690561529
99.18608124253286
51.6543458781362
30.87178912783752
6.345579450445371
4.851403823205228
3.6560894563918755
2.586122311827957
7.133997909199522
1.7258064516401148
11.303031660692952
41.31944444444444
65.77434289127838
119.2465651135006
87.33236260454002
33.13284050179212
6.345579450445371
4.851403823205228
3.477774044205496
2.3887022103020024
3.937126642771804
3.0858721624850656
5.029883512544803
13.09923835125448
84.36379928315412
88.75821385902032
47.16285842293907
27.050104540023895
7.046893667861409
5.524865591397849
3.458669354865921
2.59487380525687
2.5906137993103657
2.5071311230585422
10.57871863799283
42.04002389486261
97.12888291517322
124.46236559139786
81.28024193548387
27.634781959378735
10.508512544802867
4.851403823205228
4.159199522102748
2.3887022103020024
3.843600657108721
2.9198775388291516
5.803853046594981
14.026284348864994
88.32138590203107
64.70280764635604
59.07295400238949
34.21856332138591
6.388168309438471
4.851403823205228
4.007952508960574
2.3887022103020024
2.5906137993103657
1.7258064516401148
14.971639784946236
0.1369212962962963
76.95639187574672
88.32138590203107
62.336096176821975
31.811155913978496
10.78853046594982
5.488239247311828
6.7515307646356035
4.434587813620072
2.5906137993103657
1.7258064516401148
10.4528972520908
60.49880525686977
148.58124253285544
201.25448028673836
118.31354540023895
35.520833333333336
6.345579450445371
5.524865591397849
3.458669354865921
2.3887022103020024
3.482190860215053
1.8121789127837515
7.9517771804062125
60.66308243727599
137.9965651135006
141.67040023894862
72.21886200716845
27.487679211469533
6.345579450445371
8.677195340501791
3.458669354865921
2.4842293906810036
7.033564814814815
1.830884109916368
11.414292114695339
62.58960573476703
179.26747311827958
224.19354838709677
117.66390382317802
49.58109318996416
6.460211320191159
4.851403823205228
6.339979091995221
2.3887022103020024
2.5906137993103657
1.7258064516401148
2.1380824372759855
51.65023894862605
121.6995221027479
161.9586320191159
81.71333632019116
33.13284050179212
6.926709976105138
4.851403823205228
3.458669354865921
2.3887022103020024
2.5906137993103657
2.4143891875746712
9.320131421744325
45.803464755077655
108.03464755077658
141.4986559139785
33.498357228195935
23.86424731182796
8.150238948626045
5.035282258064516
3.458669354865921
2.50333408004779
2.5906137993103657
1.7258064516401148
8.373670848267622
60.49880525686977
137.17891278375149
185.59587813620072
83.2814366786141
34.21856332138591
10.888963560334528
8.436454599761051
3.458669354865921
2.3887022103020024
2.5906137993103657
2.8920250896057347
7.095669056152926
43.82467144563919
118.75
168.81720430107526
80.35058243727597
35.022401433691755
11.923163082437275
4.851403823205228
3.493694743130227
2.5001493428912784
2.5906137993103657
4.941830943847073
9.258527479091995
54.84991039426523
100.73924731182795
141.7749402628435
64.91226105137396
23.918010752688172
6.52945788530466
5.332213261648746
3.458669354865921
2.3887022103020024
3.179696833930705
3.771692054958184
11.152195340501793
46.33736559139785
88.32138590203107
121.21042413381123
51.191382915173236
31.6819743130227
11.107004181600956
5.532034050179211
3.458669354865921
3.500410692951015
2.7625522700119474
5.392883811230584
0.3334229390953121
18.679062126642773
84.36379928315412
61.12231182795699
47.16285842293907
19.829749103942653
6.345579450445371
