4.851403823205228
3.458669354865921
2.3887022103020024
2.5906137993103657
1.7258064516401148
8.00442054958184
46.99820788530466
165.17697132616487
152.49402628434888
49.503808243727605
32.130002986857825
11.718936678614096
4.946931003584229
3.458669354865921
2.3887022103020024
2.5906137993103657
2.3944892473118276
0.3334229390953121
42.9136798088411
114.63186977299881
137.17891278375149
54.30891577060932
25.123581242532854
6.835125448028674
4.851403823205228
3.458669354865921
2.3887022103020024
3.2274492234169654
1.7258064516401148
7.617249103942652
49.87679211469534
131.47774790919954
143.2534348864994
97.9506421744325
42.445116487455195
6.971288829151731
4.851403823205228
3.458669354865921
2.462335722819594
3.649342891278375
1.9391465053763441
9.205510752688172
44.784199522102746
133.24746117084825
141.67040023894862
61.80219534050179
33.13284050179212
7.265008960573475
4.986734617682198
3.458669354865921
3.445863201911589
2.5906137993103657
1.7258064516401148
7.230451015531661
54.0621266427718
82.93757467144565
157.69862604540023
138.7884557945042
29.873058542413382
6.345579450445371
5.742980884109916
3.458669354865921
2.3887022103020024
4.11305256869773
1.7258064516401148
7.7762992831541204
53.2444743130227
136.96983273596177
164.060633213859
124.48140681003584
24.108796296296298
11.107004181600956
5.77482825567503
4.981108124253286
2.3887022103020024
2.5906137993103657
1.7258064516401148
16.84813321385902
39.11663679808841
145.13515531660693
132.9786439665472
92.09266726403823
23.173536439665472
6.345579450445371
4.851403823205228
3.458669354865921
2.3887022103020024
2.5906137993103657
2.314889486260454
6.383303464755078
41.18130227001195
64.28838112305854
104.40188172043011
128.00216547192355
31.087589605734767
6.436727150537633
6.335648148148148
4.095504778972521
2.7867383512544803
2.5906137993103657
4.607116188769415
14.359707287933094
37.53360215053763
106.2313321385902
148.58124253285544
70.75156810035843
35.34460872162485
6.345579450445371
4.851403823205228
3.458669354865921
2.3887022103020024
2.5906137993103657
2.351515830346475
4.206257467144563
2.7211768219832733e-11
74.80958781362007
137.9965651135006
17.580271804062125
29.64531063321386
10.461096176821984
5.477113201911589
3.458669354865921
2.3887022103020024
3.085760155316607
1.8221288829151732
13.189605734767024
54.4578853046595
138.35125448028674
217.79047192353644
76.69168160095579
48.424432497013136
13.45952807646356
7.417898745519714
3.458669354865921
2.3887022103020024
2.5906137993103657
3.779607228195938
7.095669056152926
54.99178614097969
136.32392473118279
214.94175627240142
106.05249402628435
26.858945639187574
10.929286140979688
4.880061603942653
3.458669354865921
2.3887022103020024
2.5906137993103657
1.7258064516401148
11.458721624850655
89.22117682198328
168.35050776583034
163.65740740740742
59.386574074074076
43.537186379928315
12.89165173237754
4.976385155316607
3.458669354865921
2.3887022103020024
4.927867383512544
2.0299059139784945
5.658990442054957
47.136350059737154
75.50776583034647
161.67861409796893
77.20318100358423
30.41106630824373
6.839120370370369
7.716061827956989
3.458669354865921
2.3887022103020024
2.5906137993103657
1.7258064516401148
1.586409796893668
4.708781362007168
103.96505376344086
110.03584229390681
59.54338410991637
31.824223416965353
14.824148745519713
5.937201314217443
7.996079749103942
3.6464680406212664
3.024454898446834
1.7258064516401148
6.136514336917562
54.88724611708483
224.081541218638
232.05645161290323
116.24514635603346
38.256421744324975
12.706093189964157
6.5437948028673825
7.442764336917563
2.3887022103020024
2.5906137993103657
1.7258064516401148
6.701777180406212
63.67607526881721
137.17891278375149
168.30197132616487
102.82295400238948
30.87402927120669
9.851366487455197
5.805070191158901
4.163978494623656
2.878248207885304
2.5906137993103657
1.8245183691756268
13.884050179211467
54.88724611708483
185.07691158900838
232.76956391875746
110.86506869772998
47.38575268817204
10.171370967741936
5.395908004778972
3.458669354865921
2.3887022103020024
2.695691457586619
2.3252314814814814
13.189605734767024
61.01777180406213
168.81720430107526
245.17995818399044
114.03113799283155
51.656959378733575
9.556936977299879
6.250858721624851
3.458669354865921
2.883848566308244
2.5906137993103657
2.6731257467144562
6.574462365591398
54.0621266427718
132.9786439665472
176.77718040621266
86.99260752688173
37.35364396654719
11.042040023894863
