321.96947132616475
186.36844198028675
126.97831466547194
117.60988728345279
120.45207623954597
100.90906212664282
324.26935857228193
1539.8451874253292
4794.541890681005
3309.124518369176
1255.6566196236556
708.9457956242533
330.05454674432485
290.9703677568697
105.3617994698327
326.5699924208482
99.70700029868578
282.509538530466
255.20133064516125
2239.2930294205494
4962.682620221029
3019.8167226702512
805.0504950716847
549.1730902777778
361.5100007467145
231.22524417562718
171.66733796296293
121.97669504181599
172.72902658303462
216.0371117084827
814.6593693996413
4369.405212066908
7943.286036439664
6302.066655465951
2518.145833333334
1003.848980734767
408.7358885902032
288.3392454450418
122.70847155017923
64.99165042562724
106.2157344310036
148.18534636350057
548.9444769265232
3226.2625746714457
6272.212451463561
4149.191748805257
1723.0758587216244
651.1106279868579
299.5208098118279
267.99205122461177
203.68550776583035
149.2595742607527
253.09536641278373
177.56512208781368
366.6200317353644
3081.37920400239
5875.028711170846
4017.2825530167265
1764.4884147252092
383.83715091099157
594.4849081541215
241.25547677718046
102.01821837664278
98.94131130525686
397.36727225209086
175.2589527329749
1437.821008811231
2243.0007392473117
5307.391569593788
4765.09181974313
2502.7616524790915
806.2287570937873
326.549916741338
223.53896804062126
245.3734281660693
339.163154495221
124.38823738052568
166.18424955197128
438.7768537186379
2059.3811193249703
6594.801960125446
4695.66043533453
396.0597158751493
771.2072681451612
310.59462888291523
201.06232153524493
110.08537802419355
132.21460446535247
120.97993791069295
201.87366972819595
435.77747386499414
2764.9302904719234
6795.046367234169
4798.350485364396
2229.139448924731
984.2106332138591
406.68309587813627
200.2360379330944
143.23259860364396
119.79107362604539
127.94640356182798
324.49405129928317
557.5744791666667
4142.034636350059
9692.664743876945
6371.0689030764615
3103.471972072879
710.293779868578
429.80074746117083
310.64061827956994
190.22891987753877
123.2645859094982
94.2003450567503
159.1263425925925
562.4012865890085
4213.37704599761
6898.523521505376
4957.049850657109
1322.3275350955798
898.7888549133817
400.2555346475508
315.5751612903226
176.29969534050178
221.92901146206688
83.45854872311826
214.73161925029882
528.4742502986859
2958.62954749104
7021.364994026284
4934.487216248506
1742.6237268518507
677.0838567801669
240.94600134408606
231.24135229988053
128.54600089605734
87.2666400462963
222.9986577060932
228.22811305256874
725.1622785991636
2956.0803352747917
6931.413474462365
7517.142980884111
3494.2583968040612
1215.2432945041817
301.93447095280766
232.10452508960583
192.44192129629633
118.60508684289127
114.79189811081241
218.4800134408602
851.3034763291519
3649.7127016129034
6997.685185185185
4816.355559289128
2200.628475955796
1037.572084080048
314.13426971326163
153.34546628584226
271.51236372461176
110.69278341547191
196.94428240740743
132.0169283900836
708.2382795698925
2395.4824036738355
6252.413186977299
3370.7957175925926
1370.488892622461
774.1472965203108
219.27813060035848
185.9134643817204
101.20017125896057
232.65460782556755
101.54896901135007
93.3936902628435
617.1629868578256
2467.713373655914
6046.040710872163
4423.238186977299
2968.886794354838
1306.7896468040617
453.8132881571088
175.703416218638
121.93674383960575
110.02108844832736
120.88925862455196
205.51242607526885
680.1643850806449
2922.5916741338124
6491.737051971326
5313.776176075269
2557.4152553763442
1061.9816158900837
295.7603531959379
201.12874290621266
137.89847169952208
154.31728849313023
105.52933975507767
444.39020347968943
535.3650104540025
4193.372423835125
9779.184714755078
6761.36348192951
4033.3230958781355
1095.0331877240142
560.542236409797
341.8543798536441
101.16642831541215
106.82105193399045
158.75702658303467
220.930813172043
443.7084315262844
2534.2595504778983
6541.596031212665
5288.4331989247285
2520.2997573178013
1320.7196759259252
260.039808467742
221.3818242234169
215.77975209080043
227.1958685035842
177.34327292413383
268.59916965352454
1178.310603345281
3090.936988500597
5742.066360513741
4419.2342069892475
2297.1377240143374
1077.5893667861408
415.44349649044204
279.924905167264
136.34311827956992
252.12805839307046
77.68393817204301
248.44726590501796
1151.7697991338116
4176.0979166666675
8381.461073775386
6596.849544504182
4355.502187873358
1116.7714680406211
