15.332586618876942
7.21415770609319
5.139859617682197
4.5891950418160095
4.550179211469533
5.693847072879331
16.513776881720432
68.28517025089606
149.32870370370372
134.80473416965353
75.30465949820788
36.45754928315412
14.349873058542414
12.928390083632019
3.5038418458781364
6.357833034647551
3.9199298088410983
14.24540770609319
12.236409796893668
88.05742234169654
160.46520310633213
140.07205794504185
38.45575716845879
29.280092592592588
19.728531959378735
9.015793010752688
7.201874253285544
3.0277889784946233
3.9374439964157713
10.02759109916368
44.52583632019116
109.51612903225806
206.08646953405017
268.38672341696537
136.44115890083629
55.71609916367981
20.61282855436081
12.900873655913978
4.330047789725208
1.9358908303464755
2.0937798685782556
4.908639486260454
27.726030465949822
103.82168458781362
177.70049283154123
173.4091248506571
80.918458781362
32.90692204301075
14.555928912783752
10.549469832735962
6.901060334528077
3.5868391577060934
4.035659348864994
7.927008661887694
18.359804360812422
103.98558841099164
190.03173536439667
161.48334826762246
84.11028972520909
14.996527777777779
31.935297192353644
10.414015830346475
2.616338112305854
2.991465053763441
17.576052867383513
6.213933691756273
69.44183094384708
75.06907108721624
177.5746714456392
225.8814964157706
129.44071087216247
41.0884109916368
13.846774193548384
8.152964456391876
10.441345579450417
8.73622311827957
2.161678614097969
6.904308542413381
22.964419056152927
55.85386798088412
194.85737753882918
204.9126344086022
12.724835722819593
40.43048088410992
14.478083930704896
6.712253584229391
3.2962888291517323
3.2857302867383513
4.19651284348865
9.559811827956988
17.866972819593787
97.98088410991637
186.38739545997612
190.70489844683397
118.2172192353644
57.72737455197134
22.2389486260454
6.626157407407407
4.683057048984469
2.2305891577060932
4.589221176821984
15.133251194743133
34.08475209080048
95.7799432497013
302.8976254480287
273.9717741935484
163.75037335722823
43.25212813620072
21.175067204301076
12.44858870967742
9.726926523297491
3.7540882616487457
2.014068100358423
6.846699522102748
29.888104838709673
110.97632915173237
251.06854838709677
217.47573178016725
71.5729540023895
44.136798088411
23.43824671445639
13.574036738351255
8.235663082437277
6.047894265232975
2.943996415770609
7.884893966547192
29.915807945041816
122.1785394265233
207.78375149342892
207.38164575866188
91.60916965352449
33.73469235364396
10.756645758661886
8.106630824372758
4.599761051373954
2.7106294802867383
7.131123058542412
9.389374253285544
41.083669354838705
102.78636499402629
206.32355137395464
330.1922789725209
186.70250896057348
71.20370370370371
17.426448626045403
8.774492234169653
7.688396057347671
3.5594086021505382
2.5157146057347672
12.077620967741936
45.4778972520908
106.1103643966547
192.34244324970135
196.3220579450418
114.62104241338112
59.982825567503
14.181824970131421
4.2979017323775395
13.602710573476703
2.1641315710872164
7.86118578255675
4.761768219832736
41.57108721624851
85.24454898446835
177.43876941457586
135.19414575866188
63.222072879330945
40.12619474313023
8.56709229390681
5.569556451612903
3.501963859020311
3.108572281959379
3.3738873954599766
4.512096774193548
33.5421146953405
66.23282556750299
196.26680107526883
207.30585424133807
147.1497909199522
73.58982974910393
23.748767921146953
7.575978195937873
3.7942913679808843
4.051836917562724
3.92532482078853
10.309289127837514
34.54140531660693
98.90008960573476
222.95922939068106
236.40830346475502
138.04435483870967
55.23409498207885
14.896020011947432
8.585312126642771
5.098080943847073
4.36072655316607
2.9330645161290323
21.63500597371565
29.914874551971327
128.0607825567503
300.8583482676225
294.44033751493424
215.84117383512546
66.04689366786141
30.143742532855438
15.355249402628434
3.369011350059737
4.353076463560334
8.053427419354838
11.075194145758664
23.341771206690563
78.95945340501792
219.65837813620072
224.96303763440855
141.48820191158904
73.41173835125448
13.130152329749103
8.66659199522103
8.36484468339307
4.816928016726404
4.494679659498208
12.278860513739547
59.68376642771804
113.56630824372762
198.2571684587814
184.70355436081243
111.21005077658303
52.450716845878134
18.590352449223413
11.889896953405017
5.841733870967742
6.073965800477898
2.0921370967741937
12.782668757467144
59.549731182795696
98.46251493428913
232.15651135005973
258.92958482676227
230.84117383512546
61.04278673835125
