4.851403823205228
3.729327210274791
2.3887022103020024
2.7179808841099162
1.7258064516401148
0.42895011947431294
58.691756272401435
78.65890083632019
93.64172640382318
28.308318399044204
21.98439366786141
11.678987455197133
4.851403823205228
3.458669354865921
2.3887022103020024
2.5906137993103657
1.7258064516401148
12.820355436081243
47.046744324970135
68.56332138590203
87.77628434886499
53.20004480286738
15.133288530493163
8.807385005973716
8.630899044205494
6.312462664277181
2.3887022103020024
2.670221027479092
2.512283452807646
8.13957586618877
71.65098566308244
176.77718040621266
232.76956391875746
151.40419653524492
47.38575268817204
11.718936678614096
4.9791704002389485
3.458669354865921
2.553879181600956
6.370109020310633
2.2193473715651133
5.380465949820788
66.8570788530466
211.3500597371565
232.05645161290323
144.0826612903226
32.130002986857825
10.461096176821984
4.851403823205228
3.458669354865921
2.8695116487455197
2.5906137993103657
2.4263366188769413
7.423103345280764
50.75044802867384
108.72535842293907
109.61768219832736
55.43272102747909
30.39837216248507
6.766278375149342
5.591733870967742
3.9960050776583036
4.452844982078853
2.5906137993103657
1.7258064516401148
5.746729390681003
32.50336021505376
54.88724611708483
67.06242532855435
50.81055854241338
26.023372162485067
8.928726105137395
4.851403823205228
3.493694743130227
3.2802792712066906
8.624813321385902
1.7258064516401148
14.971639784946236
75.40322580645162
172.50597371565112
134.21445639187576
93.99305555555556
26.258587216248507
6.4419018817204305
4.851403823205228
4.517398446833931
2.3887022103020024
2.5906137993103657
1.7258064516401148
11.414292114695339
50.38829151732377
118.3729091995221
217.79047192353644
85.1370221027479
31.647998805256865
10.01265681003584
5.881496415770609
3.458669354865921
2.3887022103020024
2.5906137993103657
1.7258064516401148
11.458721624850655
37.29540023894862
179.26747311827958
187.50373357228196
119.2469384707288
31.647998805256865
14.876045400238946
7.188657407407407
3.545041816009558
3.0144115890083634
2.5906137993103657
1.7258064516401148
9.308930704898447
20.916591995221026
173.4281660692951
136.96983273596177
92.09266726403823
22.69563918757467
12.713933691756273
5.695228494623656
3.458669354865921
2.3887022103020024
2.5906137993103657
1.7258064516401148
6.7854091995221015
37.73521505376344
116.1215651135006
164.060633213859
74.33953106332139
23.173536439665472
6.345579450445371
4.851403823205228
4.323178016726404
2.3887022103020024
2.5906137993103657
1.7258064516401148
5.746729390681003
54.0621266427718
122.75238948626045
127.47535842293907
93.07833034647551
49.123357228195935
6.536626344086022
8.678688769414574
3.458669354865921
2.3887022103020024
2.5906137993103657
4.063060035842294
4.994787933094384
52.97565710872163
191.11036439665472
130.7347670250896
62.873730585424134
30.067204301075275
12.391726403823176
6.241300776583035
3.458669354865921
3.4744997013142176
5.806638291517323
1.9391465053763441
8.847834528076463
32.011648745519715
67.06242532855435
130.7347670250896
55.43272102747909
15.133288530493163
6.826388888888889
4.851403823205228
3.458669354865921
2.5757691158900835
2.5906137993103657
1.7258064516401148
0.9113425925925925
41.31944444444444
160.84229390681003
181.01478494623655
124.55981182795699
38.88254181600956
14.824148745519713
5.64426523297491
3.7611671146953407
2.3887022103020024
2.5906137993103657
1.7258064516401148
15.073192951015532
53.95385304659498
152.49402628434888
168.81720430107526
72.3980734767025
33.81235065710872
10.888963560334528
4.870508512544803
3.458669354865921
2.3887022103020024
2.5906137993103657
1.7258064516401148
1.240905017921147
41.076762246117084
171.30749701314218
201.25448028673836
127.43466248506569
48.424432497013136
11.042040023894863
5.520086618876942
3.458669354865921
2.7867383512544803
2.5906137993103657
1.7258064516401148
12.250238948626045
16.23618578255675
114.91562126642772
85.26359020310633
59.506048387096776
29.876045400238954
8.99634109916368
4.851403823205228
3.458669354865921
2.969832735961768
2.6988761947431303
1.8611372461170848
2.0170773596176823
50.459229390681
76.17980884109916
119.8439366786141
70.1280615292712
22.03031660692951
6.345579450445371
4.851403823205228
3.5864359318996417
2.423727598566308
2.5906137993103657
1.7258064516401148
5.094847670250896
75.50776583034647
136.32392473118279
232.05645161290323
142.8767174432497
55.702284946236546
11.107004181600956
