0
0
0
0
0
0
729.8628119465814
1205.1052887625774
1472.8133329763614
593.9745413723359
154.3366644496777
0
0
0
0
0
0
0
373.8454699178906
828.7803261387846
864.6581973061395
566.9557571101769
73.81137712935227
0
0
0
0
0
0
0
188.00286766750287
765.1664314668174
633.0323723036361
246.3301694447341
0
0
0
0
0
0
12.460773582541087
0
302.4000651044849
704.5379127245885
1063.5226643136277
564.2878593031628
0
0
0
0
0
0
0
52.73639066939806
314.78700009833085
815.1604063434771
860.8765629404021
0
47.13418494369637
0
0
0
0
0
0
119.31718703117313
626.8518485232366
1911.6817073616253
1846.3917271143832
1179.7252907305997
286.5597561873732
19.712812766984257
0
0
0
0
0
153.06025717561974
773.7050443945376
1910.3486897764801
2176.4957339983675
815.6045187674339
274.5011842860311
47.07115056354258
0
0
0
0
0
49.827305359753446
497.623604661162
1802.678154611436
1781.3262012470325
1079.8736133243833
233.06074351535977
13.427206938015324
0
0
0
0
0
50.1071183426952
575.1639575787581
1370.1040071301882
1570.0940633842795
784.807988219306
118.47854216702898
12.211181931016966
0
0
0
0
0
116.25854610381435
704.3584030983138
1405.2784065678934
1905.943562632849
1031.2889299430708
294.4508467319944
0
0
0
0
0
0
29.691505257670833
600.745578627425
1365.0403292392748
2349.6888078401057
1170.102880584943
142.86511008240495
0
0
0
0
0
0
4.771660780984348
279.0229005942386
1070.474932120357
1326.0182246779113
102.40253377609238
38.2402714537065
0
0
0
0
0
2.6488558128455537
0
85.48529633013767
351.720526939586
952.5376408441098
100.45425828673964
3.0563186689216195
0
0
0
0
0
0
0
377.8329248971227
1402.6579467376366
2023.362729085126
951.6432874488904
136.1816326169715
0
0
0
0
0
0
47.366036960255585
302.13615597571027
920.730960809785
1172.1118385055381
589.7715086339493
56.23301541865382
0
0
0
0
8.72171325720496
0
0.3098742765216258
602.5751529900872
1374.8102977679164
1779.344017031921
634.8144074446211
220.43418782380112
0
0
0
0
0
0
0
360.1014245684075
930.9974834126415
1201.93662467244
744.9295426663928
123.45069042735005
0
0
0
0
0
0
104.58604268952728
372.2588368710061
1606.6462711932
1740.7231020882302
905.6605857299954
184.61867675680497
0
0
0
0
0
0
0
315.0563732261084
1158.744885087793
1110.2207929233045
762.782675879482
113.4702266658957
0
0
0
0
0
0
44.112654790886666
389.27413748871913
1182.6492182734198
1772.6239991043512
1065.400911535662
256.4161791382818
0
