0.0
0.0
0.0
0.0
0.0
0.0
0.0
56.37828554360812
154.57075119474314
146.7307347670251
110.51508363201911
12.320687724014338
0.0
0.0
0.0
0.0
0.0
0.0
0.0
33.975433094384705
97.81910842293907
132.1674507168459
21.654760304659497
0.0
0.0
0.0
0.0
0.0
0.7467278972520908
0.0
0.0
15.307683691756269
87.36458333333333
94.45747461170848
67.94914874551971
10.827396953405017
0.0
0.3733557347670251
0.0
0.3733557347670251
0.7467278972520908
0.0
0.0
17.174473566308244
110.88847819593788
92.5939366786141
10.827396953405017
8.960569743130227
0.0
0.0
0.0
0.0
0.0
0.3733557347670251
0.0
19.41442652329749
67.206541218638
123.20687724014337
99.68679062126643
6.3471139486260455
0.0
0.0
3.3602337216248506
0.0
0.0
0.0
1.1200899790919951
47.043944145758665
125.44795400238948
173.23906063321385
166.14202508960574
8.960569743130227
0.0
0.0
0.7467278972520908
0.0
0.0
0.0
0.0
1.8667764336917563
139.63369922341695
151.5825119474313
139.63369922341695
18.667764336917564
0.0
0.0
0.0
0.0
0.3733557347670251
0.0
0.0
67.206541218638
141.87481332138591
177.71706989247312
145.98394563918757
25.761540471923535
7.467278972520908
0.0
0.0
0.0
0.0
0.0
0.0
44.802830047789726
117.98133213859022
151.5825119474313
104.91196236559139
29.12205047789725
0.0
0.0
0.0
0.0
0.0
0.0
0.0
46.67054958183991
206.466472520908
122.0863201911589
85.12731481481482
11.200899790919951
0.0
0.0
0.0
0.0
0.3733557347670251
0.0
8.587029569892474
54.8839605734767
147.10450268817203
121.33919504181601
42.93514784946237
1.1200899790919951
10.453856780167264
0.3733557347670251
0.0
0.3733557347670251
0.0
0.0
0.0
84.00675776583033
106.77968189964157
94.83086917562724
16.05430854241338
0.7467278972520908
8.2139075567503
0.7467278972520908
0.0
0.0
0.0
0.0
5.973573775388291
47.043944145758665
155.31791367980884
118.72849462365589
50.775164277180416
11.947565710872162
0.0
0.0
0.0
0.0
0.0
0.7467278972520908
0.0
50.028001792114694
139.63369922341695
116.48738052568697
110.51508363201911
11.574025537634409
0.0
0.0
0.0
0.7467278972520908
0.3733557347670251
0.0
0.0
18.667764336917564
107.52684438470726
102.30167264038232
94.08788829151733
0.0
2.6135043309438473
0.3733557347670251
0.0
0.0
0.3733557347670251
0.7467278972520908
0.0
66.45937873357228
114.24630376344086
169.13026433691758
85.12731481481482
0.0
0.0
0.0
0.0
0.0
0.0
0.0
0.0
84.75392025089606
93.71449372759857
94.08788829151733
84.75392025089606
14.93414351851852
0.0
0.0
0.3733557347670251
0.0
0.7467278972520908
0.0
0.0
66.45937873357228
128.80958781362008
146.7307347670251
69.06970579450419
7.840404719235366
0.0
0.0
0.0
0.0
0.0
0.0
0.0
30.615330047789726
97.07194593787335
121.71255227001194
122.45971475507764
11.200899790919951
0.0
0.0
0.0
0.0
0.0
0.0
6.7206541218638005
47.043944145758665
132.1674507168459
169.13026433691758
120.96957138590203
33.22883064516129
