1384.2114469533374
757.4802305730244
846.2504944652645
743.477678578755
738.9718653971509
788.1199169208898
1313.811021501465
1971.0497276764197
2391.59659912142
3108.860258390453
2684.370131598797
1757.4117217434762
1244.0782200232286
998.0359808535409
602.7969432733272
629.4845218755393
771.8746497033017
904.6514208260629
1442.7923949332865
1938.8639329527675
2776.736314108628
2526.781628731499
2228.435798119661
1861.461173322909
1271.5349523597743
723.5068544431329
636.4697805856276
599.9232797413653
616.5723437875705
892.3317882509477
1219.4068144418688
1466.177142092707
2359.8778233209077
2139.7584336478267
1513.2707501184946
1389.2203109172042
956.958148644126
1502.6524041664045
887.6740150563606
1142.901235703576
856.2406985486265
1273.9903111127412
1423.6784092133823
2042.652199420822
2840.539939897839
3371.798296914572
3124.44893042851
2278.6203085333973
1943.2318684419781
1484.0152864044517
1082.2403798407613
1223.984751957373
1184.9812218684647
1720.3691761462267
2162.5773869257264
2747.487829057386
3708.362469579907
4254.15701897592
4017.092432633258
2652.1316088199555
2038.955671133398
1485.1774728822415
871.1045439190575
1031.1856117964012
961.5260186475305
1341.7154123423888
1711.6278888906443
2575.0515012598007
3963.320983905794
4138.682400992236
4119.8900750433895
2475.6429551540614
1722.4380185763785
643.1527124533873
667.4197276887176
639.2046873089122
627.427724922512
889.8307824918649
1428.276381330943
1768.0214161416272
2532.9954277774586
3329.363452685915
3104.582869077113
1822.9340990540363
1208.7392110715616
574.1232506480943
593.0165246095768
526.0836174499532
429.8625595135545
831.5199946172099
1402.4985323147898
2095.286798317506
2748.4097731609636
3379.2467223370063
3342.9418524741877
2193.959551495094
1910.3516067774617
747.3488946485115
674.9320888106994
698.8368706681277
616.8329295060956
1013.2136841600914
1340.2197923876083
1837.0399627486115
2982.359941891805
3295.247452034643
3110.296911895237
1866.8611275309686
1210.5624912128903
789.2436073831784
627.686343490139
578.4231268986941
643.4401917924539
1083.411536546997
1415.78067576523
2071.9316907670254
2683.61409256656
3192.4841797491713
2455.5574663219104
1535.4796695260318
1114.3398596900759
1144.0158075625018
690.190501886226
803.7305036391773
626.0228803729268
941.8610564057747
1408.4690330081326
1846.2287528977777
2404.374358288859
2713.912251187642
2370.4767660366388
1917.2509549715103
1966.3012642614167
2364.938456151029
1447.7965867895414
1399.5393357848404
1107.3148350868667
1359.4149956790518
1670.724288294938
2327.642294876283
2754.946633985102
3459.111154813544
3278.9042441590436
2296.227750504632
2173.9410126649227
1406.0683849215995
978.7635419721669
1005.804564182138
1118.9253070798227
1406.4400291201116
1823.7966688487697
2551.2380672971044
3305.906387453335
3339.4655993853244
3135.8979301473605
2511.925372495012
2379.9907976732993
1646.4285469001998
1074.603829874036
1230.8050895308943
1168.3411080242868
1763.2036025743778
2150.5776798765814
2716.1972526275163
3561.0628164270124
4255.950198111383
4162.696690049595
2950.6024141444345
2208.273202784472
1632.7301413597088
1174.9028988348678
1326.7432196219902
1243.271497725095
2019.5955314807036
2405.9929357590595
2870.4885302666844
3641.723987555432
4637.098516589739
4443.945957631949
3272.3283229410627
2711.0516199464937
2219.9050994736417
2123.5167437739296
1811.6814298925656
1492.278128097757
2068.6270202166506
2690.214872505901
2962.3202976611465
3878.004623967235
4957.7869355475805
4590.276250739188
3544.616035606574
3459.9986260610754
2517.5120354684905
2295.9112851159557
1663.5005173464506
1854.7960723054714
2069.5012017500158
2342.388660248732
3197.343443981753
3839.1688838599603
4911.6457910446725
4343.39421377667
3574.8999610080714
2849.043653092451
1616.3167049413005
1275.4759097131375
1224.372505814646
1312.8898945879
1546.2485537046684
1721.2713340660116
2041.9693455674812
2899.431983908726
2767.660409374527
2784.270904802503
2216.9265526714844
1997.4006312916965
1670.0337534965183
1454.9114494127764
1423.5647228066857
1590.5479264775684
1879.912316661976
2364.561005072302
3257.491430656847
4189.763846257151
4909.529876418049
4285.193878155424
3085.7285655797514
2191.8581734874215
1579.1795690234385
1335.082760763637
1554.576769129606
1518.5748367693652
1917.017914473712
2298.870661553676
2911.8014312383234
3573.148954424826
3671.261772482852
3940.9103662322736
2752.54004250664
