1260.288870221028
912.8672043010753
643.0965091099164
701.6895254256274
763.77839979092
862.4128326612898
1438.9818063022701
2017.5845915471923
2510.97886051374
3084.221923536441
2261.321871266428
2101.8616711469544
1398.2237268518518
1171.4717331242534
838.4691822356626
895.5990964755077
863.8021031212668
1035.2002841248507
1662.800578703704
2092.9183243727593
2841.4706167861414
2978.2523820191154
2366.082721027479
2029.0050552568684
1562.1410618279576
1749.9965128434878
1258.8421632317802
1186.4778860513738
1029.5798909796895
1382.1903632765827
1784.7039217443253
2438.5693847072876
3209.2336282855435
3428.212328255676
2924.978726105138
2328.5085648148147
1645.7007840501803
1311.2215240442056
816.6135902031061
999.0643966547192
1001.4793533452807
1243.4763776881719
1751.900398745519
2723.843231033453
3955.6350433094385
4453.168496117087
3465.3943025686976
2644.582679958184
2125.4124253285545
1568.7765046296297
1019.991583408005
1435.2600657108721
835.562294653525
1325.6243839605734
1647.8194444444441
2394.228117532855
3158.3476105137393
3949.0023148148143
3197.1366487455193
2360.8444593787335
1764.035763888887
1607.1312126642765
885.032508213859
863.7608049581844
944.7545978942647
1486.461954898447
1836.9854091995226
2528.664770011948
3535.4930667562717
4302.360215053764
3324.8464381720432
2743.6282855436084
1840.9809587813616
1005.3726777180401
865.0625
842.8214725209082
828.4333015979688
955.1773342293903
1419.2259296594982
2178.4966509856627
2558.4588896356036
2756.028076463561
2100.981429211468
1619.4313022700119
1339.0444929808843
1348.449850657109
948.8018630525684
1052.2305144862605
818.9463978494625
1231.6415434587814
1712.6942540322577
2143.625630973714
2671.313470728793
3147.882803166069
2611.949895459977
1942.499477299881
1395.3816457586622
1148.1414202508963
892.2371751792117
960.9475731780169
866.2391353046598
985.0169242831539
1771.9910655615292
2502.457220728794
3757.101030465949
4166.35289725209
3982.954674432497
2756.8169429510153
1789.7917264038228
1251.646516577062
810.7395198626048
954.8074372759856
1016.3643070489846
1318.570725059737
1795.7980697431306
2512.2399790919944
3723.049831989247
4157.159460872162
3420.962925627241
2432.3501717443246
1780.4165546594975
1382.939273446834
908.9992868876941
830.4581167861407
855.7115860215054
942.4631694295097
1380.4874999999997
1895.169261499403
2627.56536364994
2779.978509557944
2119.322296893668
1610.6949186081247
1793.4752314814818
989.3216155167266
606.7630843040623
637.1154308542411
648.8999835722822
900.6099152479088
1282.6619026284347
1617.9475881123062
2082.115636200716
2310.23159348865
1942.3710424133815
1673.1801075268818
1467.9950231481482
802.5117010155315
796.3667413381123
798.6654345878139
618.5588369922342
964.4448476702507
1488.7350134408603
2219.0393555854243
3202.7441233572276
4199.799432497013
3097.9336170848273
1917.8738052568697
1176.1534311529265
1506.0494997013145
938.8211954898447
1019.1199970131426
1088.9860879629628
1335.5593951612902
1863.5257317801672
2500.2298088410994
2861.1158042114703
3742.839829749105
3507.2676224611714
2377.2789463859026
1893.6695564516126
1403.2293346774193
1273.4585050776589
1197.7610065710871
1171.8704274940264
1485.224362679211
1836.1972222222219
2552.106164127838
3185.0869735663077
3690.1504629629617
2587.934923835125
2362.398334826763
1769.8487903225807
1334.9409012843491
1186.8076762246114
1252.8339904420548
1389.4141091696533
1774.3967293906815
2193.021214157706
2919.529028524493
3819.8888888888887
3895.1999327956987
3180.586999701314
2814.6789874551973
1826.0418384109905
1475.8477337216245
989.2442913679808
1219.7221550179215
1234.540681003584
1380.5868652927127
2031.1211917562723
2779.4861260454004
3320.9020347968944
4389.175253882915
3810.649268219834
2777.1793608124253
1815.2251344086014
1583.282515681004
1283.887070639188
1267.3274981332133
1295.2768369175626
1381.6004484020311
2178.376149940262
2825.71740964755
3956.7449223416957
4623.7513067503005
4264.159535543608
2660.470243428914
2015.325044802867
1979.8126680107516
1341.2733049581839
1178.2873342293906
1354.6065949820786
1753.4225358422943
2241.474357825569
2923.757874103943
3755.826594235365
4881.96094683393
3955.2159871565113
3284.599649044206
2182.2371191756265
2015.916203703703
1542.8402516427716
1581.388474462366
1607.9898185483858
1689.3480565262844
2088.025666816009
2888.5864508661894
4038.400955794505
4572.543234767023
3980.9851777180415
2933.528337813621
