5.815785543612612
4.146132019120379
2.863575268821692
3.1056227598611184
2.068884408606638
0.3997162485110588
4.487753882915173e-12
228.12089307048984
320.3393817204301
435.6791367980884
273.51702508960574
20.674320489844682
14.029868578255678
4.146132019120379
5.850448028673835
3.1056227598611184
2.068884408606638
0.3997162485110588
10.827546296296296
143.36880227001194
389.0382317801673
238.17278972520907
88.7040770609319
19.927643369175627
8.802658303464753
4.146132019120379
2.863575268821692
3.1056227598611184
2.068884408606638
0.3997162485110588
4.487753882915173e-12
46.67133363201911
526.4183841099164
595.4554958183991
91.31981780167264
22.541143966547192
9.175989396654721
4.146132019120379
2.863575268821692
3.1056227598611184
6.922341696535243
0.3997162485110588
4.487753882915173e-12
143.74029271206692
272.9241338112306
238.17278972520907
24.861745818399047
44.19586320191159
8.429289874551971
4.146132019120379
2.863575268821692
3.1056227598611184
2.068884408606638
1.1464157706093192
4.487753882915173e-12
250.14822281959383
529.7823327359617
515.9658751493429
381.4165173237754
28.51482228195938
15.149604241338112
4.146132019120379
2.863575268821692
3.1056227598611184
2.068884408606638
0.3997162485110588
4.487753882915173e-12
193.02755376344086
489.86036439665475
555.8870967741937
291.0655615292712
7.606780167268525
17.016465053763437
4.146132019120379
2.863575268821692
3.1056227598611184
2.068884408606638
0.3997162485110588
4.487753882915173e-12
132.54293608124254
198.62641875746715
447.6247013142174
91.31981780167264
15.820863201911589
5.815785543612612
4.146132019120379
2.863575268821692
3.1056227598611184
2.068884408606638
0.3997162485110588
4.487753882915173e-12
183.3169056152927
486.4964157706094
520.7892771804061
130.51971326164875
41.95545848267623
17.39000896057348
4.146132019120379
2.863575268821692
3.1056227598611184
2.068884408606638
0.3997162485110588
7.093862007168458
92.96632317801672
385.6791367980884
520.7892771804061
293.30533154121866
64.73192951015531
14.029868578255678
4.146132019120379
2.863575268821692
3.1056227598611184
2.068884408606638
0.3997162485110588
9.333818697729987
75.0459229390681
385.6791367980884
485.69071087216247
167.10909498207886
7.606780167268525
5.815785543612612
4.146132019120379
2.863575268821692
3.1056227598611184
2.068884408606638
0.3997162485110588
27.628360215053764
142.6205943847073
536.9071087216248
418.5024641577061
163.37776284348865
7.606780167268525
5.815785543612612
4.146132019120379
2.863575268821692
3.1056227598611184
2.068884408606638
0.3997162485110588
4.487753882915173e-12
88.48715651135007
388.29039725209077
353.91017025089604
260.4517622461171
55.76963859020311
25.230510752688172
4.146132019120379
2.863575268821692
3.1056227598611184
2.068884408606638
0.3997162485110588
27.255264336917563
113.50283751493428
526.4183841099164
555.1329151732377
378.8048835125448
39.34195788530466
7.309221923536438
4.146132019120379
2.863575268821692
3.1056227598611184
2.068884408606638
0.3997162485110588
1.8668085424133811
222.52202807646353
514.1136499402628
418.5024641577061
155.53539426523298
7.606780167268525
5.815785543612612
4.146132019120379
2.863575268821692
3.1056227598611184
2.068884408606638
0.3997162485110588
4.487753882915173e-12
187.80055256869773
377.8360215053764
391.2473864994026
121.93361708482676
30.381645758661886
5.815785543612612
4.146132019120379
2.863575268821692
3.1056227598611184
2.068884408606638
0.3997162485110588
1.4934363799283155
57.49738649940263
323.3266129032258
463.694743130227
255.96848864994027
10.220284498207887
5.815785543612612
4.146132019120379
2.863575268821692
3.1056227598611184
2.068884408606638
0.3997162485110588
4.487753882915173e-12
124.70019414575866
309.1416517323775
275.8814964157706
181.29853643966547
10.220284498207887
22.243466248506568
4.146132019120379
2.863575268821692
3.1056227598611184
2.068884408606638
0.3997162485110588
4.487753882915173e-12
101.92465651135007
355.80869175627237
281.1084976105137
288.44982078853053
11.713720878136199
11.042801672640383
4.146132019120379
2.863575268821692
3.1056227598611184
2.068884408606638
0.3997162485110588
4.487753882915173e-12
131.42323775388292
424.1356780167264
418.8739545997611
18.14142771804511
7.606780167268525
5.815785543612612
4.146132019120379
2.863575268821692
3.1056227598611184
5.4290882616487455
0.3997162485110588
4.487753882915173e-12
30.988500597371566
484.6397102747909
271.39784946236557
44.64960424133811
34.11495669056153
