0.0
0.0
0.0
0.0
0.0
0.0
1.1200899790919951
22.774962664277183
142.99570639187573
167.63597670250897
100.80734767025089
9.707194593787337
3.3602337216248506
0.0
0.0
0.0
0.0
0.7467278972520908
0.0
35.842293906810035
107.52684438470726
148.22087813620075
92.96733124253285
13.067312574671446
0.7467278972520908
0.0
0.0
0.0
0.0
0.0
0.0
48.53823178016727
116.48738052568697
113.12574671445641
94.45747461170848
14.93414351851852
0.0
0.0
0.0
0.0
0.0
0.0
0.0
65.71221624850656
121.33919504181601
118.72849462365589
53.390008960573475
0.0
0.3733557347670251
0.0
0.3733557347670251
0.0
0.0
0.0
0.0
38.455607825567505
205.34595280764637
130.67312574671445
184.06317204301075
17.5475993130227
0.3733557347670251
0.0
0.0
0.0
0.0
2.240142249103943
0.0
29.86869026284349
90.7262171445639
112.75201612903226
61.6034572879331
0.0
0.0
0.0
0.0
0.0
1.1200899790919951
0.0
0.0
65.71221624850656
167.63597670250897
100.80734767025089
48.53823178016727
7.093738799283154
0.0
0.0
0.0
0.0
0.7467278972520908
0.0
0.0
43.30854241338112
142.24854390681006
121.33919504181601
97.44571385902032
0.0
6.7206541218638005
0.0
0.0
0.3733557347670251
0.0
0.0
0.0
46.29678166069295
126.1951164874552
135.15568996415772
70.93738799283155
12.694190561529268
0.0
0.0
0.0
0.0
0.7467278972520908
1.8667764336917563
0.0
46.67054958183991
126.56851105137396
138.89071833930706
32.1086096176822
8.960569743130227
0.0
0.0
0.0
0.0
0.0
0.0
2.240142249103943
0.0
70.93738799283155
77.65688470728793
67.206541218638
0.7467278972520908
0.3733557347670251
0.0
0.0
0.0
0.0
0.0
0.0
61.97681451612903
102.67502986857825
102.67502986857825
39.57579151732378
0.0
6.3471139486260455
0.7467278972520908
0.0
0.0
0.7467278972520908
0.0
8.960569743130227
40.32254330943847
110.51508363201911
146.7307347670251
91.47337962962963
14.561017771804062
0.0
0.0
1.493414351851852
1.8667764336917563
0.0
0.0
0.0
52.64288381123058
146.35734020310636
142.24854390681006
53.76340352449223
29.86869026284349
1.8667764336917563
0.0
0.0
0.0
0.0
0.0
0.7467278972520908
48.53823178016727
141.50141875746715
160.16969086021504
48.164463859020316
13.814392921146954
6.7206541218638005
1.493414351851852
0.0
2.240142249103943
0.0
0.0
1.493414351851852
53.76340352449223
124.7008288530466
116.11402329749106
91.84677419354838
7.840404719235366
0.0
0.0
0.0
0.0
0.0
0.0
0.0
33.22883064516129
91.47337962962963
113.12574671445641
76.1667413381123
7.093738799283154
1.1200899790919951
0.0
0.0
0.3733557347670251
0.0
0.0
0.0
54.8839605734767
116.11402329749106
120.2227822580645
85.12731481481482
15.307683691756269
4.853823178016726
0.0
0.0
0.0
0.0
0.0
0.0
51.148558841099174
97.07194593787335
116.48738052568697
87.73797789725211
0.0
0.0
0.0
0.0
0.0
0.0
0.0
0.0
59.73573775388293
166.14202508960574
129.55675029868578
94.08788829151733
29.12205047789725
