2434.0615477597908
1488.8702798561785
1552.6478473625166
1717.743423053068
1506.6776520608307
1705.7229009785353
2703.89725208689
3022.928117760052
3782.850396164432
4602.240933420323
4035.509319173465
2994.1433152321247
2325.702618918092
1953.8131089897424
1348.6994559674729
1498.7014013558253
1387.9286782277939
1925.3709884783939
2211.82911461668
2857.43818623831
3789.9336968744574
4388.52565501585
3823.892313203294
2807.361822964486
1759.422997461327
1380.0586876271232
1092.680761021709
1573.4432170173511
1507.3915955796847
2135.610432217495
1937.137590278188
2578.8706680783694
3748.2370265765835
4383.662928868855
4058.903751163893
2331.5023449673845
1569.0562818579845
1253.0019673384475
723.6190792738041
914.2301003242452
858.0279577332143
1081.3460175046166
1466.5398167701326
1947.3126422224943
2526.9042021439577
2787.5499770220963
2185.1214588036596
1505.8588091307688
1261.0638054192789
943.7133150782869
790.5188072601162
764.6058317064761
1030.3296280064565
1120.8677857639086
1430.3463758743526
2203.9829231434082
2971.093738247769
3262.87192339647
2523.7693666237005
2076.231743228558
1570.0950005838172
1326.0010877269253
796.1298426048409
947.4441616769269
742.9179750394057
1141.3110403292467
1468.4118830662715
2108.2664355489287
2843.653876677597
3488.8477235728815
2652.147504852232
1832.0609659067488
1196.5768663959716
859.1022457568523
686.4800211474992
857.1717422670954
948.5834559559642
1460.6560550426411
1478.5521317789712
2500.863590574124
2590.002543966227
3381.7312468914106
2816.008309638642
1975.7970396155667
1758.8272225709638
1159.2554153733033
1032.6880424187161
1059.857471243262
1119.4895607082974
1585.839233715178
1651.9060479957936
2582.712578634111
3056.76048627327
3776.8616790275673
3431.28855199629
2472.914509679083
2473.4763304931116
1437.7034944095624
1581.0262943065172
1119.7630915462637
1576.4365350168487
1576.1754598470689
1568.112769612818
2633.3872820437136
3564.947919789056
4184.944958008359
3881.604222229763
2978.8566099085074
2493.4580781304526
2150.651787640048
1681.0735560050723
1545.5635103365682
1475.415624886839
2058.0974385780614
2544.6017853829126
3095.4356707550774
4145.337322853297
4973.900137037104
4679.272296071013
3109.523389657454
2458.7710088836234
1930.6215647309618
1688.826493523024
1819.6769754133716
1530.9734092334397
1853.2389641118666
1858.2347774824457
2313.4171825572766
3500.2356112757166
3590.2191508292203
3168.06984399363
2766.9025678747366
2102.97684296512
1810.289807704194
1362.3705339221585
1275.8582761970265
1621.0030071298772
1645.9079015183586
2174.0273050213405
2718.079570861945
3624.2448120018275
4064.9003573225054
3523.049995353789
2355.9062264604263
2035.0456870974206
1725.0442959132356
1144.3341662254527
1308.0396784294499
1108.745505705868
1261.6754581075666
1737.8804946402875
2736.293428706902
3212.546202268149
3691.075478417583
3121.4918705595505
2358.314855021895
1885.9551457915786
1102.8119773064118
1183.1170438450624
1122.1050234466647
1115.582214692447
1790.3019934047236
1809.9839746794494
2501.511402866465
3493.00639841626
3168.457366570164
3098.8103773255807
2216.4552740608024
1899.8129765299911
1411.5346888507477
1026.520954390423
1198.7224572265295
937.1371313123112
1262.1070420840488
1660.2252162250093
2603.63248561316
3135.8544871074064
3432.611658764172
3280.799862948554
2597.2842369195578
1821.049902503245
1336.2776763852294
1107.4979975075023
1216.2833265472857
1339.8514479902296
1467.2546561186812
1796.8823866934765
2405.007913401888
3389.883103656601
3690.3264367423226
3756.079864837155
2469.7336804691786
2393.798409513882
1319.130587589159
1132.4920870872822
1075.6042023822927
1131.9427382254228
1478.7092136227752
1623.0520824410855
2422.318582123927
2327.958709875493
3462.3312002441935
3169.138426739633
2147.1039671311323
2048.7358237913754
1884.3095999532488
1105.7452570847024
1482.681126633046
1231.5697142563595
1454.2900773755177
1749.773436067206
2404.8575624133596
3160.2169898824404
3868.5252861666418
3859.4056494261604
2646.9515265364794
1962.214176691935
1547.3138050198163
1147.4278808643896
1087.2067964327307
1006.7523208921432
1389.2975186482367
1824.7385924378934
2874.0263059555336
3369.1804046502225
4427.6903453547275
3743.0910182390553
2851.048308709979
1489.6824342401105
1916.6549610485276
1006.018524652526
825.4402286576824
678.7130241200224
1022.3622562449175
1403.8897887564842
2438.4500124808565
2959.1435556793067
3761.9882883131977
3241.58793493
2392.3521691494116
