6.7206541218638005
0.0
0.3733557347670251
0.7467278972520908
0.0
0.0
0.0
53.01627837514934
99.68679062126643
118.72849462365589
138.89071833930706
15.307683691756269
0.0
0.0
0.0
0.0
0.0
0.0
0.0
19.41442652329749
100.06018518518518
107.15344982078852
101.92790471923539
14.187481332138592
0.0
0.0
0.0
0.0
0.0
0.0
0.0
14.187481332138592
116.48738052568697
128.06283602150538
96.32515681003584
9.707194593787337
0.0
0.0
0.0
0.0
0.0
0.0
0.0
54.8839605734767
123.95366636798086
222.89366786140985
65.71221624850656
15.307683691756269
0.0
0.0
0.0
0.0
0.0
0.0
0.0
50.775164277180416
131.0468936678614
150.0885976702509
67.94914874551971
7.467278972520908
0.0
0.0
0.0
4.853823178016726
0.0
0.0
1.8667764336917563
25.014878285543606
101.92790471923539
95.20463709677419
50.028001792114694
0.0
0.0
0.0
3.3602337216248506
0.7467278972520908
0.0
0.0
1.8667764336917563
67.206541218638
178.83800029868578
160.91685334528077
72.05794504181601
8.960569743130227
0.0
0.0
0.0
0.0
0.0
1.1200899790919951
1.1200899790919951
61.6034572879331
120.2227822580645
117.98133213859022
67.206541218638
19.41442652329749
0.0
0.0
0.0
0.0
0.0
0.0
0.0
35.09561678614098
125.44795400238948
85.12731481481482
97.07194593787335
1.493414351851852
0.0
0.0
0.0
0.0
0.0
0.7467278972520908
0.0
49.28539426523297
112.3786215651135
128.06283602150538
72.80510752688173
0.0
0.7467278972520908
0.0
0.0
0.0
0.0
0.0
2.9868690262843485
20.161469534050177
98.93966547192353
154.57075119474314
37.70911738351254
0.0
0.0
0.0
1.1200899790919951
0.0
0.0
0.0
0.3733557347670251
43.30854241338112
160.91685334528077
148.96766726403823
141.12802419354838
11.574025537634409
0.0
0.0
0.3733557347670251
0.0
0.0
0.0
0.0
47.417712066905615
120.96957138590203
91.47337962962963
33.975433094384705
7.467278972520908
0.0
0.0
0.0
0.0
0.0
0.0
5.600451762246117
66.45937873357228
120.2227822580645
86.99085274790922
29.86869026284349
11.200899790919951
1.8667764336917563
0.3733557347670251
0.0
1.493414351851852
0.0
0.0
0.0
69.44347371565114
126.1951164874552
100.43395310633214
94.83086917562724
10.080734767025088
0.0
0.0
0.0
0.7467278972520908
0.0
0.7467278972520908
0.0
20.908131720430106
121.71255227001194
224.76138739545996
166.14202508960574
26.881705495818398
0.0
0.0
0.0
0.0
0.0
0.0
0.0
68.69631123058544
141.50141875746715
224.76138739545996
142.24854390681006
11.200899790919951
0.0
0.0
0.0
0.0
0.0
0.0
0.0
15.307683691756269
147.85129181600954
110.51508363201911
92.96733124253285
12.694190561529268
14.93414351851852
0.0
0.0
0.0
0.0
0.0
4.853823178016726
35.46875000000001
148.96766726403823
170.25082138590204
135.90247909199522
10.453856780167264
6.3471139486260455
5.226911589008363
0.0
0.0
0.0
0.0
4.853823178016726
44.802830047789726
205.71931003584228
156.4384707287933
114.99309289127838
7.093738799283154
