4.851403823205228
4.711656212664277
2.3887022103020024
2.5906137993103657
1.7795400238948622
5.109781959378733
19.897326762246117
131.47774790919954
93.64172640382318
102.8602897252091
34.21856332138591
6.345579450445371
7.705197132616488
4.323178016726404
2.3887022103020024
2.5906137993103657
1.7258064516401148
5.029883512544803
65.77434289127838
189.44519115890083
170.88933691756273
85.1370221027479
36.04988052568698
14.252165471923536
4.851403823205228
3.458669354865921
2.3887022103020024
2.5906137993103657
1.7258064516401148
10.427508960573476
49.44369772998805
141.7749402628435
181.01478494623655
75.04144265232975
34.859244324970135
12.952882317801672
5.586954898446834
3.458669354865921
4.6722296893667865
2.755790770609319
1.7258064516401148
7.520176224611707
63.1347072879331
95.83706690561529
145.15755675029868
113.5943100358423
25.95206093189964
8.02923387096774
4.946931003584229
3.458669354865921
2.3887022103020024
2.674996266427718
1.7258064516401148
12.528763440860216
64.12783751493428
118.3729091995221
187.50373357228196
120.19153225806451
49.555331541218635
9.82433542413381
4.921456839904421
3.458669354865921
2.3887022103020024
2.7625522700119474
5.469459378733572
15.611200716845879
49.245818399044204
136.32392473118279
161.9586320191159
73.91763739545998
34.21856332138591
9.556936977299879
4.851403823205228
3.458669354865921
2.518458781362007
4.63048835125448
1.7544642323775388
9.355600358422938
75.40322580645162
176.32541816009558
190.54659498207886
103.2709826762246
31.824223416965353
9.68746266427718
5.520086618876942
3.458669354865921
5.604726702508961
2.5906137993103657
2.3626418757467142
4.644952210274791
47.54704301075269
140.19563918757467
126.8107825567503
86.99260752688173
35.22140083632019
8.912074372759857
4.978770908004779
4.218115292712067
2.3887022103020024
2.5906137993103657
1.7258064516401148
9.328718637992832
2.7211768219832733e-11
87.77628434886499
143.2534348864994
56.36611409796894
32.72214755077658
6.345579450445371
4.9564814814814815
3.458669354865921
2.3887022103020024
2.5906137993103657
1.7258064516401148
18.75374850657109
49.316756272401435
142.45071684587813
186.08124253285544
89.52023596176822
30.41106630824373
6.345579450445371
5.876717443249701
3.458669354865921
2.3887022103020024
2.621659572879331
1.7258064516401148
10.323715651135005
34.52247610513739
81.34707287933094
60.77882317801673
85.03248207885305
15.133288530493163
6.345579450445371
5.048823924731183
3.458669354865921
2.3887022103020024
2.5906137993103657
1.7258064516401148
5.029883512544803
66.50985663082437
207.77329749103941
224.081541218638
106.05249402628435
35.22326762246117
12.62955495818399
5.106141726403823
3.458669354865921
2.3887022103020024
2.5906137993103657
1.7258064516401148
4.0770758661887685
18.278076463560335
176.32541816009558
138.35125448028674
68.05966248506572
15.133288530493163
11.567727001194742
5.8559961170848265
3.458669354865921
3.342368578255675
2.5906137993103657
1.7258064516401148
1.0220056750298685
49.87679211469534
93.19369772998806
93.69399641577061
67.4361559139785
26.258587216248507
9.235289725209078
7.188657407407407
4.995855734767025
2.3887022103020024
2.5906137993103657
1.7258064516401148
1.1835946833930704
46.33736559139785
122.78972520908005
104.40188172043011
73.30533154121864
26.793608124253293
11.898148148148149
7.940113500597372
6.34837962962963
2.3887022103020024
3.0125074671445637
1.7258064516401148
6.323566308243728
42.86514336917563
157.69862604540023
181.01478494623655
108.24036738351255
48.27396953405018
7.019041218637992
5.693623058542413
4.848566308243727
2.3887022103020024
2.674996266427718
2.270310633213859
4.159214456391875
41.18130227001195
108.03464755077658
171.30749701314218
110.34236857825567
36.425104540023895
9.68746266427718
4.9596662186379925
3.506432945041816
3.181563620071685
2.5906137993103657
1.7258064516401148
4.9171296296296285
50.459229390681
134.21445639187576
111.8839605734767
74.33206391875747
27.487679211469533
10.01265681003584
11.21975806451613
3.458669354865921
2.3887022103020024
2.5906137993103657
1.7258064516401148
3.965890083632019
45.411439665471924
96.90486857825567
160.84229390681003
93.15673536439665
33.92734468339307
7.4027404420549585
5.508139187574671
4.091509856630824
2.3887022103020024
2.5906137993103657
5.358273596176823
11.414292114695339
51.76597968936679
140.5428614097969
135.44653524492233
86.58564814814815
49.555331541218635
10.65710872162485
