5.815785543612612
4.146132019120379
2.863575268821692
3.1056227598611184
6.175825119474312
0.3997162485110588
4.487753882915173e-12
270.30839307048984
319.21931003584234
396.8458781362007
258.58385603345283
38.96882467144564
32.323962066905615
4.146132019120379
2.863575268821692
3.1056227598611184
2.068884408606638
0.3997162485110588
4.487753882915173e-12
157.93010752688173
633.2138590203107
525.3039127837515
335.12134109916366
22.91427718040621
9.922726254480285
4.146132019120379
4.730383811230586
3.1056227598611184
2.068884408606638
0.3997162485110588
36.58908303464755
157.93010752688173
411.4377986857826
595.4554958183991
226.1021505376344
40.462141577060926
5.815785543612612
4.146132019120379
2.863575268821692
3.1056227598611184
2.068884408606638
0.3997162485110588
4.487753882915173e-12
143.36880227001194
423.7597072879331
456.21677120669057
87.58400537634408
45.68914277180406
5.815785543612612
4.146132019120379
2.863575268821692
3.1056227598611184
2.068884408606638
0.3997162485110588
4.487753882915173e-12
23.14799880525687
323.3266129032258
511.8484916367982
168.23327359617682
30.381645758661886
5.815785543612612
4.146132019120379
2.863575268821692
3.1056227598611184
2.068884408606638
0.3997162485110588
4.487753882915173e-12
93.33818697729988
459.23200418160087
331.8828405017921
93.18735065710874
34.48846326164874
5.815785543612612
4.146132019120379
3.236932497013142
3.1056227598611184
2.068884408606638
0.3997162485110588
4.487753882915173e-12
159.04980585424133
227.74865591397855
253.10558542413378
246.26232078853047
14.32709826762246
18.88332586618877
4.146132019120379
2.863575268821692
3.1056227598611184
2.068884408606638
0.3997162485110588
4.480372610513739
131.42323775388292
514.1136499402628
331.8828405017921
18.14142771804511
12.833796296296295
5.815785543612612
4.146132019120379
2.863575268821692
3.1056227598611184
2.068884408606638
0.3997162485110588
4.487753882915173e-12
229.98842592592592
627.2401433691756
644.7573178016727
256.7159498207885
20.674320489844682
5.815785543612612
4.892831541218639
2.863575268821692
3.1056227598611184
2.068884408606638
1.8931526284348865
4.487753882915173e-12
134.0344982078853
350.5813172043011
541.3257915173238
130.51971326164875
50.54293608124253
20.00350955794504
4.146132019120379
6.2237791218637994
5.719127090800478
2.068884408606638
0.3997162485110588
2.6135043309438473
76.53748506571087
347.22222222222223
331.8828405017921
18.14142771804511
37.47550776583035
12.909647550776583
5.266199970131421
2.863575268821692
3.1056227598611184
2.068884408606638
4.88008885902031
4.487753882915173e-12
276.28360215053766
514.47020609319
436.4224910394265
388.5110513739546
55.76963859020311
6.562485065710872
4.146132019120379
7.343947879330944
3.1056227598611184
6.175825119474312
0.3997162485110588
4.487753882915173e-12
97.4454898446834
387.1706989247312
371.0872162485066
18.14142771804511
18.06081989247312
15.896244026284347
4.146132019120379
2.863575268821692
3.1056227598611184
2.068884408606638
0.3997162485110588
4.487753882915173e-12
137.39396654719235
308.3934438470729
195.98043608124254
18.14142771804511
22.541143966547192
5.815785543612612
4.146132019120379
2.863575268821692
6.092495519713261
2.068884408606638
0.3997162485110588
4.487753882915173e-12
148.96766726403823
413.30533154121866
390.12768817204307
370.590651135006
10.220284498207887
5.815785543612612
4.146132019120379
2.863575268821692
3.1056227598611184
2.068884408606638
0.3997162485110588
4.487753882915173e-12
123.58049581839907
402.85170250896056
521.9399641577061
283.2231929510155
13.207325268817204
7.682594086021505
4.146132019120379
2.863575268821692
3.1056227598611184
2.068884408606638
0.3997162485110588
4.487753882915173e-12
166.5162037037037
423.7597072879331
364.7405167264038
282.47946535244927
7.606780167268525
5.815785543612612
4.146132019120379
2.863575268821692
3.1056227598611184
3.562320788530465
0.3997162485110588
4.487753882915173e-12
93.33818697729988
359.5437574671446
431.9436977299881
192.1244026284349
13.954002389486257
12.163007765830345
4.146132019120379
2.863575268821692
3.1056227598611184
2.068884408606638
0.3997162485110588
4.487753882915173e-12
173.23924731182797
377.8360215053764
543.1862305854241
274.63672341696537
38.96882467144564
14.029868578255678
4.146132019120379
5.850448028673835
3.1056227598611184
2.068884408606638
0.773073476702509
4.487753882915173e-12
118.72983870967742
340.127688172043
223.61111111111111
104.01284348864993
41.95545848267623
