1269.700959348797
909.4919271082692
623.508356621776
759.7799254052187
658.3636522848448
773.1900160472334
1154.0473790283465
1877.9307088592152
2527.4725474487796
3790.1160454274886
2784.3262247887606
2522.1526491628315
1267.9698941570398
1119.0585876337086
912.2521030702208
963.9393083152048
691.5260833950581
1237.1184048463736
1627.9231483681724
1934.6095273374744
2364.0769577764895
3234.5846454579028
2793.2180673848948
2226.2261822834816
1211.5003309440042
1085.0626974837542
919.3002428018762
869.4012441977574
800.2808514787297
1174.668324989299
1411.0333713415102
2341.203082952921
2994.167675471446
3581.90109344472
3269.8464781650896
2080.700149626882
1173.6343284529678
1028.6293045546956
880.6116009285231
984.4297590757392
774.1027714279574
1215.224732409037
1672.9813452946248
2483.9034389668195
2874.6576967676124
3136.2356102359568
2343.7588542636363
1800.6358775298131
1514.0569879162917
1249.8535629874862
1008.669998269675
785.2437685344337
862.9377892221078
1450.6348086133703
1713.3165558325356
2237.7782151087595
2507.990400434148
3085.0480733367326
2726.8066276750737
2177.87305893943
1465.2938917128495
856.7858958213096
652.6799152228215
860.8296940843344
725.9693784892262
1128.72930496485
1136.2952051988889
1567.9216625501228
2653.3809674780764
2852.973134265833
2642.4074361545004
1569.2669358888284
1244.7132164557083
853.3503453685603
770.4361688476192
816.1417803495334
695.3405609440168
1152.9842883162376
1359.3790956379917
2081.636328029321
2802.966746475188
3474.4549998782713
2825.503717344736
1751.317611598838
1450.3643902830304
881.0769655525152
747.5675525740334
699.2459079965481
441.21987544844103
1096.2650722755134
1265.0460046863552
2308.7652220032883
3180.8711605564254
3380.7327961123947
3076.3236102400183
1775.9246873971242
1288.1125834799698
843.5684473665523
757.4914862121328
778.5793400528348
767.2309309248532
1084.4866792317762
1302.604533277692
1978.8974896303316
2238.918148283681
3302.674236682192
2503.366916375522
2073.86263589417
1714.9486359261518
1288.023304217109
1189.027550927415
912.4821509429006
1347.9158377004587
1498.4297377118714
1515.0159468225775
2438.8623284611704
2567.553168134064
3261.4225758065177
3510.5816972060215
2036.1353520230452
1609.97911820262
912.6669687034823
695.1287672685436
742.1335240991534
770.7121342185061
1065.3819117671849
1480.6216689101639
2404.4432279575126
3296.451747775119
3868.211422334595
3735.854304865794
2274.977519338297
1170.90264568316
965.7177086898577
684.7880118940818
595.1148286163816
660.8183831006064
770.6923978594579
1171.0571399974467
1944.205597594323
2974.190667736597
2889.674737549507
2994.335322414722
1684.1096688140708
1186.2524336625345
855.6770580100106
696.8640385372803
731.5597949169048
667.1565929221166
918.1639064349263
1423.8905827525932
2336.124884053378
3272.1982781343363
3800.0417642598777
3478.6023096276504
2046.4557637733872
1271.192619656573
975.9334640148943
749.2373470111323
689.9946056599265
631.2160800224945
898.0412743187021
1341.2512573855427
1765.7646100050547
2874.3200707579567
2689.1374740970455
2417.5325995478024
1825.5115053929405
1816.5990353710906
1228.0412898065422
831.494979928057
1095.908579165001
1101.8997358523347
1426.6214014030456
1848.4819441222623
2865.0108682296477
3535.023584329627
4876.641863363932
4152.231202554294
3351.167443311434
2468.0582657051546
2244.6340458595428
1525.5280901000956
1875.4769861948364
1582.174365030254
1763.6070254436531
2418.269935229916
3108.841967314671
3953.3872964582765
4709.616721987245
5745.64281286583
3078.9683354871
2259.795840816152
2770.5093472964477
1663.8146602652994
1487.2559944969887
1747.0112843723764
1749.2489925952946
2399.466326019341
2934.6884820641912
4102.348214803808
4417.405722346943
3618.6666898818085
3166.2452417727086
2303.010454167719
1647.8515093021124
1597.555655083508
1377.997464745351
1439.5168013232646
2041.7844516288023
2171.1000564375777
2779.1688303345063
4537.762322917089
4317.8801248763175
4079.1528119112236
2861.4693730119866
2204.046184607109
1622.4281568716674
1554.1880623160018
1519.1789290492188
1624.066840008034
1609.6963866291212
1876.756192497631
2686.7273065529057
3256.7384953013557
3042.9228722364487
3245.150643388397
2588.183128005081
1879.0761095686648
1885.2123796566516
1810.9231468150106
1401.5068878572042
1733.371405616437
1791.6861731355973
1873.5393742179533
2609.8858921104847
3407.219481605231
4277.123630308418
3498.15532590969
2841.0569891912287
