427.0853001792113
235.8719690860214
167.05084378733574
107.52813967293905
120.04962608273595
283.57324298088423
738.9184972371564
4278.731432945042
6130.0316756272405
4813.19790546595
2474.5308878434894
1320.2393033154124
394.3263993428912
239.30022550776587
136.10537970430104
112.45274152479091
63.247355734767
100.19307205794499
557.4099865591397
1713.5402516427714
3862.1083221326157
3826.579435483872
1310.1638926224616
541.5969519115887
455.2182508213861
131.97133344534052
142.74495295698924
124.94020422640385
122.29929118130225
261.3918974014336
408.3276885454001
2163.1024118876935
4960.72725881123
2150.8423723118285
193.95989180854244
985.3970803464757
247.64504853643948
273.3489893219832
151.95055070191157
137.36069078554357
291.32276209677417
119.05460502538826
1021.4975022401434
3483.557075119474
8531.656634557941
6036.558169056154
1565.7343936678617
749.7569698327361
519.2277475358422
647.693383736559
176.92073215352457
142.57528554360812
120.18834793160096
136.3949671445639
483.83785394265243
2349.0845542114694
4874.957482078854
2660.0514747610505
1460.659785692951
659.7529917114693
302.16572767323777
267.80953367682196
128.13072767323774
109.48523708183993
96.76170784796894
92.70845952807647
411.5727915919952
3115.92115442055
6895.927221475507
4675.491136499402
2347.522673984468
797.6123977001195
359.1148794056153
134.61219048685786
91.23135043309439
132.93416901881724
129.84365893817204
192.38619772998808
387.1965486857826
1836.8841957885304
5420.595941606929
4138.29721848865
1654.3216173835128
555.8793619324971
433.930436827957
163.1609214456392
186.145672416368
106.34201411290321
112.0955548909797
307.7119728195936
498.8979902180406
2101.828061529272
6080.278621565113
3658.674033004779
1638.3341621863804
611.4942200567504
442.2182967443249
185.90598301224608
137.15817320041813
147.78654801373955
81.71603505824373
103.83915412186379
272.9519466845878
2957.4732302867383
3750.8225246415777
3587.6690524193555
1180.2427904719234
712.6853953853046
459.3079353345279
683.5932937574672
157.32097371565123
202.64804510155312
272.4706951911589
228.3623372162485
1138.379151732378
2694.871120818398
6734.394280167263
4803.018910543608
2362.0973603643974
735.1984718488652
348.95136312724003
288.904327583632
115.20633770161291
149.33346587514933
116.93359154719232
110.09294317502983
624.1716603195939
2382.3082773297497
5159.711723416964
3678.3787671744317
1239.5278151135005
577.7673207885305
316.3413937425329
126.08231055854237
159.03001418757464
137.11431208930705
241.7407660170251
214.7250257616487
471.8459531810035
3341.1237679211463
5270.48416218638
4095.924813321385
1806.4118914277185
499.63800403225827
395.6160222520908
205.64330234468335
229.03998581242533
181.66831619623656
192.5396833930705
342.3578330346475
690.8968428912783
3946.5919914874557
7726.422091547195
5704.4820639187565
3022.4439329450406
1151.0254218936682
512.8665912485066
188.35521916069297
110.97173842592595
175.20673741786138
95.48387290919953
223.91948327359617
252.9474483646953
2611.528823178017
6989.318645459974
4292.459550477897
2988.567334976104
986.0625186678612
862.6105275537633
484.1157605286737
210.02335610812435
185.77083295997605
159.99566532258066
199.59488500597368
449.65155951314216
3467.1691793608115
7868.17989471326
6307.84903673835
3956.6555779569894
1335.289460125448
459.3751963859022
288.93514896953405
144.74643929211473
171.43017928614094
123.98228871714456
97.04318354241337
932.2415176971326
3205.2181862305865
7719.347785991634
5363.9760117980895
3196.725440561529
1205.8668160095579
552.6883172789725
257.5621191756272
225.49817054958183
191.47094795400238
71.06751169728197
215.72671258960574
615.6482325268818
4229.944657258064
7681.984531810034
4659.624167413382
3095.2341173835125
1249.796729390681
157.90243951612902
283.9109920101553
133.72086984767026
121.8464535916965
336.8839064366786
175.2721329898447
512.6561641278377
2779.712216248506
6183.239243578255
4279.022143817204
3072.8871527777765
889.7365191905616
323.04842405913985
351.3767648596177
122.11003666367982
205.26125477897247
173.4456836170848
199.24324895459984
618.5350145609318
2910.2001829450414
8240.404159199526
5133.723458034649
3765.9161887694145
1179.251418757467
351.67544690860217
202.9695000746715
98.39944492980885
121.69113127240144
132.07821531511348
136.95318212365595
511.1667704599759
3391.954640830346
6066.574660244922
4936.95562649343
2392.6604614695343
798.77714979092
