3251.8306039127156
2124.686423822727
1907.7236948834245
1814.3422469777997
1376.268725462861
2614.5082877766245
2189.3068062983607
2834.3652892056907
3436.9337780342057
3892.7366398121967
3438.240763319226
2776.51668739461
2175.4876323589524
1724.0750489539005
1419.2588683031956
1313.9026707704024
1341.6283436997173
1606.3060265608308
1911.8045439774926
2492.6166173912384
2909.9081144371817
3336.3593617064093
3032.6979098281445
1923.154602235692
1644.7414450419726
994.0138186755107
968.4345804661529
900.7869072801946
699.0174991041775
1172.4763633704222
1899.7838865744848
2117.2865245598505
3276.78142621816
3158.6418341854624
3240.4425803156296
2293.3646508216243
1330.4632151017129
1512.3387467589962
1103.0587372785826
915.544838974186
920.983623429152
1275.6633681617259
1438.42175001386
2410.818283650212
3078.1302923470626
3541.4958775597315
3145.841366211068
2173.7864599670884
1545.6539749234598
1077.5947965597684
834.4866350677624
1023.154424149727
834.1210908200769
1236.228849458652
1482.0568903606127
1944.4360593441243
2727.978845027936
3251.809498067916
2811.6326805424565
2118.326553563086
1458.8220839171508
1569.137370582362
924.3201890803484
1101.1092453089461
856.20793546354
1523.8082065478845
1714.7357529139415
2420.571935100899
2994.0381658054353
3502.8765094151768
2646.0487892010974
2572.3924324539425
2638.6272957567835
1763.0790714736988
1635.7242341104616
1520.8186471356742
1466.3796514458088
1844.2871258311727
2342.5214791505364
3268.205914349513
4303.87902246085
4212.794008241475
4334.449393868033
3875.800556640656
2756.978245569769
2401.8988330853704
1986.6079498261229
2906.1611264105263
2158.944164202922
2144.3820854176884
2643.915217649318
3686.95395408214
4215.806726565982
5822.146998621356
4307.550533029742
3522.1933477913876
2726.501625445322
3104.2857076712116
1723.0921239062782
1602.1970285982354
1846.3469565371586
2076.3745081594957
1965.0741001833078
2591.928332670953
2830.2801069157003
3478.714932620068
4028.4835905093337
2264.7248110733826
1929.6789226645042
1692.9782960032503
1365.1215480899002
1404.3451012117166
1109.9524774854049
1496.8008237707127
2015.9661772959944
2783.789426728793
3323.306065386151
3861.7905566906275
3555.0458175763906
2906.836972393417
2165.4500224738267
1851.276015149121
1343.2341249447686
1198.8987809689268
1417.0642138182675
1458.2989196823576
1904.7605167297581
2544.780104450943
3035.525911454927
3706.120472513807
3756.7139972194345
2317.4618644697184
1815.2886634549636
1682.9271882298815
1126.1694101169019
1132.1837764957122
945.6323578317894
1650.2313950219423
1751.3589582471484
2435.783128956331
3313.973788256309
3559.77487195811
2680.8615694278633
2061.9372785810965
2034.037346296943
1513.4546603098918
1324.4399831310673
1179.6295977842885
847.6229291676362
1447.2734457121066
1815.214313338017
2453.5334675360546
3359.494533361339
3459.647573698347
2699.423583522512
2109.4961983612006
1383.6627062754508
1171.121277634966
841.1237045380132
894.7363619323278
794.4652448223751
1226.887221525991
1213.9639179291505
1937.085939903501
2701.408578822472
3297.8583148975245
2638.521510838125
1666.9748753152828
1226.8838061297527
1059.1171746631735
825.187822669993
822.6111034332207
639.6526129431359
1101.6724076007758
1372.3421192268015
1796.4287259058726
2270.2631564622434
2755.1789004009697
2526.7835099019576
1769.2440935503807
974.8717513682377
866.0441041032707
770.373964502723
772.7992341787066
791.6378092506839
1366.4966140039853
1504.6632110662356
2548.484048407861
2927.3390624379645
3793.7477330386173
3194.7940972146953
2032.5031286471951
1659.5376941614327
1103.3672886046907
810.2038515735429
872.2586789354592
659.6381545187326
1087.3542561854997
2064.4802597110975
2785.777229077334
2726.2652772291353
2478.9891303517215
2932.8427651506254
2659.9358779734252
1541.0861747471704
1538.7654467274415
1603.0884470488597
1398.8904493630334
1045.3024281900507
1493.383472686151
1761.4239251651752
1963.0601161767997
2814.788726740266
2536.2495245178948
2705.5456957224546
1894.3322389020693
1958.5693700909785
1369.9279377483103
925.300125488046
1022.7969920719185
819.739195145429
1223.5478494427412
1342.8498891075478
2266.590598070229
2799.828134638275
3356.4603573021595
3036.7353954791975
1898.4957773479719
1395.7278606140649
962.5442120939277
794.6001965461938
1387.277060348244
710.0976414288632
1120.769547538227
1621.7185483517655
2359.864909434262
3209.7115664319954
3679.3148265449763
3505.602570533346
2464.013048779042
