4.851403823205228
4.0
2.3887022103020024
2.5906137993103657
3.3417712066905616
5.109781959378733
33.32026583034648
62.92189366786141
91.2410394265233
103.34192054958184
31.6819743130227
8.29584826762246
5.133210125448029
3.458669354865921
2.3887022103020024
2.5906137993103657
1.7258064516401148
4.994787933094384
42.04002389486261
65.77434289127838
90.33004778972521
70.29233870967742
52.39620669056154
7.284908900836319
5.360887096774194
3.458669354865921
2.3887022103020024
2.5906137993103657
1.7258064516401148
0.3334229390953121
10.890083632019117
60.49880525686977
83.94190561529271
60.82399940262844
30.063844086021504
6.345579450445371
4.851403823205228
8.592331242532856
3.725283751493429
3.615927419354838
2.147700119474313
5.6668309438470725
28.403897849462364
114.63186977299881
160.84229390681003
131.32877837514934
30.843413978494624
14.252165471923536
7.00082138590203
3.458669354865921
2.3887022103020024
3.5140382317801664
1.9168533452807646
9.583721624850657
33.14068100358423
82.93757467144565
103.96505376344086
110.36850358422939
31.811155913978496
6.405283004778973
5.440486857825568
3.458669354865921
2.5256235065710873
2.72753509557945
1.8026247013142174
1.2870893070489844
4.31152927120669
83.68802270011948
75.50776583034647
57.17629928315412
29.876045400238954
8.849126344086022
6.373842592592593
4.6527404420549585
2.3887022103020024
2.5906137993103657
1.7576482228195938
12.752031063321386
47.046744324970135
37.29540023894862
62.58960573476703
35.89904420549582
25.262843488649942
6.345579450445371
5.285244922341696
3.458669354865921
2.3887022103020024
2.5906137993103657
6.820639187574671
1.4836992234169655
53.87171445639188
171.30749701314218
177.24761051373955
113.5943100358423
45.51075268817204
14.274193548387096
6.33366935483871
3.458669354865921
2.5757691158900835
2.6192715800477897
1.890983422939068
12.528763440860216
44.67965949820788
114.91562126642772
137.78375149342892
124.55981182795699
24.744997013142175
8.150238948626045
4.851403823205228
5.147812126642772
2.3887022103020024
2.5906137993103657
1.7258064516401148
3.9184737156511344
63.67607526881721
87.3618578255675
191.82347670250897
84.68152628434886
26.023372162485067
9.312798685782555
7.417898745519714
3.458669354865921
2.3887022103020024
2.5906137993103657
4.858198924731183
8.373670848267622
47.136350059737154
156.45534647550775
189.2659796893668
115.83071983273597
30.87178912783752
10.461096176821984
10.176971326164875
3.458669354865921
2.3887022103020024
2.9281362007168457
2.097965203106332
15.808333333333334
44.14202508960574
64.12783751493428
91.2410394265233
59.54338410991637
35.22326762246117
9.851366487455197
4.851403823205228
3.458669354865921
2.6928016726403823
2.5906137993103657
1.7258064516401148
7.895773596176822
20.2113201911589
127.47535842293907
137.9965651135006
72.55114994026285
25.42637395459976
6.345579450445371
4.851403823205228
3.458669354865921
2.3887022103020024
2.6383773894862603
4.607116188769415
15.076179808841099
72.08408004778973
141.7749402628435
141.81600955794505
53.20004480286738
48.45355436081243
15.321087216248507
6.176821983273596
3.9068473715651133
3.6982153524492234
2.5906137993103657
1.7258064516401148
4.7084229390681
64.71027479091995
179.86857825567503
190.54659498207886
77.1770459976105
31.64613201911589
6.345579450445371
4.851403823205228
3.458669354865921
2.3887022103020024
2.5906137993103657
3.6362753882915175
9.7267174432497
53.95385304659498
27.073999402628434
111.08870967741936
55.08176523297491
17.632952508960575
10.508512544802867
4.851403823205228
3.458669354865921
3.2671370967741935
2.6065348715651133
1.7258064516401148
15.611200716845879
64.28838112305854
110.89083034647551
190.54659498207886
125.11611409796893
38.52523894862605
9.978046594982079
7.7327135603345285
3.458669354865921
2.3887022103020024
3.020870669056153
1.7258064516401148
6.386663679808841
49.316756272401435
131.47774790919954
173.4281660692951
108.81533751493428
31.39374253285544
12.335722819593787
4.851403823205228
3.458669354865921
2.3887022103020024
2.91341472520908
1.7258064516401148
1.0347371565113501
32.25246415770609
63.12724014336918
80.34274193548387
36.29704301075269
24.510902031063324
6.388168309438471
4.851403823205228
3.9482153524492234
4.004666965352449
2.8851515830346477
1.7258064516401148
5.658990442054957
36.235439068100355
96.90486857825567
99.18608124253286
62.60491338112305
21.123431899641577
6.345579450445371
