1761.2012580345795
1579.0702910568955
1186.7098563977613
982.0062852095792
1115.5840297490022
1598.3674760980107
1469.5004118091113
2482.8163943430854
3090.3662377116234
3317.9040531933215
3046.4454004160016
2610.466493248852
2473.2628041032776
1720.9685450709849
1609.983483745251
1491.459290394058
1765.0790209697293
2061.345159625347
2840.675493051566
3192.0356436755883
3936.2181017430353
4716.225961168777
4306.314281542602
3417.772254565443
2384.3671208185556
2091.15005934158
1806.1630452212316
1918.3669961392147
1958.6960956543571
2373.8651607867905
2268.8224480290855
2872.841628353161
3647.2301642707266
4492.65180282345
3955.030868099377
2970.72840156834
2562.9390850240547
2760.3668754925693
2390.465924405225
2740.541348084102
1759.1862018341706
2116.3994344699686
2441.072672206214
3203.3309143252413
4446.689745752082
6121.011371884701
5792.356188493027
3845.9070842203746
2872.2899702938316
2556.051658865622
2233.0745905635795
2019.5308839764887
2162.6124942698975
2290.9342112418067
2474.760578383312
3272.315573233013
4406.384422984924
4503.140815272217
4293.668074807689
3155.394190958546
2484.372102585012
2017.4747212394707
2184.1630788652947
1477.3980980195192
1630.268232655893
1791.0677700932847
2401.7576865310275
2984.5517514091434
3714.107389969113
4451.859596332737
4153.590642546377
2963.1204417132008
2365.7932157089945
1317.0204192932913
1221.3276876648224
1148.6359261081952
1202.383702371735
1625.1504061477783
1664.1012939653508
2478.510506643419
3456.710772759536
3316.173637871102
3517.1753123268145
2354.8124219333667
1765.1194119377506
1593.3407838768883
961.1646702562315
852.390176216381
1086.254913157521
1219.186330489373
1370.978255283726
1975.409061609024
2821.268207300749
3309.8170255030755
3277.785751817079
2114.337575688641
1236.3802171418577
751.9755112853094
556.2935284761709
583.2973612595252
514.2626054320217
408.1964171350023
1173.5302127878476
1748.0659969481335
2271.1163375011247
2372.830960845872
2460.4225876718183
1530.3767189288171
961.8690660336792
839.3943839662128
873.323417862898
653.7202819166158
827.7649939131227
1458.8207024669496
1398.9240673422905
1516.2491414838703
2242.141762070741
2425.2375026285017
1910.2184392908466
1425.0228669573346
1108.3859469063239
1167.3093783510328
897.098689610241
766.8651463363097
717.9656325757342
1082.451918860971
1666.0203994955887
2250.1952888894148
3010.112440726134
3640.1047168387777
3840.1154906483494
2349.4271049117733
1788.9946633056218
990.2064661196664
757.4377008875111
845.1113847693086
830.4151748419448
962.1864876145353
1398.5750282889644
1888.4837673971906
2616.966112031695
2959.97230326038
2465.7577425162735
2014.7916841963893
1370.773132587266
1003.0217339359364
888.8604031952848
1075.1932663924124
884.5683936240282
1139.1426138722022
1408.0822456856877
1908.9539275121597
2851.826403134338
2778.109976625469
2073.1504727100873
1659.1633877279878
1218.4597679540643
827.3213896421346
735.3411481610719
692.061481406641
1018.8697463904754
1337.5750482135647
1388.5000813102731
2308.99092795607
2985.502522968232
4193.083225291789
3067.660885091411
2008.3621961038139
1215.9379914642802
886.6339757384425
794.9747701012944
1055.3654306434955
881.8554452310686
1099.524483093607
1326.9520792775775
1759.610569543866
2625.7159603750265
2832.627451774925
1612.4885576916854
1797.5848940282783
1248.8953027421926
814.8248747125897
802.5272537799038
811.521517258157
1265.8898515147223
1287.964199129434
1406.524288575197
1689.4742664484825
2485.6072748035544
2703.774764101939
1818.133329592233
1679.1534235994054
1192.7765681160324
831.9073237002702
789.2839927025747
747.8926656439419
806.921158177633
907.9581256598126
1392.512570045625
1775.7877316161607
2693.615590849208
3259.1891004831414
2699.4141510526556
1884.3750580809526
1471.91439682005
898.6848874383143
836.1044454060885
620.8477783654228
613.475349337004
861.600205063689
1281.0653379489277
1873.805871105116
2650.430214195463
2984.7487404677167
2514.2158719470663
1567.0598748041004
1380.8755342188165
977.7856426840934
806.3709102849391
739.1280665940214
556.5748642015822
1096.67539536568
1350.7649999946439
1823.3993868993807
3152.7831114901264
3026.2212219974995
2846.398888609425
2157.975541386204
1297.1220063727271
933.8596205467363
820.0755437684162
708.2552383649701
954.2498591707988
740.859626689959
1161.245900502303
1912.6933107186105
2388.2266836661647
3081.755052052744
2931.3042058380042
1672.9098155054462
