0
0
0
0
0
33.83469327492227
583.2431882906676
1722.752018153258
1618.9416185199696
789.8705987200062
152.24059963486286
0
0
0
0
0
0
64.04369299466205
305.38108819746043
793.0377186119031
1485.8499535785406
789.213448269078
135.79946703377277
0
0
0
0
0
0
133.0505069680559
630.7955050629629
2181.902915935156
3248.6633460192866
1804.6639134710185
290.0428107651293
10.451976993964436
0
0
0
0
13.147015368682077
29.850570273486298
440.26483511643227
651.3949915776351
1348.1063710041892
605.6972828396025
0
0
0
0
0
0
0
35.86172669090345
497.83508850932253
1653.2129750412064
1775.7003383286935
785.9663285561318
121.24637879076926
0
0
0
0
0
0
32.104858775498116
470.44093155788426
944.8765251632975
1621.3723125385168
680.7408223912926
45.950101169452005
0
0
0
0
0
0
0
473.9010569393406
1128.748480696432
1137.4619825049388
121.38266990243983
43.00517920837271
0
0
0
0
0
0
14.75588212199957
0
1231.3531098085687
1478.0552185708077
849.8291838142283
191.83863330030596
0
0
0
0
0
0
19.102376705897157
325.9125388212908
1154.5159694957795
1537.445093850229
610.4643502264746
142.85160070944238
0
0
0
0
0
0
95.87294275853361
438.68486665864845
1193.3279884077976
1607.1244915456325
620.2383027029274
178.1613455372513
0
0
0
0
22.368057027901777
0
0
425.1052709810687
631.253740230912
765.5766513287555
394.9244158298654
0
0
0
0
0
0
0
0
0
1014.8084894680272
1111.2758411653663
585.3027727247186
45.90887957795981
0
0
0
0
0
0
54.606641487643444
504.48156275785584
1172.4623877520112
1801.4545315251135
1169.0971420979702
137.65327954108406
0
0
0
0
0
2.05965506171896
0
337.88295476570096
833.761217346956
1411.0818897780764
349.6140909136454
0
0
0
0
0
0
0
0
289.3983274213495
394.1908622434769
1415.851384503149
340.3214638310819
51.47651900288321
0
0
0
0
0
0
0
296.1657294536475
474.3559220212018
1027.4742440331158
341.14691939205244
0
0
0
0
0
0
0
0
409.96701596625684
895.3370144759629
573.3512752100745
479.21456357439774
76.99056497932133
0
0
0
0
0
0
0
0
893.6795746579552
1330.2373643343478
434.9302989916443
75.48886044856128
0
0
0
0
0
0
5.033876894572288
332.5881085905051
1164.9859245143161
1301.9214350977372
526.0588855569013
132.18083747832102
0
0
0
0
0
0
36.58917062123315
660.2433728531157
2121.104639420374
2081.587932796108
1150.6477006634993
127.33937955644176
0
