526.1617573924732
164.68265979689366
144.99282444743127
141.00898304958184
123.67033378136199
278.6500003733572
638.1966465053762
2914.178334080048
6411.9099985065695
4862.289938022703
2547.484132317802
636.534926821983
449.80325978195935
203.30099761051375
163.44882168458784
112.13363358721624
144.4626282108722
177.14422789725208
678.8776568100361
2195.3819033751497
5422.288754480287
4027.883613351255
2401.514964157707
795.7921120818398
168.42488015232968
262.77459864097966
203.47595392771805
142.89902818847074
144.46014747610513
267.40122759856627
776.8723043608126
3485.8201575567505
8636.431257467142
7569.584139784949
3403.256100657107
985.6281137992835
506.2624036738353
133.74415359916367
130.33878733572286
106.58719022550775
80.58082478345283
79.08669716995222
432.88882205794505
2374.4619548984465
5230.15466323178
3469.7199447431303
1537.1241450119473
771.2382553016726
190.75706279868575
207.39388030167265
158.733882541816
151.68789650537636
173.81953778375157
136.095097259558
538.5259725955794
2058.420221027479
5898.333352001195
4019.2676933990433
2006.1936379928304
662.4503408751491
479.2132445116489
267.4885461469533
157.3234389934289
158.14064258512548
167.4447851702509
316.4661450866189
686.1195489844681
4076.985999103941
8104.969728195936
5667.291199970132
2269.282467144564
810.9075358422941
371.1289195041814
209.91913866487454
145.9132539949224
140.26306940710876
98.72441565860217
555.3937119175628
317.13581839904407
1745.6680286738351
5519.341476254481
3543.5439180107533
1645.9672864396648
664.6856843637995
290.709728195938
388.2640897550778
124.83186316457582
159.10774006869778
155.9373738425926
343.1906552419356
785.5318455047787
4101.151609169652
7958.507631421741
5730.566565860215
3931.4527217741957
1430.8136387395466
470.719592667264
376.526541218638
266.9550362156512
161.61947061678612
111.30142846475508
339.65477299880513
859.298234393668
3793.413537933096
7543.442853942653
6157.845542114695
3713.20422267025
1256.8289613201916
521.8459404868578
215.55001941457587
145.6932586618877
121.42476709976104
79.18680413679809
129.11316793608114
838.6883172789727
2702.1863463261643
7305.49715875149
5043.202587365589
2457.6820825866193
1071.6440001493434
414.99459378733565
185.20116786140986
98.56583665621265
99.30644638590205
95.99451579301076
152.19452322281958
554.0668503584228
2164.2633213859012
5390.724551971326
3741.298304958183
1953.5930107526885
1146.0451650238947
208.35956802568697
145.97433579749102
169.8212899492234
153.33170624253287
71.33686477001197
205.86188844086018
795.0356869772994
2683.8365479390673
6482.653830645163
5502.697797192356
2241.2343152628437
477.6823114545997
241.98591211170844
205.82837290919952
125.29257433542412
149.36945721326165
78.053423760454
190.86169728195944
370.100384557945
2294.725728046595
5680.213366188769
4377.3641875746725
1384.1622968936683
557.436179435484
317.78678726105136
171.05434139784947
171.00030055256866
117.27727079599762
115.8012776284349
107.96571818996412
397.48830981182795
1474.754098342294
4049.5652665770604
3204.570613052569
1382.458702956989
468.374509035245
338.75474985065705
144.63274118876947
148.123604390681
73.58715527927123
34.10034826762248
107.31137365591397
457.9472296893668
1359.7702165471921
4190.50080271804
2753.6752576164877
1083.7976067801671
517.8721053614098
275.67491039426517
141.8121659199522
110.654623655914
101.10385707885305
53.54550638440862
198.34898558841098
455.3901243279571
1727.317835648148
4185.403923984469
3202.03005525687
684.7046871266431
494.5449973864994
238.52361969832748
255.09593637992836
55.8412900724313
145.29327807646354
133.3414492980884
327.70909871565107
1490.8812836021511
3214.504263739546
7625.499481033457
5188.273234020311
3243.9607004181617
1125.6844646057345
647.8502027329746
193.85871266427722
149.8922548909797
118.3771729390681
109.53934255525684
102.09546706989242
527.4357694892475
2536.580275537635
5661.030271804064
5253.624529569893
2020.6259371266428
630.637766203704
351.5685543608124
170.17304790173236
112.35292745669055
165.04677792712067
132.79407314068104
262.36500933393086
603.1798207885305
2772.1819369772998
6895.960539874552
5069.747532108721
3427.520896804062
727.2475694444445
442.8275119474313
210.69357228195938
113.69673043608122
167.4430706391876
187.20723450567502
134.4893226179809
777.6728311678613
4723.846150686978
8597.891479988053
5537.281888440861
2415.2682683691755
938.0301329151729
