12.909647550776583
4.146132019120379
2.863575268821692
3.1056227598611184
2.068884408606638
0.3997162485110588
4.487753882915173e-12
193.02755376344086
557.0452508960573
568.5887096774194
294.42502986857824
39.71546445639187
14.029868578255678
4.146132019120379
2.863575268821692
3.1056227598611184
2.068884408606638
0.3997162485110588
4.487753882915173e-12
53.01795848267623
320.3393817204301
213.528972520908
230.2090800477897
19.927643369175627
8.802658303464753
4.146132019120379
2.863575268821692
3.1056227598611184
2.068884408606638
0.3997162485110588
4.487753882915173e-12
129.1838410991637
374.84879032258067
525.6571087216248
274.63672341696537
34.48846326164874
8.055921445639187
4.146132019120379
2.863575268821692
3.1056227598611184
2.068884408606638
4.88008885902031
4.487753882915173e-12
103.79218936678615
315.86021505376345
205.6907108721625
91.31981780167264
20.674320489844682
13.65628733572282
4.146132019120379
2.863575268821692
3.1056227598611184
2.068884408606638
0.3997162485110588
4.487753882915173e-12
86.24365292712066
320.3393817204301
213.528972520908
37.55615292712067
10.593652927120667
5.815785543612612
4.146132019120379
2.863575268821692
3.1056227598611184
2.068884408606638
0.3997162485110588
4.487753882915173e-12
282.25843787335725
526.0655615292712
515.9658751493429
101.02561230585424
16.940598864994026
5.815785543612612
4.146132019120379
2.863575268821692
3.1056227598611184
2.068884408606638
3.386589008363202
4.487753882915173e-12
79.15322580645163
342.366711469534
359.5135155316607
101.02561230585424
18.06081989247312
11.41633064516129
4.146132019120379
2.863575268821692
3.1056227598611184
2.068884408606638
0.3997162485110588
4.487753882915173e-12
183.3169056152927
514.47020609319
389.3794802867383
360.8844832735962
60.62473864994026
5.815785543612612
4.146132019120379
2.863575268821692
3.1056227598611184
2.068884408606638
0.3997162485110588
4.487753882915173e-12
138.14180107526883
373.7287186379928
414.39516129032256
123.05331541218638
18.434326463560335
15.523148148148149
4.146132019120379
2.863575268821692
3.1056227598611184
2.068884408606638
2.6398521505376342
4.487753882915173e-12
228.12089307048984
526.0655615292712
368.09961170848266
208.1813769414576
45.68914277180406
15.523148148148149
4.146132019120379
7.717032556750299
3.1056227598611184
2.068884408606638
0.3997162485110588
4.487753882915173e-12
139.26149940262843
227.74865591397855
364.7405167264038
95.0548835125448
41.58232526881721
9.922726254480285
4.146132019120379
2.863575268821692
3.1056227598611184
2.068884408606638
0.3997162485110588
6.720318100358422
159.798013739546
455.86805555555554
396.1025238948626
104.01284348864993
34.11495669056153
5.815785543612612
4.146132019120379
2.863575268821692
3.1056227598611184
2.068884408606638
2.6398521505376342
4.487753882915173e-12
100.43309438470729
338.6361260454002
323.66823476702507
155.53539426523298
26.647961469534046
5.815785543612612
4.146132019120379
2.863575268821692
3.1056227598611184
2.068884408606638
0.3997162485110588
4.487753882915173e-12
4.487753882915173e-12
259.85439068100357
234.06548685782556
21.128300477897252
14.700642174432497
5.815785543612612
4.146132019120379
2.863575268821692
3.1056227598611184
2.068884408606638
0.3997162485110588
4.487753882915173e-12
57.49738649940263
276.65994623655916
110.108646953405
123.05331541218638
13.954002389486257
9.175989396654721
4.146132019120379
2.863575268821692
3.1056227598611184
2.068884408606638
0.3997162485110588
4.487753882915173e-12
70.19041218637993
212.0676523297491
97.78711170848267
18.14142771804511
14.32709826762246
5.815785543612612
4.146132019120379
2.863575268821692
3.1056227598611184
2.068884408606638
0.3997162485110588
19.414725209080046
70.19041218637993
315.86021505376345
293.80189665471926
161.8817204301075
7.606780167268525
5.815785543612612
4.146132019120379
2.863575268821692
3.1056227598611184
2.068884408606638
0.3997162485110588
4.487753882915173e-12
150.0918458781362
458.83475209080046
345.7000448028674
132.38761947431303
18.807459677419352
9.175989396654721
4.146132019120379
2.863575268821692
3.1056227598611184
2.068884408606638
0.3997162485110588
4.487753882915173e-12
67.57952508960574
424.1356780167264
284.83982974910396
71.90311379928316
18.434326463560335
5.815785543612612
4.146132019120379
2.863575268821692
3.1056227598611184
2.068884408606638
0.3997162485110588
4.487753882915173e-12
236.33512544802866
408.0783303464755
424.84879032258067
155.16353046594983
34.48846326164874
