15.177195340501795
10.903785842293908
3.240725806451614
2.299212216248506
4.2320415173237755
5.82437275985663
21.618951612903224
85.92555256869773
174.4134557945042
189.61730884109917
95.18555854241337
45.40210573476703
20.785506272401435
8.568025686977299
7.788717144563919
4.988164575866188
1.4948443100358422
3.3972856929510153
47.98536439665472
95.2206541218638
143.69026284348865
113.04883512544801
80.15083632019116
38.609617682198326
8.947916666666666
8.563284050179211
5.113463261648745
4.416405316606929
3.213530465949821
12.755227001194744
24.867644862604543
65.19675925925925
125.9195788530466
103.84445937873357
69.88761947431301
19.99996266427718
16.64441457586619
7.7816980286738335
4.703330346475508
4.5290098566308234
1.0527016129032258
8.455346475507765
30.253845579450417
84.37163978494625
197.60902031063324
213.17577658303466
108.96654719235364
44.42148297491039
30.7059811827957
14.368466248506572
3.335319593787336
5.822692652329748
1.51673013739546
9.759632616487455
31.264112903225808
75.54547491039426
192.8782108721625
214.35073178016725
131.59535543608126
49.559811827956985
15.95590651135006
16.734916367980883
4.424395161290323
3.816842144563919
0.6451821983273596
21.57235663082437
42.05551821983274
77.07885304659499
208.6249253285544
191.8376642771804
99.63336320191159
62.4171146953405
28.013366188769414
9.563396057347672
5.832847968936679
3.4995669056152927
2.1312126642771805
7.040621266427717
24.494959677419352
77.36596475507766
129.2290173237754
186.47401433691758
73.50507765830346
34.945116487455195
21.082810633213857
12.86674880525687
4.7884557945041815
1.9581059587813623
1.8828554360812422
5.577994324970131
25.912597072879326
97.94578853046596
192.60267323775386
182.2498506571087
108.9616935483871
30.629293608124257
11.643555854241338
17.01534498207885
11.545474910394265
4.053296744324969
4.147315561529271
15.652815113500598
36.771468040621265
121.1678614097969
265.5794504181601
265.9001642771804
190.5790770609319
75.9281660692951
28.273334826762245
14.756235065710872
7.6634931302270015
3.4474499701314216
3.9880040322580643
15.043906810035844
33.20564516129032
114.7308094384707
259.76590501792117
282.0194892473118
172.22968936678612
49.9354091995221
23.9923835125448
13.186939964157705
3.9173387096774186
2.340505525686977
3.526064068100359
8.107974910394265
36.87257317801673
100.78703703703704
167.80764635603344
189.00574970131422
84.5321833930705
34.35379330943847
21.365180704898446
7.498730585424134
4.730712365591398
2.9013851553166075
1.862746415770609
4.647752389486262
22.49092741935484
49.089008363201906
143.62119175627237
105.21468040621266
72.84871565113501
24.76112604540024
18.17413381123059
9.47610513739546
4.817390979689366
4.156724163679809
3.0806078255675025
4.774604241338112
33.38138440860215
72.34841696535246
162.55227001194746
229.83945639187576
104.319743130227
34.94799133811231
16.632093787335723
5.095280764635604
5.72252090800478
2.4878808243727595
1.689068100358423
5.639336917562724
25.45855734767025
103.41547192353644
156.86454599761052
144.6079749103943
89.7054211469534
30.315262843488654
23.23528972520908
7.426336618876942
5.867271505376344
2.1590800477897254
2.844280167264038
7.417674731182796
22.550141875746714
80.62462664277179
167.8192204301075
183.86238052568697
120.50925925925925
34.60132915173238
30.67648596176822
5.65890083632019
7.611521804062127
2.599439964157706
9.391726403823178
15.036364994026284
33.03203405017921
60.267323775388306
136.6827210274791
143.76978793309442
48.35648148148148
26.544317502986857
14.180555555555555
7.964867084826762
5.301299283154122
3.2461917562724016
10.71430704898447
8.753434886499402
33.92204301075269
72.38687275985663
222.04413082437276
243.1899641577061
163.40576463560336
72.64710274790922
20.346214157706093
9.562425328554362
3.863720878136201
2.0380376344086018
2.1198812724014338
6.725731780167264
31.24346624850657
98.05368876941458
190.63956093189964
185.9748357228196
133.8317652329749
32.700754181600956
26.28199671445639
10.560110513739547
3.3108945639187572
2.327617234169654
3.394963410991637
13.716211170848268
30.1213784348865
71.12940561529271
211.89964157706092
230.38829151732372
137.58064516129033
61.419877538829155
17.809177120669055
7.417338709677419
9.110551075268818
3.621244026284349
3.3487081839904427
6.3650313620071675
24.58800029868578
100.27852449223417
197.96408303464756
132.351403823178
94.38134707287934
37.07575418160095
