6.212664277180406
3.7118055555555554
2.3887022103020024
2.5906137993103657
1.9104950716845879
9.886140979689365
37.53360215053763
108.72535842293907
145.13515531660693
85.03248207885305
26.835050776583035
10.329674432497011
4.851403823205228
3.458669354865921
2.794690860215054
2.5906137993103657
2.3825418160095575
12.250238948626045
54.99178614097969
119.9260752688172
158.61335125448028
89.9719982078853
21.585274790919954
8.691569593787335
4.851403823205228
3.565341248506571
3.0144115890083634
5.241375448028674
1.7258064516401148
8.284438470728793
53.2444743130227
113.66114097968936
145.15755675029868
50.530540621266425
25.227374551971327
6.598715651135006
5.876717443249701
3.458669354865921
2.4312910692951015
2.5906137993103657
1.7258064516401148
5.555570489844683
33.32026583034648
93.64172640382318
95.44877538829152
53.0880376344086
23.351627837514933
11.440412186379929
5.499365292712067
4.456914575866189
2.3887022103020024
3.0622759856630823
2.505936379928315
4.22231182795699
30.377464157706093
93.69399641577061
70.72132616487455
60.08848566308244
34.56466547192353
12.497386499402628
5.440486857825568
3.458669354865921
2.7007616487455195
2.5906137993103657
1.7990442054958184
12.70573476702509
44.784199522102746
104.40188172043011
168.81720430107526
86.99260752688173
32.912933094384705
9.796520310633213
7.932497013142174
3.458669354865921
2.4484057646356034
2.5906137993103657
1.8929734169653525
0.36526471027479085
32.50336021505376
83.94190561529271
83.94190561529271
45.86469534050179
20.188172043010752
6.345579450445371
4.851403823205228
3.458669354865921
3.253210872162485
2.5906137993103657
4.937163978494624
7.9517771804062125
34.6598715651135
97.00940860215053
114.91562126642772
54.30891577060932
31.647998805256865
6.345579450445371
4.929416816009558
3.458669354865921
2.3887022103020024
7.2038157108721625
2.3992682198327357
12.250238948626045
64.19877538829152
187.50373357228196
232.05645161290323
129.78307945041817
49.555331541218635
14.067353643966547
5.6315337514934285
3.458669354865921
2.3887022103020024
2.5906137993103657
1.7258064516401148
0.3334229390953121
30.281884707287933
78.65890083632019
98.61111111111111
61.80219534050179
31.69952210274791
9.556936977299879
4.851403823205228
3.7890232974910396
2.5797491039426523
2.996602449223417
1.8213336320191158
8.262037037037038
52.97565710872163
120.15382317801672
135.27105734767025
70.64702807646356
33.92734468339307
6.516726403823178
4.851403823205228
3.611510603345281
2.3887022103020024
2.5906137993103657
1.8627277479091993
6.701777180406212
40.70340501792115
101.23581242532856
136.32392473118279
62.89239844683393
29.140531660692957
9.550440561529271
5.332213261648746
3.458669354865921
3.396505376344086
2.5906137993103657
1.9168533452807646
2.3267025089605733
56.04838709677419
122.75238948626045
181.01478494623655
70.75156810035843
36.44638590203106
9.879666965352449
8.056264934289128
3.6457362604540022
2.3887022103020024
2.5906137993103657
1.7258064516401148
9.118145161290322
39.11663679808841
119.3847072879331
124.46236559139786
64.47916666666667
21.486708482676224
10.089232377538828
6.109169653524492
3.458669354865921
2.4173599910394263
2.694100955794504
1.7258064516401148
4.112918160095579
33.32026583034648
101.23581242532856
134.21445639187576
70.40807945041816
32.72214755077658
6.598715651135006
4.851403823205228
3.458669354865921
2.3887022103020024
2.6813620071684587
4.473006272401434
13.369563918757464
29.657631421744323
62.76881720430107
85.30465949820788
40.59251792114696
19.508288530465954
6.345579450445371
4.886429211469534
3.458669354865921
2.3887022103020024
2.5906137993103657
2.3825418160095575
14.26823476702509
56.9481780167264
130.7347670250896
215.3935185185185
103.2709826762246
42.445116487455195
15.332287933094385
7.818623058542413
3.458669354865921
2.6434401135005974
2.6224555704898447
1.7258064516401148
9.064381720430108
23.12313321385902
65.72207287933094
99.74611708482678
42.949522102747906
31.087589605734767
6.345579450445371
4.851403823205228
4.039799880525687
3.500410692951015
3.498095878136201
1.7258064516401148
9.945131421744325
60.66308243727599
145.15755675029868
191.11036439665472
126.99036738351255
37.35364396654719
12.673984468339308
5.2995818399044206
3.458669354865921
3.025537634408602
7.287074372759856
1.7544642323775388
6.383303464755078
47.54704301075269
126.17234169653524
199.41009557945043
73.75709378733572
35.27180406212665
9.879666965352449
