270.63442129629635
389.10913343787325
215.99123767921142
132.9572517921147
150.724133213859
128.1492633661888
1574.3526172341699
4442.68304958184
8849.141409050178
5132.301362753885
1946.1539053166068
602.0725410692947
327.97763515531676
257.0025041069295
141.23391636798087
233.43429196535246
228.1035533154122
625.7080174731183
664.2670534647552
2469.4839755077655
6340.773704450418
3627.8920512246123
1162.7949148745518
593.9477396953405
336.05827210274805
676.6475582437274
126.11804245071681
298.9245232228197
117.36776657706093
176.23565561529273
554.0823431899645
3972.897125149342
5621.697894265232
4861.119795400237
1743.7541405316597
981.0663082437278
453.2221621117086
186.9670814665472
141.42738239247313
88.24484531810035
142.1329028151135
263.77981892174427
658.3683049581841
2244.478561827957
5764.930279271206
4204.381115591398
1689.3248954599758
543.3396180555555
279.991228718638
323.86615442054955
321.50228382616496
118.31179528823178
162.0461856332139
130.61426519563923
398.9997379032256
3553.519545250896
6665.337022102751
4018.9168757467137
3317.308049581839
566.1323230286738
411.91975059737166
223.19361820489848
90.54224197281957
105.83533161589006
81.31022897998805
152.8928461021505
705.964147625448
1998.2589643070494
5709.889217443247
3470.196494175626
1835.0787485065712
738.3132646356032
454.8651780913977
262.7203184737157
171.3876026732378
140.4814384333931
120.7705023148148
187.02036140979692
728.2681798835124
3347.586768219832
7657.886514336919
6877.79404495221
2718.371132019116
1212.2846064814812
441.4134513142175
203.8380731033453
155.05242868876942
101.42318533452811
119.55530701164878
202.8628263142175
919.6246938470732
2531.5388067502986
6441.603311678613
4633.0960536140965
2742.107497013143
775.8301261947432
643.21253098865
192.37707250597367
93.79034173387096
99.64047606780169
91.31629450418161
264.6831447879331
720.704054659498
2162.339355585423
5596.801411290322
3915.193059289126
3416.748782855438
1075.6859020310635
498.2797655316607
201.37152180406213
143.64069138291518
144.76611708482676
67.59863582735963
177.95502314814811
770.8905178464756
3158.5534124850665
8669.632986111112
4654.818048088412
2552.3031996714453
1192.7578666367986
626.4255872909201
211.02923237753888
135.95767286439664
150.2501382168459
84.8956711096177
204.36700343488644
459.75402740442064
1715.1191756272394
5313.716438918757
3684.644354838712
4004.0881384408603
915.988967293907
320.5674257019116
202.0135659348865
100.63165804211471
195.95151153673834
134.14428087664277
150.12275612305854
560.2680988649943
2019.1299059139787
4816.612231182794
4668.217178166068
2223.6506384408603
734.7537234916368
475.010530540621
259.8295519713261
150.19493884408598
124.66115176971327
238.72451650238943
186.24236783154126
757.2682246863799
2789.7402441756267
7312.179084528075
4962.256798835125
1737.8739658004772
727.8082609020308
439.6810711618876
213.55234356332133
145.29424092741942
72.98935916965351
165.61577172939067
156.6345956541218
676.3742118428913
3323.188623805257
7270.670370370369
4300.591076762247
2201.2458408004786
1263.4368354241335
265.9290695937874
185.23766278375152
165.438039874552
144.51639295848267
75.04345023148147
219.3451769713262
586.8884158452806
3295.574107676225
6188.64254032258
4478.133740292712
2289.407810633215
513.7687899492232
528.7097136350062
241.57121602449223
176.06338112305858
182.27491356780172
34.5896135379331
314.85932011648754
694.9301758512544
2996.8485924432493
7028.091591995221
5005.249305555557
2669.5293981481473
684.3278248207885
752.2257728494625
369.01363127240154
252.9682302867384
130.6463777628435
311.1340546594982
468.9533269862604
502.22241599462365
3014.061159647551
6821.553804510154
5356.631376941456
4182.870153823177
1298.4390232974904
436.8229491487455
374.737059811828
120.68998700716845
97.2742107601553
93.20183105585423
212.78139075567503
645.1323764187575
2391.1405727299875
7103.692043757468
4901.5156100657105
2649.4408154121875
690.9866629330945
367.2319254032259
226.0207209528076
99.29462257317805
254.89311566606926
151.73659942502985
131.2272905092593
566.2824283154121
2967.3594310035846
8005.600250149341
5655.879607228196
2043.6017771804052
891.7556567353646
309.9162234916368
219.0595314366786
106.69124107676225
65.307695015681
118.98877232676227
115.85576911589013
425.7595881869774
2564.11657332736
4582.284218189964
4394.318492383512
1618.356276135006
696.7370146356035
