49.8717517921147
4.146132019120379
2.863575268821692
3.1056227598611184
2.068884408606638
0.3997162485110588
31.3620445041816
99.31302270011948
212.0676523297491
414.39516129032256
220.49917861409796
65.47565710872162
35.31100657108722
10.866450119474313
2.863575268821692
3.1056227598611184
2.068884408606638
0.3997162485110588
4.487753882915173e-12
228.12089307048984
458.12537335722817
440.531660692951
167.85692951015528
60.62473864994026
6.935853494623656
4.146132019120379
2.863575268821692
3.1056227598611184
2.068884408606638
0.3997162485110588
29.495221027479094
187.42420848267622
264.3380376344086
319.9369026284349
18.14142771804511
84.14426523297492
5.815785543612612
4.146132019120379
2.863575268821692
3.1056227598611184
2.068884408606638
0.3997162485110588
4.487753882915173e-12
118.72983870967742
163.52859916367981
169.10170250896059
18.14142771804511
7.606780167268525
8.429289874551971
4.146132019120379
2.863575268821692
3.1056227598611184
2.068884408606638
0.3997162485110588
4.487753882915173e-12
93.33818697729988
478.6618876941458
336.7376045400239
121.93361708482676
67.71505376344086
5.815785543612612
4.146132019120379
2.863575268821692
3.1056227598611184
6.549257019115888
0.3997162485110588
4.487753882915173e-12
215.7989844683393
322.57840501792117
342.7128136200717
18.14142771804511
7.606780167268525
9.175989396654721
4.146132019120379
2.863575268821692
3.1056227598611184
2.068884408606638
0.3997162485110588
4.487753882915173e-12
4.487753882915173e-12
270.30839307048984
291.1861559139785
18.14142771804511
9.8469160692951
5.815785543612612
6.759636350059737
2.863575268821692
3.1056227598611184
2.068884408606638
0.3997162485110588
4.487753882915173e-12
91.84662485065711
388.29039725209077
284.09610215053766
161.8817204301075
7.606780167268525
5.815785543612612
4.146132019120379
5.477079599761052
3.1056227598611184
2.068884408606638
0.3997162485110588
1.8668085424133811
188.1724163679809
484.6397102747909
396.1025238948626
161.8817204301075
40.089045698924735
5.815785543612612
4.146132019120379
2.863575268821692
3.1056227598611184
6.549257019115888
0.3997162485110588
4.487753882915173e-12
72.43018219832736
265.0817652329749
250.86618876941463
18.14142771804511
7.606780167268525
5.815785543612612
7.133004778972523
2.863575268821692
8.332638888888889
2.068884408606638
0.3997162485110588
4.487753882915173e-12
4.487753882915173e-12
316.9799133811231
157.89986559139786
115.586917562724
7.606780167268525
9.175989396654721
7.87970430107527
2.863575268821692
3.1056227598611184
2.068884408606638
0.3997162485110588
4.487753882915173e-12
159.798013739546
373.7287186379928
249.37051971326164
142.47013142174436
7.606780167268525
16.64333183990442
4.146132019120379
2.863575268821692
3.1056227598611184
2.068884408606638
0.3997162485110588
4.487753882915173e-12
143.74029271206692
428.988201911589
435.3031660692952
208.1813769414576
7.606780167268525
5.815785543612612
4.146132019120379
2.863575268821692
8.332638888888889
31.564105436081242
0.3997162485110588
4.487753882915173e-12
85.87141577060933
406.95900537634407
526.7633661887693
130.89605734767025
7.606780167268525
5.815785543612612
5.266199970131421
2.863575268821692
3.1056227598611184
8.789202508960573
0.3997162485110588
4.487753882915173e-12
143.74029271206692
562.6680107526881
595.4554958183991
20.381563620071688
38.96882467144564
40.164463859020316
4.146132019120379
2.863575268821692
3.1056227598611184
2.068884408606638
0.3997162485110588
4.487753882915173e-12
85.87141577060933
291.96460573476696
176.9403375149343
106.62858422939068
54.278113799283155
5.815785543612612
4.146132019120379
2.863575268821692
4.599059139784946
2.068884408606638
0.3997162485110588
4.487753882915173e-12
151.58340800477896
417.7844982078854
370.3393817204301
290.69407108721623
9.8469160692951
5.815785543612612
4.146132019120379
2.863575268821692
3.1056227598611184
2.4422416367980886
0.3997162485110588
4.487753882915173e-12
171.74320489844683
352.8210872162485
363.9926821983274
109.98805256869773
7.606780167268525
22.243466248506568
4.146132019120379
2.863575268821692
3.1056227598611184
2.068884408606638
0.3997162485110588
4.487753882915173e-12
235.2154271206691
520.091472520908
278.8687275985663
93.18735065710874
7.606780167268525
14.776508363201911
4.146132019120379
2.863575268821692
3.1056227598611184
2.068884408606638
0.3997162485110588
4.487753882915173e-12
92.21848864994027
327.43391577060925
396.8458781362007
177.9394414575866
44.19586320191159
