432.16437313321387
222.6744298835125
107.11072543309436
169.78042502986858
131.15103577508958
98.15043204898447
531.0065176971325
2661.9669018817194
6768.178950119475
6591.094552718042
2923.201874253285
715.1068708930704
601.9789755077657
233.91425141875743
206.00188097371569
222.06866771206688
107.27692913679805
139.3084520235962
611.3946968339305
3153.3481406810047
7518.039445191159
5408.356630824374
2210.931078255676
679.2639758811229
499.57236148446844
342.3986163381122
305.3031795101553
170.7972016129032
65.09955321460576
161.59444295101554
416.86790695937856
1812.3943637992832
6038.418100358423
5154.469985812426
2504.508557347671
1048.8867159498202
561.3099645310633
172.20233198924726
127.64105615292712
321.74688956093183
154.36724212216248
294.8361577807646
664.7355204599762
3016.7393369175625
8493.37717293907
5961.433079450417
3476.919295101555
661.3033964307049
515.8261902628433
221.48842891278375
151.18128882915175
158.6476362753883
164.81903524492236
451.7031974313021
405.6636350059738
2561.554084528077
5832.512462664276
3984.7791666666653
2824.099215949821
635.4172337962963
294.44246639784944
264.3367641129032
256.58692540322585
141.16049652777778
75.96837358124255
89.97845288231777
775.5674757317802
3787.3882504480302
7319.561887694144
6851.684345131421
4422.523151881722
1276.3003994922344
344.95068660394276
174.6316379181601
136.78180514486263
191.6952956989247
325.44786364994025
349.16494810334524
755.152642622461
4138.864654271208
8878.592163231782
5894.6161364994
3429.46549432497
607.1629312275985
346.33261760752686
154.2429868578255
176.10242122162487
159.33303427419355
136.3202865516726
182.7769496714457
835.3057758363202
3087.4171221624856
5766.710106780166
4484.862305854241
2127.99082287933
1217.7286589008368
219.9614486260454
293.71186566606934
124.54954562425331
136.79366726403825
137.5673988201912
194.5472487305854
734.4998308691758
3294.509233124253
7574.220870669057
5181.968007019115
3517.5613799283146
688.5076538231782
257.8253741039427
214.76963037634414
189.24815262843487
152.33505458482676
117.14075097072876
393.33808841099165
787.5331313470731
4401.358934438469
7384.008527479091
6442.467249103943
2072.912548536441
1217.5386088709677
529.1591173835125
218.89789874551977
173.46213298984472
123.26513728345283
103.25160518966547
125.9698971400836
1179.6570079151732
3169.324596774193
6495.863045101553
4588.039041965352
3282.3839941756264
677.5956182795697
468.9064150238948
340.3059905167266
164.7327120669056
130.40327348416966
154.99633251194743
318.8942002688173
353.8182810633214
3628.0779756571087
8213.95937873357
5960.0591360513745
4405.451971326163
819.3360689217445
415.58976665173236
251.8647588112306
91.52168313172041
137.7847208408005
127.81931787634404
111.26067204301076
452.75403972520917
1814.0862205047786
4756.371217891277
4142.642719534051
962.9827956989251
396.3800612305854
305.3878382616487
325.2289863351255
178.5721505376344
94.04406992980887
94.34349436230586
206.44314665471924
713.556302270012
2403.9538119772997
6191.91963485663
2402.8544802867395
1354.0612193847076
394.1334475806451
350.6346307497013
326.0955503285544
123.92480126194747
161.8397040397252
120.37284083781361
212.0724096475508
212.68513963560335
3732.640296445638
7333.755223267623
5102.035864695341
2671.805675029867
897.2359543010753
568.4469078554359
399.40053576762244
138.3199283154122
107.37799869324974
110.05136316457587
140.72608926971327
683.1999167413383
3069.1771169354834
6535.452964456392
5567.813321385901
3279.1374589307056
1551.0429435483877
627.6014624402628
158.7015572729988
156.80416143966545
168.5139906660693
165.96742159498206
202.14615031362007
442.6256877240144
2412.4417488052572
7026.166028225806
5373.536488201912
2699.3218264635602
722.6814852150537
617.7056227598569
288.81974873058545
98.32570407706092
129.5974142771804
98.37745937873356
159.83451500896058
813.1511499402628
3834.3548909796896
7416.9565972222235
5198.776280615291
2820.5180928912787
801.3014684139785
435.38962440262844
251.1191890681004
169.36762694145762
182.05310670549582
109.58746370967738
474.4508157855437
735.8923263888888
3139.2702396953405
6966.809072580645
4530.9211170848275
2062.5860775089604
517.0784770758663
275.92655577957
186.51148073476702
153.2736667413381
120.47531656959377
84.16890203106333
178.60280988649941
713.2448790322579
2123.9332687425326
6732.191816009558
3646.3707959976105
1757.9715613799283
723.2266584528073
