2217.332866457519
1777.1073840975164
1631.4771960408314
2221.4920042956
1521.078308796194
2040.8367196762654
1799.446236555228
2733.048559068296
3875.9091364571455
4700.257734495591
4248.915270487685
3117.7360945033315
2418.5500464867887
2156.9003887089775
2164.5917088049882
1748.4579201730305
1208.7597531232539
1884.5888461546188
2125.740177191351
2530.4954667042607
3292.182651474218
4112.39273984261
3902.426662068286
3234.7527279824058
2283.4975905019483
2110.001164478976
2147.733423058746
1150.2015727521184
1339.0978642475466
1786.203719627889
2039.3803546151066
2684.004281429624
4196.814169647071
4858.628169310906
4249.226219801887
3277.7710875002367
1898.3842425808045
2093.230913724351
1452.7536558867066
1340.3026346731099
1566.2104252511353
2302.075965234605
2149.3244680544817
3279.8499779453145
4356.826323559729
4384.553449244319
4225.084795123852
2706.2199575776035
2517.5550539258506
1567.7953752634717
1435.8703566926133
1374.605562889273
1493.8552597268872
1779.056866558413
1968.206874679609
2771.979342647589
3220.6998351713046
4182.950925785956
3852.1006464922784
2362.6473271592627
1947.0235101417622
1752.3194008989692
1299.2303466370988
1073.2978317784796
1615.8167717090594
1548.6551562193297
2067.019395013704
2659.918152992178
4543.300337251076
4992.712605591996
4201.504583705278
2998.575676181539
1896.13818658713
1648.2792506851677
1178.4583216253968
1699.577779453476
1600.7258730706606
1879.8063537284238
2399.555032764635
3192.593907181052
4266.648198088091
4941.532770188905
5918.736580247962
3340.9957029966904
2246.9321695542376
1668.6808970041277
1543.1903086970917
1534.7238018884227
1694.224794429923
1938.0354030700173
2690.0161025059488
3101.0665698228822
3774.4397761478235
4611.184259672728
4143.610833955668
3063.257677241809
2152.8802544775804
2111.3995480236617
1515.4060210090265
2081.6403070480555
1856.5281777886512
2034.5827029772952
2446.8421826205836
3129.4087799529125
4546.54379792526
5284.385855559133
5489.231723723195
3595.4505092513978
2944.7777167206573
2487.0554278730233
1666.287105138884
2221.3630425199617
1729.1011072643776
2262.3201797668307
2163.8338156995183
3358.64763312067
3712.768613922593
4004.166490083697
4591.845847444967
3238.173479263189
3496.5355810162423
2139.3421292470907
1606.9028824119132
1425.1156365543502
1762.8920714944918
1907.2202338998002
2549.1304428050253
3021.6851783756747
4573.119310499134
5100.8637894194235
4467.784188378335
3106.5002829285
2238.542613574439
2186.2422195918884
1376.2952763056715
1620.3309837836457
1740.144220167512
1906.5894819395062
1948.2208608755834
2943.9489630363782
3833.58662054424
4373.671489341621
4300.04570921281
2772.379718097225
1993.2726733578754
1837.6098835775135
1228.6469201083673
1399.9391855979084
1187.7425550636938
1632.8636435914382
1645.7121198643022
2426.611036233784
3237.191710780693
3335.8614327186583
3537.265134448439
2619.1989268558245
1726.0775472252717
1729.1214717807254
1104.8271170230798
1111.1622382017426
1112.960132441849
1357.1446994979137
1593.7452732158883
2349.7288573168826
2720.9580897245037
3048.961249485336
3118.9900293566416
2167.8559311695244
1134.6949359087241
1362.224081771895
769.703335662824
810.3799579732442
819.0486818648802
947.0486348259845
1296.0080193910783
1853.8326648246305
3207.5386530273563
3425.601652790455
2926.4437921600247
1888.9197954619704
1358.7464004124438
977.2775718452061
707.392046193285
428.04178308850373
775.0918377751761
910.1039654078089
1314.6941250447308
2477.6131329359378
3306.447052282648
3755.638152692141
2766.976818242173
2381.529678079692
1465.1069295258299
942.1903322128151
629.3830966452269
732.5535004707041
647.3896722158651
1151.4054001520462
1231.4696376979548
1815.7398037487783
2635.421945389232
3755.505446062595
3156.824171960661
2194.4434272565804
1527.4510978355815
1061.6703041049807
1120.8814914036998
713.6233122662591
496.5792938561199
768.3428727010848
1281.2618059895485
1688.6962011529058
2505.4652985741977
3389.1540197389227
2628.9114364631955
1837.9661285376724
1192.831425795877
694.70291418947
630.261188062717
710.5180195510109
628.8937486101844
1306.7401280419047
1308.6541651678815
1946.7891270427488
3413.4276231388717
3990.484886872051
3129.2061242725067
1958.7533863682822
1197.4313627048653
764.2927933364612
544.226869186576
659.2171253124013
553.1250757179911
818.3196815734718
1375.978826876257
1608.452401967117
2687.8481031703463
2673.868589985838
2499.0734860052694
1715.8495556488144
