0
0
0
0
0
58.765136823309376
518.0512826753749
1369.7267045331866
1935.1774309452978
815.7621757809383
176.5953263373719
0
0
0
0
0
0
44.52853469119731
683.5553713515823
1209.0185280503738
1647.1384093730446
782.9787559154338
88.93805723687912
0
0
0
0
0
0
54.75036509230915
586.2364399494622
1809.215117249374
2278.366153665643
1006.5833429811739
134.68367844732757
12.464596468277477
0
0
0
0
0
27.305207370260504
302.4000651044849
769.7440059145526
1132.4529958548462
602.0675038670817
15.170798103490391
0
0
0
0
0
32.79432746518356
54.31692382351996
280.94791706368335
1175.8959200830232
2274.6325366560536
907.3895663100145
198.08281098909666
0
0
0
0
0
0
18.598511702618794
309.0695904587205
1234.0458053305617
1566.8166076400703
789.5494394761193
133.90466359478057
0
0
0
0
0
0
0
406.9203968437611
1131.858173050076
1447.2185535921546
649.0386585523802
3.999354835612877
0
0
0
0
0
0
15.683861512680572
261.32447084993134
206.4469344800142
981.7559354166864
439.99159420849344
97.7009018188245
0
0
0
0
0
0
36.98323841437981
514.180907996918
1014.5697329366396
1418.4684660127136
331.96860649887594
0
0
0
0
0
0
0
31.702019819465484
345.03119282352304
1415.2164292680127
1917.440725117914
895.7666031808247
146.77570485624767
0
0
0
0
0
0
0
571.5557638126102
1684.345884794831
2659.023858616689
1056.1053447426493
255.9546784814491
0
0
0
0
0
0
30.303396145380972
532.834915229842
1363.5685701131881
1405.4365341163818
668.817931028183
48.403353890982515
0
0
0
0
0
0
129.33371735383224
717.2880890422045
1674.4497682776982
2263.377694607551
1199.8729784181614
276.0128972232825
0
0
0
0
0
0
10.440193074863451
297.620111277051
1079.5486277412213
1391.457487149642
273.9312578789977
4.488046894151935
0
0
0
0
0
0
21.78404771294376
503.23270615492186
1088.38105041552
1299.7679018269241
488.22543635198997
68.54514206142562
0
0
0
0
0
0
96.32884082371395
0
758.1664058921697
1218.7739005444657
0
26.497359866811863
0
0
0
0
0
0
63.10835073457294
563.3481390247995
1332.1806524687945
1629.998900658103
967.9253610654371
209.39304407131655
48.30398477206454
0
0
0
0
0
0
537.5933649474698
1594.9840848132717
1633.7416952781944
874.4598688841173
170.6760244270559
0
0
0
0
0
0
76.29294947521744
501.22983499432826
1856.9658378954396
1903.3181644884178
1133.6914273729108
348.3228625679267
0
0
0
0
0
0
93.4702936797756
556.364564609388
1284.8012493367412
1669.692024791329
918.3201917029255
129.33351784795911
0
