15.523148148148149
4.146132019120379
2.863575268821692
3.1056227598611184
2.068884408606638
0.3997162485110588
0.37335722819593786
170.6235065710872
478.6618876941458
638.7836021505377
373.2063918757467
74.80996117084827
17.39000896057348
4.146132019120379
2.863575268821692
3.1056227598611184
2.068884408606638
0.3997162485110588
4.487753882915173e-12
102.30062724014334
379.70392771804063
247.87858422939067
150.68436379928315
14.32709826762246
5.815785543612612
4.146132019120379
2.863575268821692
3.1056227598611184
2.068884408606638
0.3997162485110588
4.487753882915173e-12
141.1290322580645
360.66345579450416
340.09707287933094
155.91136499402626
15.447281959378731
5.815785543612612
4.146132019120379
2.863575268821692
3.1056227598611184
2.068884408606638
0.3997162485110588
5.600545101553165
151.95489844683394
515.2199074074074
418.8739545997611
167.10909498207886
40.089045698924735
5.815785543612612
4.146132019120379
2.863575268821692
3.1056227598611184
2.068884408606638
0.3997162485110588
4.487753882915173e-12
262.09864097968943
509.2458183990442
492.06541218637994
189.88463261648747
44.19586320191159
13.282780764635604
4.146132019120379
2.863575268821692
3.1056227598611184
2.068884408606638
0.3997162485110588
4.487753882915173e-12
177.34655017921148
255.3755973715651
216.88844086021504
159.27045997610517
34.862044504181604
12.163007765830345
4.146132019120379
2.863575268821692
3.1056227598611184
2.068884408606638
0.3997162485110588
4.487753882915173e-12
88.11118578255675
276.65994623655916
234.8088410991637
90.57160991636799
21.42096027479092
5.815785543612612
4.146132019120379
9.583893369175627
3.1056227598611184
2.068884408606638
0.3997162485110588
24.641763739545997
112.75462962962963
355.80869175627237
335.2464157706093
154.79166666666666
53.15830346475508
8.802658303464753
4.146132019120379
5.850448028673835
3.1056227598611184
2.068884408606638
0.3997162485110588
4.487753882915173e-12
136.27389486260455
403.2276732377539
396.1025238948626
143.9616935483871
16.19392174432497
16.64333183990442
4.146132019120379
2.863575268821692
3.1056227598611184
2.068884408606638
0.3997162485110588
4.487753882915173e-12
134.4108422939068
402.85170250896056
409.16778673835125
131.26792114695337
51.6627464157706
17.016465053763437
4.146132019120379
2.863575268821692
3.1056227598611184
2.068884408606638
0.3997162485110588
5.227016129032258
163.52859916367981
406.95900537634407
239.66435185185182
112.97565710872165
21.42096027479092
5.815785543612612
4.146132019120379
2.863575268821692
3.1056227598611184
2.068884408606638
0.3997162485110588
6.720318100358422
166.5162037037037
455.86805555555554
561.8608124253286
189.88463261648747
40.089045698924735
7.309221923536438
4.146132019120379
3.610274790919952
3.1056227598611184
2.068884408606638
0.3997162485110588
4.487753882915173e-12
163.52859916367981
408.0783303464755
525.6571087216248
201.45833333333334
53.15830346475508
12.163007765830345
4.146132019120379
2.863575268821692
3.1056227598611184
2.068884408606638
0.3997162485110588
4.487753882915173e-12
78.77688172043011
355.80869175627237
261.69168160095586
104.01284348864993
21.42096027479092
9.922726254480285
4.146132019120379
2.863575268821692
3.1056227598611184
2.068884408606638
0.3997162485110588
4.487753882915173e-12
78.77688172043011
252.01650238948625
213.90120967741936
18.14142771804511
14.700642174432497
5.815785543612612
4.146132019120379
2.863575268821692
3.1056227598611184
2.068884408606638
0.3997162485110588
4.487753882915173e-12
198.254554958184
385.6791367980884
331.8828405017921
104.38508064516131
37.10200119474313
9.175989396654721
4.146132019120379
2.863575268821692
3.1056227598611184
2.068884408606638
0.3997162485110588
32.85536140979689
177.34655017921148
458.12537335722817
580.1851851851851
533.3613351254479
76.67786738351255
5.815785543612612
4.146132019120379
2.863575268821692
3.1056227598611184
2.068884408606638
0.3997162485110588
4.487753882915173e-12
112.75462962962963
452.151284348865
498.0398745519713
168.97662783751494
51.6627464157706
5.815785543612612
4.146132019120379
4.3570116487455195
3.1056227598611184
2.068884408606638
1.1464157706093192
10.827546296296296
154.57063918757467
436.0812425328554
515.9658751493429
192.1244026284349
59.50526433691756
19.256869772998808
4.146132019120379
4.730383811230586
3.1056227598611184
6.549257019115888
0.3997162485110588
24.641763739545997
112.75462962962963
379.70392771804063
353.91017025089604
161.51022998805257
27.021505376344088
