13.881533751493428
11.769041218637993
5.833856033452808
6.198439366786141
3.2478681302270007
9.226329151732378
38.60969235364396
137.02583632019116
144.44892473118279
203.12761350059736
118.50433094384707
41.195751194743124
25.374887992831543
17.97976403823178
2.851131272401434
4.2881645758661895
4.043048088410992
12.85577210274791
39.82974910394265
93.81197729988052
221.28920250896059
221.14396654719235
183.6208183990442
47.64038231780168
18.643070489844686
8.165098566308243
7.798424432497013
2.183758960573477
4.86909348864994
15.572431302270012
44.76030465949821
107.83564814814815
249.88276583034647
254.25141875746715
130.63620071684588
42.53584229390681
23.65875149342891
15.576127538829155
8.005824372759857
5.16697655316607
5.9562051971326175
15.65718339307049
70.8568548387097
136.1473267622461
200.21430704898447
249.81817502986857
220.8986708482676
73.86984767025089
23.713635005973714
11.070937873357227
4.836320191158902
5.360173984468339
4.281190262843489
5.521094683393071
46.782407407407405
123.94713261648745
233.80077658303466
248.89187574671445
133.02083333333331
55.35431600955795
24.53248207885305
9.13896356033453
10.5992756869773
2.627284946236559
3.6521281362007167
3.2883549880525687
31.382653823178018
146.01702508960574
225.89008363201913
214.83908303464756
132.961096176822
40.0709005376344
21.98711917562724
5.935371863799284
3.158557347670251
7.771206690561531
3.255424880525687
7.109953703703705
21.551896654719236
89.48178016726402
200.89643070489845
164.28166069295102
97.21960872162484
19.210013440860216
14.402292413381122
22.84113649940263
8.730249402628436
6.126605436081244
3.052150537634409
9.106182795698924
29.430667562724015
104.83198924731185
248.03091397849462
239.0890083632019
203.87432795698925
54.58445340501792
26.286439665471924
7.549507168458781
5.5041741338112296
3.8284460872162485
4.343738799283154
8.840203106332138
37.980100059737154
105.77956989247312
244.8738052568698
241.65957287933094
185.31884707287932
80.04816308243727
32.62612007168458
7.31343339307049
4.0665658602150545
4.000280017921147
1.686734617682198
14.480809438470725
32.58557347670251
93.89560931899642
242.2076612903226
336.6998954599761
219.79428016726405
62.41487455197132
34.171744324970135
8.056563620071685
5.604390681003585
4.7706765232974915
3.57159124850657
14.522140083632022
36.92581391875746
85.90427120669057
201.50425627240142
219.40001493428912
104.19018817204301
40.43686529271206
23.37705346475508
12.858012246117084
3.569765531660693
5.044071087216248
2.928909050179212
31.61506869772998
41.410692951015534
80.22550776583034
203.8956093189964
223.97177419354838
122.59109916367981
36.85315860215053
22.04222670250896
12.745183691756273
3.483646953405018
1.4891091696535246
3.4285207586618878
8.603643966547192
20.59352598566308
107.2954002389486
166.63903823178015
195.22774790919954
89.84543010752688
30.952882317801667
11.612903225806452
9.002501493428912
8.841771206690561
6.746714456391876
1.9819817801672641
2.8850582437275984
30.211170848267624
84.9182347670251
126.11148446833933
161.45646654719238
79.2278972520908
41.09811827956989
14.42084826762246
7.0982676224611705
8.291965352449223
0.8704286140979689
3.33050701911589
7.751418757467144
27.675141875746714
37.479353345280764
162.4559438470729
134.79390681003585
75.60969235364396
38.695116487455195
23.67730734767025
13.728307945041813
4.89239844683393
5.2241450119474315
7.180891577060932
6.778673835125449
42.785618279569896
102.61872759856631
183.326986260454
196.14172640382318
147.848715651135
63.266875746714454
37.38007765830346
16.53378882915173
7.039015830346475
4.862914426523298
3.35806078255675
7.220654121863798
36.13321385902031
101.40083632019116
190.27516427718044
201.14172640382318
121.40382317801672
32.52889784946237
30.405764635603344
7.221998207885305
2.783090651135006
3.357467144563919
5.096326164874552
8.564366786140981
34.81171594982079
74.84879032258064
202.93608124253285
199.84767025089607
103.3434139784946
53.144041218637994
8.052830047789726
5.904009856630824
7.088410991636798
5.204898446833932
4.266745071684587
11.935707885304659
27.195713859020312
71.75813918757467
204.3126493428913
237.23603643966547
79.55383811230585
41.06548685782557
32.114471326164875
9.516166367980883
15.970952807646356
2.6719011350059736
4.156686827956989
15.995855734767025
40.84285394265233
108.94601254480287
233.2060185185185
226.65695937873357
132.25769115890083
55.289725209080046
