4.886827210274791
3.506432945041816
2.3887022103020024
2.60971848864994
1.7258064516401148
2.0170773596176823
43.458781362007166
106.61589008363202
118.3729091995221
113.79218936678615
40.013440860215056
11.042040023894863
4.867324895459976
3.458669354865921
2.3887022103020024
2.755790770609319
2.1540845280764636
9.970519713261648
64.63560334528077
185.07691158900838
232.76956391875746
123.74215949820788
49.123357228195935
13.435259856630825
7.134931302270012
4.1392995818399045
3.094011350059737
3.1685334528076465
3.779607228195938
11.932511947431303
52.172939068100355
76.02673237753883
88.75821385902032
64.23648446833931
19.1173835125448
10.172864396654719
4.851403823205228
4.323178016726404
2.3887022103020024
2.5906137993103657
1.7258064516401148
5.603360215053764
34.6598715651135
114.85215053763442
131.47774790919954
74.78755973715651
22.222968936678615
6.982414874551972
8.056264934289128
3.458669354865921
2.3887022103020024
2.5906137993103657
1.7258064516401148
4.9171296296296285
41.91308243727599
101.23581242532856
111.08870967741936
42.949522102747906
32.72214755077658
8.610327060931898
8.314142771804063
3.458669354865921
2.3887022103020024
2.664247311827957
1.7258064516401148
9.010244922341695
40.90128434886499
71.65098566308244
98.61111111111111
51.54233870967743
16.45870669056153
6.345579450445371
4.851403823205228
3.458669354865921
2.3887022103020024
2.6192715800477897
1.7258064516401148
7.34731182795699
45.43757467144564
178.19967144563918
120.15382317801672
78.19257765830345
47.14493727598566
7.276956391875746
4.851403823205228
3.458669354865921
2.407806899641577
2.5906137993103657
1.7258064516401148
9.997401433691756
32.25246415770609
116.1215651135006
178.19967144563918
84.84580346475508
56.527404420549594
7.868018219832736
5.610849761051374
3.458669354865921
2.3887022103020024
2.5906137993103657
1.988504330943847
6.61739844683393
34.44780465949821
79.33467741935483
172.50597371565112
113.79218936678615
46.91494922341697
10.125074671445638
4.851403823205228
4.127352150537634
2.3887022103020024
2.5906137993103657
1.7258064516401148
5.029883512544803
51.65023894862605
130.7347670250896
140.9199522102748
76.48633512544802
29.873058542413382
6.510756421744324
6.375858721624851
3.458669354865921
2.3887022103020024
2.5906137993103657
6.263216845878137
5.6668309438470725
21.291816009557945
20.387544802867385
70.68399044205496
40.59251792114696
24.526583034647555
7.1957511947431305
4.851403823205228
5.074634109916367
2.3887022103020024
2.5906137993103657
1.7258064516401148
4.776373954599761
28.22729988052569
81.8847072879331
114.93055555555556
76.48633512544802
28.683915770609318
6.516726403823178
5.729838709677419
3.713407258064516
2.3887022103020024
3.1319444444444446
4.009333930704899
1.586409796893668
54.64083034647551
119.2465651135006
215.3935185185185
98.85043309438471
45.51075268817204
12.89165173237754
7.134931302270012
3.458669354865921
2.3887022103020024
2.5906137993103657
2.782967443249701
11.993742532855435
69.18682795698925
140.7706093189964
199.41009557945043
119.35894563918758
33.55361409796894
10.65710872162485
6.411663679808841
3.458669354865921
2.3887022103020024
2.6172815860215053
1.7258064516401148
5.029883512544803
76.02673237753883
186.08124253285544
317.07362604540026
142.8767174432497
30.58057048984469
10.19377240143369
5.610849761051374
4.286551672640383
2.3887022103020024
2.5906137993103657
1.912873357228196
7.423103345280764
31.781660692951014
113.66114097968936
171.7928614097969
78.19257765830345
30.39837216248507
8.29584826762246
5.070325567502986
3.458669354865921
2.4265158303464753
2.5906137993103657
1.7258064516401148
5.109781959378733
8.986708482676224
46.99820788530466
108.13918757467144
43.773148148148145
29.06810035842294
6.743615591397848
4.88165359916368
3.7611671146953407
2.3887022103020024
2.621659572879331
3.1157034050179213
5.388306451612903
16.996714456391874
108.68428912783752
142.64486260454004
104.68227299880526
33.13284050179212
9.21023745519713
4.851403823205228
3.458669354865921
2.3887022103020024
2.5906137993103657
1.7258064516401148
0.5523446833930705
30.96326164874552
119.8439366786141
199.41009557945043
77.1770459976105
36.467293906810035
13.271356033452808
5.695228494623656
3.458669354865921
2.3887022103020024
4.395273297491039
1.8627277479091993
1.6946833930704899
30.13142174432497
90.33004778972521
154.11439665471923
77.20318100358423
31.369474313022707
6.431951911589007
