0.0
0.0
0.0
0.0
0.0
0.0
0.0
18.29467965949821
153.82362604540023
159.7959229390681
84.75392025089606
8.960569743130227
0.0
0.0
0.0
0.0
0.0
0.0
0.3733557347670251
47.417712066905615
135.90247909199522
146.35734020310636
111.262208781362
13.440852747909199
0.0
0.0
0.0
0.0
0.0
2.240142249103943
1.1200899790919951
53.390008960573475
109.7679211469534
146.35734020310636
156.06507616487454
18.667764336917564
0.0
0.0
0.0
0.0
0.0
0.0
0.0
84.00675776583033
121.33919504181601
136.27624701314218
38.82937574671445
0.0
0.0
2.240142249103943
0.0
0.0
0.0
1.493414351851852
0.0
0.0
94.45747461170848
131.0468936678614
29.12205047789725
31.735513739545997
1.493414351851852
0.0
0.3733557347670251
0.0
0.0
0.7467278972520908
0.0
47.417712066905615
121.71255227001194
110.51508363201911
53.76340352449223
12.320687724014338
0.7467278972520908
0.0
0.0
0.0
0.0
0.0
0.0
57.87219982078853
104.91196236559139
123.20687724014337
68.69631123058544
30.615330047789726
0.0
1.493414351851852
0.0
0.0
0.0
0.0
0.0
49.65464456391876
131.0468936678614
142.6219384707288
114.61969832735961
0.0
0.0
0.0
0.0
0.7467278972520908
0.0
0.0
1.493414351851852
37.33557347670251
138.89071833930706
139.26030465949822
93.71449372759857
0.0
0.0
0.0
0.7467278972520908
0.0
0.0
0.0
0.0
33.975433094384705
138.51732377538832
147.85129181600954
105.28573028673836
17.174473566308244
0.0
1.493414351851852
0.0
0.0
0.0
0.0
0.3733557347670251
38.455607825567505
142.24854390681006
123.20687724014337
95.20463709677419
3.733557347670251
0.0
2.240142249103943
0.0
1.493414351851852
0.0
0.0
0.0
87.36458333333333
222.89366786140985
170.25082138590204
151.5825119474313
34.72207287933094
0.0
0.0
0.0
0.0
0.0
0.0
0.0
11.574025537634409
120.2227822580645
126.94190561529271
107.15344982078852
17.921139486260454
6.7206541218638005
0.0
0.0
0.0
0.0
0.0
1.8667764336917563
45.54999253285544
135.90247909199522
148.22087813620075
96.32515681003584
6.7206541218638005
0.0
0.0
0.0
0.0
0.0
0.7467278972520908
0.0
14.561017771804062
111.63560334528077
107.52684438470726
20.908131720430106
1.493414351851852
0.0
0.7467278972520908
0.0
0.0
0.0
0.0
0.0
54.8839605734767
134.78192204301072
94.83086917562724
173.23906063321385
0.0
0.0
0.7467278972520908
0.0
0.0
0.0
1.493414351851852
0.0
15.307683691756269
170.25082138590204
243.42928614097968
171.3713410991637
0.7467278972520908
11.200899790919951
0.0
0.0
0.0
0.0
0.0
1.1200899790919951
37.33557347670251
121.71255227001194
110.51508363201911
99.68679062126643
12.694190561529268
0.0
0.0
0.0
6.3471139486260455
0.0
0.0
0.0
53.76340352449223
113.12574671445641
107.15344982078852
38.08262395459976
0.0
0.0
0.0
0.0
0.0
0.0
0.3733557347670251
0.0
59.73573775388293
107.52684438470726
116.11402329749106
47.417712066905615
8.2139075567503
