4.851403823205228
3.458669354865921
2.3887022103020024
3.5984169653524494
4.3089531063321385
3.4289277180406215
34.42204301075269
53.95385304659498
201.25448028673836
93.07833034647551
31.087589605734767
9.44108422939068
4.851403823205228
3.458669354865921
2.969832735961768
2.5906137993103657
1.7417275238948626
0.38118652927120666
59.28539426523297
88.32138590203107
121.21042413381123
73.43974014336918
34.6777927120669
7.745034348864994
4.851403823205228
3.458669354865921
2.3887022103020024
2.5906137993103657
1.7608318399044205
4.0770758661887685
62.58960573476703
95.83706690561529
165.17697132616487
150.39986559139786
43.36058841099164
12.391726403823176
5.701575567502987
3.595590651135006
6.372797192353644
2.5906137993103657
3.2100507765830346
15.393533452807647
51.40755675029869
140.5428614097969
154.11439665471923
93.57116188769415
17.88048835125448
8.347595579450417
4.851403823205228
3.458669354865921
2.3887022103020024
2.5906137993103657
1.7258064516401148
15.611200716845879
20.138515531660694
84.42353643966547
42.86514336917563
42.92040023894862
15.133288530493163
6.457026583034647
5.174593040621266
3.506432945041816
2.3887022103020024
2.5906137993103657
1.8929734169653525
10.585065710872161
49.316756272401435
168.35050776583034
145.15755675029868
51.66928016726404
26.118951612903224
14.950716845878135
7.946908602150538
3.6648409498207886
2.3887022103020024
3.4344384707287934
2.037865890083632
5.4282556750298685
65.15830346475508
142.64486260454004
232.76956391875746
108.81533751493428
34.29136798088411
10.4413082437276
5.1634632616487455
3.496482974910394
2.3887022103020024
2.5906137993103657
1.946314964157706
3.300642174432497
58.43040621266428
145.13515531660693
214.94175627240142
89.9719982078853
35.22326762246117
11.758885902031063
6.853419952210275
3.531907108721625
2.882243130227001
2.621659572879331
1.7258064516401148
8.551762246117084
46.99820788530466
116.819743130227
131.47774790919954
63.691382915173236
21.67936081242533
9.996303763440858
5.484244324970131
3.493694743130227
2.3887022103020024
2.741465053763441
1.7258064516401148
4.644952210274791
42.9136798088411
79.33467741935483
103.65516726403823
64.91226105137396
26.258587216248507
9.312798685782555
4.9564814814814815
3.477774044205496
3.312126642771804
2.5906137993103657
1.7258064516401148
7.259199522102748
54.0621266427718
145.58318399044205
161.9586320191159
110.34236857825567
37.04002389486261
11.392622461170848
4.851403823205228
5.804659498207886
2.4205439814814813
3.080159796893668
1.7258064516401148
9.333572281959379
49.44369772998805
148.86126045400238
179.86857825567503
152.07997311827958
52.666890681003586
12.698999402628434
6.250858721624851
4.515830346475508
2.3887022103020024
3.0841547192353644
1.7258064516401148
8.784363799283154
34.52247610513739
76.95639187574672
215.41218637992833
108.40091099163679
33.81235065710872
9.68746266427718
4.851403823205228
3.458669354865921
2.3887022103020024
2.5906137993103657
1.7544642323775388
10.46297789725209
77.70310633213859
94.76926523297492
158.59468339307048
98.17465651135007
35.520833333333336
7.870034348864992
4.851403823205228
3.649716248506571
2.3887022103020024
2.6383773894862603
2.123842592592592
5.803853046594981
74.80958781362007
124.58183990442055
119.60125448028674
75.05637694145759
29.06810035842294
6.923499103942651
4.851403823205228
3.6457362604540022
2.3887022103020024
3.0841547192353644
1.7258064516401148
6.367622461170848
36.52367084826762
73.65218040621266
118.75
21.22834528076464
47.14493727598566
6.345579450445371
5.790733273596177
3.762768817204301
2.3887022103020024
2.6383773894862603
1.8085946833930702
9.118145161290322
65.72207287933094
145.58318399044205
119.2465651135006
70.04218936678615
45.41517323775388
8.399380227001194
12.89165173237754
3.458669354865921
2.3887022103020024
2.6503173536439664
2.6221624850657106
11.223506571087217
51.194743130227
165.46818996415772
191.11036439665472
94.89284647550777
41.80107526881721
6.345579450445371
5.4006869772998805
4.995855734767025
2.5001493428912784
3.100097072879331
4.97886798088411
9.583721624850657
47.88306451612903
124.58183990442055
61.01777180406213
44.077060931899645
18.386350059737158
6.393343040621265
5.747759856630824
3.458669354865921
7.522364097968937
2.5906137993103657
1.7258064516401148
9.711036439665472
40.834080047789726
141.7749402628435
168.81720430107526
96.1398596176822
26.73237753882915
9.092779271206691
