15.955570489844684
5.919280167264038
4.238332586618877
5.603905316606929
3.8304547491039425
7.064926821983275
25.675589904420555
107.7579898446834
210.19563918757467
192.0471176821983
88.8504330943847
36.50862455197132
22.706317204301076
4.2309886499402625
6.9924208482676224
3.5218862007168457
4.986518070489844
6.854278673835125
24.763963560334528
71.39523596176822
158.88216845878134
169.16778673835128
76.88769414575866
26.19672192353644
12.22774790919952
5.882504480286738
6.063134707287933
11.411962365591398
6.489508661887694
27.14433990442055
35.484879032258064
103.21161887694146
240.7284199522103
228.59543010752688
99.50007467144563
58.68242234169654
13.902441756272404
5.369399641577061
6.255152329749103
3.3340875149342883
3.508004778972521
9.726553166069294
16.618018219832734
76.48558841099162
151.83131720430106
206.53860513739545
98.40651135005973
35.15710872162485
12.743802270011948
8.019974611708482
2.3977598566308247
3.9652777777777777
3.849570639187575
8.345392771804063
33.611820489844675
93.7787485065711
162.9409348864994
211.32429808841098
154.94250298685785
39.33755227001195
20.418981481481485
13.827583632019113
5.909610215053763
2.993664127837515
4.194612455197133
6.266502389486262
28.88030167264039
77.33721624850656
192.22670250896059
185.92181899641577
100.06272401433691
49.77859916367981
8.907930107526882
12.599574372759857
8.185894563918758
5.984169653524492
3.984748357228195
7.585984169653523
30.234206989247312
97.30622759856631
219.53778375149344
165.53054062126643
96.95191158900836
56.44601254480287
12.554062126642771
8.550477897252092
4.0487492532855445
3.7148670848267624
11.052606033452806
21.659498207885303
66.62074372759857
90.57721027479091
245.4543757467145
251.41203703703704
170.9714755077658
47.56757765830346
14.463971027479095
10.845952807646354
5.128098864994026
5.002464157706093
5.398095878136202
8.819257765830347
39.69078554360812
129.86820489844683
279.8920997610514
280.7444743130227
182.2184886499403
71.98028673835124
43.31925776583034
8.090501792114695
3.982299133811231
3.0617271505376347
0.7321621117084828
9.135864695340501
26.45403972520908
79.14053166069296
186.23805256869773
220.478270609319
126.77045997610514
37.829263739546
19.997797192353648
26.210162783751493
13.935222520908003
6.093051821983273
2.6734132317801675
14.608796296296294
62.43503584229391
112.66054360812426
234.76553166069294
251.68010752688167
192.62134109916371
74.14687873357228
47.828927718040624
15.54584826762246
5.486671146953405
5.16087962962963
4.37625821385902
8.06444145758662
40.77434289127837
109.41718936678615
222.2909199522103
216.28136200716847
132.41300776583034
44.03711170848268
33.701463560334524
12.5533527479092
5.450044802867383
4.541621863799283
3.203016726403823
14.882691158900833
67.60640681003584
108.14142771804062
231.21975806451613
261.0047043010752
151.71893667861409
73.66898148148147
22.89333183990442
7.871117084826762
4.004513888888889
4.620519713261649
0.7833617084826763
9.879144265232974
35.503509557945044
94.61954898446832
200.11424731182797
265.1702508960573
140.7732228195938
42.723640979689364
23.27214008363202
8.873730585424134
5.28222072879331
3.804245071684588
2.8839867084826762
5.9485513739546
24.636499402628434
78.31391875746714
159.25104540023895
198.96505376344086
104.18160095579448
32.44310035842294
15.492458183990442
8.631048387096774
3.766554659498208
5.0717667264038235
3.9256608422939068
9.052755376344086
24.44324970131422
83.70706391875747
170.91621863799284
175.30055256869773
75.96699522102747
22.148745519713263
12.83572281959379
18.953815710872163
4.294806600955795
4.764075567502988
3.15588784348865
24.39598267622461
41.4148372162485
97.86439665471923
193.01971326164872
201.87836021505376
76.99484767025089
39.23319892473118
24.862156511350058
6.761760752688172
5.258848566308243
3.741438918757467
1.6967181899641577
5.993055555555555
29.93201164874552
82.35999103942652
178.9960424133811
184.4392174432497
111.63791816009558
33.336506869773
10.763963560334526
5.861895161290323
4.11955271804062
3.1889000896057347
2.0186603942652326
7.144451911589008
24.75496565113501
79.04121863799283
151.70400238948625
149.08639486260455
76.73947132616487
33.97759856630824
16.910431600955793
9.64796146953405
4.685745221027479
5.317312574671446
3.2910282258064507
6.935857228195938
16.09192054958184
101.43033154121864
213.73991935483872
206.95415173237754
129.02068399044202
46.0569743130227
