5.155503285543608
3.458669354865921
2.8189590800477897
2.5906137993103657
1.8245183691756268
15.076179808841099
47.54704301075269
140.19563918757467
156.45534647550775
120.52008661887695
31.369474313022707
9.82433542413381
4.851403823205228
3.458669354865921
2.5001493428912784
2.674996266427718
1.7544642323775388
8.240008960573476
12.856182795698924
92.46191756272401
73.60737753882916
70.29233870967742
26.357526881720432
11.121938470728791
4.851403823205228
3.458669354865921
2.3887022103020024
2.5906137993103657
1.7258064516401148
0.3334229390953121
7.442876344086022
33.29114396654719
48.17801672640382
13.214307048984468
16.937948028673834
6.345579450445371
4.851403823205228
3.458669354865921
3.2802792712066906
2.686140979689367
3.035319593787335
15.598506571087217
45.43757467144564
145.58318399044205
152.49402628434888
80.08176523297492
37.35364396654719
11.967219235364395
10.99910394265233
3.458669354865921
2.3887022103020024
2.5906137993103657
1.7258064516401148
6.7854091995221015
40.568996415770606
117.36111111111111
80.42861409796893
72.3980734767025
29.873058542413382
11.006944444444443
5.910132915173237
3.458669354865921
2.3887022103020024
2.5906137993103657
1.7258064516401148
12.820355436081243
64.19877538829152
181.01478494623655
245.17995818399044
117.17480585424134
49.58109318996416
13.435259856630825
8.96692054958184
3.458669354865921
4.442502986857826
3.5952060931899643
1.7258064516401148
0.9591323178016726
47.88306451612903
141.7749402628435
119.60125448028674
115.83071983273597
36.425104540023895
12.391726403823176
5.805070191158901
3.458669354865921
2.8094011350059738
2.5906137993103657
1.7258064516401148
9.711036439665472
47.046744324970135
119.3847072879331
154.0359916367981
94.0527927120669
23.584229390681006
6.345579450445371
8.067428315412185
3.535487604540024
2.3887022103020024
2.5906137993103657
1.7258064516401148
0.3334229390953121
23.74925328554361
85.12918160095579
94.76926523297492
80.08176523297492
23.818324372759857
6.345579450445371
4.851403823205228
3.458669354865921
3.175179211469534
6.479502688172043
2.3992682198327357
6.383303464755078
42.86514336917563
131.47774790919954
185.07691158900838
85.65598864994027
39.591173835125446
7.23715651135006
4.851403823205228
3.458669354865921
2.3887022103020024
3.5379330943847074
1.7258064516401148
2.795228494623656
16.260454002389487
104.16293309438471
118.80973715651135
62.873730585424134
38.52523894862605
11.042040023894863
10.403972520908004
3.458669354865921
2.3887022103020024
2.5906137993103657
1.7258064516401148
7.095669056152926
39.87455197132616
53.95385304659498
73.60737753882916
31.849611708482676
23.918010752688172
6.345579450445371
5.114101702508961
3.7890232974910396
2.3887022103020024
2.674996266427718
1.7258064516401148
0.3334229390953121
40.90128434886499
63.810483870967744
126.8107825567503
55.06683094384707
30.067204301075275
6.345579450445371
4.851403823205228
3.458669354865921
2.3887022103020024
4.540882616487456
1.7258064516401148
0.41303016726403824
43.57078853046595
70.45250896057348
53.580495818399044
62.873730585424134
26.102897252090802
6.345579450445371
5.610849761051374
3.458669354865921
2.3887022103020024
4.592629928315412
1.7258064516401148
9.018458781362007
46.736857825567505
93.71266427718041
140.7706093189964
88.28815710872162
45.51075268817204
7.523745519713262
4.851403823205228
3.458669354865921
2.4484057646356034
2.5906137993103657
1.7258064516401148
0.3334229390953121
44.14202508960574
86.51060334528077
83.44907407407408
35.89904420549582
21.50164277180406
6.345579450445371
4.851403823205228
3.9394787933094384
3.5827732974910393
6.438806750298686
1.7258064516401148
7.072147550776583
32.25246415770609
134.45340501792114
108.03464755077658
51.66928016726404
30.067204301075275
6.345579450445371
4.851403823205228
6.937425328554363
4.381981780167263
2.5906137993103657
1.7258064516401148
10.585065710872161
54.53629032258065
55.35394265232975
117.36111111111111
65.16241039426524
32.48730585424134
11.479241338112306
4.851403823205228
3.458669354865921
2.3887022103020024
5.471923536439665
1.7258064516401148
10.427508960573476
65.77434289127838
172.50597371565112
224.19354838709677
163.74365292712065
46.91494922341697
12.706093189964157
5.747759856630824
3.458669354865921
3.342368578255675
3.7846848864994027
3.3497610513739544
8.847834528076463
18.278076463560335
115.4868578255675
170.88933691756273
91.51396356033453
39.591173835125446
7.269003882915172
