15.330159796893668
9.135603345280765
5.038269115890084
2.8101665173237755
5.219384707287933
9.336544205495818
38.81123058542414
117.94168160095582
232.86962365591398
258.9135304659498
166.67413381123058
57.163978494623656
26.950567502986857
15.34038978494624
9.145795997610515
3.2724910394265225
0.9138750746714457
11.412111708482676
28.555854241338114
92.48618578255675
209.95258363201913
182.85580943847071
125.04741636798086
38.71352299880526
15.12600806451613
14.619474313022703
4.94582586618877
2.5145721326164874
1.052614620669056
2.985188918757467
15.340763142174433
38.788978494623656
145.8105585424134
141.75029868578255
72.113201911589
26.98260155316607
18.869212962962962
12.18122759856631
4.227494026284349
4.6426597968936685
4.770766129032259
9.528860513739547
33.762470131421736
105.74783452807647
202.96258960573476
228.87395459976105
124.20101553166067
46.08646953405018
22.215688470728796
3.706149193548387
5.118951612903226
2.9750037335722817
3.2477113201911587
7.424059139784948
10.121154420549582
89.75358422939068
192.3409498207885
177.63366188769413
99.91226105137395
35.23192951015531
17.969198028673834
15.707586618876942
5.821049880525687
4.4814777479091985
5.6567353643966545
11.785132915173238
29.099873058542407
84.30630227001194
179.961917562724
236.7648596176822
157.62171445639189
37.85636947431302
12.735887096774194
9.223790322580646
6.184625149342892
4.138705943847073
5.515195639187574
16.92633661887694
46.95303166069295
124.70094086021503
269.174880525687
328.6913829151733
190.01306750298687
76.34781959378732
24.35569743130227
18.59195788530466
3.2701090203106324
4.089314516129032
3.318025686977299
16.61577807646356
58.09363799283153
99.60834826762246
235.83557347670248
253.29599761051375
166.90449522102747
73.3732825567503
25.00608572281959
5.3684289127837514
8.11671146953405
5.4655017921146944
3.0769974611708486
4.7242756869772995
30.086021505376344
87.89426523297492
162.93197431302272
190.2303614097969
100.20123954599762
32.2536215651135
19.999663978494624
6.825530167264038
15.570863201911589
4.115636200716846
3.858471475507766
8.224051672640382
36.28509557945042
147.88679808841096
222.91741338112305
234.70318100358418
145.76276881720432
45.483124253285546
17.385155316606934
8.524081541218639
3.4138926224611708
2.964142771804062
2.7164165173237755
7.90076164874552
8.298088410991637
73.12201314217444
153.87470131421748
161.88844086021504
92.85618279569894
28.24645310633214
13.348267622461169
9.727710573476703
6.571983273596177
3.8208482676224613
2.055712365591398
7.814142771804062
34.22968936678613
79.66211170848268
203.71751792114696
258.126866786141
150.81167861409796
39.57706093189964
17.199148745519715
18.83926971326165
5.294989545997611
2.922240890083632
5.736783154121865
12.419466845878135
48.78957586618877
102.05346475507766
269.87268518518516
255.37447729988054
100.11611409796893
38.14904420549583
35.9725582437276
8.644489247311826
8.750261350059738
3.7124327956989247
6.197580645161291
10.362455197132617
29.871863799283158
86.56586021505376
198.2989844683393
185.2094534050179
131.85259856630825
38.62395459976105
29.12429062126643
8.981406810035843
4.965763142174432
4.507205794504181
3.0522812126642767
31.689068100358423
33.522102747909194
94.88313918757468
241.78912783751497
217.74305555555554
132.48618578255676
42.53117532855436
18.879256272401435
7.670362903225806
5.482116188769415
2.540147102747909
4.376079002389486
9.427680704898448
31.474686379928315
109.39030764635604
224.7524641577061
221.49118876941458
128.2515681003584
53.921744324970135
18.747349163679807
13.245183691756273
6.018630525686977
4.703255675029869
2.283912037037037
12.145982676224612
55.99089008363202
100.89045698924731
215.0205346475508
271.79920848267625
163.82877837514937
60.1851851851852
24.782706093189965
9.901471027479092
8.476553166069294
5.404196535244922
3.3175291218637994
8.351627837514934
29.655241935483872
70.48723118279571
166.83169056152929
155.89419056152929
86.80742234169654
30.47591845878136
7.333221326164875
7.086618876941459
4.149858124253286
2.9708370669056148
2.426377688172043
6.67465651135006
20.49499701314218
72.13672341696534
203.30458482676224
196.7443249701314
97.65046296296298
37.976366487455195
12.937724014336917
6.275126941457587
3.6014934289127836
0.817652329749104
2.870676523297491
7.044205495818399
33.037746415770606
89.77374551971327
158.33183990442055
147.16995221027477
73.86499402628435
46.237305854241335
