334.67108796296293
284.60094720728785
257.6106634557945
148.2460827732975
119.00866991487457
344.3627676971327
830.7710543608124
3103.8662858422945
7400.0324186081225
5555.405899044206
3237.54136051374
974.1544056152927
428.2438698476702
356.96272289426514
121.64970168757469
125.08944896206691
183.57490923685785
213.74541106630824
659.0084445937873
3042.4510005973716
8411.241293309438
5362.042973416965
2884.898372162485
868.3406548685788
312.8719194295101
175.91419056152932
96.30136723416967
63.085075500298686
111.08446378434887
180.91407108721626
251.05395908004766
3398.9942727001203
6557.154528823176
5903.59454898447
2730.5520833333335
714.1495919205497
629.2417252837514
172.77253210872163
115.76217670997613
154.0717629554958
126.24403326612898
95.92487709080046
690.1920262096775
4049.4110924432503
9929.44662858423
5497.6975209080065
3806.9063134707303
858.3507295400243
279.7952131869774
228.6881179062127
138.35307907706093
187.7343369175627
151.69703517025093
216.60400164277186
585.2730159796894
3801.4067241636785
6603.626926523296
4848.053039127839
3019.805585424133
793.8915546594982
510.2899212216251
361.23217928614093
155.63866547192347
249.54370071684582
192.26920512246116
217.34089195041813
660.0479278673836
2730.766610663083
5364.280428614098
5608.305712365591
3520.082594086021
1115.0954151732378
418.93677531362
360.6166502389487
126.60674705047788
159.89044888739548
66.56677609767024
279.7705820639187
287.45123021206695
2482.395814665473
6967.449548237754
5012.206332138591
2487.8831951911598
776.3347942801672
304.8620508512545
351.13543272102754
222.62879293608128
118.35539243578259
99.50293148894863
127.7811178315412
794.138623805257
3936.127475358423
9428.28885902031
5982.622651583036
3173.229364545998
558.0820131421744
569.0963896356035
254.82779308542413
155.3800362156511
153.67941640531663
135.23114213709675
341.52859020310626
1252.893697729988
3140.4464792413382
7310.669168160092
5350.714374253288
1629.15877016129
666.735004853644
138.61347561977297
238.94423237753887
226.55993316905617
140.30165793010755
113.84789015830349
330.46646169354835
482.4863900089606
2714.163911290322
6014.828442353644
4670.725100806451
3683.3524678912786
892.4393223566308
492.29167002688183
284.20727747909206
280.7874518369177
190.6045020534647
166.44191270908004
237.11178240740742
814.8771356033457
3583.2429472819585
8213.469888739543
6108.9622946535255
2512.9753994922335
1321.0918981481482
525.6376045400237
165.2867723267622
169.26673387096776
95.27386633811231
210.2674510902031
89.97452986857824
465.4028352747911
3604.8161066308235
9169.82209154719
5177.322128882916
2954.2288642473122
1018.1960946833931
328.15217293906824
229.33095915471924
160.7375821385902
61.576755787037044
52.56209382467144
116.08795430107526
480.9371751792116
2748.0653263142176
5157.631175328555
4055.7258288530475
1632.5077695639184
598.8442846475508
272.8539740143369
198.00587066905624
285.96135341995216
107.26142821833932
160.6315255749701
257.5624062873358
1226.887750149343
3173.8104950716847
6517.509236857828
5847.640598864993
3461.614736409796
535.0551709976107
426.3967320041816
256.52273745519705
133.55173573775386
99.65766390382318
148.42071046146955
136.45599089008368
639.8252318548385
3723.3370743727583
6596.0496490442065
6236.625578703704
3053.2777441756275
1219.8986745818402
474.17356780167285
323.36749253285547
151.40405503285547
150.79877576164876
181.66144414575865
470.4484423909797
478.87014000896056
2028.6623021206688
5918.321180555557
3193.4801149940254
997.3997834528084
777.2233422939067
346.7342017622462
292.75972894265243
80.59589239844684
224.65887283452813
79.5251517099761
214.83152777777778
733.2586656212659
2461.184666218637
8023.489613201911
3870.2155951314203
1943.5610588410998
816.0902001194742
290.00889336917567
228.1992267771804
105.81479625896053
153.8306096176822
98.58453800776583
157.3753192204301
316.5773555107526
3741.337447729987
6683.297763590202
3691.07741935484
2229.8407444743125
761.6654935782558
360.20954786439665
199.3988952359618
192.7290561529271
116.00135524940262
129.6267476851852
119.9425560035842
781.6946994474314
2437.96369474313
5470.316162634409
5082.142988351254
2480.948278823179
1104.9873469235365
397.3561850358423
204.34096886200712
67.7784382840502
169.18949970131422
105.0123723864994
688.3739023297491
689.8960483870966
3094.1050403225813
7816.681802568701
5370.255227001193
2104.7359431003583
1058.8840165770607
