15.523148148148149
4.146132019120379
3.983643219832736
3.1056227598611184
2.068884408606638
0.3997162485110588
5.227016129032258
187.80055256869773
529.7823327359617
638.7836021505377
425.47192353643965
64.73192951015531
12.163007765830345
4.146132019120379
2.863575268821692
3.1056227598611184
5.4290882616487455
3.759920101553166
10.080458482676223
181.82571684587813
521.594982078853
483.834005376344
287.70646654719235
44.19586320191159
5.815785543612612
4.146132019120379
2.863575268821692
3.1056227598611184
2.068884408606638
0.3997162485110588
30.988500597371566
280.39090501792117
352.44922341696537
284.83982974910396
149.56466547192355
10.593652927120667
16.64333183990442
4.146132019120379
2.863575268821692
3.1056227598611184
2.068884408606638
0.3997162485110588
4.487753882915173e-12
150.0918458781362
493.9336917562724
371.0872162485066
168.23327359617682
22.167637395459977
5.815785543612612
4.146132019120379
2.863575268821692
3.1056227598611184
7.295900537634409
0.3997162485110588
4.487753882915173e-12
137.76993727598565
323.7029569892473
582.7949522102748
155.91136499402626
47.556003584229394
5.815785543612612
4.146132019120379
2.863575268821692
3.1056227598611184
2.068884408606638
0.3997162485110588
4.487753882915173e-12
124.70019414575866
355.0649641577061
358.76568100358423
141.72192353643968
21.42096027479092
12.536103643966547
4.146132019120379
2.863575268821692
3.1056227598611184
2.068884408606638
0.3997162485110588
4.487753882915173e-12
132.54293608124254
385.30241935483866
319.9369026284349
64.81276135005973
7.606780167268525
5.815785543612612
4.146132019120379
2.863575268821692
3.1056227598611184
2.068884408606638
0.3997162485110588
4.487753882915173e-12
82.88418458781362
374.84879032258067
418.5024641577061
405.31212664277183
19.554099462365592
15.523148148148149
4.146132019120379
2.863575268821692
3.1056227598611184
2.068884408606638
0.773073476702509
4.487753882915173e-12
112.37828554360813
319.21931003584234
331.8828405017921
59.9575119474313
7.606780167268525
12.163007765830345
4.146132019120379
2.863575268821692
3.1056227598611184
2.068884408606638
0.3997162485110588
6.720318100358422
149.34363799283153
455.86805555555554
204.57101254480287
99.15770609318996
32.248543906810035
5.815785543612612
4.146132019120379
4.3570116487455195
3.1056227598611184
3.562320788530465
0.3997162485110588
4.487753882915173e-12
148.96766726403823
493.9336917562724
472.28270609319
157.40292712066903
45.68914277180406
12.163007765830345
4.146132019120379
8.090591397849462
3.1056227598611184
2.068884408606638
3.386589008363202
4.487753882915173e-12
101.92465651135007
354.68862007168457
415.8908303464755
104.38508064516131
45.68914277180406
13.282780764635604
4.146132019120379
2.863575268821692
3.1056227598611184
2.068884408606638
0.3997162485110588
4.487753882915173e-12
73.17839008363202
232.22819593787335
204.57101254480287
111.10775089605735
15.820863201911589
9.922726254480285
4.146132019120379
2.863575268821692
3.1056227598611184
2.068884408606638
0.3997162485110588
4.487753882915173e-12
157.93010752688173
424.1356780167264
367.3521505376344
152.1759259259259
36.728419952210274
5.815785543612612
4.146132019120379
2.863575268821692
3.1056227598611184
2.068884408606638
0.3997162485110588
4.487753882915173e-12
132.54293608124254
420.40023894862605
406.9287634408603
168.23327359617682
28.51482228195938
9.175989396654721
4.146132019120379
2.863575268821692
3.1056227598611184
2.068884408606638
0.3997162485110588
36.58908303464755
256.49529569892474
493.9336917562724
561.8608124253286
442.277105734767
75.18630525686977
5.815785543612612
4.146132019120379
2.863575268821692
3.1056227598611184
2.068884408606638
0.3997162485110588
13.814180107526882
92.21848864994027
396.5046296296296
541.3257915173238
176.07153524492233
35.235140382317795
5.815785543612612
4.146132019120379
2.863575268821692
3.1056227598611184
3.9356929510155325
0.3997162485110588
4.487753882915173e-12
91.84662485065711
336.3963560334528
350.9274193548387
123.05331541218638
40.462141577060926
5.815785543612612
4.146132019120379
2.863575268821692
3.1056227598611184
2.068884408606638
0.3997162485110588
4.487753882915173e-12
145.23633512544802
455.86805555555554
386.3922491039427
143.9616935483871
14.700642174432497
5.815785543612612
4.146132019120379
2.863575268821692
3.1056227598611184
2.068884408606638
0.3997162485110588
4.487753882915173e-12
137.0221027479092
255.3755973715651
347.9398148148148
64.81276135005973
7.606780167268525
