2.240142249103943
0.0
0.7467278972520908
1.1200899790919951
0.0
0.0
0.0
48.53823178016727
157.554846176822
153.82362604540023
126.56851105137396
13.440852747909199
0.0
0.0
0.0
0.0
0.7467278972520908
1.493414351851852
0.0
70.93738799283155
173.23906063321385
184.06317204301075
136.64964157706092
20.161469534050177
4.106933243727599
4.480283004778973
1.1200899790919951
0.7467278972520908
0.0
0.0
0.0
53.76340352449223
130.67312574671445
146.35734020310636
87.36458333333333
0.0
8.2139075567503
0.0
0.0
0.0
0.0
0.0
0.0
85.12731481481482
200.86790621266428
121.33919504181601
93.71449372759857
11.200899790919951
0.0
0.0
0.0
0.0
0.0
0.0
0.3733557347670251
65.71221624850656
125.44795400238948
210.5752688172043
102.67502986857825
14.187481332138592
0.0
0.0
0.0
0.0
0.0
0.0
0.0
41.06933243727599
106.40628733572282
111.262208781362
101.18111559139787
12.320687724014338
1.493414351851852
0.0
1.1200899790919951
0.0
0.0
0.0
0.0
51.148558841099174
126.56851105137396
120.2227822580645
107.15344982078852
0.0
0.0
0.0
0.0
0.0
0.0
0.7467278972520908
7.093738799283154
26.881705495818398
128.80958781362008
163.53132467144565
110.51508363201911
12.694190561529268
2.240142249103943
0.0
0.0
0.0
0.0
0.0
0.0
46.29678166069295
107.52684438470726
169.13026433691758
0.0
1.8667764336917563
4.480283004778973
0.0
0.7467278972520908
0.0
0.0
0.0
0.0
41.06933243727599
131.7936827956989
110.88847819593788
87.73797789725211
8.960569743130227
0.0
0.0
0.7467278972520908
0.7467278972520908
0.0
0.0
0.0
40.69593787335723
175.10259856630825
139.63369922341695
92.5939366786141
34.34897700119474
5.226911589008363
0.0
0.0
0.0
0.0
0.0
0.0
29.86869026284349
102.30167264038232
132.54084528076464
54.8839605734767
26.881705495818398
5.973573775388291
0.0
0.0
0.3733557347670251
0.0
7.467278972520908
0.0
10.080734767025088
97.07194593787335
94.83086917562724
67.206541218638
8.2139075567503
0.0
0.0
0.0
0.0
0.0
0.0
1.8667764336917563
61.97681451612903
126.1951164874552
139.26030465949822
32.1086096176822
11.574025537634409
0.0
0.0
0.0
0.0
0.0
0.0
0.0
36.21580047789726
130.67312574671445
132.54084528076464
114.99309289127838
11.574025537634409
0.0
0.0
0.0
0.3733557347670251
1.1200899790919951
0.7467278972520908
6.3471139486260455
88.11137246117084
157.554846176822
178.83800029868578
163.53132467144565
35.46875000000001
0.0
0.0
0.0
0.0
0.0
0.0
0.0
48.53823178016727
139.63369922341695
146.7307347670251
142.24854390681006
8.960569743130227
0.0
0.0
0.0
0.0
0.0
1.8667764336917563
0.0
40.32254330943847
146.35734020310636
151.5825119474313
72.05794504181601
31.735513739545997
0.0
0.0
0.0
0.0
0.0
0.0
0.0
47.043944145758665
131.0468936678614
109.0207586618877
37.70911738351254
10.080734767025088
0.0
0.0
0.0
0.0
0.3733557347670251
0.0
0.0
44.802830047789726
97.07194593787335
106.40628733572282
11.947565710872162
0.0
