11.042801672640383
4.146132019120379
2.863575268821692
3.1056227598611184
2.068884408606638
4.13328853046595
4.487753882915173e-12
82.88418458781362
188.54428016726405
309.11140979689367
240.28711170848268
14.700642174432497
11.042801672640383
4.146132019120379
2.863575268821692
3.1056227598611184
2.068884408606638
0.3997162485110588
4.487753882915173e-12
78.77688172043011
424.1356780167264
243.77165471923536
99.15770609318996
23.287783751493425
5.815785543612612
4.146132019120379
2.863575268821692
3.1056227598611184
6.922341696535243
0.3997162485110588
4.487753882915173e-12
183.3169056152927
387.1706989247312
574.2114695340501
132.76396356033453
7.606780167268525
5.815785543612612
4.146132019120379
2.863575268821692
3.1056227598611184
2.068884408606638
0.3997162485110588
4.487753882915173e-12
163.15710872162484
515.2199074074074
435.3031660692952
300.771729390681
13.954002389486257
5.815785543612612
7.506335872162485
2.863575268821692
3.1056227598611184
2.068884408606638
0.3997162485110588
4.487753882915173e-12
143.74029271206692
406.95900537634407
243.77165471923536
45.39669205495819
35.235140382317795
7.309221923536438
4.146132019120379
2.863575268821692
3.1056227598611184
2.068884408606638
0.3997162485110588
4.487753882915173e-12
67.57952508960574
264.3380376344086
390.12768817204307
161.51022998805257
74.06660692951016
25.230510752688172
4.146132019120379
7.343947879330944
3.1056227598611184
2.4422416367980886
0.3997162485110588
4.487753882915173e-12
177.34655017921148
436.0812425328554
408.0480884109916
192.1244026284349
17.31414277180406
6.935853494623656
4.146132019120379
2.863575268821692
3.1056227598611184
2.068884408606638
0.3997162485110588
4.487753882915173e-12
136.65023894862605
529.7823327359617
561.8608124253286
256.34445937873363
9.8469160692951
28.590651135005974
4.146132019120379
2.863575268821692
3.1056227598611184
2.068884408606638
0.3997162485110588
13.814180107526882
139.26149940262843
352.8210872162485
239.29211469534056
97.29465352449223
9.8469160692951
5.815785543612612
4.146132019120379
5.850448028673835
3.1056227598611184
2.068884408606638
0.3997162485110588
15.307497013142175
114.2461917562724
344.2349910394265
341.21677120669057
445.26135005973714
7.606780167268525
12.163007765830345
4.146132019120379
2.863575268821692
3.1056227598611184
2.068884408606638
0.3997162485110588
20.90804211469534
114.2461917562724
413.30533154121866
435.6791367980884
183.5383064516129
53.15830346475508
13.65628733572282
4.146132019120379
2.863575268821692
3.1056227598611184
2.068884408606638
0.3997162485110588
1.8668085424133811
118.72983870967742
583.9120370370371
437.91778673835125
169.7248357228196
17.687238649940262
5.815785543612612
4.146132019120379
2.863575268821692
3.1056227598611184
2.068884408606638
0.3997162485110588
4.487753882915173e-12
131.42323775388292
342.7430555555555
470.37821087216247
18.14142771804511
14.700642174432497
7.682594086021505
4.146132019120379
2.863575268821692
3.1056227598611184
2.068884408606638
0.3997162485110588
36.58908303464755
97.82183393070491
493.9336917562724
580.1851851851851
188.7649342891278
12.833796296296295
5.815785543612612
4.146132019120379
2.863575268821692
3.1056227598611184
2.068884408606638
0.3997162485110588
4.487753882915173e-12
159.798013739546
526.4183841099164
644.7573178016727
360.8844832735962
44.19586320191159
15.523148148148149
4.146132019120379
2.863575268821692
3.1056227598611184
2.068884408606638
0.3997162485110588
4.487753882915173e-12
82.88418458781362
387.1706989247312
330.7627688172043
48.010155316606934
7.606780167268525
5.815785543612612
4.146132019120379
2.863575268821692
3.1056227598611184
2.068884408606638
0.3997162485110588
4.487753882915173e-12
91.84662485065711
320.3393817204301
194.86036439665472
175.69967144563918
21.04786439665472
5.815785543612612
4.146132019120379
2.863575268821692
3.1056227598611184
2.068884408606638
0.3997162485110588
4.487753882915173e-12
135.15419653524492
229.2402180406213
184.78270609318997
142.84162186379928
13.207325268817204
15.149604241338112
4.146132019120379
5.850448028673835
3.1056227598611184
2.068884408606638
0.3997162485110588
36.58908303464755
154.57063918757467
268.0689964157706
496.18316905615285
343.33557347670245
34.11495669056153
12.909647550776583
4.146132019120379
2.863575268821692
3.1056227598611184
2.068884408606638
0.3997162485110588
4.487753882915173e-12
297.5679510155317
493.9336917562724
435.3031660692952
158.89896953405017
51.6627464157706
