2941.887798506504
3082.399457723562
2330.5183521414892
2735.6727427961982
2094.135713216744
2409.650928905656
2572.425100802541
3333.632982604735
3620.1798876518865
4570.739178641349
4460.617966126874
2992.3165903217314
2543.0057103159415
1620.37696427648
1193.0531036675925
1480.4652342411314
1562.7127474855602
1386.105460551272
2176.1272403633934
3135.5793638070095
4912.589200160003
4501.553432793626
4151.601206572469
2644.827362092323
2026.3394065115074
1523.4017842519738
1522.3352898448873
1314.5832274340175
1516.30622595603
1908.3776514528597
2035.3581058845207
2766.5884660174383
3397.9735446470713
4880.669275941734
4349.486188439879
2781.122170236201
2601.576245268977
2145.221130980921
1641.7601187003263
2195.882055222693
1616.7132927093203
1934.8402390547956
2484.293893831064
3399.827748255947
4713.667292048379
4860.253344704294
4674.567658027077
4280.193113192896
2961.7378122890523
1912.2208531607237
1520.3986385026492
1953.9881233731433
1416.5529337486912
2031.593682567971
2112.581101830146
2981.69716298809
3773.684378182056
4601.573312285359
3828.1422758232216
2999.5250526670284
2470.467954586206
1596.884574136722
860.6410134531083
1011.7565459361866
980.5444311325956
1157.0886990060683
1557.9158817221858
2163.0250376994663
3098.0946435533447
3828.083162640984
3835.330487229772
2361.480358081182
2073.0943843171185
1175.6788287914994
1007.167577151083
815.2355042145269
619.3832356752
1219.5900234566197
1427.0574958022685
1995.1164878262148
3540.5968241334917
3705.9147519690723
3637.4551435693475
2370.4460464853387
1841.3209091002338
1676.174826215598
1333.5704124904014
1251.7271807713396
1271.0300027632557
1459.544135895585
1768.3456798655666
2686.0705796795123
4156.299304224285
4166.630496231868
3796.4563013989177
2649.7425525404933
2320.3851715922756
1705.0811863151785
1652.6729415586078
1066.378992830612
930.6378679021532
1391.9190683446795
2020.7047908941793
2485.2942414224453
2869.6377234031565
2911.084556275981
2814.742349469909
2321.780527172545
1795.25419521528
1721.6718048144805
1065.9525595146313
1377.5255186250986
1209.8531196598367
1678.0472369651566
1725.356067790319
2301.8083298052566
2589.749946061183
3816.595626881789
3728.2967136337375
2275.367849036187
2130.0817690389404
1246.8489952865166
976.8862568145415
911.4446800131323
971.7696872352325
1237.9452088848666
1645.602097524261
2013.6483466851128
3022.2378962219536
3426.4550005902715
3001.5212328825182
2216.0813387827425
1501.3601389627295
959.0567543887822
851.27351181941
750.5335263463695
797.6346797702597
1166.5416283702104
1485.8287723152491
2390.146099386437
2973.8874755322936
3305.358279962888
2927.041863633359
1874.4641715022435
1337.7940592599061
1531.269770076916
833.5108933759893
881.7134762191749
968.3467028011494
1169.7210655597773
1292.1994350524737
1877.6289536471652
2061.0083699802153
2560.2004410818604
2462.8031758164198
2237.486528408991
1468.7720066040044
1831.654077067463
1313.5537261927332
1404.3353351999501
1462.13802969394
1528.4471405074717
2445.87612297694
2729.8799475199894
3816.311759826057
4833.463974993105
4158.787826548996
3056.2700142041713
2862.2335111775424
2020.22732997978
1859.7332789125262
1786.642331031787
1736.7980172890134
2297.64138721547
2210.236047691557
3135.2985735761235
4347.726548786017
5150.196224176357
5634.172921490968
3423.641196298291
2714.274551547449
1937.3162217854685
1574.1806849328314
1422.4336289666405
1684.0751658815086
2261.494075174834
1879.1184306002863
2736.7737848176575
3589.158611422433
4254.800413743516
2977.4837626866192
2385.7154606364443
2099.653181019258
1428.4099484015844
1353.7469074651192
1452.2828127466898
1313.2658191692701
1768.86080375121
2307.205084233199
2436.966080630498
3287.296616834871
3185.424838237026
2830.413703023982
2040.8252260917047
1779.0370521366572
1626.7478541348496
1761.6096686737114
1497.332810474145
1252.6943061769084
1649.0280601264135
1773.8762735821413
2470.9747517801447
2701.537513329274
3358.7412359874284
3300.389445722455
2386.9453661422135
1901.5404087707866
1912.5790230604375
1808.7147872263977
1156.9489857995172
1244.118546997281
1443.6545680060622
1748.6614941702715
2552.677000399979
3194.8856353849887
3321.9350063463653
2760.004511369283
2438.061040191461
1943.1230405722495
1261.8265933663301
948.1054160802438
974.5238606767977
753.8317815871666
1480.9120990615236
1601.0754927962093
2180.461272934859
2825.6839379971084
3720.3323369989803
2666.141100999295
2025.5158116225302
