529.9403587962962
416.99362492532856
217.6805701164875
138.43441916816008
135.39713082437277
214.07583930704894
626.4705577956988
4366.318884408603
9346.74988425926
6336.117913679808
3984.510782556749
1327.2164501194748
1049.759397401434
263.3605350209079
179.73412559737156
101.74689590800476
124.15210554808837
143.06461021505376
464.63959938769403
2476.4245482377537
6116.9224313022705
4785.07151284349
1984.6575940860225
748.9405518219833
264.9293406511351
206.53415845280765
264.1133221326165
251.2282439142772
184.43397827060932
205.45401396356024
685.3630592891278
3959.818738799283
6745.964299581841
5998.885804958185
2563.8219683393067
830.681011051374
472.70709042712065
262.13386200716843
140.19023155615292
153.37672188620076
126.23460212440263
202.95119287634404
565.8089994026284
2678.5658490143364
5918.8133624551965
4958.659819295101
1729.6942241636798
713.619945863202
499.7734666218637
184.94777628434883
176.23100134408608
111.65424357825566
77.25325675776581
383.7019123357228
454.27395833333344
2619.6620071684597
6082.551702508959
4462.0599350358425
1872.2529831242525
653.3339534796893
258.94391689068107
186.87745702658304
98.67826082735961
95.90765654868582
103.72684345131424
112.64153692502987
635.3497035543611
2498.414019563919
6220.830324074073
3777.2300589904426
2002.4041704002393
505.3246202956988
211.20141465053754
155.99673835125455
110.55309662485064
147.21901758512539
82.70067379778975
71.7941398969534
416.1371804062127
1791.9788941158902
5109.292334976104
3536.3225545101554
1394.4507355137398
478.2313004032258
202.91779196535254
183.3766499402629
135.7580324074074
126.36551624103944
441.90807459677404
124.1757404420549
732.2484554211469
2715.006541218639
5901.911622610514
4533.981455346474
1943.1755114994019
649.7820885603345
346.10282482078856
346.78882653823194
305.6024634109916
145.49608389336916
89.08941824223416
291.63938582735966
873.7231892174434
3325.27634035245
6833.659576612903
5880.58841472521
3879.622692652329
897.968656660693
599.2519392174435
234.20022550776588
150.3355877762843
127.74912160244925
102.4754304435484
295.6014467592592
589.9863399790922
3276.205241935483
6491.509035244922
5017.696445639188
1788.4468264635607
858.1856242532856
196.04493167562725
256.6487552270012
147.13559819295102
134.93039112903227
100.16214288381121
104.82463418458781
550.3301258213861
1455.2979431750302
5826.760498805257
3987.9772961469525
1850.96583781362
1002.0520310633212
244.09395945340506
141.05509811827955
225.18220318100353
70.22755869175627
104.79485704151733
133.01923644713258
266.4737634408602
2124.6149902927123
5234.119201762247
2677.977292413381
1531.3920549581837
701.2883075716844
292.88489956690563
123.80508841099162
80.73800336021506
75.25443630525686
130.02208295997613
99.63410954301077
426.5713664874552
1443.3389859617678
2922.86573700717
2648.6566942951013
1159.4017883811225
307.19161626344106
251.8109169653524
402.44012619474324
258.83676224611713
230.56766707735966
149.16993160095583
282.70161028972507
793.2088948626044
3127.505663829153
6783.970325567503
4266.850825119474
2162.231974313022
648.7065942353642
592.0946830197132
174.1871718189964
130.65878838112306
204.83009184587814
161.9627483572282
267.8699663978494
977.343033527479
3756.7787709080035
7829.346020011947
6184.8446945937885
2592.1505264336924
1020.786626344086
363.7416640531662
248.3303360215055
196.16031511350062
203.10747909199523
235.46870407706092
287.3451310483872
1089.6621677120665
3336.612421594982
7250.592222968934
5278.047360364394
3477.8309363799276
1337.9476665173233
513.4546677120669
233.8100515232975
173.798309811828
158.24841453853045
91.47189273446834
184.51326762246111
555.3323450567503
2428.8222371565116
5484.322330495819
4400.611611409796
2564.04921594982
741.7634012843489
361.5694235364397
173.88206578554366
159.78886163381125
122.83885218787337
111.34326751045403
149.65618092891282
490.1917891278375
2260.7924544504176
6128.8887880824395
4743.040583930705
1953.890964755078
1034.1935073178015
425.7377654569892
241.43912559737157
142.65282780764633
162.68328188470724
109.80025283751495
513.1746326164875
969.9210424133807
3148.9989583333327
7126.672184886501
5391.989400388291
2233.5646916069295
805.5073935931898
448.7708755227
172.5193884408602
125.20200873655914
103.73112828554359
104.15217114695335
219.0352833781362
605.8838747013143
2856.072983870968
6079.902904719235
4308.114665471922
1590.017465651135
706.8245000746712
