1518.3637431002905
1145.7599042588076
641.2845595787649
663.7510171390899
434.727364949122
903.7784752019526
1103.2541143927435
1813.081287562919
2760.921345238506
3645.3751180081335
3431.9350584207805
1911.6763946825436
1805.4065839718544
765.0946912776751
648.931198799014
643.0638416186696
696.79094301274
881.0868748284526
1291.4674584040151
2043.611722677976
2973.6717531767295
3575.471331539146
3376.336757647738
1585.834418543936
1179.634519265389
753.6626862830374
515.1372126346122
696.1492680179487
552.7874849166025
799.242522271258
1249.2684407859547
1719.7187340879275
2004.3807317737155
2554.8082021663463
2275.977638559354
1338.5265422493428
847.3514655497419
883.5471398294869
579.7520616513423
667.1395895715572
691.5184991011954
1089.5915118295868
1347.4126849003596
2165.645759008634
2979.4432926457484
3197.398132637389
2962.6171278598135
1992.0933558750933
1403.2632043141407
953.7174070735077
1049.5946473138797
890.5281547351507
707.1470040891932
878.8998799246015
1236.9008486939458
1655.866178071723
2598.2134925787113
2712.6655315207245
2593.0117128005227
1557.618317302632
1010.8517172803528
868.9645061857066
749.8777958231799
712.6553272981935
728.5119479336707
915.3534298155067
1528.3790799002027
2224.8101743482116
2687.2923436728183
3110.2280252455216
2988.5498719370576
2132.551631976043
1454.3590087197467
1094.096720069875
762.9873128141653
748.0028836201429
804.1319188442561
1055.3137294004666
1572.716842053762
2123.9051377664778
2894.706684497888
3367.8585990419497
3666.2106505884667
2221.53238534436
1474.431792463437
1233.7705326074731
922.8758373709268
894.6212294571217
1073.249309065526
1229.7330669738406
1616.4570971296048
2298.403804739249
2906.7760664704024
3041.7904424684275
3363.9982667513677
2347.7464018535156
1725.6794293581067
2399.4640492184035
1544.3215116004244
1413.1643310922618
1605.5374086727625
1740.3693106535206
2355.4575126683744
3154.802675562231
3946.7794796755556
5350.678530290317
4738.658583042191
3200.46973714865
3149.0527503228063
2306.759150244586
1948.4211627852399
1987.9970434160177
1672.7820828468145
2436.734815370175
2552.14167785603
3278.608523951015
4195.563312249954
4833.790556690628
4517.063970204823
4054.2504281879196
3180.2631049111037
2480.946867150316
1659.23743288981
1865.6948330895955
2010.365937981947
1928.7319804649148
2211.1464672972606
2712.778368339831
3332.613829615023
4337.25196892958
3840.039116693751
2988.6921512080708
2181.134343711834
1944.148969890574
1619.3359050392432
1408.6745739867515
1292.7324284261738
1484.2402211868168
1820.8304949855005
2405.601632540559
2836.712718214492
3328.2759173583477
2853.0249206823437
2207.229240199975
2059.303859887145
1754.073824736415
1344.6842856997655
1387.5979781606325
1519.615792070862
1521.9653083913186
1648.159799075772
2189.9374997941186
2765.810453313549
3216.9362535071896
2644.364552011163
2689.188749884498
2133.3741011380534
1828.229857384071
1562.16666302069
1516.0316874998307
1431.7758746760192
1706.2614841454654
2230.8280868359607
2821.4704082428093
3499.241975626535
3632.3188883742273
3754.145577445053
3035.640716862475
2444.8441331906843
2293.505350439756
2063.028160184927
1564.3025535526954
1466.8236370620123
1995.0479807041208
2526.763914701712
3071.9482076860404
5279.863660494502
5245.803452372296
4970.596607273527
3115.103341608925
2984.119126666925
1956.0882274604983
1805.3660258079808
2394.933942586712
2035.5329332052836
2248.223727205898
2737.1467012096055
3231.4367776491977
3960.6704692479993
4514.114743193935
5132.917417107167
3189.0426335755105
2430.965061246259
1764.7782167707592
1588.2597804863256
1521.1277403153874
1669.1747887033212
1944.6608959704463
2391.0642240181455
3085.869515516998
3900.048259606675
4735.694178141448
4600.494572199611
3095.7117516293392
2140.455428779429
1605.206321876785
1207.5328537842247
1262.3739876694847
1252.5727291159774
1676.9236952070587
1855.892219669357
2499.1776901015314
3649.593005414102
3483.583380551348
3377.690072962598
2696.881036691795
2190.5919955390073
1769.865940623161
1373.2046393769344
1172.9017807517282
1461.184545354509
1833.8708964110804
2021.9966009504394
2765.961222323514
3331.5771713766258
3932.1393820930807
3942.3821995413264
2718.5623469417596
2025.467959180373
1311.7611998478114
940.038114706289
1010.470007630203
1055.870725359568
1676.7330630698875
1924.1908825811556
2287.861201996987
3409.601104962461
2862.834987835299
3027.350009302761
2088.997434979758
