0
0
0
3.6749266267536562
0
25.299037659629576
406.9390514925791
820.7612774125176
1728.2908568712242
591.7612797235904
167.11391952733607
0
0
0
0
0
0
63.299741381758835
0
634.4762640121419
1083.7513125988517
433.35211314362977
102.96867252959119
0
0
0
0
0
0
0
376.0699226256869
752.6089344536751
1880.1668555772328
488.2451560038739
133.94002552020692
33.19757137867171
0
0
0
0
0
36.58798813489611
581.058592583577
1724.8000094987822
1569.4134946601032
942.8224321824938
207.13559051687153
0
0
0
0
0
4.338514293140552
17.68199252124994
617.3471106120704
1795.5218161403704
1202.4013538603542
1126.6533058560121
356.5193775960262
0
0
0
0
0
0
42.88282323189
626.8518485232366
1805.370850133429
1621.3723125385168
905.9879848763582
248.59996676084987
0
0
0
0
0
0
24.776393675022412
346.8192170349199
1379.284248318893
1643.247899470291
807.5941394364902
104.23132168149101
0
0
0
0
0
0
24.777275491175168
297.73150490011056
498.7481964274457
958.1537848790518
90.42868351554243
0
0
0
0
0
0
0
41.14206457925435
540.549262238256
902.4091146570697
960.0589678048289
1058.763334694814
14.106155667626354
0
0
0
0
0
0
0
566.5108075188637
870.6958199490164
2172.3205040904354
761.1302531210877
115.08435927679726
0
0
0
0
0
0
45.1108600963805
506.3638581973174
1382.4693913659178
1921.9125234912403
1269.573086678133
209.11697686854586
0
0
0
0
0
0
52.59674291957454
407.6601840470462
1440.3726322398309
1472.3197479754022
808.0159597020183
149.66138107138872
0
0
0
0
0
0
35.017035752876424
429.21573241138015
1222.8820412765037
1918.929516590824
931.76067256392
4.8613141886348785
0
0
0
0
0
0
0
666.1580443714358
1369.1760172274815
1859.7568449752093
1167.4549660629882
177.75932825615908
0
0
0
0
0
0
29.691865813302172
541.9035544225444
1219.788980523047
1068.8102405366014
879.6886233292898
182.49701631471115
0
0
0
0
0
0
35.622934312363924
250.80110878459132
1143.999365868275
1283.4494531131638
752.2789385079425
133.32315138413563
0
0
0
0
0
0
95.0390929687426
286.5534108288614
948.1566082632987
923.3512752100744
545.2353222362852
0
0
0
0
0
0
0
0
556.4762801207074
1726.4775137260553
1571.4048523869164
567.9981753357301
95.0917950363749
0
0
0
0
0
0
0
290.43458409827093
995.8517399265027
1377.3048729710945
423.22995783886057
72.63995486183359
0
0
0
0
0
0
0
424.71731251858756
1379.4936029807077
1705.6933688773502
883.8918016192937
103.22031593637014
0
