21.822020609318997
11.79510155316607
6.009483273596177
5.435222520908005
7.606182795698926
12.789949223416965
25.731892174432495
88.72199820788529
172.98461768219832
150.0156810035842
72.97267025089606
52.10797491039426
18.208333333333332
8.568511051373955
5.133363201911589
4.906474014336917
2.5449858124253284
10.228345280764636
22.32706093189964
73.44422043010752
181.19810334528077
251.57071385902032
129.8607377538829
65.63545400238948
35.17379778972521
20.774865591397848
10.060035842293907
4.821777927120669
7.887096774193548
11.766614396654719
18.03289277180406
86.98962066905615
238.67943548387098
169.9148745519713
174.9973864994026
73.11305256869774
35.1017398446834
15.80152329749104
7.814142771804062
4.999589307048984
2.461745818399044
17.414687873357224
39.356033452807644
102.67585125448029
234.19392174432497
280.1112604540024
205.77994324970132
58.60103046594982
24.39568399044206
17.939814814814817
9.20754928315412
2.9370669056152923
3.5484057646356035
12.637843488649937
23.322057945041816
116.60767622461171
201.09318996415774
219.4944743130227
171.96497909199522
62.19086021505376
14.186155913978492
5.601814516129032
4.948775388291518
4.4425365890083635
5.021804062126644
15.01478494623656
40.86712216248506
101.60244922341697
267.39023297491036
263.6854091995221
161.99223416965353
54.771505376344095
16.309139784946236
11.214792413381122
4.61749178614098
3.077684438470729
1.4808131720430107
4.646468040621267
43.03016726403824
77.54890979689368
157.57392473118279
133.1694295101553
78.78957586618876
27.5442054958184
12.905951314217441
15.895049283154119
6.630189665471925
2.8926373954599764
0.783639486260454
5.274380227001195
24.00485364396655
80.01344086021507
148.896729390681
118.31615890083631
86.74395161290322
28.886686081242537
14.208482676224614
6.504816308243727
6.419877538829152
3.4738761947431303
2.2658788829151733
6.632579151732376
40.34767025089606
86.0476403823178
173.3646953405018
231.42771804062127
117.38089904420549
36.62253584229391
22.29047192353644
9.239321983273596
5.815374850657108
3.208811230585424
3.5087813620071686
5.958183990442055
34.45030615292712
64.73043608124254
212.77143070489845
164.00985663082437
103.08243727598567
31.763478195937875
12.526321684587813
8.721848864994024
4.24342517921147
3.1663791816009565
5.082399940262843
8.347222222222221
37.071348566308245
99.34886499402629
183.36320191158902
206.26232078853047
124.48999402628435
71.07638888888889
28.53009259259259
7.604316009557945
8.535394265232975
5.157295400238949
3.931922043010753
5.723491636798088
43.413231780167266
45.828367682198326
152.9136798088411
204.0445788530466
117.22296893667861
35.54039725209079
10.373431899641579
7.862828554360813
5.286140979689367
5.118727598566308
3.430955047789725
7.492122162485066
20.926000597371566
80.3319145758662
236.10252389486266
244.86484468339307
99.71475507765831
48.64097968936679
25.37772550776583
9.136387395459975
8.60558542413381
2.8453031660692947
4.269888739545998
19.10282258064516
9.791890681003585
111.6297043010753
232.3080943847073
275.28263142174427
146.5595131421744
45.65972222222222
23.122797192353648
16.05152329749104
4.884445937873357
3.0080085125448024
5.663810483870968
9.104241338112306
34.71964605734767
80.71609916367981
206.18092891278374
123.56705495818399
98.90008960573476
44.71886200716846
17.01463560334528
7.635528673835125
5.891577060931899
2.6244063620071683
2.6537223715651135
13.292114695340501
28.58187724014337
79.13194444444443
148.98558841099162
147.39545997610514
60.881496415770606
29.37574671445639
16.263067502986857
6.628882915173238
2.129334677419355
3.357228195937873
3.588347520908005
4.46821609916368
19.728270609318994
91.45310633213857
153.5375597371565
185.18779868578255
93.2900238948626
55.82175925925926
28.42249103942652
3.6064740143369183
5.5451762246117084
3.9743279569892467
2.3618914277180405
7.064478793309439
22.52841248506571
81.71669653524492
206.82198327359617
146.1525537634409
94.10207586618877
60.328927718040624
17.22871863799283
9.556414277180407
3.4695377837514934
5.364620669056152
2.9557086320191157
4.949036738351254
33.66427718040621
75.72356630824373
177.44997013142174
205.27815113500597
88.09438470728793
53.57825567502988
13.912970430107526
9.120818399044206
15.734468339307046
3.3875261350059738
3.986036439665472
14.888104838709674
44.76030465949821
139.4410842293907
190.52792712066906
239.46535244922342
98.03539426523298
38.78834378733572
