8.33015979689367
3.7118055555555554
3.1481481481481484
4.927867383512544
3.5519713261648747
7.423103345280764
44.14202508960574
84.42353643966547
171.30749701314218
72.55114994026285
36.44638590203106
7.8298237753882916
5.114101702508961
3.6457362604540022
2.5797491039426523
2.6972856929510156
1.7258064516401148
11.152195340501793
2.7211768219832733e-11
66.70773596176822
109.72968936678615
57.51232078853047
30.41106630824373
9.808318399044206
4.851403823205228
5.650948327359617
2.3887022103020024
2.5906137993103657
1.7258064516401148
0.3334229390953121
41.39411589008363
78.13246714456392
186.08124253285544
62.89239844683393
33.48230286738351
14.876045400238946
9.560185185185185
5.030092592592593
2.609210722819594
2.5906137993103657
1.7258064516401148
8.784363799283154
61.12231182795699
171.30749701314218
156.45534647550775
106.53412485065711
40.5973715651135
10.089232377538828
4.851403823205228
3.458669354865921
2.3887022103020024
2.95680256869773
4.579599761051374
7.072147550776583
64.70280764635604
178.19967144563918
121.44937275985663
124.26112604540022
55.00784050179212
7.269003882915172
6.411663679808841
4.382093787335723
2.3887022103020024
2.725944593787336
1.7258064516401148
9.583721624850657
65.72207287933094
179.26747311827958
161.67861409796893
103.2709826762246
44.790919952210274
11.006944444444443
4.851403823205228
6.1094310035842305
2.3887022103020024
2.5906137993103657
1.7258064516401148
7.9517771804062125
39.03076463560335
138.61260454002388
163.90008960573476
93.99305555555556
31.087589605734767
6.345579450445371
4.851403823205228
3.458669354865921
2.3887022103020024
3.0380077658303466
1.7258064516401148
8.055197132616486
34.44780465949821
54.4578853046595
98.45430107526882
25.48499103942652
19.829749103942653
6.345579450445371
8.385491338112304
3.458669354865921
2.3887022103020024
2.5906137993103657
1.7258064516401148
9.7267174432497
57.80689964157706
93.23103345280765
98.77165471923536
118.31354540023895
22.69937275985663
7.864433990442055
4.851403823205228
3.5669317502986857
2.6959714755077657
2.6869362305854243
1.7258064516401148
0.3334229390953121
60.412933094384705
90.33004778972521
214.94175627240142
89.9719982078853
32.48730585424134
6.345579450445371
5.4006869772998805
3.458669354865921
2.3887022103020024
3.127949522102748
2.48525238948626
10.323715651135005
54.778972520908006
139.45265830346474
191.11036439665472
138.7884557945042
41.613649940262846
12.391726403823176
7.382765830346475
3.458669354865921
2.4153699970131424
2.5906137993103657
1.7258064516401148
11.152195340501793
45.452508960573475
145.13515531660693
148.21908602150538
94.75843787335722
36.04988052568698
12.706093189964157
5.048823924731183
3.6457362604540022
2.3887022103020024
3.223454301075269
2.6042413381123053
9.583721624850657
47.64411589008363
124.46236559139786
191.11036439665472
106.75813918757467
22.320041816009557
7.002314814814815
4.911107377538829
3.458669354865921
2.3887022103020024
2.5906137993103657
1.7258064516401148
5.467084826762246
70.45250896057348
138.61260454002388
185.59587813620072
129.47319295101553
39.002389486260455
10.803464755077659
8.302344683393072
4.848566308243727
2.3887022103020024
2.5906137993103657
1.7258064516401148
9.308930704898447
58.691756272401435
124.46236559139786
110.03584229390681
102.09117383512547
39.591173835125446
11.567727001194742
4.851403823205228
3.458669354865921
2.6529868578255673
2.5906137993103657
2.6731257467144562
9.997401433691756
30.96326164874552
117.36111111111111
130.7347670250896
90.05787037037035
35.022401433691755
6.345579450445371
5.2995818399044206
3.5287223715651135
2.3887022103020024
2.5906137993103657
1.7258064516401148
15.808333333333334
34.52247610513739
98.77165471923536
96.42323775388292
70.40807945041816
17.223640979689367
12.62955495818399
6.045474910394265
3.458669354865921
2.4587552270011948
2.5906137993103657
1.7258064516401148
3.8675104540023897
60.49880525686977
173.4281660692951
158.61335125448028
72.75649641577061
31.647998805256865
11.923163082437275
7.828666367980884
4.350246415770609
2.3887022103020024
2.5906137993103657
1.795859468339307
0.3334229390953121
35.17734468339307
103.65516726403823
140.19563918757467
59.07295400238949
29.64531063321386
10.01265681003584
4.851403823205228
4.983124253285544
3.6385155316606927
2.5906137993103657
1.7258064516401148
4.791308243727598
48.17801672640382
140.5428614097969
171.7928614097969
103.34192054958184
32.72214755077658
9.44108422939068
