12.536103643966547
4.146132019120379
2.863575268821692
3.1056227598611184
2.068884408606638
0.3997162485110588
4.487753882915173e-12
188.1724163679809
529.7823327359617
467.76807048984466
206.3138440860215
7.606780167268525
5.815785543612612
4.146132019120379
2.863575268821692
3.1056227598611184
2.068884408606638
0.3997162485110588
8.214083034647553
125.82026583034646
542.8800776583034
447.6247013142174
75.63881421744325
10.593652927120667
11.042801672640383
4.146132019120379
2.863575268821692
9.452844982078853
2.068884408606638
0.3997162485110588
4.487753882915173e-12
16.427680704898446
384.55906511350054
249.37051971326164
18.14142771804511
34.11495669056153
5.815785543612612
4.146132019120379
2.863575268821692
3.1056227598611184
2.068884408606638
0.3997162485110588
16.801224611708484
255.3755973715651
471.93399044205495
537.6090203106331
379.55309139784947
60.62473864994026
5.815785543612612
4.146132019120379
2.863575268821692
3.1056227598611184
2.068884408606638
0.3997162485110588
4.487753882915173e-12
134.4108422939068
493.9336917562724
467.41151433691755
150.68436379928315
60.62473864994026
5.815785543612612
4.146132019120379
2.863575268821692
3.1056227598611184
2.068884408606638
0.3997162485110588
4.487753882915173e-12
150.0918458781362
402.85170250896056
543.1862305854241
117.45445041816009
41.58232526881721
12.536103643966547
4.146132019120379
2.863575268821692
3.1056227598611184
2.068884408606638
0.3997162485110588
4.487753882915173e-12
160.9173387096774
478.6618876941458
490.2053464755078
106.25261350059738
60.62473864994026
8.802658303464753
4.146132019120379
2.863575268821692
3.1056227598611184
2.068884408606638
0.3997162485110588
4.487753882915173e-12
229.98842592592592
407.33049581839913
467.41151433691755
334.00164277180403
51.6627464157706
30.457549283154123
4.146132019120379
2.863575268821692
3.1056227598611184
2.068884408606638
0.3997162485110588
4.487753882915173e-12
163.15710872162484
424.8790322580645
644.7573178016727
152.1759259259259
15.447281959378731
5.815785543612612
4.146132019120379
2.863575268821692
3.1056227598611184
2.068884408606638
0.3997162485110588
4.487753882915173e-12
143.36880227001194
397.6243279569892
275.8814964157706
18.14142771804511
50.169504181600956
10.296158154121864
4.146132019120379
2.863575268821692
3.1056227598611184
2.068884408606638
0.3997162485110588
4.487753882915173e-12
157.55824372759858
444.67331242532856
438.66338112305857
167.10909498207886
18.807459677419352
5.815785543612612
4.146132019120379
2.863575268821692
3.1056227598611184
2.068884408606638
0.3997162485110588
7.840501792114695
252.01650238948625
542.8800776583034
526.7633661887693
370.9625149342891
44.19586320191159
8.802658303464753
9.746677120669057
2.863575268821692
3.1056227598611184
3.1889523596176823
0.3997162485110588
4.487753882915173e-12
224.76142473118279
627.2401433691756
595.4554958183991
159.27045997610517
55.76963859020311
9.922726254480285
4.146132019120379
2.863575268821692
3.1056227598611184
2.068884408606638
0.3997162485110588
4.487753882915173e-12
124.70019414575866
246.41763739545996
360.257243130227
270.1579301075269
64.35595878136199
5.815785543612612
4.146132019120379
2.863575268821692
3.1056227598611184
2.068884408606638
0.3997162485110588
4.487753882915173e-12
109.01919056152927
456.22461170848266
191.873133213859
97.29465352449223
44.19586320191159
5.815785543612612
4.146132019120379
2.863575268821692
3.1056227598611184
2.068884408606638
0.3997162485110588
4.487753882915173e-12
137.0221027479092
562.6680107526881
385.2721774193548
232.44885005973717
45.68914277180406
9.922726254480285
4.146132019120379
6.2237791218637994
3.1056227598611184
2.068884408606638
0.3997162485110588
4.487753882915173e-12
139.26149940262843
738.1085722819594
526.7633661887693
120.44205495818399
28.51482228195938
21.123282556750297
4.146132019120379
4.730383811230586
3.1056227598611184
2.068884408606638
0.3997162485110588
6.720318100358422
143.36880227001194
444.67331242532856
264.30779569892474
84.60125448028674
7.606780167268525
5.815785543612612
4.146132019120379
2.863575268821692
3.478979988052568
2.068884408606638
0.3997162485110588
4.487753882915173e-12
171.74320489844683
583.9120370370371
418.8739545997611
315.7093787335723
10.966984020310633
8.802658303464753
4.146132019120379
3.236932497013142
3.1056227598611184
3.1889523596176823
0.3997162485110588
4.487753882915173e-12
4.487753882915173e-12
456.22461170848266
277.7494026284349
104.01284348864993
21.42096027479092
