14.402927120669059
4.146132019120379
2.863575268821692
3.1056227598611184
2.068884408606638
0.3997162485110588
29.121639784946243
256.49529569892474
474.14725209080046
541.3257915173238
435.9259259259259
61.36846624850657
11.042801672640383
4.146132019120379
2.863575268821692
3.1056227598611184
2.068884408606638
0.3997162485110588
4.487753882915173e-12
148.96766726403823
407.33049581839913
447.6247013142174
132.01575567502988
40.089045698924735
12.536103643966547
4.146132019120379
2.863575268821692
3.1056227598611184
2.068884408606638
3.0132205794504183
4.487753882915173e-12
136.27389486260455
340.127688172043
381.913082437276
130.51971326164875
30.754778972520914
5.815785543612612
4.146132019120379
2.863575268821692
3.1056227598611184
2.068884408606638
0.3997162485110588
4.487753882915173e-12
157.55824372759858
246.41763739545996
342.7128136200717
120.44205495818399
7.606780167268525
9.922726254480285
4.146132019120379
2.863575268821692
3.1056227598611184
2.068884408606638
0.3997162485110588
4.487753882915173e-12
140.75754181600956
423.7597072879331
644.7573178016727
129.77635902031062
24.40800477897252
5.815785543612612
4.146132019120379
2.863575268821692
3.1056227598611184
2.068884408606638
0.773073476702509
4.487753882915173e-12
223.26538231780168
377.8360215053764
276.62522401433694
154.41532258064515
40.462141577060926
5.815785543612612
4.146132019120379
9.583893369175627
3.1056227598611184
2.068884408606638
0.3997162485110588
4.487753882915173e-12
94.08602150537635
402.85170250896056
342.7128136200717
131.26792114695337
34.48846326164874
37.550963261648754
4.146132019120379
2.863575268821692
3.1056227598611184
2.068884408606638
0.3997162485110588
4.487753882915173e-12
4.487753882915173e-12
331.1693548387097
209.798013739546
85.72095280764636
14.700642174432497
7.682594086021505
4.146132019120379
2.863575268821692
3.1056227598611184
2.068884408606638
0.3997162485110588
4.487753882915173e-12
70.56264934289128
297.5679510155317
204.57101254480287
25.981929510155318
7.606780167268525
6.189142771804061
4.146132019120379
2.863575268821692
3.1056227598611184
2.068884408606638
0.3997162485110588
4.487753882915173e-12
173.9829749103943
399.4922341696535
319.9369026284349
256.7159498207885
9.473588709677419
9.175989396654721
6.0129405615292715
6.597147550776584
3.1056227598611184
2.068884408606638
0.3997162485110588
4.487753882915173e-12
146.35640681003585
356.55615292712065
290.81466547192355
154.79166666666666
10.966984020310633
5.815785543612612
4.146132019120379
2.863575268821692
3.1056227598611184
2.068884408606638
2.6398521505376342
28.0019041218638
82.88418458781362
423.7597072879331
358.76568100358423
352.298013739546
21.04786439665472
5.815785543612612
4.146132019120379
2.863575268821692
3.1056227598611184
2.068884408606638
0.3997162485110588
4.487753882915173e-12
36.58908303464755
224.76142473118279
169.84543010752688
92.43914277180406
10.593652927120667
14.029868578255678
4.146132019120379
2.863575268821692
3.1056227598611184
2.068884408606638
0.3997162485110588
4.487753882915173e-12
73.17839008363202
329.3014486260454
174.70056750298687
59.9575119474313
7.606780167268525
5.815785543612612
4.146132019120379
2.863575268821692
3.1056227598611184
2.068884408606638
0.3997162485110588
4.487753882915173e-12
248.28068996415772
520.091472520908
526.7633661887693
286.2104241338112
44.19586320191159
12.163007765830345
4.892831541218639
2.863575268821692
3.1056227598611184
2.068884408606638
3.386589008363202
4.487753882915173e-12
85.87141577060933
288.60513739545996
261.69168160095586
87.21251493428913
24.034460872162484
5.815785543612612
4.146132019120379
2.863575268821692
3.1056227598611184
2.068884408606638
0.3997162485110588
4.487753882915173e-12
115.74223416965353
398.0006720430108
426.7166965352449
111.10775089605735
30.754778972520914
12.909647550776583
4.146132019120379
2.863575268821692
3.1056227598611184
4.309020310633214
0.3997162485110588
4.487753882915173e-12
139.26149940262843
430.8531212664277
409.16778673835125
161.8817204301075
27.021505376344088
18.88332586618877
4.146132019120379
2.863575268821692
3.1056227598611184
2.068884408606638
0.3997162485110588
4.487753882915173e-12
7.093862007168458
296.44377240143365
250.86618876941463
92.06765232974911
62.86439665471922
6.189142771804061
4.146132019120379
2.863575268821692
3.1056227598611184
4.309020310633214
4.88008885902031
4.487753882915173e-12
137.0221027479092
363.27508960573476
511.8484916367982
161.51022998805257
27.021505376344088
