2625.75545101553
2553.658284796895
1801.018111559139
2037.962463784348
1524.2806989247313
2162.4251493428915
2443.15188172043
3228.059240591398
5019.864695340502
4987.186865292712
4942.76205943847
3442.6427718040627
2961.338635005973
2463.9634968637984
1628.8372834528072
1523.3892361111114
1321.2231104390676
1653.383753360215
2156.7199320489863
2781.392316308244
4272.020403972521
4990.400612305853
4520.815001493432
3312.3396804062127
2596.0570415173233
2430.6015830346482
2337.2748282556745
2134.1336357526898
1682.0159386200721
1682.550153823179
2221.5924469832744
3077.3594907407405
3990.843690262845
4781.6332885304655
4603.823551373955
3539.2379778972513
2551.78151135006
2437.733023446834
1546.4554024790918
1726.0264000896057
1524.5613425925922
1939.8518817204301
2066.647093413979
3028.227744175628
4251.709416069294
4785.111073775391
4848.986745818398
2978.8181152927123
2435.461719683393
1624.5816233572286
1248.028696236559
1140.3295400238947
1142.0019787933095
1382.3622050477898
1977.503147401434
2458.423215352449
3549.400141875745
3998.04065860215
3381.826911589009
2824.7252053464767
2111.1145825492836
1263.1991188769407
933.284880189665
961.597968936679
1221.8453218339312
1508.9377090800476
1782.203248207885
2495.538918757467
3472.9412709080048
3456.8353121266414
2878.548387096775
2023.4830794504178
1573.7854838709675
1311.3168160095577
933.7393443847071
822.5973416965351
841.2915751941457
1197.6078957586622
1543.5765796744324
2070.1956765232967
2979.362317054957
3816.2527255077653
3617.4255525686985
2369.007765830346
2273.6788381123065
1717.1902553763448
1167.954133064516
1141.5373767921149
1143.9234580346472
1303.2033288530465
1716.4525798984462
2483.025739247311
3342.13830271804
3796.889075567503
3558.906511350061
2509.439516129033
1788.1260790023898
1689.8200642174436
1467.8195116487454
1584.8324596774198
1365.157195713859
1979.6005413679814
2282.8292338709675
2837.9786999701323
3632.587817353644
4668.671072281959
4021.5390905017894
2947.4259147252096
2966.3574447431306
2054.762391726404
2369.820807198327
1989.501314217443
2262.905794504182
2484.1628434886497
2834.446072281959
3685.0744922341696
3604.92133363202
5573.620743727598
5057.17148297491
4002.714755077658
2506.8472968936667
2153.168540919953
1852.8870519713255
2302.488515531661
2442.214661738352
2139.4437824820784
2619.414165173238
3421.1144041218636
4887.095224761053
4631.478718637992
4496.217331242534
3212.8587589605736
2397.025141875748
2236.71708109319
1935.9139896953411
1739.87280839307
1685.839728942652
2528.229917114695
2653.765292712067
3500.2835312126645
4367.3881048387075
5006.070489844684
4873.300253882919
3285.513403524493
2465.6355884109917
2061.8267062425316
1609.1322169952202
1690.1469967144565
1936.0299387694135
1957.5100966995221
2188.5421109617687
2996.9248207885303
3317.5033714157707
4130.545250896058
3593.5695937873365
2854.027172939068
2284.7457661290327
1768.188392323774
1395.9117047491043
1445.0068018219836
1310.2365083632023
1760.8126456093187
2097.1281063321385
2677.7840576463554
3215.482956242532
3844.3357228195932
3737.5588784348856
2586.917450716846
2166.6616748805254
1954.2596288829159
1531.9373058542412
1599.757840501792
1369.7160431600962
1793.3177979390678
2251.642693399044
2625.4240927419346
3984.8313172043013
4251.54991786141
4262.3238873954615
2929.567428315413
2603.166341845878
2672.5895497311826
1789.685905764636
1634.833478942653
1418.8744698327364
2215.2935173984474
2482.7179024790917
3370.624503434888
4170.896841397849
4707.014374253285
4375.808019713263
3136.9926821983267
2336.178487156512
1916.0585909498216
1641.956661066309
1322.0981249999995
1468.941182422342
1776.0574522102745
2312.7079189068104
3074.9925776583036
4055.9456951911598
3942.8188844086035
4237.608572281958
2995.3131720430106
2363.5708109319007
1609.519873805256
1474.0221027479092
1734.7234431003592
1469.9489844683394
1816.544410842294
2063.366241039426
2635.008941905616
3269.6124589307055
3588.7893891875756
3476.8595430107534
2663.6646132019114
1876.6989172640376
1039.1317614994025
852.2363556600955
917.4542189366786
956.7064023297495
1261.049671818996
1335.527800179212
1859.5909908900833
2501.509404868578
3008.2726254480294
2506.636088709678
1908.2511574074072
1315.0638590203107
996.1246303763439
841.9269377240141
709.119280167264
751.6284289127833
1035.2875
1257.3033490143364
2000.7845766129033
3345.270571983272
3591.5394265232962
3278.9256832437263
1997.51747311828
