9.175989396654721
4.146132019120379
5.477079599761052
3.1056227598611184
2.068884408606638
0.3997162485110588
4.487753882915173e-12
99.31302270011948
387.1706989247312
176.9403375149343
62.19739396654719
7.606780167268525
5.815785543612612
4.146132019120379
2.863575268821692
3.1056227598611184
2.068884408606638
0.3997162485110588
4.487753882915173e-12
163.15710872162484
486.4964157706094
399.83385603345283
159.27045997610517
7.606780167268525
5.815785543612612
4.146132019120379
2.863575268821692
3.1056227598611184
2.068884408606638
0.3997162485110588
4.487753882915173e-12
140.38119772998806
337.1397102747909
335.2464157706093
189.88463261648747
15.820863201911589
17.763104838709676
4.146132019120379
2.863575268821692
3.1056227598611184
2.068884408606638
0.3997162485110588
4.487753882915173e-12
208.70855734767025
486.4964157706094
492.06541218637994
254.4765531660693
61.36846624850657
8.802658303464753
4.146132019120379
2.863575268821692
3.1056227598611184
2.068884408606638
0.3997162485110588
4.487753882915173e-12
212.0676523297491
526.4183841099164
335.2464157706093
75.2665770609319
13.954002389486257
5.815785543612612
4.146132019120379
2.863575268821692
3.1056227598611184
2.068884408606638
3.386589008363202
4.487753882915173e-12
229.98842592592592
363.27508960573476
281.85185185185185
71.15938620071685
53.15830346475508
8.802658303464753
4.146132019120379
2.863575268821692
3.1056227598611184
2.068884408606638
0.3997162485110588
4.487753882915173e-12
154.57063918757467
378.584229390681
411.0356929510156
121.93361708482676
39.71546445639187
5.815785543612612
4.146132019120379
2.863575268821692
3.1056227598611184
2.4422416367980886
2.266524790919952
4.487753882915173e-12
111.2585872162485
360.66345579450416
469.6688321385901
433.31466547192355
13.954002389486257
21.496789127837516
4.146132019120379
2.863575268821692
3.1056227598611184
2.068884408606638
0.3997162485110588
10.827546296296296
159.798013739546
436.0812425328554
250.86618876941463
120.06608422939068
40.089045698924735
26.723827658303463
6.3862679211469535
2.863575268821692
3.1056227598611184
2.068884408606638
0.3997162485110588
45.55152329749104
188.1724163679809
411.4377986857826
463.694743130227
273.51702508960574
56.88948626045399
5.815785543612612
4.146132019120379
2.863575268821692
3.1056227598611184
2.068884408606638
0.3997162485110588
4.487753882915173e-12
202.35775089605735
323.3266129032258
426.7166965352449
112.22744922341698
7.606780167268525
13.282780764635604
4.146132019120379
2.863575268821692
3.1056227598611184
2.068884408606638
0.3997162485110588
4.487753882915173e-12
138.14180107526883
467.8199671445639
418.8739545997611
56.22379032258065
32.248543906810035
6.562485065710872
4.146132019120379
2.863575268821692
3.1056227598611184
2.068884408606638
0.3997162485110588
4.487753882915173e-12
171.74320489844683
557.0452508960573
435.3031660692952
130.89605734767025
37.10200119474313
10.296158154121864
4.146132019120379
6.2237791218637994
3.1056227598611184
2.068884408606638
3.386589008363202
4.487753882915173e-12
82.88418458781362
361.4116636798089
117.20318100358423
73.39904420549581
35.60868428912784
5.815785543612612
4.146132019120379
2.863575268821692
3.1056227598611184
2.068884408606638
0.3997162485110588
4.487753882915173e-12
139.26149940262843
368.50209080047796
485.69071087216247
300.3998655913978
21.04786439665472
5.815785543612612
4.146132019120379
2.863575268821692
3.1056227598611184
2.068884408606638
0.3997162485110588
4.487753882915173e-12
81.01627837514935
340.127688172043
342.7128136200717
301.89142771804063
61.36846624850657
10.669242831541217
4.146132019120379
2.863575268821692
3.1056227598611184
2.068884408606638
0.3997162485110588
4.487753882915173e-12
81.39262246117084
319.21931003584234
341.21677120669057
31.582511947431303
7.606780167268525
5.815785543612612
4.146132019120379
2.863575268821692
3.1056227598611184
2.068884408606638
0.3997162485110588
4.487753882915173e-12
39.575679510155325
227.74865591397855
233.68914277180406
129.77635902031062
19.181003584229387
5.815785543612612
4.146132019120379
2.863575268821692
3.1056227598611184
2.068884408606638
0.3997162485110588
4.487753882915173e-12
159.04980585424133
359.5437574671446
233.68914277180406
93.55921445639187
14.32709826762246
5.815785543612612
4.146132019120379
2.863575268821692
3.1056227598611184
2.068884408606638
0.3997162485110588
2.6135043309438473
275.16390382317803
480.52195340501794
543.1862305854241
256.7159498207885
17.687238649940262
