23.325903524492233
11.721176821983274
3.055600358422939
2.7197505973715654
3.418085424133812
5.979540023894863
33.1187275985663
75.59289127837516
163.15038829151732
159.1248506571087
80.63918757467145
37.42965949820788
12.513440860215056
6.6352673237753885
4.703778375149343
7.04599761051374
2.8805331541218635
4.075795250896057
25.70863201911589
79.0912485065711
156.7458183990442
165.31548685782553
72.42196833930704
29.72547043010753
13.390568996415771
12.192913679808841
3.2090315113500605
3.577236409796894
2.820881869772999
5.80604091995221
24.3126866786141
96.34445937873356
220.10528673835125
217.02658303464756
87.21326164874552
41.3235513739546
8.850171744324971
15.078890382317798
4.990890083632019
3.5600881123058543
11.82627688172043
10.066756272401433
33.81922043010753
107.85095579450419
232.31966845878136
242.93010752688173
146.29816308243727
42.80585424133811
34.657519414575866
7.1090576463560335
3.587324522102748
4.50448028673835
3.1129517622461176
6.822169952210275
28.57455943847073
87.93234767025089
143.15972222222223
185.78554360812424
86.73611111111113
52.442876344086024
22.371639784946233
22.24925328554361
4.828106332138591
3.718279569892473
1.9926821983273597
11.931488948626045
29.06981780167264
81.67936081242533
191.88246714456392
216.07228195937873
120.47080346475508
42.20056750298685
19.976254480286737
14.830495818399044
5.972483572281959
2.312600806451613
1.501015531660693
12.95837066905615
34.67898745519713
139.25216547192355
267.13560334528074
231.82833034647555
189.23013739545996
72.65830346475508
30.909348864994026
5.749103942652329
11.788791816009558
5.201538231780167
4.901575567502987
9.515232974910393
40.601403823178025
77.41487455197131
201.96087216248506
264.6587514934289
82.81212664277182
43.84277927120669
18.182907706093193
4.558079450418159
5.3971027479092
3.61457586618877
1.8531212664277181
6.377650836320191
43.716173835125446
77.36820489844682
203.8956093189964
231.560633213859
103.84968637992831
40.910020908004775
16.210946833930706
4.984057646356034
6.579263739545998
2.1703778375149345
2.1962552270011946
7.359132317801673
12.691270908004778
104.63784348864993
210.24305555555554
209.84692353643968
96.12828554360811
54.918608124253296
27.0201986260454
5.616300776583035
5.75182945041816
4.5451836917562725
2.1452508960573473
9.658676821983272
27.41535991636798
115.07056451612904
192.01388888888886
172.97565710872163
133.31466547192355
50.758661887694146
17.927904719235364
20.21706989247312
2.6887731481481483
3.123069743130227
4.56067054958184
10.375709378733573
53.81795101553166
120.72020609318996
226.86977299880525
247.9581093189964
223.43525985663084
69.18832138590201
23.187985364396656
9.558057048984466
3.0972670250896055
5.293533452807647
5.879928315412187
8.521654719235364
43.138216845878134
92.1229091995221
232.3200418160096
263.3900836320191
182.64150238948625
44.898446833930706
25.609244324970128
7.541965352449224
6.657034050179211
1.8823290023894863
4.625672043010753
9.745333034647551
43.2530615292712
98.55249402628434
223.85528673835125
225.5813172043011
125.59027777777777
42.66950418160095
17.965501792114697
7.476179808841099
2.8754592293906813
4.363183243727598
1.525806451612903
4.9853643966547185
37.97472371565114
70.7915173237754
157.84236857825567
145.63657407407408
82.81474014336918
16.816457586618878
26.37037037037037
26.882093787335723
14.815337514934289
6.840763142174434
5.0426635304659495
21.500784050179213
33.60864695340502
114.12074372759857
241.9145758661888
221.84289127837516
138.97326762246118
54.10132915173238
25.416106630824373
7.077844982078853
6.31335872162485
2.6372647849462365
2.650731780167264
16.204002389486263
22.533452807646356
97.76545698924733
208.82205794504182
223.3934438470729
168.79144265232975
45.826986260454
29.50466696535245
14.127128136200719
3.187664277180407
4.15196012544803
14.408564814814811
6.986260454002389
37.25657108721625
116.42137096774194
204.53554360812424
220.90651135005973
129.8327359617682
75.45736260454004
10.959789426523297
9.865479390681003
16.395758661887694
6.049021804062128
2.5775126941457587
11.008997909199522
43.04883512544803
97.84946236559139
138.10185185185188
161.29480286738348
118.2627688172043
43.028375149342885
21.48999402628435
10.187649342891278
5.994847670250896
3.061488201911589
3.2114209976105133
5.711693548387098
31.46781660692951
97.701986260454
197.38799283154125
205.77882317801672
127.14307048984466
46.63642473118279
