0.3733557347670251
0.0
0.0
1.1200899790919951
0.0
0.0
8.587029569892474
45.54999253285544
111.63560334528077
141.50141875746715
26.881705495818398
16.427848715651137
0.0
0.0
0.0
0.0
0.0
0.0
0.0
47.043944145758665
109.0207586618877
128.06283602150538
86.24406362007169
0.0
0.0
1.8667764336917563
0.0
0.0
0.0
0.0
0.0
85.12731481481482
175.10259856630825
178.83800029868578
103.04842443249701
0.0
0.0
0.3733557347670251
0.0
0.0
0.0
0.0
0.0
44.802830047789726
160.16969086021504
186.30424880525686
178.83800029868578
35.842293906810035
6.3471139486260455
0.0
0.0
0.0
0.0
0.3733557347670251
0.0
38.82937574671445
133.6613649940263
159.7959229390681
95.20463709677419
17.174473566308244
0.0
0.7467278972520908
0.0
0.0
0.0
0.0
0.0
48.53823178016727
173.98622311827958
222.89366786140985
178.83800029868578
8.2139075567503
2.6135043309438473
0.0
0.0
0.0
2.6135043309438473
0.0
0.0
46.29678166069295
123.95366636798086
151.5825119474313
107.15344982078852
27.62833408004779
1.1200899790919951
0.0
0.0
0.0
0.0
0.3733557347670251
2.240142249103943
45.54999253285544
138.1439292114695
190.0396505376344
71.3111559139785
29.86869026284349
4.480283004778973
0.0
0.0
0.0
0.0
0.0
1.493414351851852
49.28539426523297
100.06018518518518
123.20687724014337
82.88620071684589
15.307683691756269
0.0
0.0
0.0
0.0
0.0
0.0
0.7467278972520908
14.187481332138592
126.56851105137396
102.30167264038232
43.682310334528076
1.8667764336917563
1.1200899790919951
0.0
0.0
1.1200899790919951
0.0
0.0
0.0
50.028001792114694
131.0468936678614
138.1439292114695
95.20463709677419
0.0
0.7467278972520908
0.0
0.0
0.0
4.853823178016726
0.7467278972520908
0.0
79.52456690561529
106.03251941457587
184.06317204301075
141.50141875746715
11.574025537634409
0.0
0.0
0.0
0.0
0.0
0.0
0.0
26.881705495818398
134.78192204301072
159.7959229390681
151.5825119474313
10.453856780167264
0.0
0.0
0.0
0.0
0.0
0.3733557347670251
0.0
11.947565710872162
86.99085274790922
51.148558841099174
26.881705495818398
0.0
0.0
0.0
0.0
0.0
0.0
0.0
0.0
53.390008960573475
118.72849462365589
67.206541218638
34.72207287933094
0.0
0.0
0.0
0.0
0.0
0.0
0.0
0.0
47.417712066905615
163.53132467144565
155.6913082437276
123.20687724014337
10.080734767025088
0.0
7.093738799283154
0.0
0.0
0.0
0.0
6.3471139486260455
62.35058243727599
175.10259856630825
177.34367532855435
102.30167264038232
0.0
6.3471139486260455
0.0
0.0
0.0
0.0
0.0
0.0
85.87029569892474
177.34367532855435
141.12802419354838
67.206541218638
26.881705495818398
0.0
0.0
0.0
0.0
0.0
0.0
0.0
39.57579151732378
113.12574671445641
123.95366636798086
99.68679062126643
0.7467278972520908
1.1200899790919951
0.0
0.0
0.0
0.0
0.0
0.0
26.881705495818398
106.77968189964157
140.00709378733572
33.975433094384705
7.093738799283154
