4.851403823205228
3.458669354865921
2.496964605734767
2.5906137993103657
1.7258064516401148
4.644952210274791
42.9136798088411
128.61783154121864
177.24761051373955
96.1398596176822
22.939441457586618
7.125709378733572
4.937776284348865
3.458669354865921
2.3887022103020024
3.4328330346475506
4.826500896057347
4.922356630824373
58.43040621266428
126.17234169653524
186.08124253285544
84.68152628434886
30.39837216248507
7.224014336917561
5.158673088410992
3.458669354865921
3.7141203703703702
2.5906137993103657
2.518667861409797
12.059080047789724
70.45250896057348
168.81720430107526
160.84229390681003
110.36850358422939
34.14239844683393
11.898148148148149
5.770833333333333
4.6527404420549585
2.5797491039426523
2.5906137993103657
1.7258064516401148
11.993742532855435
76.02673237753883
142.64486260454004
224.081541218638
112.50784050179212
42.207287933094385
16.590875149342892
10.073551373954599
3.458669354865921
2.3887022103020024
2.5906137993103657
1.7258064516401148
11.932511947431303
32.50336021505376
49.87679211469534
47.88306451612903
20.853494623655912
18.386350059737158
9.556936977299879
6.463410991636798
7.574186081242533
3.089232377538829
2.5906137993103657
1.8121789127837515
12.79944743130227
75.40322580645162
171.30749701314218
232.76956391875746
124.26112604540022
34.56466547192353
10.508512544802867
4.851403823205228
3.8308281063321385
2.3887022103020024
3.2274492234169654
5.204562425328555
6.701777180406212
64.71027479091995
158.59468339307048
191.11036439665472
109.3753733572282
35.27180406212665
13.47035543608124
5.042450716845878
6.419914874551972
2.3887022103020024
3.94392174432497
2.123842592592592
10.57871863799283
49.87679211469534
154.11439665471923
173.4281660692951
106.75813918757467
34.21856332138591
6.345579450445371
7.091397849462366
3.458669354865921
2.3887022103020024
2.626037186379928
1.7258064516401148
3.419705794504181
34.42204301075269
110.03584229390681
129.15919952210274
100.87029569892474
30.067204301075275
6.345579450445371
4.851403823205228
3.458669354865921
2.3887022103020024
2.803953853046595
2.3108945639187572
5.746729390681003
34.6598715651135
117.36111111111111
139.45265830346474
73.75709378733572
34.56466547192353
6.558919504181601
4.851403823205228
3.458669354865921
2.3887022103020024
3.5538381123058542
2.3108945639187572
0.6359206989247311
53.95385304659498
135.27105734767025
141.81600955794505
80.3132467144564
31.69952210274791
6.345579450445371
4.851403823205228
3.5573812724014338
2.3887022103020024
3.3500597371565113
1.7258064516401148
3.3401060334528077
32.50336021505376
176.77718040621266
179.86857825567503
129.78307945041817
49.58109318996416
12.797565710872162
4.851403823205228
3.458669354865921
2.3887022103020024
5.597296893667862
1.7258064516401148
0.3493440113500597
14.51202210274791
98.45430107526882
104.16293309438471
48.74589307048984
39.591173835125446
9.978046594982079
5.865554062126643
3.7814702807646356
2.50333408004779
2.5906137993103657
1.7258064516401148
0.3334229390953121
16.512843488649942
95.02314814814815
104.40188172043011
40.00672043010753
30.067204301075275
6.345579450445371
5.477113201911589
3.5549917861409797
2.3887022103020024
2.9886499402628433
2.6731257467144562
5.109781959378733
39.11663679808841
117.36111111111111
140.9199522102748
60.82399940262844
22.69563918757467
6.450657108721625
5.0384707287933095
9.699708781362007
2.3887022103020024
3.649342891278375
3.990554062126643
11.55766129032258
82.93757467144565
145.13515531660693
185.07691158900838
126.99036738351255
49.27718040621266
6.345579450445371
5.695228494623656
4.039799880525687
2.3887022103020024
2.5906137993103657
1.7258064516401148
7.520176224611707
20.088112305854242
133.24746117084825
165.17697132616487
60.82399940262844
47.38575268817204
6.429961917562722
10.403972520908004
3.458669354865921
3.238873954599761
2.5906137993103657
5.23159348864994
7.095669056152926
49.44369772998805
165.17697132616487
245.17995818399044
110.34236857825567
32.48730585424134
6.558919504181601
4.9660356929510145
3.6560894563918755
6.932086320191159
3.9001269414575868
2.46135752688172
0.3334229390953121
41.5621266427718
73.21161887694146
129.15919952210274
60.82399940262844
31.087589605734767
6.345579450445371
4.851403823205228
3.458669354865921
6.932086320191159
2.6674320489844683
2.679472819593787
10.598879928315412
42.93981481481482
105.8355734767025
232.05645161290323
105.46632317801672
22.788231780167266
6.345579450445371
