0
0
0
0
0
27.32745014469529
449.09668291432325
1209.969760088742
1193.8624667875924
657.2066948968283
81.30440638516156
12.331098752511132
0
0
0
0
0
29.279692098604713
0
0
0
0
48.81178782230323
0
0
0
0
0
0
43.181069990756015
464.68700745244905
1285.7066793760168
1367.07545772777
822.5600454901344
116.61628746763819
0
0
0
0
0
0
38.11710999869537
410.3869229300525
913.9427813028442
1081.255265866794
564.2878593031628
67.02403137708657
0
0
0
0
0
0
0
425.46277668136554
1094.3741160208965
1265.3501292486455
714.8932998822966
307.4538907382006
0
0
0
0
0
0
0
572.2819560501183
726.7739265969892
933.5086625982541
419.1824293208028
110.07439179071844
0
0
0
0
2.8625817301652994
7.930863321658688
52.37820819115142
460.4986525187909
1249.3439854754045
700.3868630306256
558.2949309538138
28.283741036329715
0
0
0
0
0
0
0
412.71358375315714
1409.8656546114357
1755.9603111634
611.9517196565222
72.51052696816741
0
0
0
0
0
0
12.034649704702403
0
1214.3584127454806
942.8998429541716
0
193.20248183250095
0
0
0
0
1.5322543834818454
0
33.660987860086784
535.4116438390547
1227.2978958152053
1212.6998350342824
690.7658564663683
117.1968518096527
0
0
0
0
0
0
0
381.93173454140333
1008.4838029549263
1274.6764870515751
0
66.78558499279919
0
0
0
0
0
0
45.29029130667131
681.344846532112
1173.2978861227461
1175.8924032920092
700.2038330592466
175.52055072491325
0
0
0
0
0
0
31.62333055574379
550.8424498546299
975.0538602729196
1295.925857689988
974.6937669486274
91.16171741444131
0
0
0
0
0
0
31.14012587056238
486.3637642041717
1170.2654736193572
1389.0818151066312
572.7525317738603
57.6481051378795
0
0
0
0
15.733556464826005
0
0
445.2790771226637
1174.7803933067987
1761.341975900998
817.533605408143
136.8449852513898
0
0
0
0
0
0
59.15870193482506
338.28266493751835
593.8679441239498
1309.6994531131638
720.2329408974289
98.42089630647732
0
0
0
0
0
0
84.981483948432
678.9578313784433
1573.1487677615064
2257.0452716258455
1465.4645635743977
316.19464204025314
0
0
0
0
0
10.290840907942805
22.703874230745924
53.673674087254625
293.18188947277
1197.1665011324362
542.3380797562797
182.48956982729482
0
0
0
0
0
0
0
360.7963672523929
544.9851777998598
902.7144458504254
398.1952356166384
10.846309401857454
0
0
0
19.07406929704274
0
0
9.315238422905779
265.15888211237495
884.8415719173863
1341.3176221628937
713.0502544269402
132.46086999849672
0
