0.0
0.0
0.0
0.0
0.0
0.0
11.574025537634409
56.37828554360812
117.98133213859022
111.262208781362
0.0
0.0
0.0
0.0
6.7206541218638005
0.0
0.0
2.240142249103943
0.0
34.34897700119474
132.54084528076464
130.67312574671445
61.97681451612903
17.921139486260454
0.0
0.0
0.0
0.0
0.0
0.0
0.0
70.93738799283155
173.98622311827958
160.16969086021504
120.96957138590203
12.694190561529268
0.0
1.1200899790919951
0.0
0.0
0.0
0.0
0.0
35.842293906810035
107.52684438470726
134.408527479092
92.5939366786141
0.0
0.0
0.3733557347670251
0.0
0.0
0.0
1.493414351851852
0.0
66.45937873357228
169.13026433691758
243.42928614097968
155.31791367980884
20.161469534050177
0.0
0.0
0.0
0.0
0.0
0.0
11.200899790919951
70.93738799283155
114.24630376344086
148.96766726403823
86.24406362007169
32.85528673835125
0.0
0.0
0.0
0.0
0.3733557347670251
0.0
0.0
44.802830047789726
139.63369922341695
120.96957138590203
54.13679808841099
12.320687724014338
0.0
0.0
0.0
0.3733557347670251
4.480283004778973
0.0
0.0
59.73573775388293
148.96766726403823
206.466472520908
89.97909199522103
1.493414351851852
0.0
0.0
0.0
0.0
0.0
0.0
0.0
65.71221624850656
135.90247909199522
131.0468936678614
153.4502314814815
17.5475993130227
0.0
0.0
0.0
1.1200899790919951
0.0
0.0
0.0
48.164463859020316
128.80958781362008
114.24630376344086
107.52684438470726
20.161469534050177
0.0
0.0
0.0
0.0
0.7467278972520908
0.0
5.973573775388291
45.54999253285544
124.7008288530466
126.1951164874552
85.12731481481482
0.0
0.0
0.0
0.3733557347670251
0.0
0.0
0.0
0.0
63.0973715651135
90.7262171445639
138.1439292114695
62.35058243727599
0.0
0.0
0.0
0.0
0.0
0.0
0.0
0.7467278972520908
41.06933243727599
122.83310931899643
105.28573028673836
0.0
33.975433094384705
0.0
0.0
4.853823178016726
0.0
0.7467278972520908
0.0
0.0
65.71221624850656
117.98133213859022
107.9002016129032
125.0745594384707
32.1086096176822
0.0
0.0
0.0
0.0
0.0
0.0
0.0
38.08262395459976
110.88847819593788
120.96957138590203
116.48738052568697
0.0
0.0
0.0
0.0
0.0
0.0
0.0
1.493414351851852
16.05430854241338
110.51508363201911
119.84901433691756
162.78416218637992
0.0
14.93414351851852
0.0
0.0
0.0
0.0
0.0
0.0
42.93514784946237
151.95627986857826
136.64964157706092
50.028001792114694
10.080734767025088
0.0
0.0
6.7206541218638005
0.3733557347670251
0.0
0.0
0.3733557347670251
46.29678166069295
105.28573028673836
206.466472520908
82.51280615292713
0.0
0.0
0.0
1.8667764336917563
0.0
0.0
0.0
0.0
54.8839605734767
109.7679211469534
146.35734020310636
54.8839605734767
0.0
0.0
0.0
0.0
0.3733557347670251
0.3733557347670251
0.7467278972520908
1.1200899790919951
38.82937574671445
151.5825119474313
147.10450268817203
150.0885976702509
20.534595280764634
