0
0
0
0
0
6.870087540155254
695.9481614089468
1811.6539745451341
1897.4825384721794
728.6825760198867
132.4990375082201
0
0
0
0
0
9.92975897238643
44.30007740326421
694.8807895116777
1807.7420196871717
1584.8781047135471
592.6158526896273
126.77363071358162
35.80678733449089
0
0
0
0
0
70.82160165144897
515.8951914428912
1375.821673402301
1279.4261148364915
563.847381212954
64.74483436130606
0
0
0
0
0
0
42.275525470618916
468.9498709587263
1278.3823721033218
462.0441696899719
589.9479548826132
39.07249314530639
0
0
0
0
0
0
43.92011976139332
122.68268408877293
824.5738621379811
1024.3032355807845
432.3862060949608
92.87160280510619
5.057774364520618
0
0
0
0
0
80.55699437884341
169.0888930274182
1397.165578329367
2102.9534803999272
561.4296664773142
103.20670959239109
0
0
0
0
0
0
0
307.8911256370705
820.5308881038395
1086.028290748666
557.3809524591902
0
0
0
0
0
0
0
14.507450222357981
142.0318707901942
1408.079886988975
1155.6683458109515
487.60360137695227
131.46497738632752
0
0
0
0
0
0
0
122.36642920360859
800.2346821600565
942.8998429541716
421.04417400186276
107.94934563178406
9.483359350371828
0
0
0
0
0
58.11159269879645
419.45024897645015
905.8604704866508
1328.9427412469468
418.52720652610554
45.222762801289505
0
0
0
0
0
0
69.99437264118333
268.52152695478446
1413.7735281640062
1559.8560718783374
1089.1146040019084
96.599989114663
0
0
0
0
0
0
11.146847459598433
400.6649630195672
1682.8741256687442
1420.4611756934432
624.3428712910268
21.789554607828407
0
0
0
0
0
0
112.61836490460877
385.4948542751796
1123.126590260972
1531.594913842915
576.5441253715663
75.36034345984157
0
0
0
0
0
0
17.713527901625703
311.6852247776484
596.3101271438496
1362.4782458115299
393.9330873294159
120.09075746762863
0
0
0
0
0
0
0
612.0995669673471
1367.6141746688054
1529.3112859368405
748.3807529589194
375.29532874003985
17.885028313962977
0
0
0
0
0
40.113824395995906
675.874884172883
1676.6867911968295
2192.933100066569
577.2606440037607
95.41189839727784
0
0
0
0
0
0
0
357.5719293473798
479.95805688934394
1331.9004090213052
648.7377863939914
0
0
0
0
0
0
0
0
101.98699547315667
827.3239145623758
1063.9182932471315
1066.9860038900913
20.695289660030795
0
0
0
0
0
0
20.61325264128675
331.60095207915504
1168.2143444665269
2158.197943460939
582.729659153078
95.26760569815374
0
0
0
0
0
5.9769202563703985
30.307099235331123
462.2176858758159
2119.2352397787963
2253.143339008772
1514.9174139251481
276.1796199984968
0
