1545.8814738350575
1110.6021085598825
960.6290189574986
877.8499344031279
828.0817556301254
1156.6826792043416
1754.4908844793626
2181.3262883096336
2904.2518074547534
3606.1906795374052
3187.9155691734686
2060.4633570481346
1395.6251136910892
900.2322920841266
702.5605110749996
541.5453641694461
655.5254796764198
815.9525147627421
991.8781972779699
1991.446844392432
2500.333009897159
3810.287005075586
2989.564878914166
2051.282178400567
1208.3959551972896
722.5010860739571
601.2706430408247
558.3670633435162
722.8199856633172
930.3133668053088
1045.638930630638
1358.7690962444397
2418.673735059259
3371.28430730374
2127.5546248198098
1531.2381909948615
1255.3921316190363
935.1295099011706
910.085940086229
573.6714817459895
855.8227856155324
763.5930776898018
1189.0853999541227
1715.3720209560663
2220.9666946768107
2199.252299304057
1490.2817037260015
1880.4718616994674
1404.7790159927556
746.1872584773309
567.1310048407615
577.12406273993
660.4763196880577
854.5599392884008
1373.8684151515324
1938.8402073429293
2582.662264233431
3060.859415929325
3179.319508499447
1533.8652931090835
1373.7548049446298
996.5248780495065
769.4501868402052
749.43345005805
870.9150762938857
1185.9715988716596
2078.074353197693
1755.6223420602778
2880.76428587712
3300.4858284115926
2517.875215425708
2109.965237113439
1614.8096172920284
1048.4993522383331
889.8752309742613
1011.4340854570605
979.0812382140291
1339.0733078801554
1466.4714384545991
2210.483576386549
2870.492859079729
2597.714520487588
2456.0992967951534
1981.4493693646696
1183.7953565315372
1008.1248486170313
820.5689306355621
1040.7255081309565
1176.7342627692296
1214.3702036972581
1522.3709374820544
2018.8796559937316
2406.5687785373093
2651.334498621355
1675.6333324622408
1555.2396216862512
1719.9564492207103
1206.789158985429
796.4769514152389
816.6781453097041
930.2854672151759
1085.0182951218599
1439.2622356373097
2173.5030302515984
3153.4577988213146
2810.5651417001145
2146.240310939441
1640.116503875054
1460.9895148090675
1015.051914581505
773.4146925044759
767.2423174602236
725.4482003049987
1033.7967613080486
1386.4147804545958
1995.912369530464
3009.9400894303585
3076.0298040024563
2672.954755748434
1853.8581902846934
1117.9101217868497
998.8543828313199
748.5741301717699
921.8445120023792
754.4809693439545
1155.7740600646753
1270.3374731216325
1748.5744443553642
2934.8518000451313
2605.5393419881198
2300.23820196854
1836.4339261483328
1421.9945886341754
1418.2110442633339
690.5473671061491
597.2953767047925
573.9260025749194
862.2189786539618
1620.4542091432058
1746.0906707723398
2335.5958275334883
3665.7106918505847
2783.4995995951267
2424.7780081211204
2368.4153256876248
1195.6351561282902
1325.1616975874592
1164.9156566253878
755.1803429221164
892.5224634092394
896.693176435389
1979.9812236591122
2734.9518996994507
2797.1813251917756
3076.914249591807
1662.75157843886
1504.6761471356656
846.2686267986461
497.4489658880735
524.5108205643469
645.9175148343226
799.0355290976752
1131.3909452588998
1864.7386019405385
1956.9111549873473
1944.7352936908328
2105.4526637652452
1469.7159147418065
1383.9382938836357
1212.8059291434604
742.9583199818208
793.9388364081315
667.0466694694196
836.0274464299272
1527.2699332202296
2203.3034122858007
3080.4457617489807
3756.6636674260603
3741.840148193477
2606.1745370987705
1343.982511523555
1020.9326308356484
787.021806497945
750.0993585066637
832.1173231395733
1197.2948442907243
1672.0168512992102
2407.0784368487216
3218.2721194869478
3785.6489053803143
3060.097449962603
2145.2660617415795
1425.6835946990675
1680.3592763585739
920.1126628041284
1666.933239120644
971.8751889422691
1477.5391777804812
1790.350779424359
2303.2226143819917
2906.240844732123
3332.5525264090684
3002.0068183166945
2784.536635888598
2004.307956407863
1108.081605628278
851.1369625805212
1132.8492419257575
969.6811759499075
1314.614864935255
1523.4150765988684
2130.624957126621
2824.1549155096814
2695.3527577914915
3108.982859700948
2347.2910837348054
1984.7972449416357
1195.8597316924568
854.7769661391803
1086.2388954470684
1265.217789082108
1366.5503655344378
1780.609985807069
2311.415997562464
2707.920204530746
3142.3343865733655
3502.8805941052433
2053.9193735247945
1383.6803994432169
1057.7805994893884
743.639996426719
598.6898463398805
734.7084687884808
978.3818604862554
1344.2996004724343
1836.0639461726132
2694.5087774535004
3335.159995302444
2852.726637140275
2215.3956279307736
