207.17111260454
187.7566976553166
215.5007026583035
107.93432332735958
110.66123991935484
152.24566700268818
499.7281992980886
2040.2294466845874
4441.155148596177
2385.547830794504
1948.730488351254
956.9174805854242
375.0467984617683
372.6706593488649
137.53021057347672
150.50887735215053
120.51834300328555
174.2880876642771
361.3424115143368
1696.742904719235
7564.817727001195
3936.003991188769
1771.8796034946236
494.4633594683393
467.78448028673824
250.52836282855446
162.98866636798084
353.5418600657108
101.55269955943847
188.1117622461171
823.1982160991638
2078.0230846774193
4903.78493503584
4641.7340240442045
1846.4523558841104
523.858314665472
411.0458975507765
227.59668832138595
315.0893481182796
108.5785285991637
136.60235170250897
146.50026620370372
482.2351493428913
2560.2760267323774
5773.781040919952
3130.217596326166
1486.4994634856637
883.2204864844682
279.46968488649935
233.60923125746714
93.2038936305257
143.50936555406213
184.36496968339307
192.26874775985658
1334.7415397252098
4206.86009557945
6811.912780017922
5996.033882168459
3016.425567502988
1475.7297304360814
439.7255615292711
353.56308169056155
154.43115214307045
123.70151497162487
83.4303381869773
236.5549701314217
481.9800974462366
2349.7756795101545
6595.411413530466
4075.124174880525
3323.2259371266427
669.0407302867383
550.034936155914
226.68216995221013
216.04432497013147
158.4088424432497
120.44582567951014
427.49227374551964
924.3794052419353
4262.426743578254
7169.2260603345285
5049.631052120669
2408.4659722222214
891.3828307945038
343.85884707287937
259.3661073775388
168.75135663082435
127.48290718339308
77.43311671146954
95.13186305256868
329.5960487604539
2513.0004517622456
5578.807131123057
4132.452352150535
1784.8716845878148
598.5650645908005
380.47461880226996
266.8481817502987
151.69978811977302
110.64889471326164
113.07891233572278
168.64846064814822
280.43443723864993
3128.2132579151735
6983.196979540024
5997.020568249704
3485.42732228196
811.6389822281959
566.386598342294
259.3513071236559
236.90255077658298
130.64431313470723
118.09343693996418
195.57653412485067
543.7373331093188
3526.0647849462366
7676.177673237752
4934.019414575865
2293.425022401434
1410.60209453405
515.7518854540024
182.88248319892472
98.90234781959381
188.05712048237757
112.12607732228199
187.69585573476704
637.1194156959377
2730.038201911589
6324.7289463859
5873.858161589008
3403.6070601851866
1130.8799021804064
461.96121751792117
271.2801736111111
162.69104540023898
120.84250899790919
199.2677811379928
228.65250149342887
1166.6346400836314
3669.250552568698
7989.082209528076
5805.102187873355
3605.3094758064503
577.0212376792116
335.19820863201915
238.22328703703698
179.72920064217442
135.93788515531654
129.14925589904422
139.23491487455206
650.2443637992831
2432.1267473118282
6444.900780316607
4283.941192502987
1962.8406474014341
864.237971923536
394.4469724462365
390.6892517921146
230.98119399641578
147.6961017771804
116.5181706242533
192.9981813769414
405.45640046296313
2794.75356556153
6624.345769862606
4836.015038829151
1910.1629704301079
636.1310424133814
777.1236671146955
337.00756869773005
201.3787007168459
176.31605589157707
143.50292013888887
163.72504506421745
577.825053763441
1920.9289389187575
5347.40441681601
3410.623618578256
3726.780077658304
577.5281474014339
234.36997535842295
320.1197532108721
101.09434543010751
96.19834610215051
88.93369631123056
155.0103606630824
1195.4114433990446
3265.0507093787337
7048.144623655914
6215.883979241337
3635.2129853643974
1104.8973864994025
561.4311204450418
166.42591584528077
170.53702807646357
176.302535282258
103.55253244474312
224.6887507467145
584.8666002090798
2380.987212514934
5337.422647849464
3703.256231332139
1429.510147849463
747.9699746117085
309.92054846176813
188.46075156810036
171.39690561529272
112.420940598865
129.16025496565112
182.2976556899642
726.848311678614
3218.2113687275987
6869.976355286738
5588.936824223416
3670.794978345281
821.217189740143
322.62929398148145
203.57194855137396
108.85451355286739
93.94262675477898
98.01774783452808
218.44156474014332
634.1196553912785
2883.779028524493
6144.683198924731
4401.324686379928
1995.8082885304666
906.746927270012
264.53994324970137
244.2516095430108
107.85885349462363
121.1534980212067
70.96208941905616
165.40145967741935
329.9173125746714
1740.8923461768215
5097.247565710872
2478.097371565113
998.5905689964158
773.409177494026
