10.080458482676223
7.250373357228197
8.942465651135006
3.826037933094385
4.4527404420549574
8.63325119474313
26.455159796893668
85.30465949820788
168.68652927120672
90.992756869773
100.58318399044205
48.28218339307048
18.035394265232974
14.467704599761051
4.773745519713262
4.039620669056152
2.7118764934289126
7.912559737156512
18.639374253285542
48.03390083632019
210.30913978494624
156.69914874551972
96.33587216248506
22.687649342891277
23.767137096774192
9.77856182795699
5.981518817204302
10.594870071684587
2.3624290621266426
6.049059139784947
41.192502986857825
84.28427419354838
150.11350059737154
212.94616188769413
101.97169952210275
27.88881421744325
22.07045250896057
8.9613201911589
12.852337216248507
3.5745743727598565
2.012440262843489
5.44944743130227
22.694519115890085
81.77755376344088
188.37813620071682
137.25769115890083
83.90158303464754
43.91203703703704
13.497647849462368
10.145571983273596
2.6290135902031064
5.429136798088412
4.568548387096774
6.390150836320191
70.367756869773
154.52695639187576
240.72356630824373
273.8410991636798
161.35939366786138
79.5493578255675
25.52732974910394
15.528076463560334
4.667592592592592
3.4123879928315413
4.407847968936679
9.053054062126643
24.408191457586618
84.37238649940262
223.46736857825567
191.5274044205496
184.889486260454
34.85838560334528
28.760341995221026
8.061006571087217
8.326762246117086
2.9221624850657113
1.8427792712066906
19.936678614097968
49.89994026284349
126.05100059737157
217.33422939068106
220.7441009557945
132.97117682198328
44.09759557945042
15.939590800477898
11.61126045400239
5.225918458781362
3.8290845280764634
3.948304958183991
4.614209976105137
13.510640681003585
82.69041218637993
208.3904569892473
189.50828853046596
94.41532258064517
29.016091696535245
18.08766427718041
9.377538829151732
3.9891129032258066
4.008273596176822
4.673342293906809
8.109729689366786
11.999551971326165
100.83781362007169
181.61327658303466
241.7734468339307
175.49955197132616
44.56683094384707
27.519078554360814
7.85756421744325
9.18462514934289
3.2256832437275986
3.0924507168458777
9.47886798088411
33.80286738351254
114.56167861409797
242.43167562724014
200.60819892473117
116.99746117084827
71.3328853046595
28.670026881720432
6.150649641577061
2.668652927120669
4.002311081242532
2.3651209677419356
8.031586021505376
34.77628434886499
74.97349163679809
199.30854241338113
246.95041816009552
173.9534796893668
67.12216248506572
23.390979689366784
10.095430107526882
7.452359617682198
2.9853531959378734
7.330719832735962
10.930704898446834
61.04652031063321
131.71072281959377
251.2234916367981
252.19048685782553
187.80727299880525
30.401135005973714
15.950044802867387
10.528524492234169
5.907631421744325
3.62797192353644
6.44675925925926
7.1224985065710875
31.841621863799283
91.30936379928315
180.19974611708483
183.16457586618876
106.35267323775386
43.856033452807644
21.275612305854242
17.857638888888886
9.579749103942653
4.937574671445639
3.4830010454002385
8.617420848267622
23.62410394265233
106.60356929510155
227.47909199522104
198.30271804062127
100.93413978494624
32.05301672640382
41.62948028673834
14.395571983273596
7.776471027479092
4.8045736260454
4.031530017921147
7.442390979689367
29.22252090800478
81.0196385902031
176.54644563918757
163.86910095579452
195.64329450418157
31.787597072879336
8.470803464755077
14.091472520908004
3.7475731780167263
4.2779233870967746
2.431836170848268
7.845504778972519
60.943473715651145
102.89239844683394
215.69257765830346
273.23999402628436
193.82579151732378
60.11126045400239
27.338448327359618
5.4524342891278375
5.350358422939068
3.3823290023894863
1.8160394265232975
10.65729540023895
30.62705346475508
78.95833333333334
185.19078554360811
145.61118578255676
72.38612604540025
40.02105734767025
14.074746117084826
7.310409199522103
6.726179808841099
2.6369959677419357
2.030357676224612
6.739284647550776
37.26105137395461
106.4150238948626
233.23887395459977
236.2223715651135
196.70176224611708
44.865591397849464
16.424843189964157
8.720131421744323
2.8058990442054954
3.5987081839904422
2.9302494026284354
9.066756272401433
31.247125149342892
60.3027927120669
170.53427419354838
181.4336917562724
97.53770908004779
47.89538530465949
10.746789127837516
9.381011051373957
4.580185931899642
3.2754181600955796
2.788780615292712
4.2461394862604545
13.970616786140978
58.15785543608124
143.6488201911589
94.8816457586619
43.8287037037037
39.15318847072879
