0
0
0
0
0
33.83469327492227
170.33383942567337
829.55010656425
1487.0613915187746
568.1680897594329
71.86048464083657
9.454231966370173
0
0
0
0
0
0
485.5296843742825
772.231640356228
745.5841232320656
365.55753429058325
138.50350675898187
0
0
0
0
0
0
0
411.49741665197126
1167.076527046268
1406.7946930921669
637.7381368879838
166.79721638042196
0
0
0
0
0
0
17.326936760941507
576.2751397759307
1627.1129575274558
1490.062389522708
714.52643457198
257.4707159649002
56.746120327153164
0
0
0
0
0
60.308299271548634
314.78700009833085
751.6781034760936
1235.1317152701513
548.4476606947219
199.87231218383974
0
0
0
0
0
0
22.340409850766946
582.8378849629021
1334.680885975723
1936.30137466516
783.1321754378876
188.1255417309813
0
0
0
0
0
0
13.573996721617412
436.7983090301409
1014.0878624168622
1280.2994974392277
1123.8221113600264
285.6598984437372
0
0
0
0
0
0
49.827305359753446
506.7880311844596
1171.0435966663943
1713.5417030391468
584.2844556182903
0
0
0
0
0
0
0
9.455236622265119
506.3751284270256
1038.265596138551
960.0589678048289
500.8548818871675
33.155774843253596
0
0
0
0
0
0
103.55327429975222
671.4156014256737
1447.9348432465072
2268.996131330579
1193.2206802417568
251.1452165049932
0
0
0
0
0
0
150.62396493509016
600.745578627425
1644.969018008689
2175.6005461913605
950.4370353041784
194.5320754348541
0
10.038693811364531
0
0
0
0
33.45553921587083
291.3250959347403
677.1617600773461
1123.7321583696676
366.3720678262716
22.35593752300163
27.218693296048514
0
0
0
6.646921693119321
0
64.29944316028384
448.01352213658924
1135.7553985046993
1712.0429425167504
487.8893314647563
76.31718336426212
25.261747717525026
0
0
0
0
0
0
346.6855981348766
1030.9039144795722
1325.4606233503584
591.446528189631
0
0
0
0
0
0
0
0
562.5741040043841
1397.7694912757352
1440.1565667014759
1049.193178287474
0
0
0
0
0
0
0
46.101578278911106
353.92035908327716
1008.6211549961124
1333.5308449889105
550.559255114872
125.68310508783935
0
0
0
0
0
0
0
280.9898280928996
520.2070861605505
1116.5352656521297
451.08844350271306
0
0
0
0
0
0
0
0
358.636151685821
786.4356977164977
573.9014921718626
461.9520283823252
28.387531296828925
0
0
0
0
0
0
0
332.5881085905051
941.5118355059531
1754.7537230308315
622.9898891411306
80.6394321617141
0
0
0
0
0
0
0
604.7703292449914
1392.381147783575
1772.6239991043512
754.6986265894251
50.07321318846091
0
