2040.6111482675549
1318.4505516602408
1115.0915973625165
1261.6257035190183
1016.3133603194924
1547.8163265311039
1782.888104834798
2201.9814667743885
2752.7588415049318
2985.4568832411096
3233.048409675261
2352.57701072197
1638.8964398559638
1426.0550131116058
1143.252771379659
1009.2900438289447
1235.1104651154878
1581.7452749927297
1732.603356701506
2260.285774350617
3615.9282421253556
4070.1005131401016
4185.953581124441
3098.8069767876636
2373.8958058543976
2532.1513212890113
2162.751769832939
1294.8661000818674
1193.8566157409757
1496.134565655368
1859.836309662897
2713.6386489624797
3695.6523491572284
3832.173942907085
4246.004072251111
2610.2201989100367
1907.504612951175
1809.8880000445397
1382.802715026492
1429.4179609873283
1141.121215275031
1509.4480642489416
1869.618335288651
2731.9209568879655
4073.059802502381
4215.385737177412
4373.925222244519
2862.743964447376
2649.031271070414
1782.3460323721938
1416.4780706263048
776.2580938779225
1003.5392609963018
1430.28480599987
1737.09586437495
2516.273398800515
3606.8826682059507
4670.674828115708
4230.702162322625
2885.171408700481
2174.2785056614744
1756.7005650268065
1126.1341212786767
871.7606603328405
1048.0239300871956
1386.2490144929257
1673.8536878751127
2171.457071749645
3473.2472869225203
4577.391630382918
4255.249356704084
2442.5243768983855
1701.2508209957332
1060.3856537616311
714.324405854787
794.2759388023412
781.1153406632523
1121.9402694990333
1395.448876477298
2464.6845695167763
3485.3552694739933
4038.3657301650082
3795.8260739755606
2425.6502355534385
1446.6348622065673
974.124968091344
679.475456546554
675.5588382907539
751.8688864251432
1133.3753224248564
1301.9629103016475
2493.887645838413
3077.52488292799
3816.230406626135
3377.916165496889
2076.1508970745435
1435.7227723987269
979.017655849229
764.2943050592056
826.3919819285824
881.2685130634432
1189.5378179713225
1345.6685640423284
2324.4411873603203
2725.7716093051877
3385.638095702503
3293.3326795176968
2018.8072147472167
1370.9553040862477
1086.0466315767264
764.2872544817756
788.6030477469624
836.2394450779974
1248.5500035422183
1397.1951134892436
1926.041984225805
2779.8768837851976
2946.847531003651
3276.810931076988
1904.421799155662
1235.0789389911504
1052.281858189743
670.9585985110768
720.4203371218532
556.6992720619949
1006.2624766566709
1708.7558721658388
2095.986526195268
2811.0271659352156
3989.073093481551
3649.434091305457
2034.9437939798738
1171.3422066150601
841.5537600638128
620.8022804872718
699.9577572304795
714.3572876704987
1049.8671439765428
1823.2093390715213
2258.0347717281343
3002.396357700752
3911.6538668804524
4085.901555987003
2182.898688377992
1406.165710245569
813.3641137149091
660.7224502756313
726.5926652872753
910.2731192064655
1102.6236659928713
1488.9428564981129
1995.4225729721345
2587.141822787861
3292.571408823794
3077.4802964854753
1852.9175917303778
1209.5309858453436
945.8587925692552
625.2506945320403
561.3387643740839
698.6609194788864
944.5796367739001
1366.7158929888876
1529.6184331830714
3143.636024312317
3206.4969797720746
2938.4447112562834
1619.0087388158802
1321.1112665538865
696.9358089224327
605.346846714198
597.2009511034717
524.6525502191213
860.7836542405606
860.8947950780564
1698.4515567003775
2311.0875254885273
2929.6639661118406
2669.315058587742
2005.674611770215
1253.356578130484
987.2407401546444
753.6599897416721
755.6034766368912
634.9540739236229
745.9124504361841
1465.082797386427
2226.537800648004
3372.244991350747
4017.54664283551
4474.719276426163
2360.90732518244
1701.7729689523526
1100.6415418902347
908.808141448095
1077.6744868805006
1017.5351740079797
1345.8038992559887
1936.7859795438337
2535.5145125301406
3418.996758710618
4226.235620793775
3978.3224918531346
2643.61998042265
1780.3016429371346
1213.0862539257687
1028.1915731689319
886.5740216449929
978.3539092981749
1607.4105530326262
1891.2988504937305
3102.4009315889866
4050.1155599242584
4154.927503908577
3916.0237311167193
3794.507791470769
2886.346046464934
2355.2778656530304
1718.4175948727518
1639.708517609552
1566.6117470420847
1940.7035689021204
2306.83763664339
3236.5592435302055
3849.802974094665
4651.332893144454
4959.990771823284
3188.6484132500045
2643.5774648554025
2081.158265259997
1609.318681462562
1744.9818803900598
1314.9209202520412
1770.4831601427675
2146.9075604485406
2344.394643603915
3474.980536712759
3715.823077739719
3960.2910412621372
2701.101273092066
