0
0
0
0
0
26.313374577192278
518.7972504173104
1179.390309670582
1383.9942618891453
503.34954137233615
162.97286516652355
0
0
0
0
0
0
74.77271031843742
399.90468437428245
1138.2669599500152
1701.057913554646
609.160431542674
97.38014953078594
0
0
0
0
0
0
0
499.87704628160077
1302.164639352122
1747.987942793481
1132.3296840803378
276.6723283875904
0
0
0
0
0
0
11.537510237644021
302.1305011857274
838.8968583637762
605.5634349229467
602.0675038670817
98.44062337230761
0
0
0
0
0
0
41.30863529305401
505.0621643755113
858.8536560447913
1780.4240539798286
724.9347425346265
112.47453739291981
0
0
0
11.293315403551695
0
0
62.01021271815043
351.18652594259135
809.4729259996175
1018.7644122995682
454.1043976601099
54.98627948486422
0
0
0
0
0
0
0
484.109763629902
988.8186718553329
1199.7525290999206
582.0038616587124
34.18890830036797
0
0
0
0
0
0
51.6408507599924
511.26570442221345
1477.1405202028338
1776.410953337833
600.829034471337
309.7269248176297
0
0
0
0
0
0
115.53856995559846
808.4353136122108
1642.4206887311434
2359.9954970760355
1159.9692785418865
184.42929634862992
0
0
0
0
0
0
0
367.0551623575731
1292.8261962931024
1536.0257012230518
351.9893481031665
143.6659751668809
14.895455599505901
0
0
0
0
0
71.1925879936326
610.1414866322039
1635.3337880206366
2200.618093981085
1324.8964140377504
292.3617125316283
0
0
0
0
0
0
0
287.8963324938801
599.3425396472386
494.6845926587953
350.3367482324841
44.910074321090036
0
0
0
0
0
0
32.14688939684295
485.06063981878765
839.6013513123459
1204.7729305693188
617.6623302700132
0
0
0
0
0
0
0
21.16114588250982
499.0538030333236
1056.9336337149368
995.5849513073481
339.2377468276238
50.89556630872778
0
0
0
0
0
0
41.751528298367916
366.6011350677056
688.9466866162368
1055.1024299033877
470.17697458377006
6.021097855929824
0
0
0
0
0
0
88.64850928249534
264.27012013465117
774.7983503366141
706.4982882386116
251.5812831913355
120.67996888712247
0
0
0
0
0
0
17.367273972326856
393.7584586185867
788.9223639383283
848.1250207297876
424.74435748120766
78.08435231504416
0
0
0
0
0
0
0
44.25883687100617
609.4658649805357
805.102582374969
434.9302989916443
49.96907251546688
0
0
0
0
0
0
0
0
568.6941085047583
728.9039619794576
463.1351251028988
73.95712182718603
0
0
0
0
0
0
83.36635102744582
347.99949591165813
1427.7253831479716
1567.9783151139093
766.346625394682
111.90785327209294
0
