299.2068641726405
204.93091323178012
100.50022222222222
124.98297449970136
149.43470886350062
155.8458613351255
242.0217189366787
2197.929861111111
6357.684352598568
3763.6691606929517
2141.7510864695346
387.22719422042996
267.2225649641577
416.9516939217445
170.41272188620076
116.53544026284348
115.30332437275986
152.38179696833924
611.3193746266427
2237.1854390681005
5648.606821236559
3818.9342256571103
1696.6477523894869
774.3294425776583
391.28271841397816
239.28041293309425
176.09570340501793
134.4719590800478
182.76435704151734
183.44451836917557
815.2431223864996
3143.3493130227007
7003.662589605735
5732.9730473416985
3501.517488052569
929.6165023894863
448.52975283751493
287.0392727001195
130.9394111409797
109.96496942204303
53.569168234767034
27.563800903524495
527.6293104091995
2013.0793682795688
5697.571852598567
4114.2802045997605
2633.448696983273
840.5188261648743
510.7695497311827
254.6734210722819
125.6796331765233
129.11368581989248
130.16453479689363
140.11632392473118
543.8036051373957
2975.0199372759857
7042.121632317804
5018.417159498209
2780.588183243728
909.2410954301077
502.1738881421745
405.1414952956989
231.18654233870964
129.35316939217444
125.06290326314223
101.34597337962964
518.0901235812427
2575.0908602150544
5678.920056750298
4132.415972222222
1670.603853046595
562.700524193548
266.4197748655914
190.14158154121864
137.84369399641574
72.6369725582437
111.40778636499405
133.41376269414573
497.24422005675046
2454.9040098566306
5350.6530353942635
3899.9079599761058
1159.5089307048981
554.8282396206689
477.13775537634393
323.4874858124254
177.48649753584237
123.3440428240741
140.6442839008363
481.1020053016727
799.5510047043011
3302.4935969235366
7103.078442353644
5431.053554360812
3534.2591472520903
1077.994153225806
432.8321475507765
198.0666528524492
129.61747819593785
156.2025060483871
95.54213791816011
408.1215188172045
1121.326273148148
4007.8083744026285
8527.48391203704
7119.272050477899
2586.756571087216
1061.0501008064512
301.7739191308244
370.3970250896058
225.08826015531662
197.2493696236559
162.30559296594976
440.33751493428923
707.1442402180405
4032.4960013440846
8509.139762544804
6402.302400686978
3833.76166367981
1198.8001605436082
499.57568697729977
230.5469765531661
179.0975489097968
161.70524873058542
113.72521434438471
138.66050440561528
608.8980764635606
3344.818947879331
7392.955365143368
5673.898588709676
3245.966237305854
1141.9978307945044
561.7835360663081
158.57928278076463
87.92638881421743
106.8742494399642
69.91885300925927
160.93904345878136
470.99499141278386
1546.792080346476
3908.9835349462373
2851.802990591399
1564.9836320191162
559.3247629181603
318.1605973715653
161.41411925029863
117.32742570191161
102.18227098267621
97.82408254928315
92.60612107974912
159.73414986559138
1631.493062275986
5398.765531660693
3635.145949074075
744.1234113649939
369.9483986708483
261.5756141726403
221.72606780167268
95.87334774492233
86.58401792114701
91.99986626344086
244.62519563918752
539.8676463560337
2511.812365591398
6236.072371565114
3867.291528524492
1773.4191233572283
639.8674802120668
335.1286081242532
295.24525985663087
130.90882541816012
114.21513799283154
113.69319104689369
117.44454674432497
545.2266853345282
1970.2420736260453
6268.802964456389
3833.979958183989
1635.8523820191158
363.9771479241339
389.0373670848269
294.93980436081245
167.13225171744327
93.53968988948623
95.67734625149342
374.3013168309439
780.3367025089603
2573.7459266726405
6059.415766875747
4200.487705346477
2081.3671632317814
958.1967517921147
586.3301724910395
243.61112156511336
130.13434871565116
136.9746973566308
88.00385633960573
122.24690785543608
563.0409080047788
3025.453408751493
7575.227844982081
5401.136615143369
2248.0373282556743
971.9263478195938
474.6065296445638
234.28548163082442
103.5111885454002
120.82071613649939
54.24310989396653
243.07216211170845
667.7621352299882
2704.923263888889
7032.5926336618895
4428.1220728793305
1975.4268182497012
537.2751952658302
292.3924537037036
190.06036738351264
147.44826948924728
131.08094310035844
123.9963678315412
323.64754442951016
861.5485551075269
2757.1730996117076
5981.91402329749
3405.068567054955
1863.2719048685783
756.1740927419355
336.59222035543615
285.88545997610515
145.42797267025094
231.9319728195938
106.21125907258065
231.81194556451604
1052.8902292413377
3405.3997162485075
5891.88698103345
4806.092980884111
3031.5353382616486
953.7003397550776
