9.547864396654719
3.458669354865921
2.3887022103020024
2.5906137993103657
1.7258064516401148
9.258527479091995
23.12313321385902
61.01777180406213
102.87858422939068
63.691382915173236
31.647998805256865
15.217667264038232
5.104540023894862
3.458669354865921
2.3887022103020024
2.5906137993103657
1.7258064516401148
5.658990442054957
47.136350059737154
129.15919952210274
207.77329749103941
124.48140681003584
27.989471326164875
6.345579450445371
4.976385155316607
4.084378733572282
2.3887022103020024
2.5906137993103657
1.8245183691756268
5.746729390681003
36.52367084826762
75.40322580645162
106.61589008363202
44.28912783751493
25.38493130227001
7.882765830346475
4.962850955794504
4.981108124253286
2.822543309438471
5.455271804062127
1.7258064516401148
3.5447804659498208
55.5331541218638
145.58318399044205
245.17995818399044
92.56683094384707
35.22140083632019
10.508512544802867
4.88165359916368
3.458669354865921
2.3887022103020024
2.775302419354839
2.978793309438471
11.000612305854242
46.33736559139785
118.3729091995221
137.17891278375149
73.91763739545998
29.117756869773
6.345579450445371
7.382765830346475
3.458669354865921
3.8729465352449224
2.5906137993103657
3.779607228195938
8.284438470728793
50.459229390681
104.40188172043011
132.9786439665472
56.62746415770609
27.050104540023895
9.796520310633213
4.851403823205228
3.506432945041816
2.3887022103020024
2.5906137993103657
1.7258064516401148
0.3334229390953121
40.90128434886499
73.65218040621266
133.24746117084825
59.506048387096776
32.130002986857825
6.345579450445371
4.851403823205228
3.458669354865921
2.423727598566308
3.482190860215053
1.7258064516401148
11.414292114695339
62.92189366786141
168.81720430107526
317.07362604540026
141.10700418160096
44.790919952210274
6.345579450445371
5.440486857825568
4.084378733572282
2.3887022103020024
7.174320489844684
3.1157034050179213
7.458198924731182
53.87171445639188
126.8107825567503
165.17697132616487
81.28024193548387
27.634781959378735
7.9695340501792105
4.851403823205228
3.458669354865921
2.3887022103020024
2.5906137993103657
2.6492308841099166
7.7762992831541204
2.7211768219832733e-11
53.2444743130227
100.71311230585424
18.36021505376344
21.493802270011948
6.345579450445371
4.851403823205228
3.8646580047789727
2.3887022103020024
2.5906137993103657
1.7258064516401148
2.8999178614097967
20.387544802867385
116.1215651135006
136.32392473118279
86.99260752688173
24.15546594982079
7.276956391875746
6.029943249701314
3.8889262246117084
4.580981182795699
2.5906137993103657
1.8555630227001194
9.308930704898447
49.316756272401435
85.12918160095579
138.35125448028674
54.41345579450418
26.793608124253293
11.81600955794504
6.250858721624851
3.856705495818399
2.3887022103020024
2.5906137993103657
1.7544642323775388
16.84813321385902
67.06242532855435
185.07691158900838
261.6636798088411
129.2641129032258
47.14493727598566
12.391726403823176
7.434550477897252
3.458669354865921
2.3887022103020024
2.5906137993103657
1.7608318399044205
0.3334229390953121
35.30540621266428
93.19369772998806
141.67040023894862
84.68152628434886
31.824223416965353
9.426672640382316
4.851403823205228
3.458669354865921
2.4842293906810036
2.5906137993103657
1.7258064516401148
0.3334229390953121
3.505787037037037
54.99178614097969
73.60737753882916
47.16285842293907
15.270209826762246
6.345579450445371
4.851403823205228
3.458669354865921
2.9881272401433687
3.080159796893668
2.2193473715651133
5.094847670250896
55.35394265232975
134.45340501792114
179.86857825567503
84.84580346475508
29.873058542413382
6.345579450445371
4.851403823205228
3.458669354865921
2.5160692951015533
2.8548984468339307
2.270310633213859
0.3334229390953121
37.130376344086024
103.96505376344086
119.3847072879331
56.62746415770609
35.34460872162485
6.345579450445371
6.104390681003585
4.163978494623656
2.4842293906810036
2.5906137993103657
1.7258064516401148
7.4473715651134995
40.834080047789726
114.63186977299881
161.67861409796893
77.20318100358423
29.159572879330945
6.415632467144563
4.851403823205228
3.458669354865921
2.4153699970131424
2.7744922341696534
1.7258064516401148
8.373670848267622
39.87455197132616
101.23581242532856
136.96983273596177
68.67943548387096
39.591173835125446
10.172864396654719
5.937201314217443
3.458669354865921
2.4842293906810036
2.5906137993103657
3.9180854241338112
6.701777180406212
41.91308243727599
114.85215053763442
118.3729091995221
50.530540621266425
26.258587216248507
12.148670848267622
