519.9201049133812
218.94372834528073
202.01424096475512
109.42598491636798
75.60124779719236
250.36109617682197
629.1252523894865
2732.589844683393
7481.316745071685
5408.697558243731
2470.471516577061
1077.4658452807641
194.52292936081238
255.2773715651134
210.64582026583034
115.2765950194146
175.76208464008369
61.44486391129031
554.0921546445641
2900.23701090203
6226.041666666664
5376.791812275987
2339.47476851852
967.3799507168459
485.54970579450435
222.0203498357228
142.76119735663084
249.76303378882918
201.29474257019115
334.8146748058544
666.3502038530464
2876.513933691755
6543.467334976105
4837.185409199521
1543.0907146057352
899.8400145609318
484.54021206690555
239.27042413381128
134.30080757168463
144.98390613799282
138.83519713261649
113.03265307646353
506.8900795250895
2215.16763739546
4141.53545773596
3258.735916965352
1531.9979278673825
634.4996538978495
380.6367678464756
335.26333968040626
121.69494870071685
80.13316289575866
77.54085495071682
268.66448738052566
654.3034539277179
2455.617876344086
6407.450574970132
4916.087305854242
3297.03808990442
818.290922939068
491.1045019414576
265.4625156810036
132.64541554659493
106.1373894489248
136.34113534199523
448.6466241039427
1359.9435670549583
3095.1346214157697
8328.494504181599
3669.4565225507768
1866.4319519115893
533.3333329599761
225.45069929808847
220.26700194145755
117.06931294802865
138.6802285692951
87.83643820937874
145.90896916069295
715.9042305107523
1758.3869063620073
3633.918921744326
4449.81436305257
1702.5196497909203
636.2614575866186
302.982896132019
196.44395049283153
133.9174925328554
98.36991498655914
207.7561215651135
158.1559296594982
622.7558288530466
2947.2267286439674
5097.299824522103
3724.910976702509
1620.1773521505377
687.854888366189
487.77776695041814
178.2659326463561
150.7629177867383
97.96838672341698
104.80184449671444
238.2682224462365
554.9581115591399
1897.5244324970135
6181.957467144564
3070.8347520908
1578.3187873357224
1137.278012992831
446.62377426821985
253.09867346176807
123.54086645011947
96.76676086469534
88.66484550477895
159.00200268817198
229.10481742831547
1796.5406959378738
5914.367480585423
3925.241438918756
1683.3443025686977
244.37224686379932
223.18783079450404
223.09933803763437
99.92032567951014
354.4114861111112
104.90776807048982
256.9413287783751
617.0919280167266
2656.9995773596183
8726.114762544803
5911.14603867981
1272.873082437276
709.143506571087
269.53454562425327
352.18262582138584
155.9620265830347
120.83112593339311
154.23527684438466
175.10774865591404
562.6963414725208
2520.499637843488
6183.637485065711
5054.878169802867
1613.3382205794512
713.3187977897252
731.6659796893664
292.541795101553
252.53710872162486
153.90074869324974
87.66758467741937
112.29767697132614
577.373615964755
2310.3959976105134
6755.658295997613
4227.580626493431
1934.344526583035
669.108533452808
619.5542547789723
333.32456093189955
154.61646094683388
133.4192825194146
119.20855253136199
70.99377299880524
566.5095280764638
3071.918167562724
3615.36480734767
3355.04998506571
2207.708034647551
1190.7705943847075
510.0767226702509
436.45026732377545
153.56815598864995
185.56768630525687
141.38125265083636
327.11686454599754
974.4631309737155
3018.91626344086
6702.070359169652
6075.787974163679
4522.026247013144
1444.6723790322583
301.67466024492234
259.93492271505374
205.8384154719235
208.03741845878136
140.79909281660693
233.5075403225807
710.3094272700117
3687.8251680107533
6827.19240964755
5093.255801971324
2404.813425925926
793.3317159498208
366.808995295699
231.6043914277181
225.0760517473118
172.40295687724014
89.642271953405
169.40025985663084
541.4128128733573
2078.853416218638
6773.463284050181
5237.870945340503
1826.6400910991626
1069.3729017323776
375.56576724910406
145.5558229913381
191.2453136200717
224.72668189964156
88.27652113201913
211.04591211170853
570.7818929211472
2592.216468787337
3472.8308878434887
5135.5023073476705
1174.3481453853046
479.24245183691767
487.10601627837525
235.59475059737161
132.290886051374
127.41620213560337
105.69567842741934
251.16435446535246
355.8662436529269
1602.5053576762245
5889.126467293905
2652.312261051374
1813.3302456690565
571.6436939964157
264.27984692353647
341.6188112305855
143.80681223865
156.93452116935484
122.60478173536438
396.69390793010757
577.5621120818398
2933.382974910394
6788.410887096773
5765.215471923538
2201.7498207885305
1336.09198402031
