5.815785543612612
4.146132019120379
2.863575268821692
3.1056227598611184
2.068884408606638
0.3997162485110588
4.487753882915173e-12
104.91188769414576
287.1135752688172
290.81466547192355
18.14142771804511
7.606780167268525
5.815785543612612
4.146132019120379
2.863575268821692
3.1056227598611184
2.068884408606638
0.3997162485110588
4.487753882915173e-12
158.3019713261649
456.22461170848266
459.58071983273595
220.49917861409796
27.021505376344088
5.815785543612612
4.146132019120379
2.863575268821692
3.1056227598611184
2.068884408606638
0.3997162485110588
4.487753882915173e-12
157.93010752688173
187.42420848267622
341.21677120669057
18.14142771804511
20.674320489844682
11.042801672640383
4.146132019120379
5.477079599761052
7.212563470728792
2.068884408606638
0.3997162485110588
4.487753882915173e-12
143.74029271206692
583.9120370370371
470.37821087216247
247.38164575866188
7.606780167268525
14.029868578255678
4.519489247311827
2.863575268821692
3.1056227598611184
2.068884408606638
0.3997162485110588
4.487753882915173e-12
72.43018219832736
312.12477598566306
355.77844982078847
93.55921445639187
39.34195788530466
5.815785543612612
4.146132019120379
8.837216248506572
3.1056227598611184
2.068884408606638
0.3997162485110588
33.975545101553166
184.43697729988054
510.39650537634407
526.7633661887693
228.7130376344086
51.6627464157706
5.815785543612612
4.146132019120379
5.850448028673835
3.1056227598611184
2.068884408606638
0.3997162485110588
4.487753882915173e-12
282.6303016726404
633.2138590203107
526.7633661887693
349.3107825567503
51.6627464157706
16.64333183990442
4.146132019120379
9.583893369175627
3.1056227598611184
2.068884408606638
0.3997162485110588
13.44108422939068
137.39396654719235
458.12537335722817
440.531660692951
131.6442652329749
21.04786439665472
12.536103643966547
4.146132019120379
2.863575268821692
3.1056227598611184
2.068884408606638
0.3997162485110588
4.487753882915173e-12
123.2086320191159
448.03726105137395
498.0398745519713
177.9394414575866
37.47550776583035
5.815785543612612
4.146132019120379
2.863575268821692
3.1056227598611184
2.068884408606638
0.3997162485110588
4.487753882915173e-12
118.72983870967742
472.29054659498206
359.5135155316607
181.29853643966547
30.381645758661886
5.815785543612612
4.146132019120379
4.3570116487455195
3.1056227598611184
2.068884408606638
0.3997162485110588
4.487753882915173e-12
157.55824372759858
486.4964157706094
483.47744922341695
176.4433990442055
77.0493578255675
17.763104838709676
4.146132019120379
3.610274790919952
3.1056227598611184
2.068884408606638
3.759920101553166
4.487753882915173e-12
51.898484169653536
311.3810483870967
161.25896057347668
47.636648745519715
19.554099462365592
5.815785543612612
4.146132019120379
8.464120370370368
3.1056227598611184
2.068884408606638
0.3997162485110588
4.487753882915173e-12
76.16562126642772
348.713784348865
11.543458781366494
18.14142771804511
7.606780167268525
32.697468637992834
4.146132019120379
2.863575268821692
3.1056227598611184
2.068884408606638
0.3997162485110588
4.487753882915173e-12
109.01919056152927
272.9241338112306
331.8828405017921
109.98805256869773
18.434326463560335
5.815785543612612
4.146132019120379
7.343947879330944
3.1056227598611184
2.068884408606638
3.759920101553166
4.487753882915173e-12
69.44257765830346
173.23924731182797
338.9773745519713
18.14142771804511
24.40800477897252
5.815785543612612
14.226590501792115
2.863575268821692
5.719127090800478
2.068884408606638
0.3997162485110588
29.86872759856631
276.65994623655916
509.2458183990442
385.2721774193548
158.52262544802866
25.901321684587813
5.815785543612612
4.146132019120379
2.863575268821692
3.1056227598611184
2.068884408606638
0.3997162485110588
13.814180107526882
157.93010752688173
352.8210872162485
359.5135155316607
158.52262544802866
33.74182347670251
12.909647550776583
4.146132019120379
2.863575268821692
3.1056227598611184
2.068884408606638
0.3997162485110588
4.487753882915173e-12
132.54293608124254
348.713784348865
358.76568100358423
94.30704898446834
14.32709826762246
5.815785543612612
4.146132019120379
2.863575268821692
3.1056227598611184
2.068884408606638
0.3997162485110588
4.487753882915173e-12
148.96766726403823
420.40023894862605
414.39516129032256
287.70646654719235
39.34195788530466
14.029868578255678
4.146132019120379
2.863575268821692
3.1056227598611184
2.068884408606638
0.3997162485110588
4.487753882915173e-12
149.34363799283153
373.7287186379928
100.03061529271208
101.02561230585424
7.606780167268525
