1966.3832622161801
1565.4085751070754
972.2961859228512
832.1214786086241
924.3286395906988
1236.8105092521316
1577.245904267296
2704.0456879512108
3165.0366528848613
3905.9715561801795
3318.4846029249616
2564.784630942997
1667.4562778189277
1703.789124521402
1486.092347245849
1246.0055803432815
1362.3676081859785
1839.6713394341873
2365.0317766537164
3405.6957280543206
4430.366417901939
4713.312169352766
5160.209890861595
3016.827175413709
2328.8846499404194
2297.584415673719
2105.5722260754715
2486.826800500029
1953.619194892708
2339.995945957042
2725.9843420703037
3093.906999470246
4697.854186074791
4750.282179167539
4212.245447699138
3096.7088488502995
2411.7946107110306
2041.5613162034413
1743.9947737182488
1745.4621776838626
1900.1973734291516
2067.333160575107
2609.953033616011
3509.8004931782884
3822.213035775976
4795.755099483268
4504.048056772596
2983.347907099706
2278.7460709509396
1854.0149877186684
1641.7582599184198
1592.8504478952468
1609.6448120715706
2010.2140387507666
2548.4503147931105
3015.7947100311017
3843.641143415033
4635.589366646172
4286.46493113983
2965.944407505738
2173.1781920414032
1373.3567440889324
1144.273592604841
1065.9971373340352
1022.6662986654516
1576.8357976470477
2103.552302719797
2594.496490805798
3442.90077034546
3675.8892782323796
3295.1117372297695
2369.08853833805
1882.0994918439994
1918.0215707269845
1377.167035783102
1685.7140884439193
1135.4918826286046
1827.645929594612
2186.9190933978484
2748.293671965999
3857.476229748782
4543.996554537767
4073.9912845490353
2756.6700981579784
2163.6861308744283
1195.7001995728253
1111.035055560891
1001.417167330479
1100.0684174884645
1276.7707166900896
1559.8882313888637
2238.371830426228
2703.2341085850976
3052.649537450507
2986.691292438345
2152.5578191175537
1644.7422728467557
1509.8290917811273
1223.5565063734232
1189.087463932763
1072.664409867506
1658.248062893664
2027.275250870284
2868.432962300583
3708.75051088822
4564.214111234163
3940.9290803540175
2697.886366479594
1961.0936030707157
1602.431757024756
1161.595199523592
1233.4259868150623
1233.1900219149159
1698.433691564919
2092.7383967927085
3003.1674471887686
3949.525233546248
4696.362054599829
4491.01509027651
3112.0073726323635
2289.18626799354
1671.8195523355025
1299.1013553808493
1343.5670254432398
1252.8008662973593
1673.1405198914365
1989.4572162518612
2456.1620488953877
3028.560476867114
3412.7789253214514
3118.482105045003
2372.766075939252
2049.351921370137
1784.0830536719368
1192.0605861921704
1185.4664676546138
1043.2534424644052
1532.6692217095174
1819.7919480918308
2433.3418953840487
3280.9569013088762
3834.536856725135
3511.3993158436333
2565.8521269980633
1996.6667407115194
1857.2128069646108
1204.5054027845918
1030.2916086863197
1227.321829257242
1554.9783176505782
1708.3787585291755
1959.7227447164598
3076.7466801653995
3364.2901588237955
3238.991310523706
2216.189989430496
2194.28333799588
1923.1916218703311
1335.3894303444652
1540.393455719664
1400.455588684382
1719.7604760809493
1720.683940703942
2657.6451580934654
3098.6884175321507
3335.325907490116
2705.028380611124
2347.962218505247
2075.824236983994
1745.1204564732088
1446.363494713003
1204.16959357659
1249.5409100309491
1550.2709664418753
1767.7633882680204
2589.7465051770796
3231.6404078063297
3877.8140930532995
3795.836862649868
2628.8224238968573
2175.141539301333
1414.1371148559588
1230.4783402494381
1050.537575352542
1143.5895640296571
1557.2361637351685
1613.1200845728074
2250.940858443703
3099.0882783877846
3542.903759024281
3519.684964896895
2303.957470791759
1660.7120781220065
990.68823021162
901.4806436882378
740.8277828781117
836.6497192588758
1079.116768879645
1733.7475797529128
2157.4040958634737
2816.701485413127
3353.127496540491
2880.052330562812
1813.140040906519
1639.313627704159
1251.5113285972147
1126.622751110987
724.1816866688874
971.2650204092864
1395.1847988510262
1857.5711660552593
2174.885538070467
3280.5100902408653
4308.4925427377275
3655.5097040856563
2340.5630184719616
2468.3038421638594
1285.0867179529102
1350.6177180806387
1211.8795712236508
994.414085378404
1304.165134500985
1482.86584378198
2249.414433195677
2905.857868807926
3435.6129484013227
3272.390637414682
2416.350317371868
1708.3991083739213
2391.4660945610726
1575.2749053275543
1612.6518848703463
1362.1696840662587
1868.115623553758
1922.0479427663413
2528.2385168118003
3350.8347743172994
3903.347233952384
3130.138674177313
2299.593753677489
