322.3126676373954
260.34356966845877
184.90436827956992
232.93930182198324
113.65207601553168
162.05483646953405
819.8763179510154
4346.498906063322
8089.441965352451
6339.636193249702
3410.4060259856637
1095.9976030465955
650.9562996565113
221.9714015830347
160.17408303464754
161.21012724014335
231.0767751269414
101.2320482750896
489.1784651284348
3149.0638851553167
6047.038381123059
2440.289433990442
1760.9288157108724
344.42807048984463
450.0136824223418
190.56566741338108
158.01204861111114
134.77939404121864
81.23660061977299
99.63406873506567
444.97798013739555
2006.7131197729989
5602.362022102747
2746.98728718638
1648.0577583632023
486.5232635155315
234.38740516726403
216.27162074372765
193.02685185185192
148.19764228643967
417.27565076164893
162.27556302270008
422.1336902628436
3119.811928763441
7300.930899044206
4527.296468040623
1812.3080906511354
455.60788717144555
384.9995598118279
153.83195676523303
213.15110327060935
124.02138959826762
184.88733609617677
583.0294735663082
546.1744164426523
3910.7400948327345
5977.651220878136
5349.927923387096
1694.6366599462365
1068.39361932497
473.41451239545995
182.24633811230584
152.1168525612306
123.63511786887692
78.26335539874553
244.01858012246117
750.8510226254477
2997.5633251194745
6654.726777180406
4495.673166816009
2123.324145011948
693.1612227449224
369.4895194892473
479.8149645310634
169.68428580495814
125.78356376941456
134.16032220728792
234.52417861409802
696.937620594385
2667.1058841099157
7176.463328853047
4344.631096923536
2835.962985364397
1239.2003098865
586.1070971475506
210.9038078703703
120.06808038381124
166.7827844608721
87.33527090800476
202.83786215651125
711.2133971774194
2065.239400388291
2649.155843040621
4598.788298984469
2111.2823178016724
985.0617962216245
332.20177270011953
376.39966696535254
139.93430742234173
111.52422983870963
202.41065550328557
167.5468021953405
798.4604693100357
2342.632553016726
6821.512959229391
3856.528841845879
1582.749197281959
802.7191468787338
579.388434139785
214.03895534647555
132.50707228195938
107.94958908303464
100.4974929435484
293.12896804062126
701.6093066756275
2970.011264187575
7516.0483310931895
5524.738832885304
2354.1129330943854
1044.348894862604
507.4318189964157
177.2097983870968
135.8446515830346
71.9285225881123
185.8187818100358
166.92119885005977
285.46144339904424
2178.605697431303
5569.44936155914
3690.583277329751
2237.1724126344084
368.78080159796906
471.8172352897254
256.7111876493429
165.99771318697734
124.06076926523295
129.34187903225808
163.04222035543606
426.3049902927121
1834.037507467145
6161.240180704897
3073.5279719235364
1188.7607078853048
727.0467204301076
296.94011126045393
371.74614247311825
106.55881007317801
262.56125224014335
108.65487238649939
485.8394575119475
739.1323573775387
2499.1705309139784
6320.190147102747
3586.4357713560335
743.1244616188768
720.7773596176819
343.8991461320192
316.274684139785
375.41491300776585
240.96180469683398
62.1043370407706
149.51600731780167
405.6942544056153
2130.7132093787336
5987.680962514935
3118.103625298685
2269.3037074372764
740.5381828703704
371.0442962216247
270.7312612007169
210.8293742532855
110.34033161589005
147.39160711618882
145.7833520011948
510.86310819892475
3029.6287895758674
4439.447584378733
3316.2376792114696
2036.2122087813614
538.6666263440861
317.28949223416964
202.45369474313017
119.83728218339303
65.59446718189965
56.0399000149343
117.01056795101553
439.24403113799275
1527.5241073028674
2959.4859804360813
4184.042054958184
1189.225126941458
851.6587007168458
381.9348506571089
310.98478382616486
190.50534348864988
122.6360671296297
122.06164658004778
180.17661290322584
714.5960797491039
3535.7284460872156
6776.343596923538
4907.915031362007
2787.2639150238933
901.4403334080048
425.035904644564
153.75998394563922
159.33024253285546
367.0477339456392
144.37124518369174
344.33534274193545
604.4764060633214
2283.925123207886
6652.09270459976
3602.9320527180407
1691.9386238052573
735.2582063918757
296.34739583333334
187.7462660543608
117.99082209528082
108.10909770758663
111.74351146206692
150.2331160394265
689.333273596177
3407.6400052270005
6526.769254032257
5397.164848416966
2719.7865628733566
791.5145881869773
355.43952322281956
236.11688097371575
124.76694892473121
158.46261928763445
78.80973013739546
223.6040453255675
692.2170971475508
3508.3877688172056
6093.893324372759
4436.447046744326
1938.1684923835132
656.2591569593787
