0.3733557347670251
0.0
0.0
0.0
0.7467278972520908
0.0
0.0
84.00675776583033
130.67312574671445
178.83800029868578
75.04618428912784
8.2139075567503
0.7467278972520908
0.3733557347670251
0.0
0.0
0.0
0.0
10.080734767025088
53.390008960573475
94.45747461170848
122.0863201911589
0.0
0.3733557347670251
0.0
1.8667764336917563
0.0
0.0
0.0
0.0
0.0
43.30854241338112
128.06283602150538
114.24630376344086
41.06933243727599
0.0
0.0
0.0
0.0
0.0
0.7467278972520908
0.0
0.0
27.25524566905615
92.96733124253285
110.88847819593788
100.43395310633214
11.200899790919951
0.0
0.0
0.0
0.0
0.0
0.3733557347670251
0.0
54.13679808841099
206.466472520908
126.1951164874552
30.615330047789726
13.067312574671446
0.0
0.0
0.3733557347670251
0.0
0.0
0.3733557347670251
0.0
46.29678166069295
105.28573028673836
94.08788829151733
33.22883064516129
10.080734767025088
1.8667764336917563
0.0
0.0
0.0
0.7467278972520908
0.7467278972520908
0.0
4.480283004778973
97.44571385902032
77.65688470728793
53.76340352449223
10.080734767025088
1.1200899790919951
0.0
0.0
0.7467278972520908
0.0
0.0
0.0
52.64288381123058
102.30167264038232
93.71449372759857
63.0973715651135
0.0
0.0
0.0
0.0
0.7467278972520908
0.0
2.6135043309438473
0.0
67.206541218638
145.98394563918757
120.96957138590203
102.30167264038232
2.240142249103943
0.0
0.0
0.0
0.0
0.0
0.7467278972520908
0.0
9.707194593787337
138.1439292114695
124.7008288530466
126.1951164874552
34.34897700119474
0.0
0.0
0.0
0.0
0.0
0.0
0.0
30.615330047789726
90.35285991636798
109.0207586618877
38.82937574671445
2.240142249103943
0.0
0.0
0.0
0.0
0.0
0.0
0.0
34.34897700119474
100.06018518518518
106.40628733572282
72.05794504181601
0.0
0.0
0.7467278972520908
0.0
1.493414351851852
0.3733557347670251
0.0
0.0
17.174473566308244
175.10259856630825
102.30167264038232
17.174473566308244
17.921139486260454
0.0
0.0
2.240142249103943
0.3733557347670251
0.7467278972520908
0.0
0.0
43.30854241338112
150.0885976702509
105.28573028673836
99.68679062126643
14.187481332138592
7.467278972520908
0.0
0.0
0.0
0.0
0.0
0.0
45.54999253285544
106.03251941457587
138.1439292114695
37.70911738351254
12.694190561529268
0.0
0.0
0.0
0.0
0.0
0.0
0.0
18.29467965949821
102.67502986857825
118.35510005973715
86.24406362007169
17.174473566308244
0.7467278972520908
0.3733557347670251
0.0
0.0
0.0
0.0
0.0
40.69593787335723
126.94190561529271
138.89071833930706
151.5825119474313
37.70911738351254
0.0
0.3733557347670251
0.0
0.0
0.0
0.0
0.0
29.86869026284349
113.12574671445641
104.91196236559139
134.78192204301072
0.0
2.240142249103943
0.0
0.3733557347670251
0.0
4.480283004778973
0.0
0.0
75.04618428912784
97.81910842293907
155.31791367980884
87.36458333333333
1.1200899790919951
2.9868690262843485
4.853823178016726
0.0
0.0
0.3733557347670251
0.0
0.0
35.842293906810035
86.24406362007169
122.45971475507764
102.30167264038232
5.226911589008363
