18.716509856630825
26.47700119474313
8.039874551971327
3.1977934587813612
2.762989097968937
5.845056750298686
45.377090800477895
87.54032258064517
201.82235663082437
188.2728494623656
154.392174432497
54.77785244922342
24.683505077658307
15.821759259259256
5.960946833930706
4.0855062724014335
3.2077620967741933
6.634557945041816
27.603121266427717
99.91860812425328
224.14762544802872
191.6360513739546
157.44586320191158
56.10849761051374
26.092965949820787
8.315785543608122
7.952172939068101
3.0374402628434884
3.328681302270012
9.409087514934289
35.36499402628435
79.81742831541219
217.608646953405
171.50089605734766
78.98222819593788
38.71232825567503
5.936939964157706
10.043309438470729
7.673648446833931
3.374044205495819
2.581503882915173
3.8701575567502986
33.63377389486261
73.99716248506572
240.57310334528077
147.43354241338113
82.1602449223417
22.208482676224612
27.31511350059737
8.817614994026284
7.904532556750299
4.916143966547192
3.472909199522103
7.618652927120671
43.85864695340502
103.93593189964157
149.77635902031065
184.84169653524492
87.10834826762245
39.38963560334528
22.535282258064516
8.663381123058542
5.5462216248506575
3.161839157706093
1.7512992831541219
12.35465203106332
42.883811230585415
102.51045400238947
196.39336917562724
242.26515830346474
197.73745519713262
53.87731481481482
22.94866338112306
10.283863500597374
5.492458183990442
7.846960872162486
4.725881123058541
25.29674432497013
46.37059438470729
82.83714157706092
223.05518219832732
231.9776732377539
202.6915322580645
61.760379330943834
21.98711917562724
9.276022998805258
7.195601851851852
7.342032556750299
2.9236521804062128
8.355548088410991
37.1619623655914
69.97050477897253
203.5584677419355
198.96505376344086
95.97035543608125
40.050739247311824
22.37850955794504
13.98125746714456
5.521878733572283
3.5748394563918757
4.357833034647551
8.130077658303465
45.296445639187574
86.37694145758663
196.22759856630825
185.99201015531662
132.36223118279568
42.80585424133811
16.004069593787335
12.077695639187574
8.436305256869773
4.303901583034647
2.406354540023895
7.575082138590202
29.836021505376337
74.41382915173237
180.67652329749106
254.58781362007164
107.80503285543608
66.84438470728793
23.606108124253286
13.228195937873357
4.833183990442055
3.121079749103943
2.732609020310633
12.090688470728791
48.1892174432497
94.40449522102747
198.68279569892476
248.8074970131422
199.10804958183994
38.691905615292704
14.000149342891282
7.051784647550776
3.414631869772999
2.705622759856631
6.439665471923535
3.2943548387096766
37.659199522102746
77.53994922341697
176.44713261648747
208.49051672640383
138.0156063321386
30.438881421744323
16.226403823178018
7.2289799880525685
5.868279569892473
4.512197580645161
2.400903524492234
8.779009856630825
22.933654420549583
103.68951612903226
188.9706541218638
186.45795997610514
97.32825567502988
54.95594384707289
34.976553166069294
4.917152031063321
6.054958183990442
3.24251045400239
2.097240890083632
10.063358721624851
26.687313321385908
101.03643966547192
219.97871863799284
158.81907108721626
75.34087514934289
19.047603046594983
16.387656810035843
12.65807945041816
4.050418160095579
3.674186081242533
5.250074671445639
7.890158303464757
21.650164277180405
64.26821983273598
116.55092592592591
110.04256272401433
69.48252688172045
34.23491636798089
22.829973118279568
8.889448924731182
4.2571049880525695
4.123756720430108
4.4909610215053775
5.013104838709677
28.025201612903224
85.73999402628436
205.5884109916368
125.84528076463558
128.66524790919954
60.59139784946237
26.030876642771805
18.988313918757463
5.63048835125448
4.36913082437276
2.199327956989247
17.91479988052569
43.86238052568698
96.49342891278374
177.6187275985663
170.4386947431302
69.60610812425328
32.55268070489845
12.799992532855436
24.37134109916368
2.6677270011947427
4.956018518518518
6.2212888291517325
10.977598566308243
37.310483870967744
101.983646953405
188.42219235364396
207.9980585424134
158.52337216248506
37.928912783751485
25.466509856630825
8.784535543608124
5.355286738351254
2.948069743130227
5.488537933094386
3.4720168757467142
24.880899044205492
93.78920250896057
195.89157706093187
193.74701314217444
92.83378136200717
69.3014486260454
10.881235065710872
6.275276284348865
5.3483049581839905
4.058904569892473
1.9172341696535244
9.66737604540024
35.870333034647544
81.29480286738351
231.3209378733572
244.4310035842294
122.62918160095579
43.264822281959376
