0.0
0.0
0.0
0.0
0.0
0.0
2.6135043309438473
33.22883064516129
126.56851105137396
133.6613649940263
138.1439292114695
19.041304510155317
0.0
0.0
0.0
0.0
0.0
0.0
0.0
43.682310334528076
107.52684438470726
103.04842443249701
77.65688470728793
29.12205047789725
0.0
0.0
0.0
0.0
2.240142249103943
0.0
0.0
49.65464456391876
122.45971475507764
106.77968189964157
96.32515681003584
0.0
0.0
0.0
0.0
0.3733557347670251
0.0
0.0
0.0
38.08262395459976
163.53132467144565
86.99085274790922
46.29678166069295
18.667764336917564
0.0
0.0
0.3733557347670251
0.0
0.0
0.0
0.0
97.07194593787335
118.72849462365589
206.466472520908
47.043944145758665
16.05430854241338
0.0
0.0
0.0
0.0
0.0
0.0
0.0
0.0
123.20687724014337
135.15568996415772
135.15568996415772
15.307683691756269
0.0
0.0
0.0
0.0
0.0
0.0
0.0
0.0
132.54084528076464
186.30424880525686
159.7959229390681
20.908131720430106
0.0
0.0
0.0
0.7467278972520908
0.0
0.0
0.0
91.84677419354838
134.78192204301072
116.48738052568697
106.03251941457587
8.960569743130227
0.0
0.0
0.3733557347670251
0.0
0.0
0.0
2.6135043309438473
31.735513739545997
147.10450268817203
90.7262171445639
127.68906810035843
11.574025537634409
4.106933243727599
0.0
0.0
0.0
0.0
0.0
0.0
32.85528673835125
70.93738799283155
145.98394563918757
107.52684438470726
18.667764336917564
0.0
0.7467278972520908
0.0
0.0
0.0
0.0
0.0
26.508169056152923
106.03251941457587
190.0396505376344
54.13679808841099
8.960569743130227
0.0
0.7467278972520908
0.0
0.0
0.0
0.0
0.0
27.62833408004779
125.0745594384707
98.5662709080048
42.93514784946237
19.041304510155317
6.7206541218638005
0.0
0.0
0.0
0.0
0.0
0.0
43.682310334528076
151.5825119474313
120.96957138590203
99.68679062126643
14.93414351851852
0.0
0.0
1.1200899790919951
0.0
0.0
0.0
0.0
69.81686827956989
170.25082138590204
186.30424880525686
52.64288381123058
13.814392921146954
8.2139075567503
0.0
0.0
0.0
0.0
1.8667764336917563
0.7467278972520908
38.08262395459976
125.44795400238948
90.7262171445639
54.8839605734767
1.1200899790919951
0.3733557347670251
0.0
0.7467278972520908
0.0
0.0
0.0
0.0
38.08262395459976
138.1439292114695
87.36458333333333
102.30167264038232
8.2139075567503
0.7467278972520908
0.0
0.0
0.0
0.0
0.0
0.0
33.22883064516129
91.47337962962963
82.88620071684589
46.29678166069295
12.320687724014338
0.0
0.0
0.0
0.0
0.0
0.0
0.0
41.06933243727599
129.55675029868578
120.2227822580645
50.028001792114694
16.427848715651137
0.0
0.0
0.0
0.0
0.7467278972520908
0.0
0.0
20.908131720430106
71.3111559139785
61.97681451612903
70.19026284348865
2.9868690262843485
0.0
0.0
0.0
0.0
0.0
0.0
6.7206541218638005
43.30854241338112
92.5939366786141
123.20687724014337
96.32515681003584
2.240142249103943
