5.815785543612612
4.146132019120379
2.863575268821692
3.1056227598611184
2.068884408606638
0.3997162485110588
4.487753882915173e-12
4.487753882915173e-12
323.7029569892473
341.21677120669057
141.3500597371565
20.674320489844682
5.815785543612612
4.146132019120379
2.863575268821692
8.332638888888889
2.068884408606638
0.3997162485110588
4.487753882915173e-12
94.08602150537635
177.34655017921148
166.11409796893668
18.14142771804511
7.606780167268525
5.815785543612612
4.146132019120379
2.863575268821692
3.1056227598611184
4.682388739545997
0.3997162485110588
4.487753882915173e-12
148.96766726403823
315.86021505376345
398.71415770609315
20.008236260454005
37.10200119474313
5.815785543612612
4.146132019120379
2.863575268821692
3.1056227598611184
2.068884408606638
0.3997162485110588
4.487753882915173e-12
171.74320489844683
163.52859916367981
358.76568100358423
131.26792114695337
7.606780167268525
5.815785543612612
4.146132019120379
2.863575268821692
3.1056227598611184
2.068884408606638
0.3997162485110588
4.487753882915173e-12
79.15322580645163
269.93652927120667
276.62522401433694
34.56910842293907
18.807459677419352
5.815785543612612
4.146132019120379
2.863575268821692
3.1056227598611184
2.068884408606638
0.3997162485110588
4.487753882915173e-12
4.487753882915173e-12
181.82571684587813
163.49835722819594
93.18735065710874
7.606780167268525
5.815785543612612
4.146132019120379
2.863575268821692
3.1056227598611184
2.068884408606638
0.3997162485110588
4.487753882915173e-12
142.6205943847073
424.1356780167264
358.76568100358423
184.65763142174433
49.42286439665472
5.815785543612612
4.146132019120379
2.863575268821692
3.1056227598611184
17.003248207885303
0.3997162485110588
4.487753882915173e-12
39.575679510155325
236.33512544802866
334.1218637992832
104.01284348864993
22.541143966547192
8.055921445639187
4.146132019120379
4.730383811230586
3.1056227598611184
2.068884408606638
0.3997162485110588
4.487753882915173e-12
138.14180107526883
424.8790322580645
336.7376045400239
142.84162186379928
24.034460872162484
12.909647550776583
4.146132019120379
2.863575268821692
10.199484767025089
3.9356929510155325
0.3997162485110588
4.487753882915173e-12
101.92465651135007
352.8210872162485
348.6831690561529
18.14142771804511
7.606780167268525
10.296158154121864
4.146132019120379
8.090591397849462
3.1056227598611184
6.175825119474312
0.3997162485110588
27.628360215053764
212.0676523297491
344.2349910394265
400.58169056152934
156.28322879330943
7.606780167268525
5.815785543612612
4.146132019120379
2.863575268821692
3.1056227598611184
2.068884408606638
0.3997162485110588
4.487753882915173e-12
148.96766726403823
342.7430555555555
435.3031660692952
167.10909498207886
49.42286439665472
21.496789127837516
4.146132019120379
2.863575268821692
3.1056227598611184
2.068884408606638
0.3997162485110588
4.487753882915173e-12
248.28068996415772
486.4964157706094
505.47715053763443
256.7159498207885
24.034460872162484
18.88332586618877
4.146132019120379
9.583893369175627
3.1056227598611184
2.068884408606638
0.3997162485110588
4.487753882915173e-12
215.7989844683393
424.8790322580645
490.2053464755078
142.84162186379928
34.862044504181604
5.815785543612612
4.146132019120379
2.863575268821692
3.1056227598611184
3.9356929510155325
0.3997162485110588
10.827546296296296
76.91345579450419
455.86805555555554
364.3645459976105
131.26792114695337
10.593652927120667
5.815785543612612
4.146132019120379
2.863575268821692
3.1056227598611184
2.068884408606638
0.3997162485110588
4.487753882915173e-12
92.21848864994027
406.95900537634407
359.5135155316607
94.6789127837515
7.606780167268525
17.763104838709676
4.146132019120379
2.863575268821692
12.812985364396654
7.295900537634409
4.506656959378733
4.487753882915173e-12
232.22819593787335
407.33049581839913
436.4224910394265
248.12985364396656
22.91427718040621
9.175989396654721
4.146132019120379
2.863575268821692
3.1056227598611184
2.068884408606638
0.3997162485110588
38.08236260454002
149.7155017921147
361.4116636798089
385.2721774193548
258.58385603345283
27.021505376344088
5.815785543612612
4.146132019120379
2.863575268821692
3.1056227598611184
2.068884408606638
0.3997162485110588
13.067540322580642
141.1290322580645
423.7597072879331
350.9274193548387
189.88463261648747
30.754778972520914
8.429289874551971
4.146132019120379
2.863575268821692
3.1056227598611184
2.068884408606638
0.3997162485110588
4.487753882915173e-12
137.39396654719235
183.3169056152927
233.68914277180406
172.7120669056153
80.03696236559139
