5.344944743130227
3.95221027479092
2.3887022103020024
2.5906137993103657
2.0283042114695338
1.9048461768219833
44.784199522102746
110.03584229390681
148.86126045400238
85.1370221027479
36.467293906810035
6.44906660692951
4.851403823205228
3.458669354865921
2.3887022103020024
2.5906137993103657
2.5696311230585422
1.363515531660693
37.73521505376344
93.69399641577061
117.44698327359617
60.08848566308244
18.22879330943847
6.345579450445371
6.204711768219833
3.458669354865921
2.3887022103020024
2.5906137993103657
1.7735700418160096
5.029883512544803
42.93981481481482
113.66114097968936
140.5428614097969
82.84087514934289
31.811155913978496
9.22688918757467
5.632728494623656
3.588425925925926
2.3887022103020024
5.094160692951015
1.7258064516401148
5.746729390681003
46.99820788530466
124.54450418160096
170.75866188769413
93.07833034647551
26.102897252090802
6.472946535244921
4.851403823205228
4.483982974910394
2.7118914277180406
2.5906137993103657
2.3037261051373954
4.922356630824373
15.474910394265233
95.05301672640383
121.6995221027479
73.75709378733572
30.58057048984469
10.604465352449223
5.2995818399044206
3.458669354865921
3.3081317204301075
3.0841547192353644
2.1974686379928317
0.3334229390953121
6.360513739545998
2.8646580047789727
1.3134707287933094
29.717368578255677
27.050104540023895
6.609864097968937
4.851403823205228
3.477774044205496
2.3887022103020024
2.5906137993103657
2.048607377538829
5.4282556750298685
50.75044802867384
122.75238948626045
160.84229390681003
126.44899940262843
36.467293906810035
11.042040023894863
4.851403823205228
3.458669354865921
2.3887022103020024
2.5906137993103657
2.665135902031063
9.355600358422938
14.93391577060932
91.8010752688172
124.58183990442055
75.04144265232975
26.858945639187574
6.743615591397848
6.5437948028673825
3.485337141577061
2.3887022103020024
2.5906137993103657
1.7258064516401148
8.453195937873357
16.690934886499402
75.21654719235364
83.52747909199522
50.332661290322584
24.005376344086024
8.347595579450417
5.070325567502986
5.522812126642772
2.7867383512544803
2.5906137993103657
1.8929734169653525
6.693936678614098
40.70340501792115
96.90486857825567
141.7749402628435
71.1398596176822
29.06810035842294
8.610327060931898
4.947726254480287
3.5430518219832736
3.2802792712066906
2.5906137993103657
1.7258064516401148
9.205510752688172
53.580495818399044
106.2313321385902
173.4281660692951
88.28815710872162
36.44638590203106
8.537858422939069
5.440486857825568
3.8793682795698925
2.3887022103020024
2.5906137993103657
6.947954002389486
9.722983870967742
60.66308243727599
154.0359916367981
177.24761051373955
112.50784050179212
45.26471027479092
13.35946833930705
4.978770908004779
3.458669354865921
2.3887022103020024
3.6207063918757467
3.0870669056152926
5.955062724014337
42.02508960573477
135.44653524492233
136.1036439665472
91.51396356033453
41.80107526881721
6.730884109916368
8.33015979689367
3.458669354865921
2.6959714755077657
2.5906137993103657
1.7258064516401148
7.895773596176822
39.87455197132616
128.57676224611708
141.67040023894862
76.1391129032258
42.207287933094385
6.345579450445371
4.851403823205228
4.04775238948626
2.4205439814814813
3.0622759856630823
2.220952807646356
3.8392099761051375
37.130376344086024
165.46818996415772
137.9965651135006
46.75963261648746
37.35364396654719
8.409722222222221
4.851403823205228
3.458669354865921
2.3887022103020024
2.5906137993103657
1.795859468339307
3.4300477897252093
23.869100955794504
81.8847072879331
51.65023894862605
26.62597072879331
22.69937275985663
7.539650537634409
8.630899044205494
3.5565822879330944
2.3887022103020024
2.8548984468339307
1.7258064516401148
6.367622461170848
14.007243130227002
80.34274193548387
142.64486260454004
90.97632915173237
42.207287933094385
11.042040023894863
5.344944743130227
3.649716248506571
2.3887022103020024
2.5906137993103657
1.896953405017921
2.833086917562724
43.82467144563919
88.54540023894863
137.78375149342892
76.33699223416964
31.6819743130227
6.345579450445371
4.851403823205228
3.629816308243728
2.4205439814814813
2.5906137993103657
1.7258064516401148
4.496356033452807
41.91308243727599
66.8570788530466
134.45340501792114
55.04069593787336
30.063844086021504
6.345579450445371
4.905137395459976
3.8889262246117084
2.3887022103020024
2.5906137993103657
1.7258064516401148
0.3334229390953121
18.79405615292712
78.28554360812426
103.65516726403823
63.583109318996414
26.73237753882915
16.50649641577061
