1240.0773295698243
1062.2912886674094
814.3688412394582
784.1158842239167
772.3670304210457
911.967770676863
1322.995747457259
1706.4774942534805
2314.947483978051
2861.478425953176
2218.271005254711
1846.7989305248377
1288.8197522812932
1069.5061048081407
712.7778721861109
740.5445614514053
980.0802799303028
1048.3508346552148
1303.6164540730715
1883.56517996591
2560.748791707195
2730.534242232097
2108.4838678627916
1557.7860687828843
1550.767027479248
1974.9563690787368
1512.0456467743968
1191.7759828476976
1194.6285728795663
1497.3135721517842
1831.580545027293
2549.1031501572234
3802.401527771326
4385.873016981161
3942.0225534339056
2957.53912065436
2422.219069343051
2205.8761198175393
2004.3908273323457
1784.3459702465884
2182.0210248628446
2241.4158584544366
2957.7362362743143
3517.7574749584574
4801.104773380514
5571.172736878729
5676.073967764234
3589.4238292920604
2909.0947567334965
2146.326849277809
2349.511493192016
1743.575037202295
1683.9472900434941
2274.9240697394175
2422.2171196019503
3508.0593531015925
3718.7664234329545
5074.513276443064
4154.614834066948
3668.516540122227
3121.874241921928
2749.5493852179657
1645.134188482977
2042.8624136183842
1613.4077151827753
2106.5297612073828
2173.014149344647
3084.2102639539457
3522.836239282139
4030.546312282559
3949.690291590584
3008.3984808410382
2487.6005372442396
2365.3579282538653
1418.3144708189448
1934.5130281093898
1390.136763527649
1927.8118476800366
1898.1951477586606
2810.32132280232
3359.05784937244
3678.7253478472076
3406.027724214508
2951.007277070763
2581.587635504059
1629.4355863709143
1173.4716856385494
1700.5512806070617
1122.182957139003
1656.9807129565181
1886.418331075245
2795.7234433294534
3806.6920984297813
4247.864516542503
4280.324954326038
3148.2099995237663
2675.4092269984885
2023.2272249949872
1348.0528922754543
1510.0476532248776
1489.196263212786
2103.7160437777743
2327.1925298428055
2424.768916601658
3509.565814801006
3887.2082121899593
4120.646262253657
3202.7025253804322
2054.629617108947
2860.9010633270254
1944.2470103061487
1870.0202557816096
1708.0998617446648
1979.4495487931147
2372.6815904904374
2961.4066608984463
3678.112558068354
4466.194939904488
4139.823248131946
2806.5496926741803
2271.3984543734678
1759.6882948683574
1108.574275781088
1245.4629222473013
1275.2814741229272
1756.0950035383903
2452.56168160431
2670.652696296822
3840.2043090057055
4460.693127830415
3671.3566196806073
2915.682891948811
1799.3111134250964
1289.5305335106457
807.7303382829706
1042.1391640405154
802.8720054124345
1196.7034454998404
1819.0462267656667
2440.946502612245
2801.732274666105
3554.868995315338
3624.029617516274
2371.5141640350985
1640.7714338118776
1259.1870117137146
966.8548128801715
1188.0376436325562
922.9111139047932
1683.2140632449618
2061.6867035709924
2893.8291403257804
4056.1040465035135
4220.173186004203
3916.939040511761
2865.2664380565425
2070.9615862037654
1702.753416225169
1484.7401023874754
1530.2296788379424
1595.9835494072024
2095.4469493485713
2293.492375217083
2850.168455584506
3417.7292180100467
3644.072285925003
3305.1256028333455
2526.2429831408494
2069.63196921219
1716.5147627754802
1423.0763120666475
2186.268339096303
1401.7655953206745
1734.8620936073462
2317.0032590864203
2656.4385340002573
3659.9614950225773
3962.100607390216
3802.0887294360095
2511.3097297510967
1903.4218969775573
1445.6820707998058
1212.1200181168215
1392.145371051467
1112.852264149131
1852.9925705452047
1734.2384890306914
2761.602021824826
3673.0288921870665
4251.844208546384
3879.338190703345
2967.1747646985696
2547.180600374097
1307.0770406954912
937.7527464361469
1194.8883496343842
1137.5090240677162
1597.3369227028224
1992.3875364434741
2799.039762679483
3326.2864241825414
3740.3805954054833
3746.559797707374
2362.1094554823867
1768.3520162943632
1134.0541489377167
864.208466463436
1100.8907779173944
852.3339294594657
1304.9382225368079
1985.5888407864422
2553.0691887574458
3100.175517361532
3981.619446859589
3157.1881688407366
2121.896460078892
1372.5884038424724
1066.872590115396
710.1105421547122
776.9738663252042
779.295199103016
1020.803585703195
1104.1571800274994
1885.0182115708258
2513.7759019620494
2476.9055484610603
2384.539830963069
1763.7908228975546
1259.745094783719
933.2554650807856
683.6891153036607
784.414045115269
621.6327668768919
908.2081586493382
1329.3849335070815
1939.0661004438189
2516.4939813065466
3068.2659540838063
2839.124150581135
1985.7227336655405
