14.70209826762246
6.355585424133811
4.7926859318996415
1.9967517921146958
4.631384408602151
19.054435483870968
41.902516427718034
147.5112007168459
223.57676224611708
183.16457586618876
151.93735065710874
33.093077956989255
16.19787933094385
7.683691756272402
7.93290770609319
4.633587216248506
4.645146356033452
13.898372162485066
50.755301672640385
80.67316308243728
254.1898148148148
273.163082437276
142.0030615292712
40.89811081242532
40.9634109916368
11.871042413381122
6.138702210274791
2.7544578853046593
5.456429211469534
7.163903823178017
33.364097968936676
92.98984468339307
197.76321684587816
186.1551672640382
126.6084229390681
40.09501941457586
19.334229390681006
10.206615890083633
4.604999253285543
2.445340501792115
2.8429398148148146
10.226851851851851
11.31339605734767
61.637918160095566
172.7766577060932
131.76261947431303
112.86215651135007
19.46897401433692
21.156735364396656
12.849350358422939
6.460648148148147
4.326474761051375
2.4133624551971327
7.306563620071684
26.145049283154123
84.85887096774194
200.02165471923539
204.72222222222223
151.91457586618878
57.597072879330945
25.186491935483872
14.46027479091995
5.970728793309439
4.105014187574671
2.582963709677419
13.478531959378733
36.26146206690562
110.63321385902033
216.31907108721626
264.8566308243727
184.56466547192355
37.4001642771804
17.002464157706093
13.544541517323776
6.314628136200717
2.2881085722819594
0.7886491935483871
11.113015232974911
38.7121042413381
72.1789127837515
243.15486857825567
213.18623058542414
135.28935185185188
71.6998954599761
25.720056750298685
5.476067801672641
2.4861372461170848
4.187130376344086
5.122461170848268
7.616076762246117
18.471512843488654
68.45131421744325
189.26075268817203
261.1062574671446
132.27523894862605
59.396281362007166
30.183467741935484
18.135267323775388
5.829338410991636
3.7208744026284344
1.8260827359617682
16.844384707287933
30.845019414575866
78.68988948626045
167.44548984468338
212.67286439665472
178.59580346475508
64.19840203106332
22.453890382317798
9.564105436081244
4.782407407407407
3.656231332138591
4.350851254480287
6.015830346475508
39.422005675029865
96.01627837514935
197.19534050179212
226.66591995221023
117.90658602150538
44.827135603345276
12.575940860215056
8.106892174432499
4.213343787335723
3.7630973715651144
4.234565412186379
7.830794504181601
57.81772700119474
77.07101254480285
140.50067204301078
135.70041816009558
68.82056451612904
30.252389486260455
28.368130227001195
8.463933691756274
3.1185745221027483
2.5907631421744326
3.2501306750298684
6.223827658303465
21.709005376344088
89.42502986857825
165.43682795698925
191.33661887694146
57.161364994026286
6.13688769414576
23.731854838709676
11.055256869772998
4.735625746714456
3.0010902031063327
4.1389560931899645
13.4136798088411
62.865516726403825
123.70557048984466
269.4115890083632
331.52889784946234
202.68257168458783
58.29002389486261
28.521505376344088
8.79614695340502
5.679062126642772
3.194489247311828
2.572729988052569
25.7059811827957
22.475358422939067
71.76672640382318
219.6501642771804
254.92794205495818
121.79883512544802
31.12821087216248
15.36786887694146
8.01459826762246
5.882952508960573
4.323502837514934
6.008027180406214
3.9889112903225805
28.233049581839904
95.57123655913978
284.472072879331
270.2445489844684
217.5384557945042
69.64643070489845
26.473678315412187
8.158564814814815
3.752669504181601
2.3944407108721624
5.634796893667861
7.30051523297491
21.503248207885306
128.57676224611708
206.67525388291517
239.00089605734766
169.20325567502988
72.40628733572282
24.657743428912777
10.202956989247312
3.4841435185185183
3.466442652329749
1.6571908602150538
4.801149940262842
22.300776583034647
87.87485065710871
230.34498207885304
231.86641278375149
221.7727001194743
31.009408602150536
12.208221326164876
12.154159199522102
6.104540023894862
2.894239097968937
2.5267659796893667
5.988500597371565
25.854091995221026
78.39195041816009
195.6638291517324
198.90270310633213
144.48066009557948
53.658527479091994
23.544690860215052
24.26933990442055
10.006757765830347
4.10434214456392
3.755152329749104
7.693436379928316
13.46964605734767
73.66898148148147
161.41017025089604
235.17958482676224
93.27695639187576
48.47558243727598
25.115479390681003
22.074036738351253
6.309027777777778
4.029088261648745
3.494750597371565
11.491711469534051
39.12765083632019
86.7002688172043
192.35887096774195
175.4487753882915
120.13664874551971
41.03386350059736
