0
0
0
0
0
25.299037659629576
460.9914708474177
773.4389954531389
1205.140841936935
499.21087649778406
221.09499031586643
0
0
0
0
0
0
0.17186653110172045
111.39139285695865
1051.4091343825125
1025.5900969477168
321.0178837529488
153.74921315085766
0
0
0
0
0
0
0
283.1911143819592
859.0713747165184
1432.7557145975434
1006.5833429811739
152.10934302319376
0
0
0
0
0
0
55.5445293535341
479.59167203399494
1177.1771749707057
1423.0821027843565
1122.6092452051942
63.60673000313195
0
0
0
0
0
0
17.68199252124994
333.5119851640417
1590.8761321499287
1824.7161686751695
0
146.02475394011216
35.096864866312714
0
0
0
0
0
0
582.8378849629021
925.2498823914937
1657.932945752376
464.7461987353785
21.361503499201127
0
0
0
0
0
0
34.306971632011646
555.7200533551111
1067.0418648063485
1183.8213761728
486.0170785045905
145.3400806420645
0
0
0
0
0
0
57.877708585559894
454.39406463726704
624.6517209196795
1310.113163612624
417.2231503614204
57.498467529696725
1.550900187716664
0
0
0
0
0
32.824822942456265
136.76625745928365
306.98087391632896
1585.0511273030365
353.50646492181505
0
0
0
0
0
0
0
0
658.1685136120536
1773.8439680971644
3239.2933236842223
1222.069993264457
295.88080491598487
33.85819454813194
0
0
0
0
0
0
387.83040538967094
1011.7122229071366
1243.491077852053
886.7142903818368
0
0
0
0
0
0
0
3.797795786958048
320.6978184556484
1440.3726322398309
1471.1705544270153
572.5343288776455
82.7516215134437
0
0
0
0
0
0
0
544.63799943647
1149.5983644545202
1164.4201079886739
533.7129575101566
35.60731926629322
0
0
0
0
0
0
36.963154544397504
185.62862382185386
820.2430721856656
843.521779264337
349.6140909136454
54.31286768268241
0
0
0
0
0
7.2720606032161825
24.876789648427646
127.32298393269959
440.9463879304542
1220.372367179373
190.36451191949286
0
0
0
0
0
0
2.5171439150415473
0
130.32545167586974
1110.0671675409153
1330.8639543079069
902.0915131793881
210.86530341519895
0
0
0
0
0
0
62.438659874357924
485.66370055407054
1165.7973639383285
2124.0274251503374
787.2465976245766
263.6305739398948
0
0
0
0
0
0
78.15474041951533
559.3836128566692
1828.73856510001
2475.777238886319
1257.8387517992905
277.66654115345966
0
0
0
0
0
3.2830749901398875
0
281.4587403109352
1126.0962889109708
837.6860707010825
582.6471472056467
67.56565677342257
0
0
0
0
0
0
0
616.2473304397345
1141.938719468163
1463.1918754484373
871.3175035308827
181.524564741627
0
