7.354950716845878
3.458669354865921
2.3887022103020024
3.510043309438471
1.7258064516401148
7.423103345280764
49.316756272401435
79.89097968936679
121.23282556750299
63.691382915173236
41.613649940262846
10.218413978494624
5.058370669056153
3.458669354865921
2.3887022103020024
3.085760155316607
1.7258064516401148
5.109781959378733
15.954301075268818
106.61589008363202
104.16293309438471
46.75963261648746
35.27180406212665
6.345579450445371
5.532034050179211
3.458669354865921
2.5725806451612905
2.6383773894862603
1.7258064516401148
4.922356630824373
32.50336021505376
88.32138590203107
143.2534348864994
112.50784050179212
35.22140083632019
6.345579450445371
4.851403823205228
3.458669354865921
2.3887022103020024
2.5906137993103657
1.7258064516401148
10.598879928315412
51.40755675029869
118.89187574671446
142.45071684587813
123.74215949820788
26.858945639187574
6.532646356033453
5.876717443249701
3.5748917264038234
2.3887022103020024
2.9886499402628433
1.7258064516401148
7.072147550776583
37.53360215053763
158.61335125448028
181.01478494623655
9.664281660692952
34.859244324970135
15.270683990442052
5.344944743130227
3.458669354865921
3.23252688172043
2.803953853046595
1.7258064516401148
5.467084826762246
61.510603345280764
95.02314814814815
165.17697132616487
61.036813022700116
23.039874551971327
10.72057945041816
7.417898745519714
3.458669354865921
2.3887022103020024
2.5906137993103657
2.111111111111111
8.863888888888889
59.02777777777778
108.72535842293907
119.9260752688172
63.20975209080048
35.022401433691755
11.898148148148149
5.450828853046595
3.458669354865921
2.3887022103020024
2.5906137993103657
1.7258064516401148
11.223506571087217
49.44369772998805
66.50985663082437
132.1423237753883
56.76560633213859
26.73237753882915
12.395459976105139
4.851403823205228
3.458669354865921
2.3887022103020024
2.5906137993103657
3.965800477897252
8.930719832735962
19.15807945041816
36.235439068100355
158.59468339307048
50.81055854241338
16.95945340501792
10.803464755077659
4.9425515232974915
3.6238463261648746
2.3887022103020024
2.5906137993103657
1.8213336320191158
1.0928688769414576
69.18682795698925
176.77718040621266
317.07362604540026
134.09162186379928
49.793160095579445
15.723192951015532
5.551933990442055
3.5323028673835126
2.3887022103020024
2.5906137993103657
1.7258064516401148
3.8675104540023897
43.43264635603345
103.96505376344086
126.17234169653524
102.13971027479091
20.188172043010752
10.934513142174433
4.851403823205228
3.458669354865921
2.8368802270011946
2.5906137993103657
1.7258064516401148
6.481123058542414
37.130376344086024
145.13515531660693
148.1070788530466
72.21886200716845
29.64531063321386
6.345579450445371
4.905137395459976
3.458669354865921
2.3887022103020024
2.5906137993103657
1.7735700418160096
5.029883512544803
58.691756272401435
117.44698327359617
118.89187574671446
68.6570340501792
25.262843488649942
6.429961917562722
5.297192353643966
4.239994026284349
2.3887022103020024
2.5906137993103657
1.7258064516401148
9.886140979689365
24.457885304659495
86.07004181600956
88.32138590203107
51.191382915173236
27.18637992831541
7.253061529271207
4.851403823205228
3.458669354865921
2.3887022103020024
3.5984169653524494
5.376530764635604
8.847834528076463
19.00910991636798
49.91412783751493
124.54450418160096
36.109617682198326
15.22961096176822
7.864433990442055
5.0384707287933095
6.663530465949821
2.3887022103020024
2.5906137993103657
4.97886798088411
3.187216248506571
19.431376941457586
114.11290322580645
135.27105734767025
104.39852150537637
42.445116487455195
9.945340501792115
5.344944743130227
3.458669354865921
2.3887022103020024
2.9886499402628433
1.7258064516401148
12.687813620071685
53.580495818399044
119.60125448028674
211.3500597371565
93.57116188769415
47.636648745519715
7.2992458183990445
7.354950716845878
3.458669354865921
2.3887022103020024
3.1717443249701316
1.7258064516401148
14.31789127837515
60.77882317801673
183.21759259259258
245.17995818399044
138.7884557945042
49.123357228195935
12.379778972520908
6.293869474313023
6.937425328554363
3.7021729390681
2.5906137993103657
5.23159348864994
5.380465949820788
34.318623058542414
116.1215651135006
88.54540023894863
74.33206391875747
29.159572879330945
6.345579450445371
4.851403823205228
3.531907108721625
2.3887022103020024
2.5906137993103657
1.7258064516401148
5.370758661887694
66.50985663082437
117.80540621266428
148.58124253285544
102.13971027479091
40.217293906810035
7.046893667861409
