5.815785543612612
4.146132019120379
3.236932497013142
10.946124551971327
2.068884408606638
9.73353494623656
13.44108422939068
238.20303166069294
550.3173536439665
548.4505675029868
277.99581839904425
64.35595878136199
17.763104838709676
4.146132019120379
2.863575268821692
3.1056227598611184
2.068884408606638
0.3997162485110588
4.487753882915173e-12
158.3019713261649
269.93652927120667
291.9343637992831
18.14142771804511
7.606780167268525
8.429289874551971
4.146132019120379
2.863575268821692
9.079263739545997
2.068884408606638
0.3997162485110588
4.487753882915173e-12
188.1724163679809
388.29039725209077
435.3031660692952
101.02561230585424
40.089045698924735
5.815785543612612
4.146132019120379
9.210797491039427
3.1056227598611184
2.068884408606638
0.3997162485110588
4.487753882915173e-12
92.59445937873357
285.24604241338113
268.03875448028674
18.14142771804511
7.606780167268525
5.815785543612612
4.146132019120379
5.103711170848268
3.1056227598611184
2.068884408606638
0.3997162485110588
4.487753882915173e-12
4.487753882915173e-12
208.70855734767025
205.6907108721625
18.14142771804511
7.606780167268525
5.815785543612612
4.146132019120379
2.863575268821692
11.692764336917563
2.068884408606638
0.3997162485110588
4.487753882915173e-12
123.58049581839907
388.29039725209077
288.20340501792117
155.91136499402626
34.862044504181604
5.815785543612612
4.146132019120379
2.863575268821692
3.1056227598611184
2.068884408606638
0.3997162485110588
4.487753882915173e-12
102.30062724014334
397.6243279569892
331.8828405017921
121.93361708482676
7.606780167268525
31.950828853046595
4.146132019120379
2.863575268821692
7.58599537037037
2.068884408606638
0.3997162485110588
4.487753882915173e-12
157.55824372759858
353.19705794504176
397.2225955794504
101.02561230585424
7.606780167268525
28.590651135005974
4.146132019120379
2.863575268821692
8.332638888888889
2.068884408606638
0.3997162485110588
4.487753882915173e-12
137.39396654719235
471.18391577060925
331.8828405017921
167.10909498207886
60.62473864994026
5.815785543612612
4.146132019120379
2.863575268821692
3.1056227598611184
2.4422416367980886
0.3997162485110588
4.487753882915173e-12
93.33818697729988
283.75
386.3922491039427
181.67002688172045
28.88791816009558
12.536103643966547
4.146132019120379
2.863575268821692
10.946124551971327
2.068884408606638
0.3997162485110588
4.487753882915173e-12
134.0344982078853
222.52202807646353
300.148596176822
18.14142771804511
7.606780167268525
5.815785543612612
4.146132019120379
2.863575268821692
3.1056227598611184
2.068884408606638
0.3997162485110588
4.487753882915173e-12
132.54293608124254
430.8531212664277
521.9399641577061
206.68570788530465
40.089045698924735
20.376642771804065
4.146132019120379
3.236932497013142
12.812985364396654
2.068884408606638
0.3997162485110588
4.487753882915173e-12
85.87141577060933
275.16390382317803
303.50806451612897
18.14142771804511
7.606780167268525
15.149604241338112
4.146132019120379
2.863575268821692
10.199484767025089
2.068884408606638
0.3997162485110588
4.487753882915173e-12
92.21848864994027
279.6426971326165
251.9858870967742
104.38508064516131
7.606780167268525
5.815785543612612
4.146132019120379
6.970515979689365
4.225690710872162
2.068884408606638
0.3997162485110588
4.487753882915173e-12
86.24365292712066
423.7597072879331
368.09961170848266
211.1689814814815
53.15830346475508
5.815785543612612
4.146132019120379
2.863575268821692
7.212563470728792
4.309020310633214
0.3997162485110588
4.487753882915173e-12
93.33818697729988
256.49529569892474
287.8270609318996
111.4796146953405
7.606780167268525
5.815785543612612
4.146132019120379
2.863575268821692
3.1056227598611184
2.068884408606638
0.773073476702509
27.628360215053764
276.28360215053766
459.23200418160087
525.6571087216248
335.12134109916366
62.86439665471922
5.815785543612612
4.146132019120379
8.090591397849462
8.332638888888889
2.068884408606638
0.3997162485110588
4.487753882915173e-12
181.453853046595
308.3934438470729
440.531660692951
132.76396356033453
84.14426523297492
20.00350955794504
4.146132019120379
2.863575268821692
4.599059139784946
2.068884408606638
0.3997162485110588
4.487753882915173e-12
188.1724163679809
510.39650537634407
411.0356929510156
242.90285244922342
18.06081989247312
32.697468637992834
17.960312126642773
2.863575268821692
3.1056227598611184
2.068884408606638
0.3997162485110588
4.487753882915173e-12
149.7155017921147
424.8790322580645
389.3794802867383
191.3806750298686
47.556003584229394
