4.851403823205228
3.458669354865921
2.3887022103020024
3.740890083632019
2.5680256869773
1.8558617084826763
53.263142174432495
142.45071684587813
201.25448028673836
117.76844384707287
34.29136798088411
7.905839307048983
4.851403823205228
3.458669354865921
2.3887022103020024
3.1717443249701316
1.7258064516401148
1.64689366786141
35.17734468339307
119.3847072879331
171.7928614097969
92.56683094384707
27.505600358422935
6.608277329749104
5.022550776583034
4.390046296296297
2.3887022103020024
3.3500597371565113
1.7990442054958184
10.49433990442055
70.68399044205496
217.79047192353644
191.82347670250897
120.7179659498208
32.48730585424134
14.252165471923536
4.851403823205228
3.458669354865921
2.3887022103020024
2.6383773894862603
1.7417275238948626
3.4300477897252093
42.02508960573477
89.22117682198328
119.9260752688172
73.82803166069296
27.505600358422935
7.431376941457587
4.851403823205228
3.458669354865921
2.3887022103020024
3.9040845280764636
1.7258064516401148
1.0387320788530465
31.781660692951014
75.21654719235364
42.04002389486261
39.760678016726395
21.374327956989248
7.019041218637992
4.851403823205228
4.095504778972521
2.3887022103020024
2.5906137993103657
4.812089307048985
6.701777180406212
42.04002389486261
98.77165471923536
141.81600955794505
64.91226105137396
24.522849462365592
6.345579450445371
4.851403823205228
3.458669354865921
2.3887022103020024
2.5906137993103657
1.7258064516401148
5.911006571087216
25.46408303464755
54.0621266427718
167.49178614097968
62.89239844683393
42.445116487455195
6.345579450445371
6.915546594982079
3.8439740143369177
3.1242532855436083
3.9040845280764636
2.2902105734767026
10.323715651135005
45.803464755077655
138.61260454002388
148.58124253285544
91.65210573476702
39.84206989247313
11.718936678614096
10.18481182795699
3.458669354865921
2.5757691158900835
2.5906137993103657
1.7258064516401148
6.323566308243728
45.411439665471924
121.67712066905615
211.52927120669057
94.75843787335722
30.87178912783752
11.440412186379929
6.5437948028673825
8.553502090800478
2.3887022103020024
5.679323476702509
2.904345878136201
10.626508363201912
62.76881720430107
172.50597371565112
232.76956391875746
128.5211320191159
34.29136798088411
7.95758661887694
8.45116487455197
3.7611671146953407
3.336021505376344
2.743455047789725
1.7258064516401148
0.8747535842293906
31.781660692951014
37.130376344086024
83.94190561529271
50.332661290322584
15.133288530493163
6.345579450445371
4.851403823205228
3.458669354865921
2.4173599910394263
3.2959229390681
1.7258064516401148
8.284438470728793
40.834080047789726
140.5428614097969
146.8563321385902
103.32325268817205
32.68966547192354
12.379778972520908
7.313209378733571
3.458669354865921
2.553879181600956
6.370109020310633
1.7258064516401148
9.945131421744325
63.1347072879331
145.13515531660693
215.3935185185185
95.699298088411
30.193399044205496
6.345579450445371
7.741114097968937
3.7818585722819593
2.3887022103020024
2.9281362007168457
1.7258064516401148
4.7084229390681
40.70340501792115
110.89083034647551
158.61335125448028
53.20004480286738
27.758736559139784
8.409722222222221
4.878071609916368
5.08262395459976
2.3887022103020024
2.5906137993103657
1.7258064516401148
13.114187574671446
76.02673237753883
179.86857825567503
232.05645161290323
129.23051075268816
45.26471027479092
7.523745519713262
7.417898745519714
3.458669354865921
3.870967741935484
2.5906137993103657
1.7258064516401148
9.064381720430108
49.44369772998805
118.3729091995221
167.6859318996416
91.57370071684588
34.29136798088411
7.698887395459976
4.851403823205228
3.535487604540024
2.977785244922342
2.5906137993103657
1.7258064516401148
10.323715651135005
63.12724014336918
142.648596176822
171.7928614097969
92.09266726403823
43.36058841099164
12.148670848267622
5.058370669056153
3.458669354865921
2.711503136200717
2.5906137993103657
1.7258064516401148
4.22231182795699
30.377464157706093
96.90486857825567
108.72535842293907
85.03248207885305
31.6819743130227
9.44108422939068
6.250858721624851
3.856705495818399
3.7141203703703702
2.5906137993103657
1.7258064516401148
16.56960872162485
62.76881720430107
176.32541816009558
224.19354838709677
141.7715800477897
30.067204301075275
10.01265681003584
7.716061827956989
3.458669354865921
2.3887022103020024
2.5906137993103657
1.7258064516401148
1.225
39.87455197132616
100.71311230585424
103.9986559139785
63.50097072879331
29.140531660692957
8.807385005973716
