19.563956093189965
11.172117682198326
8.044429510155316
3.6127314814814815
5.118399044205495
9.725619772998805
61.563620071684596
123.56929510155317
231.65583930704898
267.778151135006
168.48752986857826
64.54301075268818
14.589344384707289
5.846176821983273
4.57082586618877
4.931488948626045
6.0004853643966545
5.759557945041816
28.201090203106332
75.74074074074073
190.16353046594983
192.76172341696534
65.57235663082437
29.933393070489846
14.313806750298685
9.85383064516129
6.444407108721625
3.9877800179211462
2.4973827658303467
10.528711170848268
23.316644265232974
82.42458183990442
187.63030167264037
191.3873954599761
120.81989247311827
33.69134557945042
16.98816457586619
6.250186678614098
3.154312275985663
4.5211357526881715
4.507594086021506
7.432609020310633
34.261648745519715
92.85618279569893
209.6804062126643
233.95683990442055
147.87223715651137
43.0181078255675
20.300216547192353
7.592853942652329
5.9749850657108725
5.350619772998805
3.498051075268817
13.65893817204301
28.940598864994033
83.17129629629629
191.88769414575867
200.8747759856631
121.10737753882916
44.13735812425328
18.568847072879333
10.414687873357229
8.234692353643965
4.01810035842294
3.0834229390681003
9.383624551971327
37.48062275985663
98.43824671445638
221.68048088410987
267.778151135006
206.2063172043011
52.39321983273596
22.83889635603345
16.10491338112306
7.8959826762246115
4.198458034647551
2.7563582735961774
10.045997610513739
39.92290173237753
107.96669653524492
199.45751194743133
251.57071385902032
147.6937724014337
68.20564516129033
30.13982228195938
10.474574372759857
6.814702807646356
4.3555219534050185
6.301709976105138
3.7793794802867375
36.37339456391876
102.40218040621266
231.9108422939068
269.70691457586616
224.78531959378734
60.249775985663085
30.51803315412186
9.742495519713263
3.7864545997610515
3.7266054360812433
5.725843787335723
14.998245221027476
30.023334826762245
68.2538082437276
152.42010155316606
173.02867383512546
84.6680854241338
50.38941158900836
36.698140681003586
10.334938769414576
4.284311529271207
1.607713560334528
2.6582997311827956
8.37212514934289
35.467181899641574
93.39979091995221
181.8585722819594
209.5609318996416
143.41323178016725
45.54435483870967
24.23965800477897
8.540061230585426
4.4077434289127835
2.4724126344086024
5.744175627240144
10.467219235364396
34.43029420549582
84.5306899641577
197.58661887694146
193.93966547192355
103.4094982078853
42.716733870967744
23.5308766427718
6.015158303464755
7.168458781362007
3.0709117383512545
3.3633885902031064
8.907706093189963
36.37171445639188
72.97453703703702
169.80846774193552
150.84901433691758
107.30734767025092
41.33561081242532
23.820004480286734
10.126306750298687
9.801971326164875
4.982190860215054
2.9427307347670255
7.781362007168458
41.12787485065711
121.52031063321385
258.2131123058543
216.11111111111111
141.48820191158904
47.77889784946237
18.452546296296298
5.8734692353643965
5.163493130227001
4.909983572281959
4.609591547192354
6.990628733572282
32.60980436081242
93.73245221027479
196.95340501792114
199.78979988052566
107.73260155316606
41.62641875746715
22.412298387096776
22.95762395459976
4.65625
11.335722819593789
5.385816158900837
3.7234767025089606
37.264187574671446
81.06332138590204
194.03375149342892
176.43966547192352
93.46326164874552
38.85972968936678
9.674432497013141
11.538455794504182
7.008848566308243
3.3756309737156514
15.096998207885305
21.478494623655912
56.074895459976105
94.00910991636798
206.85035842293908
259.7061678614098
123.74178614097968
55.12768817204301
19.024156212664277
8.755712365591398
5.1594608721624855
3.895971475507766
3.2536514336917564
7.6964605734767035
37.32609020310633
94.00910991636798
225.29980585424133
207.4025537634409
112.00044802867383
55.528673835125446
18.182459677419356
8.411327658303467
3.7192502986857834
5.1198103345280765
8.298461768219832
8.001269414575866
34.366039426523294
111.65173237753883
221.15255376344086
219.46497909199522
125.99350358422939
41.576015531660694
30.2372311827957
10.374215949820789
5.511312724014337
2.83683169056153
2.3977598566308247
6.4994772998805255
25.80969982078853
80.16091696535244
141.4060633213859
169.3850806451613
78.94339904420549
41.26381421744325
23.330383811230586
9.8456541218638
5.8922864396654715
3.870486111111112
3.4382541816009558
5.234206989247313
30.315262843488654
81.2317054958184
185.8281063321386
213.79816308243727
145.09296594982078
47.46229091995221
