2753.784277747841
2225.8489574248774
1696.2143012155627
1545.881486822483
1692.5821973117252
2039.9190572658715
2458.903255671118
3074.6063473000763
4132.022786397409
5144.823856060702
4605.3794655295005
3412.927290739891
3048.9237957400746
2601.3942619168643
2538.659450740472
2047.3810164245244
2047.139318908798
2172.6228701988234
2648.1765160503714
3731.112185640938
4987.74186593061
6013.3401711448805
4757.6709123669725
4066.3918035499096
2857.4943796297857
2377.603161940147
1671.1184701017573
1323.7637479313298
1369.6473661890047
1882.1741852043529
2086.254731108535
3164.2626408979636
3799.331512090324
4315.854535798364
4543.930707555771
3019.0182014488655
2230.286826212823
2053.403303957324
1970.0990038556433
1056.5069947388215
1411.8849790892477
1872.4604559753448
2394.9762900377546
2645.8932649823505
3132.469106564507
4154.538328276578
3235.5566066531233
2802.499714148691
2267.6693348398276
2423.550990556183
1706.7586631442248
2706.9972967602407
1682.448306695226
1797.864736555426
2169.516063000996
2720.520863704937
3686.302131318257
3961.0143218433027
3792.2855703274045
2682.6538609107565
2292.1580680868046
1715.8549034377972
1409.2961209799898
1163.9325353328409
1415.6911866582825
1708.5365854308002
2096.85458393246
2758.8229767675657
4069.5049370121255
4356.722835580049
4282.882197205874
3031.2460017490434
2179.2712921725556
1591.3872554641403
1212.2566445047266
1361.9096118907519
1310.5427487875058
1737.9587432146845
2181.1296034038223
2898.1021397079344
3513.593762604221
3946.088027058676
3454.013611311283
2544.3277295797225
2076.276782009435
1642.6139876552625
1600.7529393721213
1589.979861476238
1542.5896017775929
1814.803245065239
1864.3655499372512
2388.46098813232
2584.3689988180727
3672.818182910483
3375.311774815883
2682.5463197149265
1986.7760355409014
1375.9601439017968
1106.4439653041284
1485.3806318688446
1163.925177863324
1586.3174401338076
1903.8314747352795
2996.074143602853
3436.3373575130745
4338.386639609313
3548.8123315487587
2761.839883504684
2121.1170611053626
1062.238369181267
938.2931236574028
779.3355111579533
500.5187614609126
1155.5048870547632
1620.3125940746672
1972.15025408841
2725.962830619129
3592.8168410394933
2703.281114768744
2182.191661760201
1406.9243354965272
770.7797561885483
727.0002315755927
797.0251683643864
902.6323179102624
949.8902716088809
1259.6614389221118
1698.0662155620532
2771.847917129958
2520.262273589077
1916.6172976973326
1824.2020451746164
1294.8610238193608
1105.6552348248633
792.6524309875712
836.7115916092132
514.5470479751582
1141.424958343329
1380.1151335757029
1901.4870081379315
2305.604067527515
2878.492053857751
2208.785217874697
1846.1900190231513
1693.2907139791416
1357.9026217794255
1187.8186438986895
1108.7450398392466
1142.0299923396797
1738.3276870502198
2163.9149256438714
2457.317163025898
2817.0906579133107
3858.312149564538
3656.935008253697
2748.53140594782
2178.5199158035275
2978.8205794569494
1729.568914364776
1578.6349207734268
1660.3727967190293
2035.0572166723468
2176.64928307252
2949.9148825558327
3838.1131673828063
4656.7365257696865
3980.326170336332
3003.256685351125
2321.975360789251
1872.422222452898
1474.1308110212472
2105.199090291046
1732.0615962914032
2019.2759600948023
2284.8760749466346
2641.6578739046768
3295.4345759664257
3625.62450225282
3623.487101598496
2697.972662845484
2572.0565706633397
1353.7124844796147
1199.8473142637754
1205.299664659591
1045.0935242297762
1487.1718044161719
1707.7051596176104
2389.6546241247065
3139.46482408671
3379.3981213301345
2994.4741300701317
2211.3563245850696
2103.695243444588
1188.139466024046
874.0426284552632
774.500484864372
702.3050963496764
908.765831006288
1115.6591202248362
2132.206231466819
2351.01402274885
2282.0134732429988
1983.6565382987728
1606.8533996281446
1500.8112307507547
1001.1322366019938
850.6430244084785
837.7451611312537
935.8469872551641
1198.7462198486355
1648.128674269118
2379.041478183968
2470.3711565491085
3081.052167887071
2684.093672126279
1894.5113757001586
1200.3582627134401
1337.713857289828
952.0579725982607
980.8741351424093
1168.3510985205778
1731.3814810884994
1771.3532541762452
2337.525036540959
2756.114391358704
2949.4485218780264
3211.3381060526754
1932.1153636681631
1734.1081772209945
1499.8435923209286
927.9286052976872
1034.8026278512302
1250.8245082150036
1839.0247334701266
2188.84290244376
2244.2180568356957
4013.841942776081
3833.314229173414
4033.854138633706
2455.6564926261153
