28.721509090032846
0
0
0
0
97.5690869427837
76.01517903140814
953.5017194674758
1487.0613915187746
927.1585318143912
281.4017032788295
0
0
0
0
0
0
29.863174774829318
509.5171395714151
938.8098213598121
1379.051118453093
845.816270849723
114.67323495491972
0
0
0
0
9.865067591685971
0
0
815.4404423389485
324.2483460426836
1880.1668555772328
637.7381368879838
83.13738215103129
0
0
0
0
0
0
0
579.9766033362653
1624.1858368583994
1615.2341338476779
791.9588569136765
62.62913143682372
0
0
0
0
0
0
54.31692382351996
515.8835502775424
1575.719695471315
2141.6146901805455
902.7069199539812
109.8206768791803
22.52226809211915
0
0
0
0
0
0
525.7646322747299
1691.282961841912
1214.716473231468
783.1321754378876
70.65936789585587
0
0
0
0
0
0
59.78755705614547
524.58616745308
1452.0960016044367
1921.6159550258462
1036.0857762345784
129.99285841984226
2.1188282815832125
0
0
0
0
0
37.35187226536873
306.68909151898754
1345.7090685899307
1621.597631951931
478.23830866488527
69.8418441724685
0
0
0
0
0
0
77.31896123397362
619.9884796815059
1770.534861371526
2138.0794277809346
1009.4443382790433
324.6942306377578
0
0
0
0
0
0
15.160502495690103
486.0056551891145
1193.5676837482995
1536.0257012230518
771.6428725954006
144.17243424692873
0
0
0
0
0
0
0
382.6907697863257
1172.8039194423816
1473.796484064717
266.4596234164843
136.66207842171195
0
0
0
0
0
0
4.771660780984348
131.38457174119196
814.8581459793771
805.8154917030008
376.48407499473035
24.384238000898875
0
0
0
0
0
0
17.385165979877613
134.46827124053198
1240.7669725787734
1032.176231047216
583.6927962198341
113.19591693654408
0
0
0
0
0
0
0
601.7345079317704
2196.362770513025
2023.362729085126
928.8864176758912
92.84049611756888
0
0
0
0
0
0
1.5743329578661047
246.09269719434832
1251.261128073823
1474.4184394613328
872.7859948944035
44.24078124900032
0
0
0
0
0
0
6.714593511886022
603.2878919387132
1249.6680486639734
1914.2275295767238
1345.17059024032
269.2938801774451
0
0
0
0
0
0
19.22984117662793
595.8287244489331
1357.962462504637
1596.3612811837902
766.3733150678266
156.20561874276223
0
0
0
0
0
0
21.007040300041027
415.9341654253669
1069.712654108373
1402.5462054335114
673.3562249175701
23.23927114151229
0
0
0
0
0
0
23.95670395550418
479.1782370253916
1162.449335505953
1697.9642218360887
833.9736854374269
73.95712182718603
0
0
0
0
0
0
0
419.1520496750989
1212.7522648684019
1869.8126191760355
739.4895465416354
118.06066838559353
0
