769.894268966547
237.99975358422938
153.32173237753884
151.4423954973119
81.22707989844683
62.74298760454001
760.0259199522108
2318.734640083633
5967.455962514933
5143.503251941458
2885.2787074372764
303.2515232974911
219.21087664277175
271.7578718637993
118.97793413978494
150.55634180854238
186.29381179062128
172.20734244324976
452.64621490442073
2872.8857713560333
6777.9752650836335
5001.177396953406
2532.735827359618
1301.263168309438
386.02388888888885
206.37493354241334
129.1314314516129
126.6990541741338
74.58112623207886
96.08924025537637
527.1246598715651
2762.2067502986865
6750.590162037037
4267.903658900836
1326.1105809438468
789.060180331541
526.2061936230583
194.49988948626034
105.42476848118277
155.08943988948627
124.57992607526882
142.33629778972522
521.7981709229396
2826.953352747908
6217.214262246116
4412.747502240143
1703.5380339008366
580.3122703853049
432.90415845280756
301.08979614695346
127.68249458632019
123.7722572057945
145.06380010454006
355.30627314814825
488.3542794205494
2109.3134072580638
6832.608915770608
5595.04892099761
1586.9679248805257
1162.9720243428912
484.49156698028673
328.63305443548387
149.39994201762246
69.55265169504182
108.43718940412185
339.93029943249695
508.3484188321387
2697.2318175029864
5628.474107676224
4102.249563172044
1425.3034199522106
805.9390905017923
512.9844933542413
260.25319780465946
133.87363340053764
207.671058057049
137.55437190113503
203.08506757765838
620.4601821983272
4261.402016129033
7132.716162634407
5883.057015382317
1772.2628098865
696.1469115890083
501.6932414874553
254.4680073924731
101.04543712664275
124.36540893817205
113.62033990442056
98.98724690113501
699.487405167264
2690.465927419355
6809.05854241338
5590.02769937276
2231.5681152927123
965.7188097371566
404.74661514336924
351.75451090203103
228.0467312574671
125.91607638888888
215.4889837962963
190.01857825567498
871.3347184886497
2808.954521356034
6602.764277180403
6659.579532556751
3591.2740143369174
1139.6301821983275
542.1749204749106
241.11884744623651
168.35314777479098
138.94214120370373
112.36374600507766
197.2626034199522
615.1693552120671
2890.866625597372
6142.285226254481
6707.982620221028
3099.7755525686975
1184.8244324970126
355.30307086320204
559.6564826015533
240.64833295997607
201.01606481481483
123.1326289202509
138.9200119474313
991.7492084826762
3702.4801709976105
9133.216379181602
5252.040031362009
2711.2040359916355
1047.2584976105136
319.9446893667862
312.0232183393071
212.2801497162485
185.72389564665468
149.69995109020311
215.80398782855437
357.73690038829164
2132.3599051672636
3812.343298237753
3169.1459901433695
1524.9496378434887
683.9167118428912
356.3732411140979
204.30865927419345
154.8316125298686
134.58988676075268
126.21050896057349
200.90009707287925
616.4186910095578
1328.0514896953407
5710.640094832736
4805.664501194742
3416.414896953406
423.24630787037046
325.91278263142163
199.1367779271206
157.9750616039426
319.56470433841093
205.923188844086
170.52101291816015
545.5236017771803
4127.8463672341695
7108.844631123058
5081.977128136199
1947.1107004181604
928.6808803763442
427.7236163381124
216.49637768817203
172.578236260454
130.0974428016726
329.816459453405
393.64361447132626
402.4887455197132
3130.652747909199
7012.541326911588
4214.376426224612
2540.0103121266416
665.8972976403824
407.5021789127837
283.48060110513745
265.019074074074
106.89428068996418
149.48388328853048
228.38166778673843
671.2399891726404
2576.0420101553173
7333.867734468339
5613.453419952211
3422.521423237754
1102.4524828255676
527.3752905092592
337.56217107228196
169.85056488948618
70.27396712216249
84.58415371117081
296.71051859318993
433.47823514038214
2349.7430331541213
5595.99582586619
4884.30307646356
2761.523245221027
754.641118951613
260.707496639785
221.87657220728792
135.69979129330946
379.6218761200718
94.5672380899044
251.01584453405022
582.200894937276
3316.2103531959374
5624.589669205495
4658.37890905018
853.9810129181599
641.7554491487454
593.0645396505378
464.9285603345282
212.94084080047784
155.81304498954594
94.4261251493429
275.8142629554958
808.698367308841
4529.498439366787
8636.353166069295
5645.195594384707
2466.772393966547
1182.9363052568697
661.8601303016725
224.70762320788526
214.00692502986857
215.59599029271206
186.45990064964155
193.03219907407404
746.6154230137394
3950.0201836917563
9851.495459976106
5637.321202956987
3467.1954487753874
1365.4292824074075
