39.87473864994026
10.683915770609318
7.4474686379928325
3.7336917562724015
3.2845542114695334
2.840625
40.079263739546
74.25328554360813
176.90934886499403
220.24380227001194
139.59266726403823
14.746453106332138
8.958520011947432
10.172939068100359
4.196191756272402
3.8126269414575864
3.2512432795698927
5.691868279569892
23.712290919952206
105.80757168458784
222.66913082437276
226.1159647550776
138.6021505376344
70.71609916367981
19.560222520908006
9.409199522102748
4.91084229390681
4.775948327359618
2.9871303763440857
2.047420101553166
28.3069743130227
92.06354540023895
192.82332735961765
163.63500597371566
76.62149044205495
42.35028375149343
23.586917562724015
7.1312350657108725
2.3715240442054957
4.048424432497013
3.411652479091995
5.5005227001194745
27.236708482676224
85.47528375149344
178.87246117084825
192.64448924731184
84.80921445639189
30.234206989247312
23.069295101553166
11.991263440860216
4.247539575866189
2.9891689068100358
3.457149790919952
11.606108124253286
27.346886200716845
76.91457586618876
224.32048984468338
227.96146953405017
86.59535543608125
62.246117084826764
21.04312275985663
15.02579898446834
4.345766129032258
2.7670362903225807
3.2943548387096766
17.16562126642772
27.72315561529271
68.83624551971324
154.84020310633213
169.81182795698925
74.6064814814815
40.972408900836314
26.18148894862604
10.57653823178017
4.1330906511350065
2.353012992831541
3.170975209080048
8.515681003584229
31.430704898446834
116.8570788530466
224.5773596176822
239.42129629629633
84.81518817204301
38.409124850657115
25.88982228195938
10.194556451612904
3.7157631421744326
4.833258661887694
2.9689814814814817
2.667670997610514
37.52217741935485
87.21288829151733
225.41853345280768
241.3157108721625
118.81944444444447
55.054883512544805
22.07138590203106
13.823738052568698
8.845206093189965
1.3995183691756272
4.167237903225805
6.827135603345281
46.70960274790921
94.30630227001194
189.557945041816
284.99514635603344
192.52277479091995
58.918010752688176
28.74096475507766
7.475881123058544
6.56795101553166
3.5016017025089607
3.3163343787335724
8.336133512544803
36.32022849462365
83.76306750298686
212.83266129032253
292.3577508960573
171.857825567503
61.55577956989247
16.292824074074073
24.538194444444443
9.096027479091996
5.643145161290323
3.017857676224612
5.277815113500598
54.20736260454002
104.0524193548387
282.0123954599761
225.36140979689367
143.75933393070488
54.84655017921147
15.60760155316607
13.451650238948629
7.895571983273594
4.752688172043011
6.307235663082437
8.43201164874552
16.905689964157705
75.3225806451613
136.15404719235363
119.21669653524492
69.87268518518519
30.918421445639193
18.550141875746714
8.271505376344086
5.624402628434886
3.1387507467144573
2.654357078853047
9.015046296296296
34.25317353643967
57.1953405017921
159.13455794504182
197.18301971326164
178.586096176822
19.898857526881716
17.95116487455197
9.341584528076464
5.973790322580645
4.800205346475508
6.087589605734767
8.051112604540023
28.915247909199522
151.6651732377539
207.3969534050179
219.1957885304659
98.40128434886499
44.23902329749104
24.344758064516128
7.689590800477897
6.220392771804061
4.034572879330943
11.04864844683393
17.86275388291517
17.698290023894863
93.2538082437276
236.60244922341695
198.7798685782557
118.07497013142175
31.50485364396655
22.69489247311828
10.684214456391876
9.721139486260455
3.0624103942652328
3.59220803464755
13.180555555555555
34.25425627240144
104.8980734767025
221.54905913978496
230.41330645161287
168.3467741935484
63.08057048984468
27.3860513739546
13.901209677419354
6.120333034647551
0.7120878136200717
3.002676971326165
12.494660991636797
20.846624850657108
72.63142174432497
155.7093787335723
194.5683990442055
131.11895161290323
39.88668608124253
11.318585722819593
8.610737753882916
6.240516726403823
9.546408303464755
2.330058990442055
9.080607825567503
28.876941457586625
63.652927120669055
168.59729689366785
201.44974611708483
44.99895459976105
34.01672640382318
24.95795997610514
17.607788231780166
8.18932945041816
3.7557982377538823
3.451702508960574
15.76840651135006
44.432123655913976
120.9572879330944
241.73013739545996
258.72610513739545
133.26724910394265
62.97080346475508
34.344347371565114
9.89702807646356
6.690561529271207
4.098879928315412
4.998947132616488
8.922117682198328
39.42443249701314
107.20019414575866
304.6665919952211
232.4996266427718
176.28173536439667
73.9986559139785
