1504.4355770309953
1060.0008428788797
870.7199613111426
1048.418266243033
860.5918821982252
1076.5059303990847
1596.9892585086336
2101.957922867578
2907.3318963137754
3243.2561290595095
2737.2377764614025
1999.8032241329622
1396.0361986671949
965.3111630518686
942.8369186317503
853.9349213677731
892.875045461963
1204.9890403003767
1473.7764824482201
2320.2058647030667
3254.7480263248763
3572.6088016705685
3468.0339649356733
2687.085613287066
1373.2988524493805
1071.0214713786174
836.5718277033101
789.8511471248777
984.633086768454
1249.628229783206
1738.0376574824902
2128.0609682575814
3048.370613792832
3259.7199405176007
2912.735460393286
2383.919870355675
1400.6016746297896
884.8444927267385
734.6710132642461
579.676163645631
692.4176571806458
972.2589730004356
1255.6172249242545
1557.636626690833
2278.6764318333235
3048.1514928524434
2440.498885625644
1887.285668449766
1396.7873194575102
576.0426161535554
615.1504940880731
586.655368743514
544.5458294700175
703.3199975321286
1409.497066585225
1975.2861638841484
2347.7105878594757
3218.2746265028004
2942.002490876986
1895.3688026670277
1055.779185171631
991.053787099685
771.3353533575288
458.3034515514787
554.8932009205288
1012.4283566374902
1305.801727749665
1800.3566162538261
2815.3305455844084
3695.7358657473137
3268.24375634566
1927.5021621433086
1424.658564424645
1433.1085480268641
748.2644670853725
715.037949704372
759.9606804183301
951.2162532953294
1420.9005674121847
1919.4004185311132
2565.5427620068476
3419.9710915748046
2942.141187476158
2173.3778341197453
1454.859144613975
874.9975898058003
784.9077324948814
684.8301676291643
695.8312348421088
946.2913894798149
1350.655436063296
1951.5558806054385
2849.809515544477
3605.930115407496
3126.185505401308
1955.358446357697
1519.3549595253705
1242.7728604489891
674.0196104654186
714.6500800468607
813.4683189176845
1370.7495189868537
1658.8880532896392
2476.761307581347
3640.799323612236
3990.946152751486
3578.3793491712227
2846.6179599682446
2049.363047515161
1578.7771236615538
938.6320685498761
932.6601490014417
972.0945003348675
1489.4113125326598
1556.4605704784908
2379.5881535806443
3543.3194763777897
3955.646067443316
4005.327515605066
2587.945432668206
1910.1782445467063
2424.844795017699
1703.089964251817
2007.466932103933
1287.8605810524368
1748.8467956530872
2445.545392028443
3156.30477216301
4323.364755540948
4852.355687567571
4490.291356837116
2804.831264111295
2415.9161238790975
1741.8173976832854
1833.143868748921
1631.5329663105265
1411.5049563532946
1508.1726129132212
1900.0692965087965
2562.3386285083016
3435.659940436714
3821.5757605483122
2752.868625879476
2355.428168664729
2044.9330825573963
1211.137810698183
1113.7360292780206
1262.9530894210861
1094.0383185792248
1326.8061913811628
1862.1034785112552
2464.2812535276903
2840.9231586600245
3952.775896577679
3605.27088041618
2433.657589490233
2153.8172462993457
944.4248319957783
757.5264979967951
976.1968010004289
837.5534381467475
1222.4720277535894
1602.4582428992815
2274.1106972213033
3176.2027096468455
3198.0449935116217
2902.4771933351376
2313.4360834992735
1698.5743751261684
1266.1424808160998
948.0182475505187
971.2550774475571
1164.920560598452
1475.1689297781957
1926.8122980649139
2397.4129888987045
3301.188794903104
3816.5388914403948
3488.54646913135
2359.3487829171677
1782.5361965593963
1674.8192646468794
1119.8822642339064
1114.802868064609
1072.884131681986
1318.234883119875
1702.3722115889366
2547.1875056957947
2727.1603325992537
3291.612428379121
3236.6008475133804
2185.6505338144593
1717.1866375604775
1460.439495892624
1208.1915382521565
1185.128675948601
1076.1263653908945
1357.91155531931
1658.6463588747768
2019.39993666395
3128.94587758756
2822.2505177471803
2849.946147767113
2071.307480422649
1698.6387695799067
1525.6143005207514
1282.8360314275938
1534.3524378636307
1209.100251144053
1625.2191365153028
1956.73291560723
2644.4388161469315
3301.6072639266476
4273.934037660069
3902.4899908240104
2607.829405120707
2756.7217035736558
1780.8986616506406
1948.7477509360747
1798.226532095813
1489.1823746555847
1874.4431410347365
2389.7612104187774
3056.0227665290117
4369.469245002671
5076.661298162373
4208.677263758768
3295.836951183096
2672.953984419322
1976.434852028217
1595.2243912146519
1459.0743460411945
1389.4488260913479
1960.7582572156462
2279.9509296241667
3538.4129455752422
3850.8055404463303
4105.527864179386
4639.6478587651245
3234.6775126380626
