2275.7334229390685
1592.7158228793307
1572.960338261649
1570.0312761350056
1474.376432945042
1790.0940822879327
2236.5024604241335
2976.749010603345
4228.999503434887
4914.774156212664
4430.64232377539
3069.2838261648753
2375.225294952211
1944.9313097371564
1678.3003584229393
1505.7570900537632
1490.8596729390686
1899.6947651583039
2489.496266427717
3044.707545549581
3693.1130264336925
4585.219571385901
3813.291928016725
2629.120594384708
2474.8532706093197
2286.4206466547184
1643.3534616562122
1687.1208968040614
1756.5048536439665
2017.0643294504168
2203.4772102747897
3232.899906660693
3867.930058990443
4736.235177718039
4756.126232078854
3151.5119847670253
2564.3274044205505
1862.5387507467144
1311.0656698028674
1602.9648222819596
1407.4628938918756
1809.229539650538
2100.6275686977315
2220.3749574372755
3282.5978083930704
3838.59535543608
3418.446199223417
2415.0331167861414
1868.7168085424137
1043.4392025089605
807.6900582437272
832.9402923387094
821.6524376493429
1209.9376937724019
1443.220329301075
2266.953449820788
3331.7187761350065
3667.954487753884
3432.5717219235366
2195.3243727598574
1567.0621602449228
1106.4911327658303
774.014283527479
941.749757317802
805.4400888590206
1227.2952844982078
1772.0985513739543
2529.419500448029
3548.138328853046
4224.57956242533
4217.5287858422935
2528.3635752688174
1680.3937275985663
1362.687567204301
1109.3521393369174
1197.6920138888888
979.6971916069293
1499.8411178315414
2258.9308803763447
2854.8227001194737
3721.0152703106346
4576.329562425327
4207.577882317801
2768.6941457586618
1811.6818660394276
1289.089172640382
933.1920362903228
988.479801373954
847.3814105436079
1354.6533266129034
1467.2453591696528
2667.345067951015
3666.7489172640376
4178.963373655914
4349.763291517324
2354.19321236559
1918.2398073476706
1186.2811140979693
856.2390270310633
965.3833146654724
994.0711301523299
1221.1168507317796
1781.8700828853043
2560.090311379928
3974.545736260454
4542.906586021505
4457.781735364396
2798.1807422341694
1729.5838112305855
1194.1775014934287
849.7245258363207
934.8566942951019
854.9177606033459
1392.3740255376342
1727.1420810931895
2691.0453367682207
3603.85846027479
4090.2842741935483
3639.648260155318
2409.6769713261656
2095.3107078853054
992.627408154122
720.3965800477898
792.0052120669054
689.8322505973716
937.4088201911585
1390.579125597372
2015.6069481780164
2918.438463261649
3405.2839008363194
3345.3111932497022
2098.118914277181
1327.146247759856
940.3334341397846
726.0197020609316
824.553423685783
760.0925888590201
1040.6532597819592
1313.4423760454004
2007.839971624851
2977.447748655913
3495.748581242533
3312.4448178016733
1800.7493391577061
1709.9581466547193
992.8833221326165
657.8152945788532
880.1347931600952
726.753318025687
1262.4681787634413
1540.578024193548
2029.318152628435
3196.8604764038237
3893.372685185185
3551.4401881720446
2074.530663829152
1368.0024268219834
1094.886932497013
771.4140456989246
704.2374999999997
741.3539799880526
869.6942092293912
1212.638679808841
1904.4261275388292
2534.1742308841094
2823.9895833333335
2561.388067502987
1468.0959528076464
1114.4914575866185
1091.8108945639192
838.7386984767026
859.7463672341696
766.5065225507764
881.5824876792113
1494.0276433691756
2256.264818548387
3605.3254778972514
4275.382728494622
3761.622050477898
2277.6813396057337
1728.1791741338116
1349.5009632616493
924.117883811231
1112.1365251642771
878.4302456690559
1302.0499141278376
1697.457246863799
2229.7959938769413
3283.151732377539
3543.715352449223
2859.9854390681007
1943.7083333333337
1593.695710125448
943.43133213859
768.833340800478
746.7015793010754
812.1020557048985
1063.2612137843491
1448.988071236559
2297.5218936678616
3072.7516091696534
3807.0395758661894
3425.3892809139784
2221.5081578554364
1738.3613351254473
1106.656227598566
845.5679360812426
875.3607004181601
795.4001941457589
990.3740744474314
1652.70641427718
2155.156175328554
3040.372980137396
3764.644937275985
3586.4053539426523
2214.191364247311
1517.5082623954597
1159.3981929510153
985.2834042712066
952.1123282556754
862.9577098267622
1224.946094683393
1874.2277553763438
2541.9066942951017
3037.835592144563
3679.609543010752
3711.2926373954588
2144.8194817801664
1568.7093974014335
1414.5088672341694
1279.9976553166068
925.6752986857831
1035.6827546296297
1619.7686342592597
2089.812955495818
2853.9384483273598
3884.683654420548
4663.688769414575
4541.388254181602
2621.0142771804053
