0
0
0
0
1.0568855241495605
31.20338353776576
324.34272532770444
1169.515384342028
1409.2417977314392
590.1718980031604
38.706400112760136
0
0
0
0
0
0
141.97185906395717
800.1768617936373
1695.8569390420105
2108.046414152018
876.8038007183012
167.91300496686716
0
0
0
0
0
0
70.475574172357
368.86898176547186
507.19152107255206
1408.3519660909722
803.6073125152241
301.8604630948783
0
0
0
0
0
0
1.9325595207981365
125.9278802179855
1221.0261146361775
1134.7663172407483
267.39224998416654
100.58223776896236
0
0
0
0
0
0
62.051056141321624
545.3111936467179
1803.9731303578137
1892.489466166208
861.1981833948412
149.81037221968205
0
0
0
0
0
0
21.326334283263932
496.4784912950406
1345.73487343092
934.910992347358
696.6581611009699
96.09567315272565
0
0
0
0
0
0
52.72005406928765
430.0595844184324
1573.0797979007334
1540.200931130984
358.68434254282226
110.08268816894622
13.60505139986278
0
0
0
0
0
0
482.907729511819
1522.9421181717707
1681.4326080570684
1034.293416191767
127.27366914259996
0
0
0
0
0
0
0
593.9736947352692
1638.1912980501397
2359.9954970760355
1169.1090634881232
316.6386750822022
0
0
0
0
0
0
0
423.6385703623522
610.5412500565432
1568.6746707571024
803.131447864218
115.08435927679726
0
0
0
0
0
0
0
373.1324513872815
1196.7495586299558
510.85106889147943
552.2847802265202
53.395240010720315
0
0
0
0
0
0
39.984735751115736
685.8643357794238
1414.3246185002852
1785.5522748571227
831.3545200365463
149.66138107138872
0
0
0
0
0
0
160.82165791536153
618.635908635992
1641.996064573994
2172.617539290944
1022.7250542843501
290.4499118588858
0
0
0
0
0
0
0
408.6460969401335
1170.577226904901
1146.8902081771212
550.3615520844935
244.75955227049604
3.028551518948433
0
0
0
0
0
0
361.17588118479046
1064.6851872136083
1323.8934991984888
775.237831811966
57.21419821435276
27.440695876686988
0
0
0
0
0
0
586.8258250330979
992.6941089985019
1184.190940568361
415.330760491216
95.41189839727784
0
0
0
0
0
0
54.5492856210724
520.8533660259941
1332.1806524687945
2124.0274251503374
718.4902505516976
88.50975554085059
0
0
0
0
0
0
15.120279547352851
354.63338884233235
1163.828170834777
1784.5018505948017
867.557240449231
301.1243891223964
0
0
0
0
0
0
8.471488901740756
0
905.680742315989
1119.1641919675103
13.779427671596551
90.90619590126013
0
0
0
0
0
0
0
169.51499023662825
609.6668407345904
1662.7688617088913
829.8804515595566
83.89168690411206
0
