0.0
0.0
0.0
0.0
0.0
2.240142249103943
0.0
25.014878285543606
106.03251941457587
118.72849462365589
46.29678166069295
4.480283004778973
0.3733557347670251
0.0
0.0
0.0
0.0
0.0
0.0
25.761540471923535
107.52684438470726
151.5825119474313
75.04618428912784
11.947565710872162
0.0
0.0
0.0
0.0
0.0
0.0
0.0
40.32254330943847
107.9002016129032
148.96766726403823
121.71255227001194
1.1200899790919951
0.0
0.0
0.0
0.0
1.8667764336917563
0.0
0.0
41.06933243727599
121.71255227001194
40.32254330943847
85.12731481481482
0.0
0.0
0.0
0.0
0.0
0.0
0.0
0.0
29.86869026284349
175.10259856630825
86.24406362007169
84.00675776583033
0.0
1.493414351851852
0.0
0.0
0.0
0.0
0.0
0.0
60.109132317801674
142.6219384707288
184.06317204301075
120.96957138590203
15.681186529271207
0.0
0.0
0.0
0.0
0.0
1.1200899790919951
0.0
22.774962664277183
125.0745594384707
125.0745594384707
111.63560334528077
12.694190561529268
0.0
0.0
0.0
0.0
0.0
0.0
6.3471139486260455
13.814392921146954
190.0396505376344
177.71706989247312
142.24854390681006
27.25524566905615
0.0
0.0
0.0
0.0
0.0
0.0
0.0
46.67054958183991
156.06507616487454
140.00709378733572
160.91685334528077
6.7206541218638005
0.0
0.0
0.0
0.0
0.0
0.0
0.0
17.921139486260454
126.56851105137396
222.89366786140985
78.77740442054959
10.080734767025088
0.0
0.0
0.0
0.0
0.0
0.0
0.0
11.574025537634409
100.43395310633214
69.44347371565114
45.54999253285544
8.960569743130227
0.0
0.0
0.0
0.0
0.0
0.0
0.0
70.19026284348865
120.2227822580645
139.63369922341695
177.34367532855435
25.761540471923535
0.0
0.0
0.0
0.0
0.0
0.0
1.1200899790919951
39.57579151732378
120.2227822580645
199.37361857825567
114.61969832735961
11.947565710872162
0.0
0.0
0.0
0.0
0.0
0.0
0.0
40.32254330943847
156.4384707287933
155.31791367980884
167.63597670250897
23.52158751493429
0.0
0.0
0.0
2.240142249103943
0.0
0.0
0.0
46.29678166069295
175.10259856630825
143.36910095579452
100.06018518518518
13.067312574671446
0.7467278972520908
0.0
0.0
0.3733557347670251
0.0
0.3733557347670251
0.0
32.1086096176822
106.03251941457587
123.95366636798086
48.911626344086024
0.0
0.0
0.0
0.0
0.0
0.0
0.0
0.0
37.33557347670251
224.76138739545996
118.72849462365589
47.79110663082438
10.453856780167264
1.493414351851852
0.0
0.0
0.0
0.3733557347670251
0.0
5.226911589008363
66.45937873357228
126.1951164874552
150.0885976702509
160.16969086021504
6.7206541218638005
0.0
0.0
0.0
0.0
0.0
0.7467278972520908
0.0
54.8839605734767
103.04842443249701
102.30167264038232
25.761540471923535
1.8667764336917563
0.0
0.0
0.0
0.0
0.7467278972520908
0.0
0.0
12.694190561529268
110.88847819593788
105.28573028673836
97.07194593787335
26.508169056152923
