0
0
0
0
0
66.99725301207877
486.5970562715516
1188.3015999931629
1169.3112421758838
508.90920385740174
90.7886507101317
0
0
0
0
0
0
21.84984592178273
304.59927816161814
1061.1418106071242
1350.602417736247
188.6295175641793
0
0
0
0
0
0
0
85.48763361082769
253.4635531513738
744.5608460426837
1059.6979188986186
300.63501562155614
123.54534959428096
0
0
0
0
0
0
11.463249484955817
403.67246653817676
1058.654176165449
866.9978733936753
530.4870827201282
87.20410156824548
0
0
0
0
0
0
0
314.78700009833085
1325.8772522216132
1131.1674082211666
819.8387897269799
162.38537968682667
0
0
0
0
0
0
0
286.4567992400825
794.3792133353405
509.83445411557807
376.2661360113643
84.85915134866352
0
0
0
0
0
0
0
328.3406477398184
945.8855774706255
1361.8806653006375
410.32039391677677
89.16258661578016
0
0
0
0
0
0
23.69719036572716
316.4075801689278
668.6477633330608
1386.479277710593
354.99383435186263
43.85226083913517
0
0
0
0
0
0
72.26243494962472
132.96339007577114
872.110428874513
664.2263811859518
533.7125581117792
65.66973840358811
0
0
0
0
0
1.7757975664553172
19.643066713133372
42.61198732770467
1245.182827117475
1397.4246707571021
496.27847594068146
273.34959225170763
0
0
0
0
0
0
4.965960156117653
571.5557638126102
1227.1087282834806
1902.637583228397
845.2772384105107
155.13590608001547
0
0
0
0
0
0
0
13.339656866639984
693.5409416783019
1356.9915669718182
605.8213659146827
82.7516215134437
0
0
0
0
0
0
0
248.82714220827387
526.5181673219037
839.3424496852091
348.7267717275997
60.016630795564396
0
0
0
0
0
0
0
567.573814980755
1767.8968953636822
2166.353320482975
727.1652408539079
87.87107407455818
0
0
0
0
0
0
0
407.2653375766661
754.1527798062009
776.1220684935906
477.40405044995885
0
0
0
0
0
0
0
86.27123180340335
353.92035908327716
1076.3937057726955
1451.8634316077873
480.957253920129
0
0
0
0
0
0
5.373231416998287
0
494.82812707736815
1718.5068173433465
1039.5646862017115
776.7373383653176
80.08080542137628
5.527551080308257
0
0
0
0
0
0
594.3634515663466
1064.2041415635704
2239.1609754454585
1044.3710098638069
145.00263733028174
0
0
0
0
0
0
0
59.11499031093521
550.3917638213653
609.5397893390751
540.4424727731498
14.796130190387927
0
0
0
0
0
0
46.60712910390937
460.98598037999733
1131.6549679747338
1341.3176221628937
817.5361415237143
253.8965032123558
0
