20.00350955794504
4.146132019120379
2.863575268821692
3.1056227598611184
2.068884408606638
0.3997162485110588
2.240135902031063
67.20318100358423
264.3380376344086
336.7376045400239
143.9616935483871
49.42286439665472
20.376642771804065
4.146132019120379
2.863575268821692
3.1056227598611184
2.068884408606638
0.3997162485110588
2.986872759856631
32.482265531660694
276.65994623655916
261.69168160095586
152.1759259259259
30.754778972520914
5.815785543612612
4.146132019120379
2.863575268821692
3.1056227598611184
3.1889523596176823
0.3997162485110588
4.487753882915173e-12
72.43018219832736
310.6332138590203
359.5135155316607
206.68570788530465
7.606780167268525
19.256869772998808
4.146132019120379
2.863575268821692
3.1056227598611184
2.068884408606638
0.3997162485110588
4.487753882915173e-12
74.29771505376344
509.2458183990442
398.71415770609315
130.51971326164875
47.18245967741935
5.815785543612612
4.146132019120379
2.863575268821692
3.1056227598611184
2.068884408606638
0.3997162485110588
4.487753882915173e-12
118.72983870967742
370.369623655914
418.8739545997611
155.91136499402626
37.10200119474313
6.189142771804061
4.146132019120379
2.863575268821692
5.345758661887693
2.068884408606638
0.3997162485110588
4.487753882915173e-12
146.35640681003585
344.2349910394265
246.7588859020311
66.30428614097968
10.966984020310633
11.41633064516129
4.146132019120379
2.863575268821692
3.1056227598611184
2.068884408606638
0.3997162485110588
4.487753882915173e-12
131.42323775388292
388.29039725209077
216.88844086021504
129.40001493428912
7.606780167268525
10.296158154121864
4.146132019120379
2.863575268821692
6.092495519713261
2.068884408606638
0.3997162485110588
2.6135043309438473
131.42323775388292
395.3853046594982
291.9343637992831
31.208968040621265
17.31414277180406
5.815785543612612
4.146132019120379
2.863575268821692
3.1056227598611184
2.068884408606638
0.3997162485110588
4.480372610513739
97.82183393070491
224.76142473118279
213.528972520908
67.42413381123059
11.340352449223417
12.536103643966547
4.146132019120379
2.863575268821692
3.1056227598611184
5.4290882616487455
0.3997162485110588
1.4934363799283155
188.54428016726405
338.6361260454002
287.8270609318996
176.07153524492233
19.554099462365592
5.815785543612612
4.146132019120379
2.863575268821692
3.1056227598611184
2.068884408606638
0.3997162485110588
5.227016129032258
79.89658004778973
312.12477598566306
498.0398745519713
154.79166666666666
34.48846326164874
5.815785543612612
4.146132019120379
2.863575268821692
3.1056227598611184
2.068884408606638
0.3997162485110588
4.487753882915173e-12
165.3968787335723
353.19705794504176
309.11140979689367
104.01284348864993
7.606780167268525
9.175989396654721
4.146132019120379
2.863575268821692
3.1056227598611184
2.068884408606638
0.3997162485110588
4.487753882915173e-12
145.23633512544802
389.0382317801673
234.8088410991637
142.84162186379928
19.927643369175627
11.41633064516129
4.146132019120379
2.863575268821692
3.1056227598611184
2.068884408606638
0.3997162485110588
4.487753882915173e-12
252.01650238948625
370.369623655914
223.61111111111111
24.488649940262842
28.88791816009558
5.815785543612612
4.146132019120379
2.863575268821692
3.1056227598611184
2.068884408606638
0.3997162485110588
4.487753882915173e-12
149.34363799283153
358.7959229390681
199.71587514934288
23.368443847072882
7.606780167268525
5.815785543612612
4.146132019120379
2.863575268821692
3.1056227598611184
2.068884408606638
0.3997162485110588
10.45403972520908
57.868876941457586
198.62641875746715
209.798013739546
70.03991188769415
7.606780167268525
5.815785543612612
4.146132019120379
2.863575268821692
3.1056227598611184
2.068884408606638
0.3997162485110588
4.487753882915173e-12
227.74865591397855
347.22222222222223
501.40382317801675
161.8817204301075
34.48846326164874
5.815785543612612
4.146132019120379
2.863575268821692
3.1056227598611184
2.068884408606638
0.3997162485110588
1.8668085424133811
48.16285842293906
407.33049581839913
276.62522401433694
106.25261350059738
18.434326463560335
5.815785543612612
4.146132019120379
2.863575268821692
3.1056227598611184
2.068884408606638
0.3997162485110588
4.106940710872162
92.21848864994027
207.9607228195938
264.30779569892474
104.01284348864993
18.434326463560335
5.815785543612612
4.146132019120379
2.863575268821692
3.1056227598611184
2.068884408606638
0.3997162485110588
4.487753882915173e-12
112.75462962962963
513.7604540023895
561.8608124253286
201.45833333333334
15.447281959378731
