42.33665621266428
9.168906810035843
5.921109617682199
2.561652479091995
1.5416259707287934
17.29696833930705
32.06025985663082
69.19392174432495
169.73528972520907
189.54338410991633
130.37522401433694
28.664239844683394
14.766502389486257
8.14889486260454
3.9200007467144564
5.469832735961769
1.9682683691756273
8.286589008363203
29.34584080047789
107.3346027479092
282.2543309438471
291.4445191158901
167.27523894862605
61.70773596176822
25.746639784946236
6.271430704898447
4.822356630824372
4.09672192353644
4.957553016726404
10.381645758661888
29.049357825567498
93.69511648745518
227.12104241338113
233.751866786141
161.00843787335722
66.49118876941458
20.101963859020312
7.956690561529271
4.8151769713261645
3.1884595280764634
2.662037037037037
3.5191345579450424
26.06765232974911
75.78741039426522
200.73999402628434
185.20273297491036
180.81578554360811
35.74316756272401
13.409759557945042
14.770086618876938
5.361857825567503
3.0414239844683393
2.126303016726404
8.7463784348865
14.151583034647551
93.78920250896057
202.63440860215053
243.72461170848268
74.20101553166069
27.488948626045396
23.888216845878137
6.2941681600955794
5.574783452807647
4.197199820788531
5.122610513739545
8.471848864994028
31.910095579450417
101.00881123058545
199.1797341696535
202.15875149342892
87.8110065710872
26.007765830346475
22.258811230585422
8.857862903225804
3.001317951015532
3.9143518518518516
13.999327956989244
13.663455794504179
25.541106630824373
80.64889486260454
229.8346027479092
160.3151135005974
48.272774790919954
36.70568249701314
14.535431600955798
8.053315412186379
5.507653823178018
4.536140979689367
4.113037634408602
12.014448924731184
75.62089307048984
100.899417562724
227.9416816009558
256.48782855436076
164.8980734767025
70.58654420549581
22.614359318996414
22.65169504181601
2.76158527479092
3.6451762246117085
5.6137246117084825
20.623730585424134
47.97901732377539
108.64060633213859
194.0807945041816
207.17405913978496
150.73364695340499
61.584154719235364
14.465240442054958
10.69784199522103
13.818772401433693
4.495967741935484
9.145459976105137
7.941420250896058
42.24488500597371
107.07474611708483
316.8537186379928
273.7279719235364
182.8031660692951
42.75660842293907
23.178240740740744
11.184961170848268
5.453554360812425
5.472901732377538
2.877180406212664
13.551187275985663
36.61988500597371
83.92622461170848
136.02673237753882
211.07788231780168
94.85177718040622
38.96277628434886
21.11028972520908
10.066046893667863
8.203479689366786
6.562675477897252
2.563597670250896
9.740068697729987
27.738724611708484
92.52837514934288
144.85028375149344
220.40135902031062
151.10849761051375
37.22240890083632
23.533340800477898
6.3997162485065715
5.247983870967742
4.100011200716845
1.7631459080047789
20.754965651135006
44.28390083632019
73.53979988052569
211.88582735961768
131.51956391875746
132.52576164874552
35.39650537634409
39.151993727598565
13.002128136200717
6.337888291517324
3.187458930704898
3.6045138888888895
22.07915173237754
27.999178614097975
124.79129330943847
197.21102150537638
209.73006272401435
92.75313620071684
31.806115591397855
15.362081839904418
5.108796296296297
6.625448028673835
4.76718563321386
3.3998618578255675
15.732452210274792
27.059289127837516
65.59662485065711
190.48312425328555
192.10685483870967
163.3247461170848
73.49163679808842
22.117308841099163
11.83284796893668
7.69298835125448
5.466099163679809
2.2681488948626045
5.434923835125447
43.13500597371566
105.21654719235364
197.08482676224608
178.54278673835125
79.31675627240143
45.86693548387097
14.10323327359618
9.133027180406211
3.1807497013142174
4.031552419354838
4.2395870669056155
3.3587776284348867
35.96120818399044
108.64060633213859
254.1816009557945
248.53494623655914
215.3136200716846
70.47640382317802
10.489433990442055
15.687014635603346
8.776471027479092
2.0427087066905614
2.4761835424133816
10.577098267622462
55.839307048984466
101.75104540023895
164.42913679808842
237.68070489844678
114.79091995221027
62.81996714456392
20.65625
10.202807646356034
8.732526881720432
3.5073850059737155
3.7483646953405017
5.376754778972521
34.24522102747909
106.11857825567503
181.72043010752688
224.80398745519713
121.88321385902032
27.52587365591398
18.4613201911589
9.02385752688172
4.352281212664277
3.5324335424133806
4.718794802867383
8.99551971326165
22.519115890083633
85.47080346475508
231.27912186379928
242.28681302270013
182.12962962962962
37.84550477897252
