0
0
0
0
10.800713929167479
0
780.4381554352314
2109.4619942583963
1750.4350474327532
859.4554254822524
278.8820273529035
20.53726661392094
0
0
0
0
0
48.36690834711128
465.77572678766353
1174.250009531855
1073.2424266968205
1276.813134649006
131.40512712935225
0
0
0
0
0
0
42.54038898717178
614.3181305109915
1721.6691943103062
1664.8360610730508
830.9773841998118
107.89193710921529
0
0
0
0
1.700278068370352
0
46.267946318886544
0
1407.3082233578025
1201.4333572646433
309.00634795310316
77.95660306167437
0
0
0
0
0
0
0
492.0181828940299
544.2243997723898
1338.2518616261843
287.60316398026555
55.70814701060199
0
0
0
0
0
0
19.521338763550673
503.906806707227
1218.4379797630586
1657.932945752376
723.5331611009701
362.60045212524653
0
0
0
0
0
0
24.776393675022412
167.91042820576826
357.7635643284512
1364.0913134487857
293.7478132716154
0
0
0
0
0
0
0
34.0084209511513
554.7681685799193
1577.3178648862272
1609.9354455720027
502.3422513172151
122.06828533136932
0
0
0
0
0
0
0
493.07315710086067
1038.265596138551
1637.9521129661186
924.5290903698435
146.21498929964548
0
0
0
0
0
0
0
402.15746223809884
1195.82126797769
1366.2392615575798
777.239870803286
139.86273442614015
0
0
0
0
0
22.873019386960046
6.389048567109292
460.52903143507126
1123.144421234496
1720.0983807194366
782.1096756864963
61.542268087183885
0
0
0
0
0
0
56.833974102370235
280.5908889454931
1210.0291435898907
1516.9721523959522
926.0046843137266
142.29250412993113
0
0
0
0
0
0
36.47238222838418
503.73559501592035
1801.7134331522502
1861.2932412025327
778.9212908434899
246.146895132482
0
0
0
0
0
0
25.743284472712908
430.3512194013043
2196.362770513025
2482.236310327659
1161.213926636465
186.53251374003008
0
0
0
0
0
0
0
0
893.4855904394148
594.4789233323003
380.51187601746176
0
4.386932435826779
0
0
0
0
0
0
487.100242595822
1047.6605068479637
1667.4622966018137
1314.1972479464132
81.55306476525868
0
0
0
0
0
0
0
482.1380882482162
1386.9417038427491
1432.517568519513
586.2377863939913
282.5970091250799
19.17189098472882
0
0
0.13880018073277256
0
0
0
415.9341654253669
781.0851152792217
487.3505662459369
637.4795821457661
69.09739539479783
0
0
0
0
0
0
35.08454147043848
420.67651958214185
741.7530242753676
1278.4596668779045
549.2932792247627
45.527424993255295
0
0
0
0
0
0
42.369897921113676
616.2473304397345
1197.1444393008987
2120.8072428319506
1033.4848422405603
73.4885357691061
0
