6.467368578255675
3.494092741935484
2.3887022103020024
2.5906137993103657
5.018667861409797
2.98418458781362
79.89097968936679
207.77329749103941
173.4281660692951
98.17465651135007
47.14493727598566
13.45952807646356
4.851403823205228
3.458669354865921
2.3887022103020024
2.5906137993103657
1.7258064516401148
9.722983870967742
49.87679211469534
118.3729091995221
108.72535842293907
138.24708781362008
33.13284050179212
6.345579450445371
4.851403823205228
4.147252090800478
2.3887022103020024
2.757780764635603
1.7258064516401148
9.258527479091995
64.19877538829152
170.88933691756273
165.46818996415772
95.699298088411
30.98902329749104
6.345579450445371
4.851403823205228
3.458669354865921
2.3887022103020024
4.855361409796894
1.7258064516401148
9.711036439665472
0.9473192951015532
140.9199522102748
121.23282556750299
45.86469534050179
28.232526881720432
7.864433990442055
5.1634632616487455
4.036589008363202
2.3887022103020024
2.5906137993103657
2.3992682198327357
3.933183990442055
52.70683990442055
58.43040621266428
134.45340501792114
43.94787933094385
26.21415770609319
6.345579450445371
4.851403823205228
3.458669354865921
2.3887022103020024
2.5906137993103657
1.9900910991636798
7.34731182795699
53.95385304659498
123.08841099163679
165.17697132616487
85.8090651135006
55.702284946236546
11.400462962962962
4.851403823205228
3.458669354865921
4.299171146953405
2.5906137993103657
1.8038194444444444
7.9517771804062125
21.906735364396656
40.834080047789726
137.17891278375149
44.8066009557945
15.14920960274791
6.345579450445371
4.851403823205228
3.458669354865921
2.3887022103020024
2.5906137993103657
1.7258064516401148
8.938560334528075
59.05017921146953
157.69862604540023
160.84229390681003
64.91226105137396
32.912933094384705
6.517517921146952
4.851403823205228
3.458669354865921
2.3887022103020024
2.5906137993103657
2.4311155913978495
0.6709453405017921
53.263142174432495
106.2313321385902
163.65740740740742
105.46632317801672
35.34460872162485
11.054360812425328
5.508139187574671
3.458669354865921
2.3887022103020024
3.5984169653524494
1.7258064516401148
3.414516129032257
44.67965949820788
121.44937275985663
137.78375149342892
91.51396356033453
34.859244324970135
8.494997013142175
9.162933094384707
3.95221027479092
2.3887022103020024
3.7023222819593786
6.651135005973716
6.61739844683393
50.38829151732377
114.63186977299881
171.7928614097969
92.12626941457587
27.487679211469533
7.682160991636796
5.110916965352449
4.127352150537634
2.3887022103020024
4.782892771804063
1.7258064516401148
11.55766129032258
33.29114396654719
123.08841099163679
152.49402628434888
106.05249402628435
35.34460872162485
6.978419952210275
4.851403823205228
7.90162037037037
5.641763739545998
2.644347371565113
1.8627277479091993
9.722983870967742
54.778972520908006
179.86857825567503
185.59587813620072
92.12626941457587
45.41517323775388
6.345579450445371
4.851403823205228
3.458669354865921
2.3887022103020024
4.074858124253286
3.990554062126643
8.811992234169654
47.88306451612903
217.79047192353644
245.17995818399044
128.87582138590204
39.84206989247313
8.619885005973716
6.5437948028673825
3.458669354865921
2.3887022103020024
2.5906137993103657
1.7258064516401148
2.5981705495818397
0.21334005376344087
93.23103345280765
64.63560334528077
54.30891577060932
20.266950418160096
13.532332735961768
4.851403823205228
3.458669354865921
2.3887022103020024
4.830607825567503
1.7258064516401148
0.3334229390953121
53.580495818399044
108.13918757467144
167.49178614097968
143.84371266427718
30.067204301075275
6.345579450445371
4.851403823205228
3.458669354865921
2.3887022103020024
2.5906137993103657
2.3825418160095575
5.042204301075269
53.2444743130227
140.7706093189964
145.15755675029868
74.33206391875747
49.45191158900836
15.217667264038232
4.851403823205228
3.458669354865921
6.763702210274791
2.621659572879331
1.810188918757467
0.3334229390953121
47.046744324970135
82.93757467144565
54.84991039426523
79.40598864994026
29.159572879330945
6.345579450445371
4.851403823205228
3.458669354865921
2.3887022103020024
2.5906137993103657
1.7258064516401148
10.323715651135005
47.64411589008363
79.33467741935483
130.7347670250896
71.1398596176822
27.050104540023895
6.345579450445371
4.851403823205228
3.458669354865921
3.725283751493429
2.5906137993103657
1.7417275238948626
11.152195340501793
66.50985663082437
123.08841099163679
211.52927120669057
117.66390382317802
29.876045400238954
10.171370967741936
