4.851403823205228
3.6560894563918755
2.3887022103020024
3.6047640382317803
1.7258064516401148
15.073192951015532
41.39411589008363
121.21042413381123
142.64486260454004
103.34192054958184
39.002389486260455
6.767473118279568
5.285244922341696
3.8646580047789727
2.6911999701314215
2.5906137993103657
2.782967443249701
9.722983870967742
61.12231182795699
164.060633213859
152.49402628434888
90.05787037037035
30.608198924731184
6.441106630824371
6.905204599761051
6.711730884109916
5.92278972520908
2.5906137993103657
1.7258064516401148
9.118145161290322
46.33736559139785
119.3847072879331
119.9260752688172
34.509408602150536
30.063844086021504
7.539650537634409
5.346550179211469
3.458669354865921
2.3887022103020024
2.5906137993103657
5.0676896654719235
5.746729390681003
51.194743130227
103.65516726403823
161.67861409796893
138.7884557945042
31.53151135005974
6.345579450445371
6.250858721624851
5.147812126642772
3.2309214456391877
2.5906137993103657
5.23159348864994
9.711036439665472
57.80689964157706
170.88933691756273
215.41218637992833
105.46632317801672
34.21856332138591
7.603345280764636
7.598603643966547
3.458669354865921
2.3887022103020024
3.837216248506571
2.0919952210274793
7.18452807646356
55.35394265232975
163.90008960573476
142.648596176822
74.78755973715651
28.232526881720432
8.385454002389487
5.64426523297491
3.512402927120669
2.4683094384707287
2.5906137993103657
1.8627277479091993
3.8121789127837515
54.72296893667861
97.12888291517322
142.64486260454004
85.8090651135006
45.26471027479092
13.242607526881718
4.851403823205228
3.458669354865921
5.484206989247312
2.6256391875746714
2.7240516726403823
11.414292114695339
47.64411589008363
142.45071684587813
190.54659498207886
83.23663381123059
35.520833333333336
12.89165173237754
6.293869474313023
3.5287223715651135
3.447431302270012
2.5906137993103657
1.7258064516401148
6.686842891278375
56.04838709677419
135.52867383512546
136.91756272401435
85.65598864994027
32.48730585424134
6.345579450445371
4.851403823205228
3.458669354865921
2.3887022103020024
2.5906137993103657
1.7258064516401148
6.136514336917562
50.75044802867384
138.61260454002388
121.21042413381123
70.1280615292712
29.159572879330945
12.706093189964157
4.851403823205228
6.937425328554363
2.3887022103020024
2.5906137993103657
1.7524742383512544
0.4584042712066906
41.91308243727599
137.17891278375149
186.08124253285544
119.35894563918758
32.72214755077658
13.435259856630825
4.9425515232974915
3.5287223715651135
2.3887022103020024
2.664247311827957
1.7258064516401148
10.57871863799283
55.35394265232975
190.54659498207886
178.19967144563918
102.82295400238948
29.876045400238954
6.345579450445371
4.851403823205228
3.458669354865921
5.484206989247312
2.674996266427718
1.7795400238948622
10.46297789725209
8.676821983273596
118.80973715651135
118.89187574671446
84.84580346475508
21.4616935483871
13.271356033452808
8.33015979689367
3.458669354865921
2.3887022103020024
2.5906137993103657
1.7258064516401148
11.414292114695339
62.76881720430107
106.2313321385902
143.2534348864994
105.60073178016727
55.96736857825569
8.845243428912784
6.375858721624851
3.458669354865921
2.3887022103020024
3.6477747909199523
1.7258064516401148
7.4473715651134995
64.19877538829152
148.21908602150538
224.081541218638
91.57370071684588
31.64613201911589
11.382915173237754
4.851403823205228
3.458669354865921
2.3887022103020024
3.1717443249701316
1.7258064516401148
14.26823476702509
52.70683990442055
124.46236559139786
116.1215651135006
62.336096176821975
34.29136798088411
11.054360812425328
4.851403823205228
3.5573812724014338
2.3887022103020024
2.5906137993103657
1.7258064516401148
0.3334229390953121
54.0621266427718
87.77628434886499
93.71266427718041
50.530540621266425
27.328629032258064
6.536626344086022
4.851403823205228
3.458669354865921
2.3887022103020024
2.5906137993103657
1.7795400238948622
6.61739844683393
45.803464755077655
137.78375149342892
110.03584229390681
106.63866487455198
39.002389486260455
14.824148745519713
6.293869474313023
6.937425328554363
2.3887022103020024
4.162037037037037
1.7258064516401148
9.886140979689365
33.99006869772999
52.97565710872163
109.72968936678615
60.01754778972521
31.69952210274791
13.242607526881718
4.851403823205228
4.194220430107527
2.3887022103020024
3.0622759856630823
2.159647550776583
9.320131421744325
54.72296893667861
129.15919952210274
122.78972520908005
79.40598864994026
30.58057048984469
6.377421221624849
