26.057795698924732
11.900798984468338
4.519451911589008
4.809057646356034
3.6994175627240145
14.818324372759857
25.644526583034647
91.43891875746715
226.32243130227002
222.45743727598565
158.75709378733575
61.6543458781362
26.555891577060933
8.453181003584229
5.0307272998805255
3.234856630824373
8.147364097968937
8.193996415770611
35.53222072879331
99.39478793309438
228.71079749103941
274.5306899641578
195.54584826762246
46.780167264038234
28.150462962962962
10.675067204301076
8.828405017921147
4.17591472520908
0.8540259109916368
9.46968339307049
27.259333930704905
62.15389784946237
174.96527777777774
154.0359916367981
52.952508960573475
29.878584229390682
14.71441905615293
8.817166965352449
7.971811529271207
3.493343040621266
5.835722819593788
14.726777180406213
26.584266726403822
76.34781959378732
147.9666965352449
134.06586021505376
68.02942054958184
19.710461469534053
15.944220430107526
13.358572281959376
5.623282556750299
3.2719235364396653
3.789381720430107
10.894937275985662
24.515456989247312
78.5110513739546
194.33505077658305
171.94519115890083
53.86723416965352
31.434214456391874
11.40344982078853
3.5512432795698925
4.57534348864994
3.959942502986858
0.518107825567503
14.772513440860218
30.20773596176822
89.55122461170848
155.1590501792115
173.18287037037038
83.90419653524492
30.515158303464755
17.630077658303463
10.996042413381122
9.52673237753883
2.7698738052568697
7.46311230585424
10.483161589008363
38.993764934289125
111.4060633213859
189.75993130227002
214.88724611708483
62.24014336917562
32.75242682198327
20.680779569892472
9.684886499402628
3.2819444444444446
3.8177083333333335
6.694332437275985
14.17734468339307
37.712253584229394
75.01157407407408
238.3968040621266
139.79129330943846
102.11021505376341
58.6488201911589
28.2501866786141
6.643593189964157
5.753016726403823
3.5207213261648738
1.7211170848267623
5.212253584229391
11.718488649940262
66.7379778972521
166.31421744324967
238.17540322580646
79.925701911589
46.28845579450418
10.103681302270013
6.024342891278375
1.4144937275985663
2.891345579450418
2.8930966248506573
4.173275089605735
29.92600059737156
72.73110812425328
155.34834229390682
188.78957586618876
141.6297043010753
45.6892174432497
23.137283452807647
13.02856182795699
3.33180256869773
4.479222670250896
2.3995333034647546
1.8436790621266428
26.366188769414578
99.17637395459977
218.33333333333337
186.24514635603344
121.0110513739546
30.68156362007169
14.693212365591394
8.366972819593787
7.741338112305854
3.4564964157706095
3.4968899342891278
8.604614695340501
29.81653225806451
99.38582735961768
245.5413679808841
249.54749103942652
185.07728494623655
38.77296146953405
21.58273596176822
10.469086021505376
3.6256869772998805
4.477665770609319
1.0912570937873356
6.806339605734767
34.01090203106332
90.46258960573478
198.4371266427718
291.68832138590204
127.15688470728793
67.12178912783752
20.955122461170852
7.815934886499402
5.993914277180406
5.22151284348865
2.1250336021505376
1.5116188769414578
42.26889187574672
59.42839008363202
241.19063620071685
210.90501792114696
119.3757467144564
68.55286738351255
25.761462066905615
16.30518219832736
5.294989545997611
5.5656810035842295
3.97172192353644
7.165546594982079
42.65195639187574
74.57063918757467
208.91315710872163
198.36656212664275
128.6846624850657
37.07922640382318
19.269078554360814
10.068473715651136
5.913231780167265
3.1130077658303463
2.74666591995221
5.326724910394266
28.61869026284349
74.23125746714456
202.52165471923536
230.89456391875743
151.3310185185185
67.71169354838709
28.0019041218638
5.204898446833932
6.812089307048985
3.695441308243728
2.169015083632019
4.844347371565115
29.838112305854242
77.0123954599761
139.89732676224608
197.17368578255676
79.18384109916369
28.692614994026286
23.64239844683393
9.729876045400237
8.748282556750299
4.4993466248506575
4.097595579450418
17.31432945041816
43.74141278375149
98.77426821983275
174.2103494623656
184.483646953405
103.11006571087216
40.73887395459976
12.523596176821984
6.93563321385902
3.646904868578255
4.464971624850657
5.482601553166069
9.094832735961766
27.310185185185187
66.73275089605734
236.04353345280765
226.3340053763441
127.51194743130225
46.83617084826762
11.27759109916368
10.128509557945042
7.194593787335723
3.8604166666666666
2.6353009259259257
7.192913679808841
25.87205047789725
77.63328853046595
195.1205943847073
199.69272700119475
88.14105436081242
37.098192951015534
