278.01230137395464
329.5369941009559
148.57225843787336
161.8808890755675
106.97132470878137
79.86603699970135
607.5504435483872
3375.3480772102753
7212.136499402628
4695.277740442055
1956.105458482676
1039.09088635006
309.3844724462365
273.21119511648754
214.08681862305855
119.17937104241335
132.95557683691757
221.58152068399036
763.2224040471923
3325.020403972521
6228.341285842294
4175.713276583036
2648.81577434289
992.6959117383511
394.82903823178026
256.01609841696535
172.75668160095574
217.63494212962962
123.67987261051378
207.94655577956985
675.6337071860064
2391.5420848267627
6130.259221923537
4960.079032258065
1607.2879890979696
659.6372169952209
281.3577826314218
385.4606410543608
321.24003845579443
204.45954159199525
155.32748331093194
212.63788306451607
1042.6805256869775
3662.1047640382317
9349.665453255679
5260.702609767027
2733.520362903226
851.7681929510154
811.5273682048988
411.5767730734766
127.28219623655916
146.0008772774791
168.00791972819593
278.8530219534051
718.7415456989241
1933.3006705495825
7108.805260603345
6009.5600619772995
4014.6887134109925
1136.6312910692948
647.2397561977301
196.25904681899644
170.91932045250903
117.70590400985664
260.8698898596176
138.34287634408608
598.7671807795699
1864.597834528077
6689.045459976105
6284.566364247312
3325.652751642771
1151.3286775686975
230.50543757467153
230.50581466547192
147.0945415173238
150.616429286141
90.03954334677418
495.79456727897264
599.6590677270012
3314.407325268817
6939.836603942652
4410.851217144563
2834.4012582138585
1214.502620967742
614.7288298984467
265.9289456391876
101.95653677568697
146.56998663381125
76.0017979390681
61.83978849313023
576.6345710125449
2574.558732825568
6430.65608572282
5008.934628882917
1809.7031324671457
772.791726403823
314.6178946385902
211.31489396654723
110.76635752688175
72.71255294205497
55.06395781063322
165.0400742980884
620.9232739695337
2159.220561529271
5004.685498805257
3179.8596400836327
1500.2190748207881
790.7737836021507
317.89090315113503
285.8806638291517
165.53375485364396
138.1288197057945
207.7885163157109
275.8738455794504
452.75711021505384
3393.0324522102756
7591.799902927123
5012.155458482674
2610.3416965352453
1279.3645609318994
448.2633370669054
260.4448663381123
177.78533228793313
263.1496217891279
121.22251508363203
306.2956933243728
1025.974779719235
4434.704065860214
7441.9414799880515
6589.971818996416
4178.706369474314
1372.1561641278372
324.37879405615297
186.03183729091992
157.98544765531662
92.90252389486261
126.98545385304661
484.4663377389488
972.8097729988052
3625.992017622462
7489.019933542415
6337.722461170848
4490.5187836021505
826.7610285991641
568.8550627240144
434.45419317502984
174.262612753883
80.60686902628434
66.43987100507768
170.10068623058544
556.6192727001192
4347.082231929509
7430.088840352447
4758.257209528076
2714.96254853644
576.6821572580648
292.568354241338
240.69555256869765
141.26368697729993
108.26103330346477
194.07990442054952
435.6988713410995
741.0957709826763
3056.3070564516124
6695.052128136203
5602.186760752687
2415.798301224612
689.0808202658307
586.9930723566307
147.63952994324967
115.07866879480287
136.42790580197135
73.8345737753883
95.39546766726403
534.023960946834
2428.6161477001206
6213.461017771803
3347.9494063620073
1694.9700791517328
561.0616483721625
697.1873835125447
468.3198607377537
355.6698678315411
129.10092301373956
307.1458071983275
185.67880861708485
356.626901508363
2053.870473790322
5665.668492383511
5020.1161701015535
3050.7390793010745
966.7979166666669
523.8639822281962
204.43000597371557
157.46312402927117
322.4890192278972
89.40159080794506
188.61853195937877
204.42246415770617
1555.2827945788522
4351.866756272403
4145.952501493429
1158.1504629629633
695.9803386350059
214.69583258661888
193.1396576314218
151.08770795997611
167.34468977747903
107.39995840800475
283.3312570937874
629.0987249850658
2665.7541816009566
5127.685181451613
3259.700246415771
2132.341267174432
885.7223234020311
419.1719198028675
208.24390456989252
102.58754147998806
133.5436991860812
63.87925668309436
189.42290061230582
664.770885229988
2059.270011947431
4084.1817727001194
4904.803741039427
2093.9084154719244
759.5774764784946
502.1059733422939
361.478021953405
331.3469548984468
144.57884206989246
102.50305473416968
195.12814142771805
567.2603289277181
3121.134729689367
6183.93769787933
5272.43427792712
2038.2628770908004
511.8457403673834
