2295.238418279503
2090.9561146829415
1995.7897305763745
1610.3462867030094
1774.388804614594
1856.8898513966953
2721.9062163939384
2586.7509746895616
3322.737967102307
4247.87929960909
4313.8161441436
2717.279889306201
2460.536135196467
2333.8760831534223
1768.11916549555
1963.600105806245
2010.3051119195488
2065.1735747239127
2559.561880447027
2978.7998685859825
4173.406273786048
4661.899385601274
5691.0825013753365
3207.611673621595
2997.1023806751864
2571.4788563845905
1719.5720031812068
1901.291779592023
1624.444604838945
1843.4353762139108
2116.5930748958713
2656.090956310148
3262.296431445162
4414.208291772078
3673.989847340716
2647.097140367622
2169.9122257050576
2453.319634602487
2449.5606077982966
1770.6853993833859
1886.3714990265241
2059.162137949658
2785.1284443089617
3055.676814862876
3626.271682729381
4995.300723736553
4265.566388612501
3178.5341152836963
2915.3895073308677
3207.3616573721933
1668.251412546855
1979.5939402787583
1557.6456823672695
2625.3418874664176
2642.5319792196333
3526.9447884361207
4110.965068146214
4853.045497171858
5404.860204437321
4250.617555653886
3117.904954287522
2434.9339655644403
2146.258815125748
1865.5839055538681
2112.287094663061
1936.6679784714197
2079.3138543924374
3166.7854244975542
3652.375568732556
4567.215517778376
4464.89911028831
2964.894821940202
2590.4984912466293
1887.8309905298497
1592.6014929216922
1490.3420043638696
1570.2288785963472
2122.9791061179103
2137.3064160531662
3211.420329672093
4200.098578912464
4990.052931479225
4162.620540821439
3632.936077847346
2981.8159546498173
1954.9209694354292
1517.1132739001985
1573.9925444212784
1444.6605967746054
1729.736065749228
2023.3133769981832
3020.516655695045
3513.0784970259574
3884.6154125998487
3776.4535385554295
2668.7781372179115
2291.265174579133
2050.520769648513
1426.0770111523955
1345.0735156800752
1124.3278447540042
1506.886073646352
2053.4116195978836
2354.138775472626
3040.4798231642067
3305.2968098602105
2988.142117988426
2125.8809602669294
1634.054247485291
1352.7286570396896
940.5127137111664
1110.8230074243813
1251.901011684927
1697.120220836126
1439.6833042001163
2449.486193455195
3712.3401977039543
3830.8807971326837
3481.5478337054233
2123.680237029018
1432.3200866912707
1203.9289870726584
840.591338206417
924.8016729940164
829.2015532746592
971.1125587952607
1830.0903442387178
2817.5115224616948
3366.095116950747
3533.8028948555025
4018.703879238552
2294.2186222355476
1258.5603592434943
809.2223897307773
770.8467286652885
763.65192875079
894.7108046955883
1391.8838106432092
1930.942463324807
2264.1746985501172
3473.9161605681365
3834.1598032603806
3973.5913334660936
2683.1196001163416
2007.1727928321877
1461.163352066164
884.4989250366829
791.0875913625439
676.4276980595118
1238.6754603477102
1762.7417961635851
2644.4353343221946
3506.751630882248
4312.020109540642
3633.591780953816
2436.8993868319294
1767.5766997043625
1286.0461917628036
859.7806116467357
915.844310707716
903.5375032602485
1651.598506248212
1770.6648326543595
2786.6039767911957
3453.6794158893767
3680.6741004411315
3752.0015362264153
2465.4900336187475
1789.1150038597402
1153.559894197223
992.0111425624664
951.9128096757538
841.8704388839955
1073.4908973707877
1567.304946661091
2720.010043110174
3032.6593631528067
3349.3684538657235
3247.987213605664
2542.3221252110748
2081.723517347927
1441.6328959192804
1020.9145260319946
1167.4091255317535
962.0372081455467
1583.2058396610942
1649.9478175477172
2427.8415566217204
2833.77361291586
3662.3830376981177
3796.5389075492226
2571.3593674464787
2411.6951575724243
1695.5016860061241
1094.3314762748569
1227.8705292938819
1114.327019886116
1467.185332201031
1630.6818311716702
2628.6122873210597
3129.94615760548
3731.581088237027
3362.716719750387
2481.0919412948115
1765.274074239405
1506.2686912017537
1155.9537091456343
1417.0295435983976
1419.378778623145
1605.6699989704998
1649.5260196992247
2434.664715937852
3066.0209661369213
3354.359142200094
2860.3693217678556
2431.477026835165
1982.8883403717432
1378.857887307749
1148.2220266230515
1179.6420447152873
1323.4620606621554
1489.0190557599456
1783.326350054381
2287.211797293647
2877.6178598473534
3222.38262432725
2465.7258001984333
2002.4757990026922
1769.436149144531
1476.6290911261863
1223.9067004291092
1228.8555139026043
1044.7179012854938
1448.5932743900785
1887.6148259801996
2530.055161077032
3145.897927692448
3547.9935899858388
3430.1632410829293
2465.890509203174
