0.0
0.0
0.0
0.0
0.0
0.0
0.0
17.921139486260454
126.56851105137396
121.71255227001194
126.56851105137396
0.0
0.0
0.0
0.0
0.0
0.0
0.3733557347670251
0.0
14.93414351851852
106.03251941457587
177.34367532855435
33.22883064516129
7.093738799283154
6.3471139486260455
0.0
0.3733557347670251
0.7467278972520908
0.0
0.0
0.0
27.62833408004779
126.56851105137396
141.50141875746715
26.881705495818398
0.0
0.0
0.0
0.0
0.0
0.0
0.3733557347670251
0.7467278972520908
65.71221624850656
85.12731481481482
124.7008288530466
49.65464456391876
0.0
0.0
0.0
0.0
0.3733557347670251
0.0
0.0
1.493414351851852
35.842293906810035
92.96733124253285
84.38052568697731
32.1086096176822
1.493414351851852
1.1200899790919951
0.0
0.0
0.0
0.0
0.3733557347670251
0.7467278972520908
20.908131720430106
94.45747461170848
85.12731481481482
71.3111559139785
0.0
0.0
0.0
0.0
0.0
0.0
0.0
0.0
29.12205047789725
111.262208781362
102.30167264038232
23.14804734169654
17.174473566308244
0.7467278972520908
0.0
0.7467278972520908
0.0
0.0
0.0
0.0
30.615330047789726
99.68679062126643
97.07194593787335
10.080734767025088
17.174473566308244
0.0
0.0
0.0
0.0
0.0
0.0
0.0
65.71221624850656
171.3713410991637
12.694190561529268
97.07194593787335
12.320687724014338
0.0
0.0
0.0
0.0
0.0
0.0
0.0
35.842293906810035
178.83800029868578
123.20687724014337
94.08788829151733
7.467278972520908
1.1200899790919951
0.0
0.0
0.7467278972520908
0.0
0.0
7.467278972520908
14.187481332138592
97.81910842293907
120.96957138590203
79.52456690561529
8.2139075567503
0.3733557347670251
0.0
0.0
0.0
0.0
0.0
0.0
38.82937574671445
132.1674507168459
92.96733124253285
48.164463859020316
12.694190561529268
0.0
0.0
0.0
0.0
0.0
0.0
0.0
16.05430854241338
110.51508363201911
148.96766726403823
97.07194593787335
0.0
0.0
0.0
0.0
0.0
0.0
0.0
0.0
37.70911738351254
125.44795400238948
99.68679062126643
49.65464456391876
14.561017771804062
0.0
0.0
0.0
0.0
0.0
0.0
6.7206541218638005
19.041304510155317
135.15568996415772
118.72849462365589
63.0973715651135
6.7206541218638005
0.0
0.0
0.0
0.0
0.0
0.0
0.0
43.30854241338112
131.0468936678614
148.96766726403823
154.57075119474314
48.53823178016727
0.0
0.0
1.1200899790919951
0.0
0.0
3.3602337216248506
0.0
70.93738799283155
178.83800029868578
184.06317204301075
68.69631123058544
0.0
0.0
0.0
0.0
0.0
0.0
0.0
0.0
51.52232676224612
148.22087813620075
126.94190561529271
42.18798536439665
7.093738799283154
0.0
0.0
0.0
0.0
0.0
0.0
0.0
43.682310334528076
102.30167264038232
154.57075119474314
128.06283602150538
0.0
0.7467278972520908
0.0
0.0
0.0
0.7467278972520908
0.0
0.0
20.534595280764634
132.54084528076464
135.15568996415772
30.615330047789726
8.960569743130227
