26.75115740740741
13.43761200716846
8.218600657108722
4.825642174432496
7.580682497013142
20.44694593787336
39.234804360812426
103.14105436081242
226.99074074074073
204.31339605734766
218.2269265232975
40.19911140979689
30.08837365591398
9.728307945041816
3.3264112903225804
3.9275126941457588
1.1440785543608125
9.121005077658303
29.50929659498208
72.13149641577061
154.03748506571088
182.37753882915175
162.64486260454004
66.51993727598567
26.071236559139784
14.813993428912784
10.720355436081242
2.5660058243727595
3.4302158004778973
5.584640083632018
29.900910991636792
31.821161887694146
190.29569892473117
196.34333930704895
97.64000896057348
57.056451612903224
31.450044802867385
24.117196833930706
6.441532258064516
4.505775836320192
6.214867084826763
8.873581242532856
41.66778673835126
104.02927120669057
203.34976105137395
217.8770908004779
176.87836021505376
70.54883512544802
20.658527479091994
8.45221027479092
5.450492831541219
3.511827956989247
6.848790322580645
16.37373058542413
56.09206989247312
143.70669056152929
210.6025985663083
273.73730585424136
218.42107228195937
67.75052270011948
32.80820639187575
5.69295101553166
6.750373357228196
1.844496714456392
7.26747311827957
6.2962216248506575
38.550029868578264
100.84005376344086
235.60371863799278
215.8374402628435
154.1435185185185
42.97192353643967
24.43630525686977
8.87324522102748
4.607825567502987
3.3275126941457587
3.671938470728793
4.556978046594982
29.506645758661886
74.3746266427718
150.775462962963
205.8919504181601
97.35513739545999
55.82362604540024
13.963635005973716
9.146617383512545
4.62037037037037
4.638997162485066
5.985999103942653
7.086805555555555
43.848939665471924
111.53748506571087
296.2682945041816
258.1828703703704
128.27732974910396
27.60875896057348
25.855436081242534
11.416143966547192
6.429659498207886
2.6720878136200716
4.623995669056153
7.96706989247312
28.51844384707288
73.06302270011948
180.53016726403825
218.69324970131422
94.64755077658303
49.99253285543608
21.936977299880525
12.450007467144564
4.25287858422939
2.557119922341696
3.344470579450418
8.149305555555555
41.67973416965352
135.93227299880525
215.69257765830346
212.42084826762252
124.55533154121864
27.881907108721624
23.03733572281959
17.38724611708483
3.747797192353644
3.095269563918757
2.9362417861409797
14.690486857825567
31.13791816009558
114.7894265232975
219.97871863799284
248.36469534050178
129.86820489844683
48.79442951015532
29.915994623655912
7.452919653524492
3.2511723416965355
2.825959528076464
2.9064926821983277
9.267249103942651
9.488873954599761
91.43891875746715
211.27090800477896
196.90150836320194
137.47162485065712
30.79558691756273
34.34711021505376
10.922192353643966
3.425182945041816
2.882269265232975
2.590079898446834
12.344608721624851
29.055256869773
78.51105137395461
138.24708781362006
168.68951612903226
98.86350059737157
62.911066308243726
10.023521505376342
12.69399641577061
3.3824148745519715
2.6818735065710873
0.7197207287933094
4.677158004778972
19.339568399044204
66.90486857825567
191.3705943847073
198.53905316606927
136.83094384707286
46.5527927120669
27.624626642771805
7.4742756869772995
8.511238052568698
5.227822580645161
2.148405764635603
8.564366786140981
32.81698028673834
97.59781959378734
243.546146953405
277.848715651135
121.5725806451613
51.505002986857825
24.59225657108722
6.841995221027478
5.061417264038232
4.733310931899641
3.590804211469534
4.902068399044206
21.533004778972522
76.05174731182795
195.0388291517324
268.78397550776583
97.98088410991637
33.67764336917562
14.988500597371566
10.200082138590203
6.983273596176822
1.5815897550776583
3.025339755077659
4.084972371565113
29.71109617682199
102.19198028673833
151.3963560334528
180.56563620071682
96.14732676224612
61.40120967741935
10.673387096774196
5.094608721624851
5.508661887694145
3.0569929808841096
6.538978494623656
3.006503882915174
28.330906511350058
102.15576463560335
124.2730734767025
122.53285543608125
93.55361409796893
43.293757467144566
15.904943249701315
8.216621863799283
5.173051075268817
3.9019339904420556
2.609277927120669
8.251680107526884
36.58710424133811
110.30465949820788
173.7962962962963
197.06242532855435
62.756496415770606
40.3201164874552
24.07377538829152
17.273073476702507
10.632803166069294
3.37298013739546
4.9680966248506575
21.51373954599761
41.27146804062126
110.78703703703704
259.34401135005976
230.78218339307054
168.46811529271207
74.79054659498208
