4.851403823205228
3.458669354865921
3.538978494623656
5.671706989247311
5.888739545997611
10.593652927120669
56.04838709677419
156.45534647550775
185.07691158900838
97.40554062126644
36.6274641577061
7.241935483870968
4.851403823205228
3.570116487455197
2.3887022103020024
3.0841547192353644
1.7258064516401148
3.9184737156511344
8.685035842293907
121.44937275985663
132.9786439665472
84.68152628434886
34.859244324970135
6.345579450445371
5.814628136200717
3.458669354865921
3.312126642771804
2.5906137993103657
1.7258064516401148
0.3334229390953121
43.458781362007166
110.03584229390681
85.26359020310633
46.92465651135006
19.676672640382318
11.392622461170848
7.197393966547192
6.539762544802867
3.0454375746714457
2.79758064516129
3.1157034050179213
10.57871863799283
43.43264635603345
148.21908602150538
140.5428614097969
93.15673536439665
31.64613201911589
7.705645161290323
5.2721027479092
4.46326164874552
2.3887022103020024
2.5906137993103657
1.7258064516401148
15.263978494623656
65.72207287933094
129.15919952210274
140.5428614097969
119.35894563918758
49.793160095579445
11.121938470728791
7.705197132616488
4.194220430107527
2.834490740740741
2.5906137993103657
2.3737679211469533
1.3905839307048984
41.18130227001195
142.64486260454004
232.05645161290323
65.16241039426524
47.14493727598566
6.345579450445371
7.948028673835125
3.458669354865921
2.487414127837515
2.5906137993103657
1.7258064516401148
15.780704898446833
67.54778972520909
135.27105734767025
173.4281660692951
123.2903972520908
33.55361409796894
10.958781362007167
4.880061603942653
3.649716248506571
2.6928016726403823
5.806638291517323
1.7258064516401148
10.598879928315412
47.046744324970135
95.97147550776583
128.57676224611708
83.2814366786141
29.876045400238954
6.345579450445371
4.851403823205228
3.458669354865921
2.3887022103020024
2.644347371565113
3.125261350059737
10.323715651135005
71.65098566308244
140.7706093189964
214.94175627240142
98.85043309438471
37.04002389486261
12.952882317801672
9.294354838709678
3.458669354865921
2.3887022103020024
2.5906137993103657
1.7258064516401148
11.458721624850655
64.71027479091995
157.69862604540023
211.3500597371565
72.3980734767025
32.912933094384705
9.477971923536439
8.502128136200717
5.804659498207886
3.17002688172043
2.5906137993103657
1.9319780465949816
11.414292114695339
72.08408004778973
176.32541816009558
207.77329749103941
152.07997311827958
40.5973715651135
15.34572879330944
7.134931302270012
3.458669354865921
2.3887022103020024
3.5442801672640383
1.7258064516401148
9.711036439665472
62.92189366786141
158.59468339307048
176.32541816009558
117.76844384707287
47.14493727598566
9.434289127837514
4.851403823205228
3.458669354865921
2.3887022103020024
2.621659572879331
1.7258064516401148
12.752031063321386
34.42204301075269
113.66114097968936
173.4281660692951
94.89284647550777
33.411364994026286
11.121938470728791
5.524865591397849
3.5382765830346474
2.3887022103020024
2.5906137993103657
1.7258064516401148
8.373670848267622
46.33736559139785
154.11439665471923
183.21759259259258
99.95930406212665
35.34460872162485
11.006944444444443
5.064743876941457
3.458669354865921
2.3887022103020024
2.5906137993103657
2.037865890083632
4.206257467144563
28.403897849462364
49.316756272401435
129.15919952210274
95.699298088411
31.369474313022707
6.345579450445371
7.211618876941458
5.130339008363202
2.3887022103020024
2.5906137993103657
1.7258064516401148
8.043623058542414
52.97565710872163
163.65740740740742
232.76956391875746
124.55981182795699
30.41106630824373
6.345579450445371
8.518481182795698
3.458669354865921
2.3887022103020024
2.5906137993103657
1.7258064516401148
10.593652927120669
45.452508960573475
111.08870967741936
141.81600955794505
84.4388440860215
25.393518518518523
6.345579450445371
4.851403823205228
4.716435185185185
2.3887022103020024
2.7418645459976103
4.473006272401434
3.9184737156511344
18.278076463560335
135.52867383512546
116.1215651135006
52.49439964157706
31.64613201911589
6.345579450445371
4.851403823205228
3.458669354865921
3.077284946236559
2.5906137993103657
1.7258064516401148
5.555570489844683
16.54868578255675
37.26291816009558
63.12724014336918
73.91763739545998
19.006123058542414
9.796520310633213
4.851403823205228
3.458669354865921
4.62869623655914
2.6503173536439664
1.7258064516401148
7.423103345280764
24.708781362007173
45.43757467144564
114.91562126642772
84.68152628434886
51.656959378733575
10.78853046594982
