318.0669634856631
177.36170997610515
116.18255910244925
148.8056970952808
87.48776041666669
267.91239209976106
649.936269787933
2727.8972894265244
6858.664728942651
5727.204954450422
2796.250485364397
830.1209233124254
367.8849398894861
249.2990203106332
123.76913033900831
107.75551355286738
187.2663062649343
156.53248133213862
642.0920683990443
2182.494227897252
6474.687780017921
5427.999884259262
1624.684330197133
1501.9729726702512
577.7220038082436
220.22189180107526
143.67788045101548
95.24013313918756
150.520934139785
248.95335050776592
677.3111820489845
3860.8638104838715
8199.514034498203
6617.834800627236
3087.9900500298695
1254.6832213261648
398.5221572580645
199.22627949522098
166.90952919653523
161.52552774044207
117.63512432795697
160.10200791517323
1033.9163302718046
2837.665807945042
7106.807646356034
7055.587686678616
1324.5794728195935
281.21041143966545
703.3885580943848
159.7973133213859
134.07807986111106
129.235291218638
57.800350582437275
562.8299768518518
1076.6147961469537
3443.8214531063327
6728.125377090801
5197.044052419354
3466.878550627239
574.1045165023895
318.31909124850665
401.87824708781363
193.69462850955796
179.17629618428919
234.53444242831546
396.93188844086023
725.2348749253288
4356.425085872164
8140.341916816013
5656.849839456392
3675.141170101552
1027.346206690561
468.34156137992824
308.87007355137393
244.0123898596176
260.7548928091398
211.5690359916368
328.85267099761063
899.3769675925929
3118.341942951015
6293.468484916368
5311.747651583035
3480.868873207884
1171.0570788530465
296.5900220280765
263.6695564516129
115.6322734841697
127.69286234318996
117.7057104988053
247.98591659199516
398.37017995818405
2623.30664202509
4470.856765232975
5189.277848715653
1970.450265083632
1057.4161402329748
537.2120206093188
267.1983620818398
376.6900974462366
127.34337070639187
239.21508101851853
149.85304920848264
768.643154868578
3505.553748506572
7148.259221923538
6828.058363201913
3383.246273894862
965.3241935483873
451.12818361708474
342.36305070191156
115.11740516726401
154.45715031362005
154.27145945340507
68.34321236559138
507.98390979689356
3462.71104390681
8332.81052120669
5641.273924731182
3414.1751642771806
780.5134083781361
874.4479177867381
139.26935857228196
122.03674111409798
161.85901814516131
86.51793384109914
98.15992909946236
1049.5827434289124
3328.369825268816
8573.354988052568
5819.234472072879
1845.9925141875751
741.6137070639192
226.97560297192354
135.83460073178014
156.50315300179216
146.58932620221026
86.78645101553167
231.2743219832735
618.321065561529
3479.812705346475
7046.2963224313025
5836.699443697729
2394.6761686081245
1275.4295138888888
315.9680002986858
162.7469967144564
146.99664030764637
205.16478270609318
50.6319464979092
160.00855548088413
479.4710636947431
2874.9484468339306
7176.947334229392
4183.356115591397
1395.3428427419358
707.2720161290323
421.78124701314215
249.90152105734776
127.38362503733575
136.43249596774191
83.5610028375149
176.7188179510155
615.5587216248507
1907.7278270609322
7988.758493876941
4079.754734169656
2836.900642174432
457.7443555854242
247.9175683243728
283.26902068399045
134.75578255675032
131.51671848864996
109.81558885902035
85.79090363649941
398.2294030017923
3030.6905876642772
5403.422808393071
3626.778199671447
1745.363851553165
626.6311742084828
405.47447356630823
343.3465856481482
271.89063657407405
193.69569843936677
140.9094772998806
206.44215613799284
560.8482022849464
1911.6010603345273
5877.802673237752
4421.130107526885
1546.5628248207886
834.767783004779
410.3970366636798
213.9305607825567
186.38394339904417
112.69470000746719
104.66015897550777
57.742497087813646
666.6292114695341
3002.662257317802
6295.192768070489
4052.3437201314205
2032.977393219832
1333.4179846176828
286.3093906810036
196.96907482078853
107.52108669354836
170.6920060483871
115.93220866935484
269.96761238052574
238.8219190561529
2993.3182721027483
7989.464374253283
6174.056335872163
3394.9158863500597
927.8404039725206
412.5993847072879
262.7664684139785
151.7156545698925
351.6961511723417
155.00898528972527
129.5413433019713
1149.3906847371568
2483.133796296296
7207.353617831543
4001.976821983275
1533.3712701612903
525.454109543011
431.3784318996415
341.2612007168459
190.03675104540025
160.1734837962963
96.6766640905018
224.7196945937873
590.4094885005975
1402.5129995519712
5212.812544802867
2263.2977934587816
1756.9969795400243
848.7713074970131
