492.9151497162488
344.0564374253285
133.15979838709674
140.47921154420553
89.6060200119474
115.70109404868575
861.4089456391874
2902.7766278375148
6753.095859468339
5714.627520161289
3186.583568548386
808.1550489097968
388.6708844832736
287.9610084378734
233.65617196833935
175.17083975507768
246.7844681675626
328.29863201911587
888.7899473566306
4277.8813284050175
7740.278076463557
7036.034849163681
4051.3051448626047
1224.5683654420548
912.3845034348864
359.1576370221027
110.9628685782557
166.4239095355436
129.80839967891285
244.92478569295102
404.86210872162496
3108.40382691159
6579.998267622461
5641.425657108722
3373.230413679809
1185.6406175328557
393.1195538381122
302.8712716547192
276.0370407706094
116.92971068548388
87.21506806302273
256.0565490591398
813.5740804211467
2894.109483273596
6943.412343189964
5352.314456391878
2496.4884445937882
595.2048756720432
340.26437612007174
293.5508221326166
171.09031586021501
240.9377072879331
223.9927044130825
507.2910140382316
1313.2373469235372
4356.7004032258055
8168.777202807646
5782.733661887693
3691.1763739546004
1200.0090016427719
418.32367943548377
139.26724148745524
95.28442738201913
219.26333221326166
197.27952658303462
481.10945601851853
570.2874070340503
3667.838541666665
7415.4375672043
6725.4445527180405
2317.8434214456397
1158.4609057646358
339.82068959080044
229.43229241338116
164.44416479988053
177.35227464157705
198.4872580271804
225.62803726105142
963.0037234916368
3468.2549059139783
7288.261002837515
5386.621886200716
2505.6461805555546
822.0425489097969
573.7034270459976
242.25524529569887
128.27225321087218
115.28157411140978
90.15115173237753
132.0810379330944
439.9812992831542
2745.7820191158903
5956.241946684589
4440.828401284349
2003.0039053166063
1106.8315673536442
364.5126049133812
151.03542712066906
149.4801418757467
108.03932030316605
144.59464915621268
130.96952441756275
147.4710207586619
2811.0932497013137
5297.901836917563
3754.292368578255
1711.6990404719236
1095.317073626045
616.0568238500599
264.02940860215045
217.17041293309438
193.44301960125446
188.94976329151737
372.76254442951006
857.1249678912785
4248.618081690562
7872.62807646356
5997.465539127838
3895.764445191157
937.5174581839905
367.42657967443245
284.7449223416966
93.24824230884109
146.5942144563919
120.7339631869773
217.37234393667856
631.5489740143369
2759.938231780167
6293.172319295099
4247.00218787336
2343.13440860215
1348.3041069295098
471.72918085424124
246.41157183393062
145.4177445489845
107.73840897550778
176.2207071385902
275.4888164575868
544.0540867682197
2655.1027292413382
6532.320437574673
4808.833385603344
2956.657560483871
882.9960349462369
678.1986420997608
254.1271901135006
168.98340389784946
118.60923260155313
179.28737604540024
137.11476631571085
442.90061118578274
1934.0655129928311
5221.062772550777
4249.4494175627215
1907.0060334528073
751.6216233572279
268.43838597670253
184.51920176224613
141.93599316756269
198.43953479689367
89.1599712514934
182.85930480884113
877.8292857676227
2743.5752986857824
6332.359266726406
5220.690901284351
2241.621908602151
906.4667230436085
322.9691816009558
179.58525574970125
141.85377165471925
60.2069094982079
99.26142200567499
182.69827434289124
243.60470056750304
1831.1276956391876
4417.50088485663
2648.5960760155313
1148.3782183393068
510.555349835723
261.1936432198327
176.21881981780166
104.09869772998807
97.28322147550776
68.51263134707288
126.08314926821983
555.2834729689367
1555.6330819519117
3615.106141726403
3982.602363351256
1270.4060782556746
820.1305040322583
509.35875373357254
237.84663045101559
185.95633661887692
217.86344481780168
113.64847909199523
194.45454301075264
447.39576500896055
2882.8376157407406
6480.996423237754
4832.1275612305835
3612.961409796895
1082.9610775089607
354.64377277479076
306.7566326911589
147.56833594683394
186.3874339157706
107.10465154569887
220.05344011350064
669.1450612305856
3293.8087850955794
6483.405264336918
6118.605380077659
3651.181283602149
1089.0953890382314
509.074764411589
420.9750492831542
238.51733534946246
271.4533366935484
153.26106515083626
178.06051411290326
694.9370620519715
3566.672778524492
8266.342271505378
5676.343130227002
3081.122868130227
1104.1906249999997
436.8981447879332
244.27766577060936
141.7669948476703
136.23270131421745
93.87351336618877
111.40091446385902
473.2013642473119
2440.828184737157
5450.042152031063
3551.0060035842293
1614.3248319892477
691.8676037933092
