5.815785543612612
4.146132019120379
2.863575268821692
3.1056227598611184
2.068884408606638
0.3997162485110588
4.487753882915173e-12
184.43697729988054
514.1136499402628
472.28270609319
286.2104241338112
26.647961469534046
15.523148148148149
4.146132019120379
2.863575268821692
3.478979988052568
2.068884408606638
0.3997162485110588
4.487753882915173e-12
132.54293608124254
320.3393817204301
389.3794802867383
168.23327359617682
16.56750298685782
30.457549283154123
4.146132019120379
2.863575268821692
3.1056227598611184
5.802456690561529
0.3997162485110588
2.6135043309438473
202.35775089605735
504.4224163679809
555.8870967741937
283.2231929510155
75.55779569892474
5.815785543612612
4.146132019120379
2.863575268821692
3.1056227598611184
2.068884408606638
8.240218040621267
4.487753882915173e-12
138.14180107526883
356.55615292712065
537.9618428912785
270.90576463560336
18.434326463560335
5.815785543612612
4.146132019120379
2.863575268821692
6.465826612903226
9.909386200716845
0.3997162485110588
31.73517771804062
214.30742234169654
448.03726105137395
447.6247013142174
248.12985364396656
42.32900238948626
9.922726254480285
4.146132019120379
2.863575268821692
3.1056227598611184
3.9356929510155325
0.3997162485110588
24.641763739545997
232.22819593787335
520.091472520908
554.4235364396653
250.36962365591398
56.14135304659498
12.536103643966547
4.146132019120379
7.343947879330944
3.1056227598611184
2.068884408606638
0.3997162485110588
4.487753882915173e-12
132.54293608124254
455.86805555555554
411.0356929510156
167.10909498207886
22.167637395459977
5.815785543612612
4.146132019120379
2.863575268821692
3.1056227598611184
2.068884408606638
0.3997162485110588
4.487753882915173e-12
139.26149940262843
423.7597072879331
555.8870967741937
294.80137395459974
65.10416666666667
5.815785543612612
4.146132019120379
2.863575268821692
3.1056227598611184
2.068884408606638
0.3997162485110588
4.487753882915173e-12
180.329674432497
379.70392771804063
298.6570340501792
158.52262544802866
13.207325268817204
5.815785543612612
4.146132019120379
2.863575268821692
3.1056227598611184
2.068884408606638
0.3997162485110588
4.487753882915173e-12
163.15710872162484
640.6959378733573
586.5173237753883
297.7841248506571
40.462141577060926
12.909647550776583
4.146132019120379
2.863575268821692
3.1056227598611184
2.068884408606638
0.3997162485110588
4.487753882915173e-12
137.39396654719235
428.988201911589
353.91017025089604
232.44885005973717
34.48846326164874
19.629965651135006
4.146132019120379
2.863575268821692
3.1056227598611184
2.4422416367980886
0.3997162485110588
4.487753882915173e-12
112.37828554360813
474.14725209080046
350.9274193548387
106.62858422939068
33.74182347670251
5.815785543612612
4.146132019120379
2.863575268821692
3.1056227598611184
2.068884408606638
0.3997162485110588
4.487753882915173e-12
198.62641875746715
325.1941457586619
163.126866786141
18.14142771804511
7.606780167268525
11.41633064516129
4.146132019120379
2.863575268821692
3.1056227598611184
8.789202508960573
0.3997162485110588
4.487753882915173e-12
187.80055256869773
474.14725209080046
526.7633661887693
181.67002688172045
40.089045698924735
12.536103643966547
4.146132019120379
2.863575268821692
5.345758661887693
2.068884408606638
0.3997162485110588
4.487753882915173e-12
102.30062724014334
163.52859916367981
204.57101254480287
87.9603494623656
7.606780167268525
5.815785543612612
4.146132019120379
2.863575268821692
3.1056227598611184
2.068884408606638
0.3997162485110588
4.487753882915173e-12
82.88418458781362
294.9522102747909
241.53188470728793
109.98805256869773
17.31414277180406
5.815785543612612
4.146132019120379
5.103711170848268
3.1056227598611184
2.068884408606638
0.3997162485110588
4.487753882915173e-12
160.9173387096774
502.16509856630813
385.2721774193548
228.7130376344086
28.51482228195938
8.802658303464753
4.146132019120379
5.477079599761052
3.1056227598611184
2.068884408606638
0.3997162485110588
1.8668085424133811
276.65994623655916
387.1706989247312
520.7892771804061
175.32370071684588
22.541143966547192
11.41633064516129
4.146132019120379
2.863575268821692
3.1056227598611184
2.068884408606638
0.3997162485110588
4.487753882915173e-12
136.27389486260455
355.0649641577061
364.7405167264038
241.40681003584234
21.794504181600953
14.776508363201911
4.146132019120379
2.863575268821692
3.1056227598611184
2.068884408606638
0.3997162485110588
4.487753882915173e-12
103.79218936678615
355.80869175627237
322.1766726403823
18.14142771804511
7.606780167268525
