0
0
0
0
0
102.84354184123053
642.6827790911452
1455.3020480218365
2280.8132583049155
1131.9901477044746
154.3366644496777
0
0
0
0
0
0
2.999450163120841
801.6094334782251
2187.8622407146513
2187.654015705184
1204.3004405032473
220.00107993699856
0
0
0
0
0
0
56.3964224399794
464.68700745244905
675.1847259709989
1685.9650933311154
787.2550126346983
237.1419371092153
0
0
0
0
0
0
28.437637179101586
36.2796200626689
1253.2651379336685
1416.046185819004
711.9976860654091
102.77291130540195
6.015609574464996
0
0
0
0
0
39.05912065745068
429.6510980672675
1323.0890204414459
1390.4923783525885
745.3364749121652
372.3904200094073
56.62150644337365
0
0
0
0
0
32.104858775498116
371.9123323942042
1163.232259930323
1734.502539539712
496.61111809021753
72.28153038092157
0
0
0
0
0
0
35.83639218159352
639.6694261149677
1611.5296186892635
2181.395674261211
1422.8644500697042
125.59851851542172
0
0
0
0
0
0
18.174751596312596
361.6849845894774
1039.652467634136
1648.9789043533642
600.7465225239056
43.41931579731913
0
0
0
0
0
0
0
271.04773147362056
1088.9876690178824
789.6941977928813
712.1642456864505
68.5852849985702
0
0
0
0
0
0
30.46359389353956
393.20248911981935
1479.2886365559457
1447.6908744608056
935.264437708901
212.38808538193467
0
0
0
0
0
0
21.288578137001757
698.9549573609971
1567.4757384387974
1858.8629416513365
1089.1146040019084
138.55541026161637
0
0
0
0
0
0
33.45553921587083
341.46730770296017
1012.3137164692222
1363.3147449885444
491.6670200365465
84.06878847879614
0
0
0
0
0
0
0
370.5041882058844
778.0519188153327
915.0809502825808
401.12185834647676
46.007408872027966
0
0
0
0
0
0
0
18.397889054828838
811.8257334759882
922.0287237087816
450.2517850594041
58.99977031111726
0
0
0
0
0
0
41.643740066587725
17.6809961788167
1041.2809160069176
862.9175434039848
324.6837696853231
0
0
0
0
0
0
0
0
335.9973453437311
930.2803545182151
1218.7739005444657
565.898636835302
0
0
0
0
0
0
0
26.61410043588718
307.4595488216929
882.7627163875518
944.5796204908393
407.0229566448875
238.8548496268721
0
0
0
0
0
0
0
297.8259665006357
873.682561515781
1316.516486198147
256.60118459498955
0
0
0
0
0
0
0
94.83898442145404
390.7986073957621
1334.8533826983066
1697.9642218360887
746.9456089738667
143.9099668092649
0
0
0
0
0
0
0
331.06363868346216
994.1273395398475
1313.0899489251399
299.0590656575255
0
0
