18.14911887694146
4.94329077060932
3.4350507765830347
2.810980436081243
3.8115740740740742
9.08740292712067
31.229876045400232
104.32609020310633
222.7859916367981
213.71154420549587
187.05570489844686
48.07795698924732
16.066756272401435
6.980212066905615
4.447640382317801
3.2570191158900834
2.1187948028673835
1.514344384707288
50.15793010752688
97.79644563918758
273.7014635603345
300.443921744325
191.66778673835123
27.467256571087223
38.88101105137395
15.209416069295104
8.689740143369175
2.930604091995221
0.9749917861409797
6.092368578255674
37.70631720430107
86.6002090800478
195.1672640382318
203.09251792114696
106.94183094384707
39.785879629629626
5.474495967741936
13.76933990442055
6.279756571087215
4.793962813620072
3.488702210274791
9.78319145758662
23.814217443249703
77.4271953405018
207.68182497013143
233.7302120669056
103.80189665471923
29.218563321385908
27.169653524492233
15.705122461170848
5.639224910394265
2.521214157706093
3.0769974611708486
20.7132243130227
33.17461917562724
139.2278972520908
250.07691158900838
273.19033751493436
185.35170250896059
78.47259557945041
30.036402329749105
9.117943548387096
6.305070191158901
3.0110663082437275
3.2414613201911595
2.9389038231780167
31.39441457586619
99.94212962962963
235.09557945041817
212.9543757467145
108.78210872162485
44.71602449223417
27.31705495818399
12.361036439665474
7.97886798088411
3.018275836320191
3.072095280764635
9.787335722819593
36.12212514934289
101.89889486260454
226.61701015531662
210.64030764635604
104.28016726403823
35.17040023894862
28.173163082437277
8.855436081242534
4.737268518518519
3.0301747311827962
2.414467592592592
9.044653524492235
41.81421744324971
97.99544504181601
212.469384707288
178.58908303464756
89.55607825567505
36.598192951015534
21.1080495818399
9.068324372759857
8.267323775388292
8.07631421744325
3.597778524492234
8.611969832735962
69.22192353643966
71.94631123058544
205.15120967741936
223.0798237753883
99.93167562724014
33.88765681003584
8.225283751493427
5.280241935483871
3.688989695340502
4.09001642771804
3.909389934289128
13.692278972520908
29.45967741935484
115.51373954599761
225.78479689366787
203.65479390681
184.64493727598565
51.001344086021504
20.38590203106332
3.4466472520908
4.1330458482676224
2.675899790919952
3.7935334528076456
15.1046146953405
51.92054958183991
112.6179808841099
210.33415471923533
288.27247610513734
140.47677718040623
49.60984169653525
24.915023894862603
8.857900238948625
4.466509856630824
2.3731854838709676
0.9738112305854242
14.316345579450415
27.931750298685788
103.18212365591398
174.83049581839902
200.14000896057345
96.83355734767024
37.875410692951014
17.094123357228195
12.480958781362006
3.221225358422939
5.438321385902031
5.891315710872163
4.7367458183990445
21.398334826762245
106.89553464755078
164.63635005973717
193.30383811230587
155.81653225806454
44.74910394265233
17.52288679808841
3.4314142771804064
4.870743727598566
3.6750522700119475
1.7548685782556748
3.7542861409796893
34.49723715651135
71.03979988052569
199.3372909199522
157.73857526881721
78.12425328554362
50.09968637992832
25.976702508960575
15.14153972520908
3.9886387395459977
3.489527329749104
6.330645161290323
7.143667861409796
27.603307945041816
74.41980286738351
202.37828554360811
188.46251493428912
140.20459976105138
37.92992084826763
21.768929211469533
7.426336618876942
5.181451612903226
2.6541293309438476
2.667670997610514
9.366226105137395
36.41707735961768
67.22184886499403
183.0607825567503
202.89501194743136
88.51105137395459
35.37865890083632
16.909274193548388
11.951500896057349
9.911066308243727
6.177158004778973
5.362007168458781
5.706018518518518
43.848939665471924
95.67465651135007
187.19011350059736
166.73536439665472
127.03405017921148
42.057385005973714
17.332325268817204
10.052195340501793
10.257989844683394
3.2698738052568697
5.189964157706093
8.787373058542414
34.44657258064515
66.11671146953407
143.10931899641577
116.06481481481481
76.17532855436082
32.71583781362007
9.035020908004778
17.964792413381122
8.304696833930706
4.238720878136201
1.4282519414575867
14.939777479091996
33.65916218637993
91.7999551971326
206.3773148148148
258.72610513739545
136.5442054958184
40.014336917562716
18.9321609916368
11.911066308243727
5.494586320191159
4.772356630824372
14.809139784946236
8.454002389486261
37.01571833930706
43.68104091995221
90.8826164874552
156.93436379928315
67.95922939068099
33.12694145758662
