5.14594160692951
3.458669354865921
3.7021729390681
2.5906137993103657
1.7258064516401148
14.84544504181601
66.70773596176822
145.15755675029868
224.19354838709677
124.26112604540022
35.22326762246117
8.912074372759857
6.211469534050179
3.458669354865921
2.3887022103020024
2.5906137993103657
1.7258064516401148
5.380465949820788
82.02284946236558
215.3935185185185
215.3935185185185
131.3063769414576
41.613649940262846
6.345579450445371
7.598603643966547
4.350246415770609
2.3887022103020024
2.5906137993103657
1.7258064516401148
10.585065710872161
49.87679211469534
70.72132616487455
167.49178614097968
91.51396356033453
43.36058841099164
6.345579450445371
4.9425515232974915
3.458669354865921
2.76086096176822
2.9281362007168457
1.7258064516401148
8.00442054958184
8.975507765830347
126.17234169653524
141.7749402628435
84.4388440860215
30.608198924731184
12.379778972520908
7.00082138590203
5.732974910394265
2.479849910394265
2.5906137993103657
1.7258064516401148
9.118145161290322
46.736857825567505
132.9786439665472
139.45265830346474
87.76172341696535
56.527404420549594
17.331242532855438
8.067428315412185
3.458669354865921
2.4173599910394263
2.5906137993103657
1.7258064516401148
8.551762246117084
41.31944444444444
117.80540621266428
172.50597371565112
64.08714157706093
27.914053166069294
7.292898745519712
5.298797789725209
3.7707287933094387
2.3887022103020024
4.150873655913978
1.7258064516401148
9.010244922341695
67.06242532855435
160.84229390681003
215.41218637992833
152.88269115890083
33.13284050179212
8.845243428912784
5.340949820788531
3.458669354865921
2.3887022103020024
2.5906137993103657
1.7258064516401148
7.423103345280764
40.568996415770606
106.2313321385902
164.57959976105138
74.33206391875747
25.38493130227001
6.419212962962963
4.851403823205228
3.5382765830346474
2.3887022103020024
2.5906137993103657
2.65718339307049
0.3334229390953121
32.011648745519715
111.08870967741936
82.46341099163679
85.1370221027479
27.914053166069294
9.312798685782555
4.851403823205228
3.458669354865921
2.3887022103020024
3.1900388291517325
2.206615890083632
8.811992234169654
43.82467144563919
148.58124253285544
145.58318399044205
106.63866487455198
41.80107526881721
8.619885005973716
4.958075716845878
3.487327135603345
2.3887022103020024
2.803953853046595
1.7258064516401148
8.043623058542414
73.21161887694146
157.1609916367981
185.07691158900838
121.51321684587813
34.859244324970135
12.398820191158903
7.741114097968937
3.8793682795698925
4.92006421744325
2.5906137993103657
1.7258064516401148
9.320131421744325
39.11663679808841
104.16293309438471
137.78375149342892
64.47916666666667
29.77150537634409
6.443492383512544
6.33366935483871
5.549021804062127
3.7785991636798086
2.5906137993103657
1.7258064516401148
2.795228494623656
42.02508960573477
81.8847072879331
95.02314814814815
55.96662186379928
26.258587216248507
6.345579450445371
5.042450716845878
3.458669354865921
2.3887022103020024
2.920967741935484
3.2482452210274784
0.3334229390953121
8.450940860215054
85.26359020310633
95.83706690561529
60.82399940262844
27.634781959378735
6.345579450445371
5.217592592592593
3.458669354865921
2.966621863799283
3.3309438470728794
1.8627277479091993
10.4528972520908
8.514411589008363
107.37380525686977
90.33004778972521
48.96617383512545
21.87201314217443
8.99634109916368
4.851403823205228
3.458669354865921
2.3887022103020024
2.5906137993103657
2.0123842592592593
1.6799357825567502
39.11663679808841
96.90486857825567
124.54450418160096
72.21886200716845
20.68585722819594
6.3742372311827955
7.125709378733572
3.8925104540023896
2.3887022103020024
3.837216248506571
2.9724089008363204
9.258527479091995
36.52367084826762
92.51045400238948
98.45430107526882
57.17629928315412
45.26471027479092
6.345579450445371
4.851403823205228
3.458669354865921
2.3887022103020024
2.6817614994026284
3.208071983273596
0.3334229390953121
35.74223416965352
91.8010752688172
134.21445639187576
42.949522102747906
19.006123058542414
6.345579450445371
4.851403823205228
3.458669354865921
2.3887022103020024
2.5906137993103657
1.7258064516401148
16.043548387096774
44.784199522102746
136.1036439665472
170.88933691756273
90.05787037037035
36.467293906810035
6.345579450445371
5.158673088410992
3.5541965352449223
3.2850582437275984
4.074858124253286
1.8169541517323775
6.383303464755078
39.21370967741935
103.65516726403823
134.21445639187576
47.36447132616487
22.788231780167266
8.347595579450417
