0.0
0.0
0.0
0.0
0.0
0.0
0.0
50.028001792114694
184.06317204301075
136.64964157706092
107.9002016129032
33.975433094384705
0.0
0.0
0.0
0.0
0.0
0.0
0.0
38.455607825567505
98.93966547192353
121.33919504181601
126.1951164874552
0.0
0.7467278972520908
1.1200899790919951
0.0
0.0
0.0
0.0
0.7467278972520908
13.814392921146954
95.20463709677419
76.90972222222223
49.28539426523297
13.067312574671446
6.3471139486260455
0.0
0.0
0.0
0.0
1.1200899790919951
0.0
48.53823178016727
162.78416218637992
151.95627986857826
162.78416218637992
0.0
0.0
0.0
0.0
0.0
0.0
0.0
0.0
52.64288381123058
172.49189814814815
222.89366786140985
118.72849462365589
11.574025537634409
0.7467278972520908
0.0
0.0
0.0
0.0
0.0
0.0
29.12205047789725
110.51508363201911
169.13026433691758
53.76340352449223
0.0
0.0
0.3733557347670251
0.0
0.0
0.0
0.0
4.853823178016726
32.1086096176822
72.80510752688173
111.262208781362
100.80734767025089
10.080734767025088
2.240142249103943
0.0
5.973573775388291
0.0
0.0
0.0
0.0
46.67054958183991
148.22087813620075
170.25082138590204
120.96957138590203
0.0
1.8667764336917563
0.0
0.7467278972520908
0.0
0.0
0.0
0.0
46.29678166069295
99.68679062126643
116.11402329749106
120.96957138590203
0.7467278972520908
1.1200899790919951
0.0
0.0
0.0
0.0
1.8667764336917563
0.0
44.802830047789726
135.90247909199522
137.7701612903226
103.79144265232975
0.7467278972520908
0.0
0.0
0.0
0.3733557347670251
0.0
0.0
0.0
35.46875000000001
86.24406362007169
131.0468936678614
142.99570639187573
30.615330047789726
6.3471139486260455
0.0
0.0
0.0
0.0
0.0
0.0
49.28539426523297
94.83086917562724
111.63560334528077
99.68679062126643
14.561017771804062
2.240142249103943
0.0
0.0
0.0
0.0
0.0
0.0
53.390008960573475
85.12731481481482
132.1674507168459
112.3786215651135
16.05430854241338
0.0
0.0
0.0
0.0
0.0
0.0
0.0
92.96733124253285
141.87481332138591
175.10259856630825
97.07194593787335
29.86869026284349
0.0
0.0
0.0
0.0
0.0
1.493414351851852
0.0
29.86869026284349
138.89071833930706
150.0885976702509
169.13026433691758
6.7206541218638005
0.0
0.0
0.0
0.0
0.0
0.0
0.0
67.206541218638
121.33919504181601
177.71706989247312
136.64964157706092
16.05430854241338
0.0
0.0
0.0
0.0
0.0
0.0
0.0
38.455607825567505
121.33919504181601
136.64964157706092
107.52684438470726
14.187481332138592
1.493414351851852
0.0
0.0
0.0
0.0
0.0
0.0
86.24406362007169
107.15344982078852
137.7701612903226
118.72849462365589
29.12205047789725
4.480283004778973
0.0
0.0
0.0
0.0
0.0
0.3733557347670251
38.82937574671445
100.80734767025089
109.0207586618877
102.30167264038232
0.0
0.0
0.0
0.0
0.0
0.0
4.106933243727599
0.0
40.32254330943847
120.2227822580645
186.30424880525686
110.88847819593788
13.814392921146954
