5.1539015830346475
3.458669354865921
2.3887022103020024
2.5906137993103657
5.598640979689367
5.911006571087216
53.95385304659498
139.45265830346474
181.01478494623655
78.81608422939068
38.256421744324975
13.911663679808838
4.946931003584229
3.458669354865921
2.3887022103020024
2.5906137993103657
4.187612007168458
0.3334229390953121
37.53360215053763
103.9986559139785
110.56227598566308
72.3980734767025
41.613649940262846
6.431951911589007
4.886827210274791
3.458669354865921
2.461939964157706
2.6192715800477897
1.7258064516401148
3.8392099761051375
53.87171445639188
56.9481780167264
119.57138590203107
56.76560633213859
31.647998805256865
7.95758661887694
4.851403823205228
3.458669354865921
3.2671370967741935
2.5906137993103657
1.7258064516401148
20.720967741935485
69.77673237753883
177.24761051373955
224.19354838709677
129.2006421744325
49.65576463560334
8.585573476702509
5.2995818399044206
3.458669354865921
2.3887022103020024
2.5906137993103657
1.7258064516401148
11.90787037037037
42.86514336917563
148.21908602150538
121.67712066905615
91.51396356033453
32.48730585424134
7.404308542413379
5.881496415770609
3.458669354865921
2.5757691158900835
2.5906137993103657
1.7258064516401148
15.393533452807647
25.46408303464755
107.54554958183991
163.90008960573476
96.99111409796893
23.818324372759857
10.934513142174433
4.93578629032258
3.458669354865921
2.5256235065710873
2.5906137993103657
2.903972520908005
10.49433990442055
39.33691756272401
168.81720430107526
190.54659498207886
79.40598864994026
40.013440860215056
6.345579450445371
4.851403823205228
3.458669354865921
2.5395534647550777
2.5906137993103657
1.7258064516401148
10.4528972520908
56.04838709677419
154.11439665471923
214.94175627240142
152.27411887694146
45.41517323775388
6.345579450445371
5.285244922341696
4.624887992831542
2.4842293906810036
2.5906137993103657
1.7258064516401148
3.4289277180406215
61.510603345280764
142.64486260454004
126.8107825567503
108.81533751493428
36.04988052568698
9.598640979689366
5.02334229390681
3.458669354865921
2.3887022103020024
2.5906137993103657
1.7258064516401148
13.189605734767024
63.1347072879331
179.86857825567503
185.07691158900838
128.4389934289128
37.35364396654719
14.000522700119472
8.33015979689367
3.458669354865921
2.3887022103020024
2.5906137993103657
1.7258064516401148
5.746729390681003
54.4578853046595
140.7706093189964
126.17234169653524
81.43331839904421
39.84206989247313
9.56160394265233
9.90628733572282
3.458669354865921
2.3887022103020024
2.5906137993103657
1.7560562275985663
6.383303464755078
56.9481780167264
92.51045400238948
177.24761051373955
70.75156810035843
37.35364396654719
17.94466845878136
6.375858721624851
5.795922939068101
2.50333408004779
3.13511798088411
1.8372535842293907
8.938560334528075
51.76597968936679
117.80540621266428
142.64486260454004
46.75963261648746
33.81235065710872
6.482500746714456
4.851403823205228
6.465352449223417
2.3887022103020024
2.5906137993103657
1.7258064516401148
8.930719832735962
56.04838709677419
121.21042413381123
211.52927120669057
120.52008661887695
35.03061529271206
14.465352449223417
8.72423835125448
3.458669354865921
2.3887022103020024
2.5906137993103657
2.0299059139784945
6.481123058542414
52.97565710872163
152.49402628434888
211.52927120669057
105.46632317801672
49.123357228195935
10.218413978494624
7.197393966547192
4.42189366786141
2.3887022103020024
2.5906137993103657
4.826500896057347
3.6262843488649934
47.046744324970135
157.1609916367981
211.3500597371565
94.89284647550777
41.613649940262846
9.82433542413381
4.88165359916368
4.7084826762246115
2.3887022103020024
2.5906137993103657
1.8324783452807647
3.9184737156511344
35.17734468339307
119.63485663082437
154.0359916367981
70.1280615292712
29.140531660692957
6.345579450445371
4.851403823205228
4.637208781362008
2.3887022103020024
2.5906137993103657
4.806899641577061
8.551762246117084
56.9481780167264
186.08124253285544
179.00985663082437
105.60073178016727
41.613649940262846
13.242607526881718
5.7827807646356035
3.458669354865921
2.3887022103020024
2.5906137993103657
1.7258064516401148
7.617249103942652
21.313097371565114
99.18608124253286
119.3847072879331
68.6570340501792
31.647998805256865
8.691569593787335
5.2732974910394255
3.611510603345281
4.381981780167263
2.5906137993103657
1.7258064516401148
1.1979316009557945
34.52247610513739
84.42353643966547
141.67040023894862
74.33206391875747
31.69952210274791
11.440412186379929
