0
0
0
0
2.8451994429070275
0
110.20413512459811
1083.9714028605463
1403.2445605749278
273.97357064354264
51.486231355292986
0
0
0
0
0
0
5.994484511985831
259.2520186036731
452.04645517104285
608.0594816550046
513.2893891292929
50.89079021178952
0
0
0
0
0
0
47.26496335993164
856.3286591848266
1783.1824111561841
2038.6999350276508
910.6477097673148
164.68435049033837
0
0
0
0
0
0
112.42565241207654
371.6462568607574
1416.6873302873123
2496.3131362371646
770.7084835564484
133.54557408915346
1.7071418325295014
0
0
0
0
0
58.72414455231326
468.55566795974084
1575.719695471315
1234.7307296070685
861.1981833948412
56.17036325910858
0
0
0
0
0
0
0
106.90411853518398
849.5113817941219
1007.0648901968207
381.4057716147096
64.67908115750461
0
0
0
0
0
0
15.835085431294821
495.30002647339063
1181.0394006486422
1144.1025141656314
497.9387481581149
234.29266427408362
0
0
0
0
0
0
33.06035494159337
329.9634344102658
1200.993940155044
1212.0146719758256
582.1350380555663
132.66524620353186
0
0
0
0
0
0
0
276.1859856552215
0
790.0604612337415
262.85995954547093
76.63019987312215
0
0
0
0
0
0
67.80439437143684
157.80915727991498
1076.5885170816327
1778.5152472206623
793.5921706838117
41.02619022064435
0
0
0
0
0
0
33.426794982879905
508.5954143502445
1367.246497100685
850.3608508508582
704.3109899039395
211.0807612174109
0
0
0
0
0
0
0
104.10552454883829
1176.9754548204762
1006.7582187041957
885.1358820437149
88.47694260065995
5.388757513491768
0
0
0
0
0
0
487.7174498546299
1205.420870428236
2483.772706554982
1153.7163177252103
139.64741783260143
0
0
0
0
0
0
29.85174474750385
84.09793385769622
787.5224180638019
1127.3195689895465
510.36603237123194
188.32201493477316
0
0
0
0
0
0
76.81966599251366
90.39750603544748
1169.3693269985545
1453.4618982426946
231.0854273914164
24.946239731676542
0
0
0
0
0
0
0
259.35300543931055
623.8489029053118
1309.6994531131638
439.189034087393
59.84615018939252
0
0
0
0
0
0
7.802608500403309
98.95566590651971
1076.8461243923311
1605.096346894662
542.3279895003235
75.67339801396889
0
0
0
0
0
0
45.08044233110434
391.20895634531905
732.4926720295205
805.5401570464145
302.721517629637
0
0
0
0
0
0
0
0
127.11211546027812
987.7211395680797
948.8826806174507
148.25456208019872
0
0
0
0
0
0
0
0
353.08760821751224
864.4383461109346
924.395579152141
241.78001846517193
0
0
