8.740292712066905
4.132131123058542
2.3887022103020024
2.5906137993103657
4.257168458781362
4.448939665471923
15.738500597371566
109.61768219832736
140.19563918757467
42.132616487455195
25.378584229390682
6.345579450445371
6.101217144563919
3.595590651135006
2.4714904420549577
2.663851553166069
1.7258064516401148
5.6668309438470725
30.107153524492233
49.245818399044204
64.19877538829152
65.16241039426524
25.42637395459976
6.345579450445371
6.882877837514934
3.458669354865921
2.882243130227001
3.980510752688172
1.7258064516401148
9.711036439665472
87.3618578255675
176.77718040621266
201.25448028673836
103.32325268817205
36.425104540023895
6.345579450445371
4.924641577060932
3.95221027479092
2.6020422640382317
2.5906137993103657
1.7258064516401148
16.043548387096774
41.076762246117084
141.81600955794505
245.17995818399044
90.05787037037035
33.55361409796894
11.967219235364395
7.858086917562724
3.458669354865921
2.3887022103020024
2.5906137993103657
1.7258064516401148
11.000612305854242
50.459229390681
157.1609916367981
124.54450418160096
98.85043309438471
26.258587216248507
9.82433542413381
9.547864396654719
3.458669354865921
2.3887022103020024
2.5906137993103657
1.7258064516401148
0.3334229390953121
15.954301075268818
87.77628434886499
102.87858422939068
53.061902628434886
27.18637992831541
9.598640979689366
4.946931003584229
4.132131123058542
2.462335722819594
2.5906137993103657
1.761229838709677
7.095669056152926
53.2444743130227
119.63485663082437
116.1215651135006
64.35222520908005
43.537186379928315
10.218413978494624
7.932497013142174
3.458669354865921
3.069332437275986
2.5906137993103657
2.6221624850657106
8.847834528076463
37.53360215053763
121.67712066905615
122.75238948626045
72.55114994026285
33.92734468339307
12.148670848267622
7.716061827956989
3.665636200716846
2.3887022103020024
2.5906137993103657
1.7258064516401148
0.3334229390953121
32.50336021505376
6.85110513739546
82.49701314217444
42.132616487455195
28.683915770609318
7.1957511947431305
4.851403823205228
3.458669354865921
2.462335722819594
2.5906137993103657
1.7258064516401148
12.386514336917562
21.291816009557945
110.03584229390681
177.24761051373955
93.07833034647551
25.398745519713263
8.435931899641577
4.851403823205228
3.458669354865921
2.586122311827957
4.644414575866188
1.7258064516401148
9.205510752688172
54.99178614097969
137.9965651135006
88.54540023894863
84.68152628434886
41.80107526881721
11.567727001194742
4.851403823205228
3.458669354865921
2.3887022103020024
2.7816606929510157
1.7258064516401148
0.3334229390953121
16.398222819593787
119.9260752688172
103.65516726403823
102.13971027479091
30.193399044205496
13.242607526881718
8.067428315412185
3.458669354865921
2.3887022103020024
3.0380077658303466
3.125261350059737
5.885991636798088
53.2444743130227
122.78972520908005
245.17995818399044
128.00216547192355
35.22140083632019
6.345579450445371
5.341771206690561
3.458669354865921
2.3887022103020024
2.5906137993103657
2.5680256869773
9.205510752688172
14.739770011947432
82.93757467144565
115.4868578255675
66.57743428912784
40.013440860215056
6.345579450445371
4.851403823205228
3.474590427120669
2.4750746714456393
5.05241935483871
1.7258064516401148
13.819832735961768
15.474910394265233
119.63485663082437
146.8563321385902
40.00672043010753
24.510902031063324
6.345579450445371
4.851403823205228
3.906063321385902
2.3887022103020024
2.755790770609319
1.7258064516401148
0.3334229390953121
31.781660692951014
67.5739247311828
133.24746117084825
60.08848566308244
27.989471326164875
6.839120370370369
6.882877837514934
4.058094384707288
3.870967741935484
3.7846848864994027
1.7258064516401148
7.458198924731182
16.56623357228196
111.08870967741936
161.67861409796893
70.1280615292712
29.64531063321386
6.345579450445371
6.941756272401434
6.425888590203106
2.3887022103020024
2.5906137993103657
1.7258064516401148
11.152195340501793
44.67965949820788
78.28554360812426
85.30465949820788
47.36447132616487
21.374327956989248
9.556936977299879
4.851403823205228
4.366151433691757
4.479054659498208
3.498095878136201
2.5071311230585422
0.3334229390953121
19.544504181600956
102.87858422939068
99.18608124253286
32.752389486260455
21.585274790919954
6.551751045400238
6.373842592592593
3.5748917264038234
2.3887022103020024
2.6284274193548387
2.427120669056153
4.791308243727598
41.31944444444444
91.2410394265233
97.00940860215053
41.88172043010753
20.93637992831541
6.345579450445371
