0
0
0
0
0
45.11683933226995
525.9578686968802
1487.2655336849189
1728.2908568712242
663.3921040963504
140.79768595505408
31.044883101376122
0
0
0
0
0
24.340736005414755
464.5425278629324
1220.0176319930258
1425.5781495164142
823.8807869787552
89.4579945128648
0
0
0
0
0
0
37.87570111381454
847.4349166519713
791.8062164130539
1176.7390628651654
517.3300574375656
87.8222686504339
27.14339724486051
0
0
0
0
0
0
515.530665462908
1155.5366433100126
1663.5756810400314
1016.5952069734138
132.8019211620328
9.35058567960239
0
0
0
0
0
80.80497639221768
478.45896843763785
1358.0296566421625
1307.1806997384906
658.0552622478881
12.296445995070357
7.96786994397101
0
0
0
9.430144315773372
0
14.632039181710795
553.3990408768807
1589.5692521644924
1876.3095885241805
886.7313391176966
146.54784609179373
0
0
0
0
0
19.947656929782934
0
366.33982635391624
781.0319335040783
1262.701304488212
83.57367946038491
327.1827105703799
0
0
0
0
0
0
15.683861512680572
507.6012032274702
1354.0300811347333
958.1537848790518
914.8575589635711
82.65621095860949
10.699384357370185
0
0
0
0
0
6.245223181404917
384.4579390602394
832.2291564730795
1332.8471995849957
555.3493562001902
104.94034772258458
0
0
0
0
0
0
56.65292334395773
635.9907208999866
1127.6970146921465
1655.466038737986
951.9844944591998
210.42430103306964
0
0
0
0
0
0
132.43702497093247
498.8970869906268
1582.6321751174112
1915.9929446381936
921.4645143961735
136.66207842171195
0
0
0
0
0
0
0
356.63158488336643
903.1492899459244
1154.5695986325113
433.8612404666539
20.95797605346756
0
0
0
0
0
0
10.732724223605217
358.06317864793937
751.4121338690961
1266.0303977138828
667.2079545232986
0
0
0
0
0
0
0
16.169807770203967
600.8048484335625
1577.9286307280788
1401.9693599094985
727.1652408539079
29.071716248990626
0
0
0
0
0
0
18.99002889573947
482.3261948048621
1528.760754716595
1647.9317309786563
804.929438741476
243.34446255127037
0
0
0
0
0
0
0
0
0
549.6833987523513
427.22554842431043
19.560494574099792
0
0
0
0
0
0
55.8729116664726
496.39884093638824
909.3371638188542
744.8208092602538
388.80685748120766
98.30104885028905
0
0
0
0
0
0
22.78709555691077
402.9551481015916
1329.6738249566408
1042.9867669627827
0
16.58653069945734
0
0
0
0
0
0
20.61325264128675
281.4587403109352
1158.744885087793
1903.3181644884178
909.3194142307361
54.55113317724576
0
0
0
0
0
0
0
360.5891016464252
943.0841794442681
1781.0753133217945
0
26.657330571973446
0
