0.0
0.0
0.0
0.0
0.0
2.6135043309438473
0.7467278972520908
37.70911738351254
111.262208781362
124.7008288530466
126.1951164874552
0.0
0.0
5.973573775388291
0.0
2.240142249103943
0.0
0.3733557347670251
0.0
53.76340352449223
126.56851105137396
138.1439292114695
106.77968189964157
0.0
0.0
0.0
0.0
0.3733557347670251
0.0
0.0
0.0
53.390008960573475
97.07194593787335
85.87029569892474
77.65688470728793
0.0
0.0
8.960569743130227
0.0
0.7467278972520908
0.0
0.0
3.3602337216248506
33.22883064516129
132.1674507168459
137.7701612903226
126.1951164874552
3.3602337216248506
0.7467278972520908
0.0
0.0
1.1200899790919951
0.0
0.0
0.0
50.028001792114694
171.3713410991637
131.7936827956989
110.88847819593788
0.0
1.493414351851852
7.093738799283154
0.0
0.0
0.0
5.600451762246117
0.0
50.028001792114694
138.1439292114695
106.40628733572282
84.00675776583033
0.0
0.0
0.0
0.0
0.0
0.0
0.0
0.0
70.93738799283155
109.7679211469534
138.1439292114695
113.12574671445641
38.455607825567505
0.0
0.0
0.0
0.0
0.0
0.0
0.0
68.69631123058544
102.30167264038232
102.30167264038232
96.32515681003584
22.401422491039426
0.0
0.0
7.093738799283154
0.0
0.0
0.0
0.0
68.69631123058544
136.27624701314218
184.06317204301075
84.38052568697731
11.574025537634409
0.0
10.080734767025088
0.0
0.0
0.0
0.0
0.0
34.34897700119474
110.88847819593788
110.51508363201911
84.75392025089606
8.2139075567503
0.0
0.7467278972520908
0.0
0.0
0.0
0.0
0.0
40.69593787335723
205.34595280764637
156.06507616487454
114.99309289127838
20.908131720430106
0.0
0.0
0.0
0.0
0.0
0.0
0.0
42.93514784946237
118.72849462365589
155.6913082437276
86.24406362007169
0.0
1.8667764336917563
0.0
0.0
0.0
8.2139075567503
0.0
0.0
40.32254330943847
141.50141875746715
116.48738052568697
89.97909199522103
15.307683691756269
0.0
10.827396953405017
0.0
4.106933243727599
0.0
0.0
1.493414351851852
48.164463859020316
148.22087813620075
138.89071833930706
97.07194593787335
18.667764336917564
0.0
0.0
0.7467278972520908
0.0
0.0
0.0
0.0
82.88620071684589
139.26030465949822
91.84677419354838
97.44571385902032
13.814392921146954
6.7206541218638005
0.0
0.0
0.0
0.0
0.0
0.0
54.8839605734767
173.98622311827958
102.30167264038232
61.97681451612903
8.960569743130227
0.0
6.3471139486260455
0.0
0.0
0.0
0.0
0.0
15.307683691756269
128.06283602150538
106.40628733572282
41.06933243727599
0.0
1.1200899790919951
0.0
0.0
0.0
0.0
0.0
0.0
37.33557347670251
84.00675776583033
95.20463709677419
106.40628733572282
26.881705495818398
1.1200899790919951
7.093738799283154
0.0
0.0
0.3733557347670251
0.0
0.0
20.908131720430106
132.1674507168459
131.7936827956989
110.88847819593788
16.427848715651137
0.0
0.0
0.0
0.0
0.0
0.0
0.0
24.64175627240143
103.04842443249701
84.38052568697731
49.65464456391876
0.0
