0.0
0.0
0.3733557347670251
0.3733557347670251
0.0
0.0
6.3471139486260455
65.71221624850656
142.6219384707288
199.37361857825567
129.55675029868578
13.067312574671446
0.0
0.0
0.0
0.0
0.0
0.0
0.0
17.174473566308244
153.82362604540023
159.7959229390681
107.52684438470726
1.1200899790919951
8.2139075567503
0.0
0.0
0.0
0.7467278972520908
0.0
1.1200899790919951
40.32254330943847
97.07194593787335
75.04618428912784
49.28539426523297
1.493414351851852
10.080734767025088
0.0
0.3733557347670251
0.0
0.0
0.0
5.973573775388291
38.08262395459976
166.14202508960574
222.89366786140985
184.06317204301075
11.947565710872162
0.0
0.0
0.0
0.0
0.0
0.0
0.0
38.82937574671445
138.89071833930706
138.1439292114695
107.52684438470726
15.307683691756269
0.0
3.3602337216248506
0.0
0.7467278972520908
0.7467278972520908
0.3733557347670251
1.493414351851852
40.32254330943847
132.54084528076464
134.408527479092
82.88620071684589
0.0
0.0
0.0
0.0
0.0
0.0
0.0
0.0
63.0973715651135
138.1439292114695
163.53132467144565
101.92790471923539
0.0
0.0
3.733557347670251
0.0
0.0
0.0
6.3471139486260455
0.0
70.56399342891278
169.13026433691758
186.30424880525686
134.03513291517325
29.12205047789725
0.0
0.0
0.0
0.0
0.0
0.0
0.0
36.21580047789726
151.95627986857826
123.95366636798086
86.24406362007169
21.281257467144563
0.7467278972520908
0.3733557347670251
0.0
0.0
0.0
0.0
0.0
1.493414351851852
122.83310931899643
125.0745594384707
85.87029569892474
0.7467278972520908
0.0
0.0
0.0
0.0
1.493414351851852
0.0
0.0
68.69631123058544
114.24630376344086
132.54084528076464
102.30167264038232
11.200899790919951
0.0
0.0
0.0
0.0
1.1200899790919951
0.3733557347670251
0.0
50.028001792114694
132.1674507168459
114.99309289127838
109.7679211469534
10.080734767025088
0.0
0.0
0.0
0.0
0.0
0.0
0.0
0.0
111.262208781362
118.35510005973715
34.72207287933094
0.0
0.7467278972520908
1.1200899790919951
0.0
0.0
0.7467278972520908
6.7206541218638005
0.0
23.14804734169654
141.50141875746715
125.44795400238948
90.35285991636798
11.574025537634409
0.3733557347670251
0.0
0.0
0.0
0.7467278972520908
0.0
6.7206541218638005
72.80510752688173
136.64964157706092
131.0468936678614
116.48738052568697
12.320687724014338
0.0
0.0
0.0
0.0
1.493414351851852
0.0
0.0
78.77740442054959
151.20911738351253
151.20911738351253
113.12574671445641
14.187481332138592
0.0
0.7467278972520908
0.0
0.0
0.0
0.0
0.0
44.42947281959379
97.07194593787335
70.93738799283155
68.32291666666666
11.200899790919951
1.493414351851852
0.0
0.0
0.0
0.0
0.0
0.0
65.71221624850656
148.96766726403823
141.87481332138591
51.148558841099174
0.7467278972520908
0.0
1.1200899790919951
0.0
0.0
0.0
0.0
0.0
60.109132317801674
153.4502314814815
121.71255227001194
25.761540471923535
26.508169056152923
0.0
0.0
0.0
0.0
0.0
0.0
0.0
26.881705495818398
118.72849462365589
99.68679062126643
6.7206541218638005
11.574025537634409
