0.0
0.0
0.0
0.0
0.0
0.0
0.0
77.65688470728793
125.0745594384707
200.86790621266428
114.99309289127838
1.8667764336917563
0.0
0.0
0.0
0.0
0.0
0.0
0.0
34.72207287933094
106.03251941457587
121.71255227001194
159.7959229390681
11.200899790919951
0.0
0.0
0.0
2.9868690262843485
0.0
0.0
0.0
45.54999253285544
155.31791367980884
178.83800029868578
140.00709378733572
1.1200899790919951
0.0
0.0
0.0
0.0
0.0
0.0
0.0
84.38052568697731
151.20911738351253
199.37361857825567
154.57075119474314
23.14804734169654
2.6135043309438473
0.0
0.0
0.0
0.0
0.0
0.0
45.54999253285544
136.64964157706092
160.91685334528077
44.802830047789726
1.493414351851852
0.0
0.0
0.0
0.0
0.0
0.0
0.0
68.69631123058544
94.83086917562724
98.93966547192353
107.15344982078852
20.534595280764634
0.0
0.0
0.0
0.0
0.0
0.0
0.0
7.093738799283154
97.44571385902032
126.56851105137396
42.93514784946237
31.735513739545997
6.3471139486260455
0.0
0.0
0.0
0.0
0.3733557347670251
0.0
38.455607825567505
102.30167264038232
79.52456690561529
0.0
2.240142249103943
0.0
0.0
0.3733557347670251
0.7467278972520908
0.0
0.0
0.0
40.32254330943847
136.64964157706092
175.475993130227
121.71255227001194
6.7206541218638005
0.0
0.0
0.3733557347670251
0.0
0.0
0.0
0.0
40.32254330943847
126.94190561529271
97.07194593787335
48.53823178016727
1.493414351851852
0.0
0.0
0.0
0.7467278972520908
0.0
0.0
0.0
51.148558841099174
101.92790471923539
92.96733124253285
92.96733124253285
0.0
1.8667764336917563
0.0
0.0
0.0
0.7467278972520908
1.8667764336917563
0.0
21.654760304659497
100.80734767025089
177.71706989247312
52.64288381123058
18.29467965949821
0.0
0.0
0.0
0.0
0.0
0.0
4.480283004778973
49.28539426523297
146.7307347670251
97.07194593787335
114.99309289127838
7.467278972520908
0.0
0.0
0.0
0.0
0.0
0.0
0.0
47.417712066905615
110.51508363201911
126.94190561529271
111.262208781362
21.654760304659497
0.7467278972520908
0.0
0.0
0.0
0.0
3.733557347670251
0.0
12.694190561529268
109.7679211469534
96.32515681003584
66.45937873357228
16.427848715651137
0.0
6.3471139486260455
0.0
0.0
0.0
0.0
0.0
35.09561678614098
125.44795400238948
141.12802419354838
100.06018518518518
19.041304510155317
0.0
0.0
0.0
0.0
1.8667764336917563
0.0
0.0
84.00675776583033
126.1951164874552
166.14202508960574
92.5939366786141
11.574025537634409
0.0
0.0
0.0
0.7467278972520908
0.0
0.0
0.0
17.5475993130227
138.89071833930706
159.7959229390681
4.480283004778973
7.467278972520908
2.240142249103943
0.0
0.7467278972520908
0.0
0.0
0.0
0.0
36.21580047789726
121.33919504181601
146.35734020310636
51.148558841099174
4.853823178016726
0.0
0.0
0.0
0.0
0.0
0.0
2.240142249103943
33.975433094384705
106.40628733572282
120.96957138590203
159.7959229390681
33.975433094384705
