384.5500123207885
434.80369250298685
221.34890232974905
217.76044198028677
125.18288541666669
266.317941681601
796.1369840203108
3784.864967891277
7506.36292562724
5659.182586618877
4184.493544653525
1091.5803278076464
823.4566718936677
166.3432573924731
178.61863201911584
323.3130241935484
146.54686555406218
416.07312537335724
854.7628110065709
3840.7202396953403
7616.866689068101
5536.7783751493425
3234.817715800478
1417.445258363202
381.2840897550776
221.7568488649941
131.17707019115892
131.89805671296298
143.00584554211468
203.0007467144563
601.8129469086023
3079.5985252389473
6438.2593712664275
4907.3770459976095
3086.0980697431296
891.8030704898449
334.8721520310633
137.00984938769415
131.32145381571087
111.37460745221026
94.84525560035843
571.4736589008363
706.9507579151731
1893.1895142622461
6035.719675925924
4061.0015979689374
1711.8159946236563
478.62225134408595
313.08156100657106
477.94766390382307
206.00910170250896
217.38051680107534
180.23906074522105
213.04975806451603
1145.8236036439666
3699.452120669057
7963.333001045402
5885.2425627240145
2764.4575306152924
1210.589314516129
600.6762141577059
251.981412037037
189.87469571385904
146.2636591995221
115.66582071385906
265.8224331690561
510.43983497610515
2594.5961730884105
6645.799257019117
5325.3177232676235
2415.109233124253
1040.7216621863797
286.9500649641578
160.22947804659503
140.91766689068103
127.39245676523299
107.71495418906811
82.04678449820787
633.6374734916368
2389.6052942054953
5284.0970915471935
3836.6368466248505
2114.0420288231785
838.6793959080046
239.76085722819593
323.9747991338112
240.73377202807632
154.0353551373955
189.8574992532855
246.73778561827956
742.9404681899642
3491.8777516427726
8484.065468189965
6062.411921296296
3347.267902479092
902.0660020908005
421.81652703106323
177.94903711170855
119.13342670997606
104.3405843040621
152.5087320415173
475.6737037037036
556.7638821684587
3596.06923909797
7493.659677419353
4915.245224761051
2388.5522924133816
749.9254704301071
448.6328371415769
330.15047043010753
245.5936208183991
223.97872535842293
156.0325928539427
279.8735304286141
486.9671550179211
4133.335349462365
7940.407007915173
6610.675944593789
3199.9753360215054
1613.1629218936675
773.7963194444444
248.54123282556745
80.4957931974313
66.21108755227003
64.1171752165472
101.1224297715054
363.3144179360812
1644.5369959677423
3485.0953591696543
3118.7118130227
928.0359333930705
437.67766987753873
294.11327172939076
373.5888037634408
164.50761275388294
160.5301442278973
145.0996190262843
126.31330081391879
648.6767783004776
2634.4774006869775
6424.530297939068
4615.904764038229
1844.0766502389492
701.0532926373953
254.90702658303448
131.4352950268817
161.25482713560336
184.56638739545997
100.40650571236559
145.7384744623656
615.1906474014335
2284.9782295400255
5424.247625448029
4259.733101851853
2716.513272849463
787.1852923387094
265.2488937425329
270.3491954151733
182.28472856929505
172.44187910692955
102.03107325268816
245.59878136200712
614.8666532258061
2335.6139038231777
5405.659393667859
5365.331787634406
3668.7525686977306
1167.8437649342889
507.61594534050204
263.06565374850646
80.04457134856635
135.10787686678614
88.37266435931899
106.13395008213858
341.9064404121863
2750.2549693847072
7001.65224387694
4821.952034796894
2341.5689628136197
1197.7704487753879
403.8964695340502
169.15267921146955
95.77652508960573
85.83378867980883
69.86863635005972
184.95706354540022
408.47453965053745
2407.8442801672636
4930.799089008364
3444.500952060932
1037.8705719832735
436.4378210872163
321.9317174432497
264.51891502389486
92.0911387768817
112.8340210573477
113.08933109318998
242.41168906810026
691.3266203703702
2276.898618578257
4684.753587962963
4524.7424133811255
1893.7550365890088
677.0065318847073
327.83427494026273
257.00655951314224
157.96812585872158
101.28603546893667
158.76453703703703
134.3983564814815
494.8242555256869
2173.7141278375148
5240.577348416965
4486.488508064516
1537.4733908303467
711.8467514187574
431.20887395459994
233.23157258064512
187.95565449522104
174.16974070340507
116.55466562126642
117.76360625746716
750.5160439068097
2701.5879106929515
6762.004431750299
3770.2892659796894
2127.391416517324
649.7259248058541
300.40329263739557
370.6066812275986
203.02711394862604
158.75766483721628
133.3804857004182
270.88573887395466
925.7608572281957
3113.8247162485072
6981.750597371568
5661.930376344087
2702.1837738948625
567.667277479092
