11.480846774193548
8.29043458781362
5.290583930704899
3.303826911589008
5.200530167264038
8.612791218637993
22.11387395459976
74.6777927120669
170.8934438470729
157.88007765830346
63.886275388291516
27.396766726403822
14.699074074074074
7.87037037037037
7.48159348864994
3.480271804062127
2.035834826762246
1.6721699522102749
21.418757467144562
93.49910394265231
180.99798387096774
193.15897550776583
98.90942353643968
32.719347371565114
15.705122461170848
9.073887395459977
4.884408602150538
3.2389262246117085
4.563060035842295
8.341509856630825
26.38313918757467
94.82078853046595
191.89964157706095
170.81242532855435
109.83012246117084
46.33325866188769
23.816308243727597
12.02505227001195
6.723790322580645
2.9688881421744324
3.813537933094384
11.96587514934289
30.256421744324975
105.20011947431303
217.67585125448028
212.721027479092
151.47625448028674
65.23596176821982
33.065449522102746
9.924843189964157
5.848752986857826
2.6959826762246117
3.118175029868578
8.099574372759857
14.849723715651136
80.81205197132617
113.20228494623656
176.86193249701316
138.8134707287933
42.78531959378733
28.649678912783752
14.596774193548388
5.862828554360813
3.561495669056153
3.8668496117084827
6.702994324970131
35.59714755077658
100.67689665471923
216.17084826762252
198.70258363201913
161.83953106332137
57.012022102747906
16.753061529271207
8.64247311827957
5.337029569892472
2.7843376642771807
3.3106220131421744
8.013067502986857
33.05958781362007
71.12529868578254
125.63844086021506
204.46161887694146
144.7711320191159
61.18391577060932
21.339045698924732
13.518518518518519
6.096960872162485
5.546034946236559
3.800944593787335
12.32000448028674
36.187051971326156
86.63343787335724
204.95445041816006
222.37604540023898
129.12373058542414
41.41995221027479
17.719123357228195
9.30245669056153
4.613836618876942
5.6302270011947435
4.105271804062127
8.816830943847073
38.43328106332139
136.32840501792114
251.57407407407402
256.21901135005976
181.24402628434885
73.55622759856631
29.411514336917563
15.303203405017921
3.639822281959378
5.573469235364397
5.89018817204301
12.227299880525687
79.68712664277182
112.38649940262842
212.13448327359615
230.28935185185185
175.43234767025092
44.08788829151733
18.230473416965353
11.070601851851851
8.232004181600955
2.808893369175627
4.420056750298685
7.979577359617684
25.778188470728793
75.15419653524492
160.68212365591398
166.81936977299878
88.7313321385902
40.24671445639188
9.246042413381122
7.336954898446834
2.8825642174432495
3.4049917861409797
2.5721064814814816
16.809251792114697
24.859468339307053
90.51672640382318
184.64493727598565
140.74186081242533
95.18107825567503
39.62003434886499
12.822095280764636
19.478905316606927
4.2798013739546
4.099100209080048
1.4942614994026284
8.711096176821982
37.15400985663082
105.6063321385902
241.34744623655914
225.30241935483866
128.2896505376344
62.62358124253286
43.43682795698925
17.343189964157705
8.620146356033453
3.4285431600955794
7.557310334528077
5.9245818399044206
23.20743727598566
49.88071236559141
182.02732974910396
159.43884408602153
99.93802270011946
36.32388739545998
13.612380525686977
7.9168906810035855
10.268294504181599
4.524925328554361
4.414430256869772
15.169280167264038
29.50929659498208
85.68623058542413
245.36626344086022
218.6917562724014
99.16293309438471
70.60521206690562
22.440710872162484
25.175365890083633
5.466173835125448
4.370340501792115
3.0497274492234165
10.158602150537634
45.75567502986858
129.70243428912786
223.8608870967742
252.47125149342892
168.15822879330946
72.40292712066905
32.06037186379928
15.152180406212665
7.876157407407406
5.77113201911589
4.542476851851852
11.396804062126643
41.20781063321387
109.21370967741936
225.9177120669056
291.8641726403823
229.86185782556745
70.05637694145759
17.125634707287933
11.112529868578255
4.797229689366786
4.975582437275985
2.796643518518519
19.646430704898446
35.96120818399044
114.73566308243727
266.95676523297493
252.97453703703704
196.36872759856632
78.33258661887695
25.873506571087216
10.79222670250896
5.499514635603345
3.5161925029868577
2.6949074074074075
13.959229390681006
43.314068100358426
117.32078853046595
211.11297789725205
236.50276284348865
136.42771804062127
67.8950119474313
25.10110513739546
11.832437275985663
2.859404868578256
2.3690598864994024
6.622311827956988
7.125336021505378
33.180816905615295
113.95534647550777
184.13754480286738
196.22199820788532
138.9997759856631
46.462813620071685
