5.815785543612612
4.146132019120379
2.863575268821692
3.1056227598611184
2.068884408606638
0.3997162485110588
7.840501792114695
124.70019414575866
358.7959229390681
435.3031660692952
98.03800776583036
80.03696236559139
5.815785543612612
4.146132019120379
5.103711170848268
3.1056227598611184
2.068884408606638
0.3997162485110588
4.487753882915173e-12
92.21848864994027
287.1135752688172
242.28009259259258
18.14142771804511
7.606780167268525
5.815785543612612
4.146132019120379
2.863575268821692
6.8391950418160095
2.068884408606638
0.3997162485110588
4.487753882915173e-12
188.1724163679809
531.6427718040621
513.7085573476703
18.14142771804511
24.034460872162484
16.64333183990442
5.266199970131421
2.863575268821692
3.1056227598611184
2.068884408606638
0.3997162485110588
4.487753882915173e-12
157.55824372759858
486.4964157706094
555.1329151732377
216.76784647550775
40.462141577060926
28.963784348864994
4.146132019120379
2.863575268821692
3.1056227598611184
2.068884408606638
0.3997162485110588
7.840501792114695
53.01795848267623
320.3393817204301
347.9398148148148
94.30704898446834
34.862044504181604
5.815785543612612
4.146132019120379
2.863575268821692
3.1056227598611184
2.068884408606638
0.3997162485110588
4.487753882915173e-12
112.37828554360813
448.03726105137395
418.8739545997611
189.88463261648747
22.91427718040621
17.016465053763437
5.639568399044205
2.863575268821692
3.1056227598611184
2.068884408606638
0.3997162485110588
4.487753882915173e-12
134.0344982078853
388.29039725209077
385.2721774193548
111.4796146953405
84.14426523297492
9.175989396654721
4.146132019120379
2.863575268821692
7.212563470728792
6.549257019115888
0.3997162485110588
23.14799880525687
137.76993727598565
500.3050328554361
537.9618428912785
118.57452210274793
65.10416666666667
12.163007765830345
4.146132019120379
2.863575268821692
3.1056227598611184
2.068884408606638
0.3997162485110588
4.487753882915173e-12
111.63493130227002
187.80055256869773
331.8828405017921
112.97565710872165
7.606780167268525
5.815785543612612
4.146132019120379
9.210797491039427
3.1056227598611184
2.068884408606638
0.3997162485110588
4.487753882915173e-12
88.11118578255675
291.96460573476696
281.1084976105137
18.14142771804511
20.674320489844682
5.815785543612612
4.146132019120379
2.863575268821692
3.1056227598611184
2.068884408606638
0.3997162485110588
26.88168309438471
118.72983870967742
396.5046296296296
185.52643369175627
112.22744922341698
7.606780167268525
5.815785543612612
4.146132019120379
2.863575268821692
3.1056227598611184
2.068884408606638
1.5197841995221024
4.487753882915173e-12
287.1135752688172
542.8800776583034
555.8870967741937
371.33848566308245
77.79719235364396
5.815785543612612
4.146132019120379
2.863575268821692
3.1056227598611184
3.562320788530465
0.3997162485110588
4.487753882915173e-12
140.75754181600956
504.4224163679809
483.47744922341695
335.12134109916366
56.14135304659498
35.68451314217444
6.3862679211469535
2.863575268821692
3.1056227598611184
2.068884408606638
0.3997162485110588
4.487753882915173e-12
97.82183393070491
336.3963560334528
227.34244324970132
18.14142771804511
7.606780167268525
5.815785543612612
6.3862679211469535
2.863575268821692
3.8523222819593785
2.068884408606638
0.3997162485110588
4.487753882915173e-12
181.82571684587813
353.568921744325
342.7128136200717
18.14142771804511
7.606780167268525
5.815785543612612
4.146132019120379
2.863575268821692
3.1056227598611184
2.068884408606638
0.3997162485110588
4.487753882915173e-12
134.4108422939068
356.55615292712065
406.9287634408603
199.96714456391877
59.50526433691756
5.815785543612612
4.146132019120379
2.863575268821692
7.58599537037037
5.055757168458781
0.3997162485110588
4.487753882915173e-12
123.2086320191159
363.27508960573476
386.3922491039427
155.16353046594983
7.606780167268525
32.323962066905615
4.146132019120379
8.090591397849462
3.1056227598611184
2.815583930704898
0.3997162485110588
4.487753882915173e-12
227.74865591397855
515.2199074074074
435.3031660692952
189.88463261648747
28.51482228195938
24.856966845878134
4.146132019120379
2.863575268821692
3.1056227598611184
2.068884408606638
0.3997162485110588
4.487753882915173e-12
151.58340800477896
377.8360215053764
290.81466547192355
184.65763142174433
13.207325268817204
5.815785543612612
4.146132019120379
2.863575268821692
3.1056227598611184
2.068884408606638
0.3997162485110588
4.487753882915173e-12
132.54293608124254
353.568921744325
386.3922491039427
155.91136499402626
27.021505376344088
