30.173163082437277
7.911290322580645
9.951836917562725
3.444858870967742
3.4960610812425337
5.577658303464755
34.234505675029865
78.90120967741936
172.28457287933094
220.90651135005973
145.52606033452807
53.694369772998805
10.631011051373955
7.157519414575866
9.79872311827957
3.9182347670250897
2.9367308841099167
11.19500448028674
41.95683990442055
72.04599761051374
131.11372461170848
164.68974014336916
85.42786738351255
39.585349462365585
12.61745818399044
9.140456989247312
8.35390531660693
3.4111708482676217
1.7457735961768217
5.875373357228196
38.32269265232974
65.4413082437276
154.7513440860215
160.22214755077658
87.80951314217444
10.501120071684587
19.87387992831541
8.612791218637993
13.693735065710872
9.797117682198326
6.1406436678614105
13.28517025089606
24.28584229390681
97.5821385902031
200.1933990442055
190.50701911589007
102.44885005973715
39.67749402628435
8.479689366786141
11.087216248506572
7.454898446833931
3.3773409498207885
3.393951612903225
13.122386499402628
20.83643219832736
85.76575567502987
214.580719832736
188.97177419354836
104.91823476702511
38.026695041816005
24.470803464755075
5.832847968936679
4.754095728793309
4.942006421744325
2.390266577060932
11.607974910394265
14.647513440860212
81.78502090800478
161.02635902031062
173.57116188769413
78.83699223416964
20.67895011947431
15.643891875746714
7.817241636798088
3.9608236260454004
3.5119100955794504
1.2048678315412187
4.328737305854242
21.31526284348865
57.405167264038234
156.43033154121866
134.6061081242533
93.11603942652332
34.015456989247305
9.63885155316607
15.718376642771807
8.517659796893666
3.63125
2.0153785842293908
4.096217891278375
25.745258363201913
81.58602150537635
141.41315710872163
139.51762246117084
91.44078554360813
26.14251045400239
14.280913978494624
5.314516129032258
6.812275985663084
1.5532482078853047
5.072281959378733
11.652628434886498
26.945713859020312
43.61902628434886
192.9760304659498
185.72916666666666
100.35767622461171
49.55122461170848
18.28498357228196
9.570228494623656
5.401881720430107
4.561219384707288
3.569929808841099
1.6200530167264038
38.19739396654719
79.32310334528077
132.81474014336916
174.83049581839902
135.67727001194743
32.540098566308245
30.51478494623656
13.761760752688172
5.696647252090801
3.1269115890083627
2.0247087813620075
3.440908751493429
28.840875149342892
90.9292861409797
133.73805256869773
117.1397102747909
43.143742532855434
24.382056451612904
25.238724611708484
11.1836917562724
5.964381720430108
6.828039127837515
13.304696833930706
7.5663082437276
30.012582138590204
104.74499701314217
242.75873655913978
226.11932497013137
175.11350059737157
57.056451612903224
18.41633064516129
9.390120967741934
4.068283303464755
4.366696535244922
1.345120221027479
4.522588112305853
45.75194145758662
109.84132317801672
232.72401433691758
206.97132616487454
93.81496415770609
39.61693548387097
18.24145011947431
9.136611409796895
13.173909796893668
4.398738052568698
5.576478494623656
17.298013739545993
65.54547491039426
139.1278375149343
217.0131421744325
239.82078853046596
195.44840203106335
52.96034946236559
28.471923536439665
9.81712962962963
5.151247013142174
6.100937126642772
4.169201762246116
9.951799581839904
29.945900537634408
110.04330943847073
190.18369175627242
200.60969235364396
173.16905615292714
40.84722222222222
34.97162485065711
8.165210573476703
2.066823476702509
4.4206951911589005
3.2278711170848267
11.674880525686977
27.001381421744323
117.60267323775388
215.0205346475508
224.48364695340507
121.52068399044205
41.36592741935483
18.71818996415771
8.576575567502987
4.0836581541218635
4.5075044802867374
7.735177718040621
18.20971475507766
52.389486260454
128.32773297491036
246.3470728793309
295.41181302270013
149.86297789725208
33.177158004778974
17.807198327359618
14.028785842293907
4.025272550776583
3.4256085722819596
4.781380675029868
16.193884408602152
30.659834229390682
37.93581989247312
208.01560633213865
194.7700119474313
221.49529569892474
67.40442054958186
27.328106332138596
18.369735663082437
7.851739844683393
3.0892921146953407
1.4472072879330944
7.683654420549583
29.53061529271206
80.61230585424134
186.73387096774192
191.46542712066903
93.57638888888889
44.68376642771805
19.746714456391874
7.48069743130227
8.165807945041815
6.773484169653525
1.4479428016726403
5.929696833930705
20.42155764635603
111.51545698924731
187.84236857825567
129.43623058542414
93.87955495818399
60.58243727598566
