2532.908896923468
2331.479830334075
2021.9019468248823
1470.6124120016943
1270.1750124252274
1787.3727777706492
1866.4502501454313
2625.2820865473877
3913.1934591871327
4374.732644889857
4030.767495696765
2816.273056868924
1814.652846666
1283.4491689882489
1236.3873573264934
1086.8038543128155
1196.0437357248065
1418.1695771880704
1901.3585127648278
2455.00068623831
3448.9982316713526
4508.605628134131
4621.759024672827
3069.5152354495503
2090.561247909356
2510.1058949150565
1262.5435783753533
1250.4933040095846
1409.9483048090756
1704.4350237646872
1865.170027554174
2409.7192978573416
3685.6161745753902
3932.415281019392
4341.135606002603
2888.0265758514934
2409.3859973597773
1632.9749288079813
1426.239684859228
1519.3719148403748
1389.0441692774198
1734.1258196252863
2071.4489080186395
2934.819698674107
3477.1228177353555
3679.8068841308195
2878.2995502015096
2458.946361400781
2230.3378010883357
1975.4740901678924
1712.223784111967
2019.7522317960822
1415.4566325614157
2104.035286510623
2204.401670079849
2181.2757658853434
3195.760774538093
3494.1588484263375
2596.924261336961
2754.0785547578284
2844.968555691344
2050.654328467667
1504.8103720253903
1763.5128892754933
1450.5723616582832
1693.1335586237506
1656.898289129593
2459.2806156564557
2842.2407382367373
3299.8871874319025
3337.708257540404
2621.6989662054348
2181.8948920829494
1881.0131701893479
1430.9907514342374
1406.2327040353166
1020.4534888114003
1577.8730002337998
1758.420209735961
2819.7857754606225
3517.6117733569085
4096.125512124387
3483.7550128943176
2795.507392811503
1723.1809486761013
1229.5003787842954
938.0900398798875
1056.7204640748037
915.1171241790261
1221.0569185270072
1786.9587473685524
2326.819343867088
3238.890209242206
3562.8057127790607
3144.419227026158
2025.2481939682107
1502.3439678885718
1066.3784794752735
709.6672848232439
839.1806729381394
935.4250341207912
1201.8142938524452
1578.6268899085171
2424.0477920496855
3111.5556594843993
3735.545652452803
2718.1827019191323
2486.6385319515175
1839.4013651674904
1198.1509961227239
964.9223687290867
835.035985694991
1025.1270496180216
1494.7722668337358
2228.376639773592
2972.772483777778
3590.168005350312
4646.48892138597
3648.2558683529733
2803.15324330142
2264.0767511177933
1745.3916886855604
1239.9388516472773
1090.2869141827855
1145.8466212256747
1761.5266224153336
1589.536491192123
2946.921588172568
3609.766226568428
4057.09138798573
3760.857665080845
2856.708354911774
2118.673688096541
1633.909184944337
1088.4637388206047
1399.638473329643
1071.612324259507
1637.0667444843086
2059.6837865028238
3012.173354464096
3895.364122037669
4820.320085518446
3607.2992561064793
2608.97974049866
1970.5779974319485
1440.3658834281707
1014.3164392242577
1140.998568065053
986.1554865153064
1255.2887149026683
1636.8122546462614
2179.7068172971044
2535.9671513422227
2798.7756725633417
2749.8567152429437
2257.2943241079147
2048.8877324104565
1488.734613955157
903.8045199502001
1088.054473491468
1143.8181110858159
1671.134409399348
1814.5778366866175
2861.235454539105
3352.6627230877048
3986.8944558772137
3534.0851309098093
3005.2910715518415
2286.125480263565
1556.8089832055866
1364.1208199818207
1334.9718971906877
1590.6020943499452
1876.2464499394855
2591.887077784149
2427.7263961567683
3493.627306701193
3892.896380986395
4029.049564262772
2738.9532109338948
2011.7675137636988
1521.876817663605
1074.5785119937632
1126.3481510693878
1051.029791777566
1883.9051526837943
1645.5866280315886
2849.7668553075023
3424.855658166758
4536.940086682587
3935.547532101195
2892.6487790354863
1774.5174320646586
1854.331532182947
825.2480193602811
1035.1120130155068
1099.579783102962
1280.6095892201465
1579.9067195378593
2213.7850098419685
3102.5682566198175
3289.1061778427593
3490.5814897623336
2250.545831677129
2371.7640383971107
1263.8768005207517
620.0225890739501
889.5534085924238
791.1948908543283
1051.857830138361
1505.8919919214484
2048.71824789723
2686.0619719612932
3072.619932223989
2988.8617426161236
2018.7605916499786
1530.1288309631414
1174.8664931918586
675.3704510555488
658.9983921615243
622.9660451304948
1140.842416721713
1252.5735461415973
2126.5529337930484
2052.5265030671867
2606.108953478981
2296.7350967934162
1984.8518108007795
1720.2751201720098
1046.115945218181
725.4230833442822
713.6051218775148
751.607368131372
793.3130761373905
1679.636491900153
2320.0384458739272
3175.3552977641357
3604.4377730802216
3385.1560203541335
2477.3153897288626
