0.7823652180406213
1.0590531660692953e-09
1.0590531660692953e-09
1.0590531660692953e-09
1.4023603643966547
57.878098864994016
336.0972222222223
1444.5661589008364
1592.2856929510158
855.2505227001196
222.02863649940264
1.7344459378733572
59.77426821983275
7.080291442652329
1.0590531660692953e-09
1.0590531660692953e-09
0.6827228942652329
44.85364396654719
793.4248058542413
1688.2485812425325
2209.0490591397856
1199.6875000000002
243.5275537634409
35.322293160095576
6.830813321385902
1.0590531660692953e-09
1.0590531660692953e-09
3.3952172939068106
1.0590531660692953e-09
48.213224313022714
452.8864247311828
1229.883139187575
1480.7500746714454
973.1395609318996
195.4932048984469
4.457997311827957
1.0590531660692953e-09
1.0590531660692953e-09
1.0590531660692953e-09
1.0590531660692953e-09
1.0590531660692953e-09
15.014224910394265
437.0198626045401
1134.6191756272403
873.4722222222224
518.9784946236559
145.68432646356032
6.310659348864994
1.0590531660692953e-09
1.0590531660692953e-09
1.0590531660692953e-09
0.35059177120669055
20.062107974910397
93.03192204301075
674.4022550776583
1471.3709677419356
1825.5383811230581
1219.5993876941457
243.5275537634409
65.5215427120669
30.557874103942652
0.6495116487455198
3.911857825567503
0.2952318548387097
1.0590531660692953e-09
71.50063470728794
538.7339456391875
1423.3736559139784
1270.337514934289
768.1388142174432
140.71471774193546
5.86766353046595
1.0590531660692953e-09
1.0590531660692953e-09
1.0590531660692953e-09
1.0590531660692953e-09
0.3247502240143369
97.2402927120669
764.010976702509
1688.2485812425325
1958.0544354838705
1249.0232974910393
425.7474611708483
81.74977598566308
29.074066606929517
37.0954674432497
1.0590531660692953e-09
1.0590531660692953e-09
23.804155465949822
126.55600358422937
571.4198775388293
2249.6094683393067
2732.8606630824374
1342.445116487455
197.74171146953404
85.00698178016727
9.675013067502986
0.8857086320191159
7.308968787335723
1.8304480286738352
1.0590531660692953e-09
72.42346176821982
807.3674581839906
1711.461693548387
1688.2485812425325
1051.6147700119477
428.28143667861417
50.60181451612903
1.0590531660692953e-09
1.0590531660692953e-09
1.1846206690561527
1.2695112753882916
1.0590531660692953e-09
152.07579151732378
513.6215651135007
1330.915098566308
1748.984094982079
854.6128285543608
182.90135902031065
49.04525089605735
11.329980585424133
9.209364172640385
1.0590531660692953e-09
1.0590531660692953e-09
1.0590531660692953e-09
64.79726702508961
217.66838410991636
1144.3391577060931
1013.8694743130227
465.9378733572281
160.52886051373952
31.87133736559139
1.0590531660692953e-09
1.0590531660692953e-09
1.0590531660692953e-09
1.0590531660692953e-09
1.0590531660692953e-09
66.55208333333334
549.7860663082438
1414.2032556750298
1727.8550627240143
911.8533452807646
176.7159124850657
65.67816606929509
1.0590531660692953e-09
1.0590531660692953e-09
1.0590531660692953e-09
1.0590531660692953e-09
18.00006720430107
79.28550627240142
354.2534722222222
1104.8338560334528
1412.385752688172
618.5267323775388
73.21412037037038
54.86786887694146
3.1294280167264037
1.7049010603345285
1.398673088410992
1.0590531660692953e-09
0.5535569743130226
128.40259109916366
658.7167712066905
1784.4758064516132
2209.0490591397856
1267.9663231780166
391.2671744324969
13.367693399044203
46.550664575866186
0.8008213859020311
1.0590531660692953e-09
1.0590531660692953e-09
0.7823652180406213
105.29920848267625
453.1791367980885
1159.7181152927124
1323.9740143369177
699.7711320191158
129.75425627240142
6.244194295101553
1.0775966995221027
14.631854838709678
1.0590531660692953e-09
1.0590531660692953e-09
12.86855958781362
63.37417861409797
407.82444743130225
1708.9217443249697
1633.692876344086
653.0331541218637
97.2402927120669
4.1554136798088415
1.0590531660692953e-09
1.033315785543608
19.97084826762246
1.0590531660692953e-09
1.1846206690561527
112.17312574671446
447.74678912783753
1388.4330197132617
1467.4380227001195
637.6937724014338
120.32642622461174
5.233023446833931
19.105465949820786
1.0590531660692953e-09
1.0590531660692953e-09
1.0590531660692953e-09
1.0590531660692953e-09
68.17480585424134
388.7787485065711
855.2505227001196
1001.7872610513738
194.29293608124252
48.213224313022714
54.86786887694146
11.454775238948626
1.9189467592592595
1.0590531660692953e-09
1.2695112753882916
1.0590531660692953e-09
64.79726702508961
322.62821087216247
1056.80256869773
1244.9649044205496
552.606780167264
51.87283452807647
31.389516129032263
1.0590531660692953e-09
1.0590531660692953e-09
0.2952318548387097
1.0590531660692953e-09
1.0590531660692953e-09
100.11032706093191
697.6112604540023
1388.4330197132617
1748.984094982079
911.8533452807646
180.45056750298684
29.335846027479093
