16.64333183990442
4.146132019120379
2.863575268821692
3.1056227598611184
2.068884408606638
0.3997162485110588
4.487753882915173e-12
212.0676523297491
518.9848416965352
482.7273745519713
357.52538829151734
21.42096027479092
38.671146953405014
4.146132019120379
2.863575268821692
4.225690710872162
2.068884408606638
0.3997162485110588
4.487753882915173e-12
139.26149940262843
373.7287186379928
456.21677120669057
175.32370071684588
34.862044504181604
5.815785543612612
4.146132019120379
2.863575268821692
3.1056227598611184
2.068884408606638
0.3997162485110588
4.487753882915173e-12
97.4454898446834
311.3810483870967
188.89000896057348
54.730510752688176
7.606780167268525
8.055921445639187
4.146132019120379
2.863575268821692
4.599059139784946
2.068884408606638
0.3997162485110588
4.487753882915173e-12
159.798013739546
355.80869175627237
213.90120967741936
161.8817204301075
7.606780167268525
5.815785543612612
4.146132019120379
2.863575268821692
3.1056227598611184
2.068884408606638
0.3997162485110588
27.255264336917563
193.02755376344086
557.0452508960573
749.6520310633214
477.37343189964156
55.76963859020311
15.523148148148149
4.146132019120379
2.863575268821692
3.1056227598611184
2.068884408606638
0.3997162485110588
4.487753882915173e-12
154.57063918757467
428.988201911589
327.4036738351254
152.1759259259259
30.754778972520914
5.815785543612612
4.146132019120379
2.863575268821692
3.1056227598611184
7.295900537634409
0.3997162485110588
14.187724014336917
255.3755973715651
640.6959378733573
490.2053464755078
462.8147401433692
60.62473864994026
11.042801672640383
4.146132019120379
2.863575268821692
3.1056227598611184
3.1889523596176823
0.3997162485110588
4.487753882915173e-12
187.42420848267622
515.2199074074074
526.013664874552
195.48797789725208
49.42286439665472
15.149604241338112
4.146132019120379
2.863575268821692
3.1056227598611184
2.068884408606638
0.3997162485110588
4.480372610513739
149.34363799283153
557.0452508960573
424.84879032258067
206.3138440860215
61.36846624850657
5.815785543612612
4.146132019120379
2.863575268821692
3.1056227598611184
2.068884408606638
0.3997162485110588
14.187724014336917
165.3968787335723
377.8360215053764
435.3031660692952
177.191233572282
33.74182347670251
5.815785543612612
4.146132019120379
2.863575268821692
3.1056227598611184
2.068884408606638
0.3997162485110588
4.487753882915173e-12
143.74029271206692
323.7029569892473
303.50806451612897
154.79166666666666
17.31414277180406
7.682594086021505
4.146132019120379
2.863575268821692
3.1056227598611184
2.068884408606638
0.3997162485110588
4.487753882915173e-12
148.96766726403823
404.3473715651135
389.3794802867383
206.3138440860215
80.03696236559139
7.682594086021505
4.146132019120379
2.863575268821692
3.1056227598611184
2.068884408606638
0.3997162485110588
4.487753882915173e-12
113.12649342891278
276.65994623655916
331.8828405017921
106.25261350059738
26.647961469534046
5.815785543612612
4.146132019120379
2.863575268821692
3.1056227598611184
2.068884408606638
0.3997162485110588
4.487753882915173e-12
141.1290322580645
370.369623655914
306.4956690561529
301.89142771804063
14.32709826762246
5.815785543612612
4.146132019120379
2.863575268821692
3.1056227598611184
2.068884408606638
0.3997162485110588
4.487753882915173e-12
72.43018219832736
297.5679510155317
185.52643369175627
115.96326164874552
13.207325268817204
6.935853494623656
4.146132019120379
2.863575268821692
3.1056227598611184
2.068884408606638
2.266524790919952
4.487753882915173e-12
74.29771505376344
331.1693548387097
213.90120967741936
93.55921445639187
7.606780167268525
7.682594086021505
8.253072729988052
2.863575268821692
4.225690710872162
5.055757168458781
0.3997162485110588
4.487753882915173e-12
163.15710872162484
411.4377986857826
482.7273745519713
216.3959826762246
22.91427718040621
5.815785543612612
4.146132019120379
2.863575268821692
3.1056227598611184
2.068884408606638
0.3997162485110588
4.487753882915173e-12
11.947319295101552
328.55361409796893
259.8241487455197
120.06608422939068
15.073775388291514
11.042801672640383
13.106854838709678
2.863575268821692
3.1056227598611184
2.068884408606638
0.3997162485110588
4.487753882915173e-12
10.827546296296296
181.82571684587813
148.93742532855435
23.368443847072882
7.606780167268525
12.163007765830345
4.146132019120379
2.863575268821692
3.1056227598611184
2.068884408606638
0.3997162485110588
4.487753882915173e-12
138.14180107526883
544.3436379928315
447.6247013142174
132.76396356033453
18.807459677419352
