0.0
0.0
0.7467278972520908
0.0
0.0
0.0
0.0
40.69593787335723
121.71255227001194
114.99309289127838
6.7206541218638005
0.0
0.3733557347670251
0.0
0.0
0.0
0.0
0.7467278972520908
0.0
43.682310334528076
159.7959229390681
178.83800029868578
114.99309289127838
9.707194593787337
0.0
0.0
0.3733557347670251
0.0
0.0
0.7467278972520908
1.1200899790919951
50.028001792114694
114.24630376344086
118.72849462365589
44.42947281959379
0.0
0.0
0.0
0.0
0.0
1.1200899790919951
0.0
0.0
70.19026284348865
85.12731481481482
53.76340352449223
40.32254330943847
0.0
0.0
5.226911589008363
0.0
1.493414351851852
0.0
0.0
0.0
47.043944145758665
125.44795400238948
26.881705495818398
54.8839605734767
0.3733557347670251
0.0
0.0
0.0
0.0
0.0
0.0
0.0
40.32254330943847
136.64964157706092
120.2227822580645
66.45937873357228
6.7206541218638005
0.7467278972520908
0.0
0.3733557347670251
0.0
0.0
0.0
0.0
38.455607825567505
143.36910095579452
110.51508363201911
77.28349014336916
10.453856780167264
7.093738799283154
0.0
2.240142249103943
0.0
0.0
0.0
0.0
27.62833408004779
190.0396505376344
199.37361857825567
87.36458333333333
2.240142249103943
0.0
1.1200899790919951
0.0
0.0
0.0
0.0
0.0
31.735513739545997
118.72849462365589
137.7701612903226
86.99085274790922
36.21580047789726
1.493414351851852
0.0
0.0
0.0
0.0
0.0
1.1200899790919951
38.08262395459976
91.47337962962963
84.38052568697731
91.09961170848267
13.814392921146954
0.0
0.0
0.0
0.0
0.0
0.0
0.0
40.32254330943847
82.88620071684589
111.63560334528077
67.206541218638
8.960569743130227
0.0
0.0
0.0
0.0
2.6135043309438473
0.0
0.0
26.881705495818398
116.11402329749106
138.89071833930706
106.03251941457587
7.467278972520908
0.0
0.0
0.0
0.7467278972520908
0.0
2.6135043309438473
0.0
69.06970579450419
100.06018518518518
107.15344982078852
96.32515681003584
2.6135043309438473
0.0
0.0
0.0
0.0
0.0
0.0
0.0
15.307683691756269
109.7679211469534
96.32515681003584
21.281257467144563
0.0
0.7467278972520908
0.3733557347670251
0.0
0.0
0.0
1.1200899790919951
0.0
48.164463859020316
175.10259856630825
151.20911738351253
159.7959229390681
6.7206541218638005
0.0
0.0
0.0
0.0
0.0
0.0
0.0
47.043944145758665
134.408527479092
163.53132467144565
97.07194593787335
1.493414351851852
0.0
0.0
0.0
0.0
0.0
0.0
0.0
53.01627837514934
130.67312574671445
138.89071833930706
145.98394563918757
25.761540471923535
0.0
0.0
0.0
0.0
0.3733557347670251
1.1200899790919951
0.0
13.067312574671446
134.78192204301072
171.3713410991637
170.25082138590204
14.187481332138592
0.0
0.0
0.0
0.0
0.0
0.0
0.0
29.86869026284349
102.30167264038232
141.50141875746715
114.24630376344086
15.307683691756269
0.0
0.0
0.0
0.0
0.0
0.7467278972520908
0.0
37.70911738351254
120.2227822580645
141.87481332138591
84.00675776583033
0.3733557347670251
