0
0
0
0
0
58.765136823309376
580.7439350051238
1493.9740163611439
2279.6256089620247
1103.2927910736503
254.292720303919
11.866119660515928
0
0
0
0
0
56.101078000635795
423.24809835277705
1082.7640477636353
1629.3923669596638
1082.6964978509177
117.59684606603084
8.362380225769265
0
0
0
0
0
39.19693767295435
640.5266878586616
1875.3064404273907
2211.43589679587
924.5429457290833
309.75286154171226
0
0
0
0
0
0
32.29654548256636
434.0279026194192
530.0542657711835
1423.0821027843565
503.8644722063888
4.267796311375662
0
0
0
0
0
8.92560733376181
37.10015261682938
329.2870747697766
1219.744859748495
1299.4062821757666
384.26157945218915
97.27975692697001
0
0
0
0
0
0
0
387.94765198799166
1067.9682963699884
1356.4973872099627
531.5984239444585
0
0
0
0
0
0
0
10.387878143361739
423.12895419143126
963.0447023212828
1427.5609221704108
365.42680072681264
252.34403822868336
0
0
0
0
0
0
16.46126593323016
179.4186688786052
1051.5913117201574
533.5010071012739
720.6453427150647
0
0
0
0
0
0
0
31.58639701653034
296.23586618090843
609.1343984085631
424.9305329183293
109.04040309385802
0
0
0
0
0
0
0
111.76190631886817
573.9133612823045
761.6616950983592
1276.1044795982011
660.2420362752096
0
0
0
0
0
0
0
38.832074254086585
99.74113567640931
1477.8457354519392
1373.4313406955416
741.9898280162454
164.6173128900513
0
0
0
0
0
0
0
0
53.825775907692545
674.0032157173375
379.8088211118153
25.02491900448311
0
0
0
0
0
0
45.62448796315121
626.3110131760156
1611.6876715035044
2024.8991253124493
1143.1376140215068
27.915077629495087
0
0
0
4.409407443044984
0
0
5.5508934930235725
337.88295476570096
761.3213278606955
1166.6086968270613
373.23192245486393
34.21997640430726
0
0
0
0
0
0
0
360.4168459398679
489.25097275721646
1220.372367179373
493.9004662205682
32.69709845330139
0
0
0
0
0
0
5.30785814748937
25.413190624495755
1167.4223049363752
1004.1188826233188
465.47226288070226
47.3541400340759
0
0
0
0
0
0
15.972635382123741
496.39884093638824
1248.0431076659268
2258.2329209687364
1046.1485540164526
128.25038427442288
0
0
0
0
0
0
0
0
921.974078839556
841.6262532232366
765.3906484540098
1.603742467677165
0
0
0
0
0
0
0
457.77926749134156
1622.701724992213
1409.2631316329823
622.9898891411306
75.01723234092557
0
0
0
0
0
0
0
360.4405054696032
1025.0398246055586
705.1829895464064
585.5476409263426
349.68126277030086
0
