0
0
0
0
2.5138710378891034
104.16070880658297
337.89857956904245
1060.5671316538555
1281.8732194757638
887.6405359959919
155.60398822506596
0
0
0
0
0
0
48.36690834711128
714.1646903479981
1546.839615266622
2182.9261931245383
799.5774715665689
275.390678204621
0
0
0
0
0
0
85.48763361082769
554.0437129482675
1788.0976590653836
2186.590466688343
1132.4842539728106
237.1419371092153
11.482517615230876
0
0
0
0
0
54.451339389376415
417.20965291810495
1425.3215895465719
1781.7096416135082
804.7672499841666
223.95410156824542
0
0
0
0
0
46.87825817008201
0
289.4880529657145
722.6760873470611
1057.1519512319196
288.9561732395248
6.473977357077501
0
0
0
0
0
0
17.821107282069207
378.0966215220419
1163.232259930323
1448.556078966235
817.0341318297633
16.51775349920114
0
0
0
0
0
20.933544026557133
0
572.8086136896393
1715.1358761564077
2362.7513343567907
838.943079101962
89.16258661578016
6.943014362825743
0
0
0
0
0
98.13021007898882
488.48232628601266
1564.349301564841
1377.6900752016322
759.438278796307
34.28785671727137
0
0
0
0
0
0
49.15905233313731
384.3410782478141
2203.724452172004
1617.2789498836814
731.5116172515643
76.63019987312215
0
0
0
0
0
0
0
327.48676331336765
675.5569310601276
82.77700797335059
412.7883325715057
132.37550324334444
0
0
0
0
0
0
47.93015519793364
290.8046437409254
1349.7856996096452
1274.6566991184807
615.0748787928283
211.0807612174109
0
0
0
0
0
0
0
0
487.7703323593055
540.7583680470868
366.4889286386969
4.416458729692181
0
0
0
0
0
0
24.23907129648454
0
784.4691828535645
1515.4658815848509
772.5040268052581
43.549934260319475
0
0
0
0
0
0
120.91809032695429
444.58359694013353
749.8809156743156
2128.8234519047196
484.34079342260605
29.355841099647748
0
0
0
0
0
0
41.643740066587725
355.3287336340138
948.0778843462249
535.8984275139012
508.69101281555027
125.5721357890242
0
0
0
0
0
0
80.76003108655748
448.77325633536793
1159.9928694525042
1072.7202864464969
482.5279677791491
23.669253534673246
0
0
0
0
0
0
23.187838488455867
363.7562184752175
882.7627163875518
1355.4760511957375
0
54.298547356860155
0
0
0
0
0
0
0
422.17109792238
1155.8577407272503
1594.6982364968328
799.7006842963035
121.94898589659
0
0
0
0
0
0
13.315238901740742
370.64739771834263
1401.1414651355826
1664.499093401202
1065.1729088543925
230.86956955717406
0
0
0
0
0
0
0
311.03078324738095
649.6705743068726
1624.9093186981383
543.3765686443834
39.30671079897469
0
