6.197916666666667
3.458669354865921
2.586122311827957
2.5906137993103657
4.225470430107526
14.971639784946236
37.53360215053763
107.37380525686977
128.57676224611708
100.87029569892474
35.34460872162485
9.550440561529271
5.524865591397849
3.458669354865921
2.3887022103020024
2.853311678614098
2.65718339307049
9.722983870967742
73.65218040621266
154.0359916367981
214.94175627240142
92.56683094384707
46.91494922341697
8.150238948626045
4.851403823205228
3.458669354865921
2.3887022103020024
4.63048835125448
1.9447281959378733
13.369563918757464
58.43040621266428
177.24761051373955
215.41218637992833
124.55981182795699
43.36058841099164
12.797565710872162
5.174204749103943
3.458669354865921
2.3887022103020024
2.743455047789725
1.7258064516401148
10.49433990442055
45.43757467144564
142.64486260454004
176.77718040621266
93.31727897252091
42.207287933094385
11.758885902031063
6.84468339307049
3.458669354865921
2.3887022103020024
2.87719160692951
8.651583034647551
4.922356630824373
33.32026583034648
75.50776583034647
107.54554958183991
44.077060931899645
21.50164277180406
6.345579450445371
4.851403823205228
3.458669354865921
2.3887022103020024
2.5906137993103657
1.7258064516401148
7.18452807646356
41.91308243727599
117.80540621266428
145.13515531660693
94.75843787335722
22.57616487455197
6.345579450445371
4.8991674133811225
3.458669354865921
2.4842293906810036
2.5906137993103657
6.263216845878137
5.258751493428913
60.66308243727599
170.75866188769413
232.76956391875746
96.99111409796893
29.64531063321386
12.797565710872162
5.323066009557945
3.458669354865921
2.3887022103020024
2.7625522700119474
2.7240516726403823
15.076179808841099
52.70683990442055
156.45534647550775
138.61260454002388
89.52023596176822
24.510902031063324
7.1269041218638
6.212664277180406
3.458669354865921
2.3887022103020024
3.4551224611708484
3.965800477897252
10.49433990442055
42.85394265232975
217.79047192353644
161.67861409796893
86.99260752688173
28.683915770609318
12.335722819593787
5.937201314217443
5.08262395459976
2.3887022103020024
4.202620967741935
1.7560562275985663
5.746729390681003
37.53360215053763
71.65098566308244
14.93391577060932
56.62746415770609
34.14239844683393
10.604465352449223
4.851403823205228
3.493694743130227
2.8695116487455197
2.5906137993103657
1.9168533452807646
10.593652927120669
34.14389187574672
136.32392473118279
129.15919952210274
76.1391129032258
41.80107526881721
6.926709976105138
6.241300776583035
3.8793682795698925
2.3887022103020024
2.5906137993103657
1.7258064516401148
5.746729390681003
2.7211768219832733e-11
53.95385304659498
59.05017921146953
52.49439964157706
22.14717741935484
7.210088112305854
4.851403823205228
4.466472520908005
2.3887022103020024
2.5906137993103657
1.7258064516401148
8.551762246117084
0.7594459378733572
82.49701314217444
152.49402628434888
91.51396356033453
26.023372162485067
9.322841995221028
4.851403823205228
4.8119772998805255
4.381981780167263
2.5906137993103657
1.7258064516401148
17.922281959378733
49.245818399044204
79.33467741935483
211.3500597371565
64.08714157706093
24.797267025089607
6.345579450445371
5.1634632616487455
3.458669354865921
2.4842293906810036
2.5906137993103657
1.7258064516401148
10.4528972520908
40.834080047789726
98.45430107526882
59.02777777777778
66.57743428912784
34.14239844683393
9.638440860215052
6.535058243727598
5.732974910394265
2.883848566308244
2.5906137993103657
1.7258064516401148
14.31789127837515
49.91412783751493
118.89187574671446
110.56227598566308
64.23648446833931
24.526583034647555
6.345579450445371
4.851403823205228
3.6576762246117083
2.3887022103020024
3.615927419354838
2.7336096176821982
8.930719832735962
41.91308243727599
92.51045400238948
137.78375149342892
9.629256272428647
27.59931302270012
9.945340501792115
8.144265232974911
3.458669354865921
2.609210722819594
2.6686267921146953
1.8324783452807647
6.136514336917562
47.64411589008363
118.80973715651135
160.84229390681003
94.93391577060932
34.21856332138591
6.345579450445371
5.770833333333333
4.350246415770609
2.3887022103020024
2.5906137993103657
1.7258064516401148
8.240008960573476
42.85394265232975
142.45071684587813
167.6859318996416
120.52008661887695
44.790919952210274
7.495855734767025
8.678688769414574
5.504554958183991
4.072356630824372
2.8851515830346477
1.7258064516401148
5.029883512544803
37.29540023894862
70.68399044205496
164.060633213859
70.75156810035843
26.604316009557945
6.345579450445371
