16.269825268817204
4.146132019120379
2.863575268821692
3.1056227598611184
2.068884408606638
0.3997162485110588
4.487753882915173e-12
170.6235065710872
315.86021505376345
411.0356929510156
176.07153524492233
55.76963859020311
14.029868578255678
4.519489247311827
2.863575268821692
3.1056227598611184
2.068884408606638
0.3997162485110588
9.707362604540023
143.74029271206692
360.66345579450416
367.3521505376344
177.191233572282
16.19392174432497
5.815785543612612
4.146132019120379
2.863575268821692
3.1056227598611184
2.068884408606638
0.3997162485110588
4.487753882915173e-12
112.75462962962963
373.7287186379928
525.6571087216248
360.8844832735962
21.42096027479092
5.815785543612612
4.146132019120379
2.863575268821692
3.1056227598611184
2.068884408606638
0.3997162485110588
2.986872759856631
93.33818697729988
444.67331242532856
340.09707287933094
147.3252688172043
15.073775388291514
5.815785543612612
4.146132019120379
2.863575268821692
3.1056227598611184
2.068884408606638
1.1464157706093192
4.487753882915173e-12
250.14822281959383
515.2199074074074
440.531660692951
150.68436379928315
25.901321684587813
12.536103643966547
4.146132019120379
2.863575268821692
3.1056227598611184
2.068884408606638
0.3997162485110588
4.487753882915173e-12
14.187724014336917
366.2623207885305
281.85185185185185
85.72095280764636
37.10200119474313
17.016465053763437
4.146132019120379
2.863575268821692
3.1056227598611184
2.068884408606638
0.3997162485110588
4.487753882915173e-12
85.87141577060933
262.09864097968943
505.47715053763443
248.8780615292712
40.089045698924735
5.815785543612612
4.146132019120379
2.863575268821692
3.1056227598611184
2.068884408606638
0.3997162485110588
39.94922341696535
137.39396654719235
316.9799133811231
389.3794802867383
18.14142771804511
30.754778972520914
5.815785543612612
4.146132019120379
2.863575268821692
3.1056227598611184
2.068884408606638
0.3997162485110588
4.487753882915173e-12
112.75462962962963
276.65994623655916
206.4340651135006
44.27647102747909
15.820863201911589
13.65628733572282
4.146132019120379
2.863575268821692
3.1056227598611184
2.068884408606638
0.3997162485110588
31.73517771804062
160.9173387096774
568.6417264038232
574.2114695340501
198.47110215053766
64.73192951015531
5.815785543612612
4.146132019120379
2.863575268821692
3.1056227598611184
2.068884408606638
0.3997162485110588
4.106940710872162
67.57952508960574
459.23200418160087
418.5024641577061
195.48797789725208
64.73192951015531
5.815785543612612
4.146132019120379
2.863575268821692
3.1056227598611184
2.068884408606638
0.3997162485110588
3.360203853046596
173.23924731182797
738.1085722819594
525.3039127837515
179.05876642771804
51.6627464157706
12.536103643966547
4.146132019120379
2.863575268821692
3.1056227598611184
2.068884408606638
0.3997162485110588
4.487753882915173e-12
125.82026583034646
486.4964157706094
192.997311827957
131.6442652329749
14.700642174432497
15.149604241338112
4.146132019120379
2.863575268821692
3.1056227598611184
2.068884408606638
0.3997162485110588
4.487753882915173e-12
57.49738649940263
285.24604241338113
94.42764336917564
84.60125448028674
19.554099462365592
9.549357825567503
4.146132019120379
2.863575268821692
3.1056227598611184
2.068884408606638
0.3997162485110588
4.487753882915173e-12
24.641763739545997
455.86805555555554
253.10558542413378
45.02311081242533
22.541143966547192
5.815785543612612
6.3862679211469535
2.863575268821692
3.1056227598611184
2.068884408606638
0.3997162485110588
4.487753882915173e-12
198.254554958184
328.55361409796893
638.7836021505377
354.5377837514934
13.954002389486257
17.763104838709676
6.3862679211469535
2.863575268821692
3.1056227598611184
2.068884408606638
0.3997162485110588
4.487753882915173e-12
136.27389486260455
526.4183841099164
595.4554958183991
362.37641875746715
21.04786439665472
14.029868578255678
4.146132019120379
2.863575268821692
3.1056227598611184
2.068884408606638
0.3997162485110588
4.487753882915173e-12
151.95489844683394
543.5894563918757
582.7949522102748
341.4680406212664
55.76963859020311
19.256869772998808
4.146132019120379
2.863575268821692
3.1056227598611184
2.068884408606638
0.3997162485110588
4.487753882915173e-12
154.57063918757467
355.80869175627237
372.95512246117084
154.79166666666666
15.820863201911589
5.815785543612612
5.266199970131421
2.863575268821692
3.1056227598611184
2.068884408606638
0.3997162485110588
26.88168309438471
148.96766726403823
396.5046296296296
359.5135155316607
96.91830943847073
34.11495669056153
