2.240142249103943
0.0
0.0
0.0
0.0
0.0
0.0
69.44347371565114
131.0468936678614
243.42928614097968
126.56851105137396
0.0
8.960569743130227
1.8667764336917563
0.0
0.0
0.0
0.0
1.1200899790919951
48.53823178016727
200.86790621266428
199.37361857825567
126.1951164874552
11.574025537634409
0.0
0.0
0.0
0.0
0.7467278972520908
0.0
0.0
23.14804734169654
136.64964157706092
175.475993130227
42.18798536439665
6.3471139486260455
0.0
0.0
0.0
0.0
1.493414351851852
0.0
0.0
68.32291666666666
111.262208781362
135.90247909199522
98.5662709080048
38.455607825567505
0.0
0.0
0.0
0.0
0.0
0.0
0.0
4.853823178016726
114.99309289127838
99.68679062126643
16.427848715651137
16.427848715651137
0.0
0.0
0.0
0.0
0.0
0.0
0.0
35.09561678614098
138.89071833930706
177.71706989247312
103.79144265232975
0.3733557347670251
4.480283004778973
1.1200899790919951
0.0
0.0
0.0
0.0
0.0
82.88620071684589
154.57075119474314
167.63597670250897
136.64964157706092
0.7467278972520908
0.0
0.0
0.0
0.0
1.1200899790919951
0.0
0.0
72.05794504181601
222.89366786140985
148.96766726403823
121.71255227001194
45.54999253285544
0.0
0.0
0.0
0.0
0.0
0.0
0.0
92.96733124253285
140.00709378733572
160.91685334528077
97.81910842293907
20.534595280764634
6.7206541218638005
0.0
0.0
0.0
0.0
0.0
0.0
44.42947281959379
121.33919504181601
136.64964157706092
97.07194593787335
0.0
0.0
0.0
0.0
0.0
0.3733557347670251
0.0
0.0
72.05794504181601
129.55675029868578
121.33919504181601
111.262208781362
32.1086096176822
0.0
0.0
0.0
0.0
0.0
0.0
3.733557347670251
44.802830047789726
138.89071833930706
97.07194593787335
62.35058243727599
8.2139075567503
0.0
0.0
0.0
0.0
4.106933243727599
0.0
0.0
68.69631123058544
121.71255227001194
112.3786215651135
92.5939366786141
0.0
0.0
0.0
0.0
0.0
0.0
0.0
0.0
46.67054958183991
100.06018518518518
92.96733124253285
96.32515681003584
0.7467278972520908
1.8667764336917563
0.0
0.0
0.0
0.0
0.0
0.0
38.82937574671445
100.80734767025089
106.40628733572282
101.92790471923539
0.0
1.1200899790919951
0.0
0.0
0.0
0.0
0.0
0.0
45.54999253285544
125.44795400238948
130.67312574671445
87.73797789725211
6.3471139486260455
0.0
0.0
2.9868690262843485
0.0
0.0
0.0
6.3471139486260455
52.64288381123058
146.35734020310636
130.67312574671445
159.7959229390681
10.080734767025088
0.0
0.0
0.0
0.0
0.0
0.0
0.0
10.453856780167264
91.84677419354838
125.44795400238948
106.03251941457587
15.307683691756269
0.0
0.0
0.7467278972520908
0.0
0.0
0.0
0.0
43.30854241338112
159.7959229390681
179.21139486260455
125.0745594384707
2.240142249103943
6.3471139486260455
0.0
0.0
0.0
0.0
1.493414351851852
0.0
37.70911738351254
94.83086917562724
141.50141875746715
66.45937873357228
7.467278972520908
