1420.8315522400756
984.5812677594043
641.1695356839026
703.2889726349079
635.910138246613
940.8734475735175
1281.5972072840218
2188.1976368759415
2759.7975026459117
2915.202402954372
2478.213172220063
1874.7022683384566
1598.1052473529776
933.6281814210447
461.9409396890978
768.5706441873676
686.3989515252846
992.8584026062305
1457.2972448436808
2300.110822887057
3086.908950757374
3687.2426129011524
3499.1559034064007
1992.385157791247
1354.362136499559
1032.4290691982108
719.3976875450065
717.5871051595253
606.0600991639145
1052.7071578746038
1274.2436199974238
2110.3112221404967
2866.502968930226
3381.7474196095936
2708.084642740956
1993.5667490892467
1291.9856090682601
962.2714640529041
571.5330413407096
790.0097209933017
802.0587414100363
1256.8201184604115
1549.0949130962974
2627.670281111383
3189.197380907397
3957.9506639993965
3716.665365613695
2415.9296349969586
1879.5540831970566
1762.2636324319296
947.8857054082646
967.7210348128096
799.7679654467195
1227.0606863762143
1299.1133262925118
2399.690222277219
2737.7587658762022
3159.7823549974255
2756.2405807814057
1987.9112160481518
1682.6770346339974
1933.4957972550012
1410.8676412906234
1470.9004751476552
1302.483185612882
1814.6539764104893
1886.166094535806
2679.9613280220465
3420.1809002737755
4075.394131876347
4053.566523669436
2939.126639443188
2748.804435093702
1915.7184494605556
1324.2757574079526
1223.6056393698436
1178.0229179481987
1593.7416333729875
2156.7121676212646
2720.524343262295
3557.6096228192746
4006.0034989822116
3643.1299867593107
3175.891088301348
2557.2166565614066
1994.1872030077109
1169.2680640734354
1679.9811122229517
1138.9962923391222
1717.680355280292
1751.4823211439411
1862.89837239158
3282.5636560761386
3400.5143821339007
3065.1987969186316
2412.191966369644
1943.4526969805665
1193.4816194095629
796.9862629445096
1034.5284551962045
841.0258947092017
1244.436388759852
1628.775179932412
2391.671907193055
3109.4995737615786
3820.9452940298634
3439.3517580720572
2313.132222214361
1997.9520932140838
1705.0838254237997
800.1628010767574
1068.6709016896145
1048.073189850996
1471.100719268025
1950.8748103231742
2469.135174189965
3460.924733247564
3726.9919082437927
3602.0723259395922
2693.103993749448
1996.827990663791
1832.357011266206
1114.2818810678268
1407.548596530456
1433.5731071874427
2092.2693202946634
2260.4829666998894
3056.114154630154
3960.1389677571983
4120.876894258134
3965.1475396328187
3196.001563543792
2623.488013813387
2076.569885362498
2525.7819997226366
2067.1760442675163
2004.841378919005
2447.9319737256465
2775.7745571121436
3209.6510575704265
4268.42904139251
5168.743808636724
4395.435531494769
3859.7005066276934
2874.178217712714
2223.0054555607867
1433.5645336089651
1656.2409246958782
1687.453985768593
1831.1678315394672
2234.4856693714696
3001.4754030199265
3748.056831748435
4026.6470136625044
3648.918169842704
2544.04768432297
2214.297428497672
1553.5983460340103
949.0738090780378
1411.9707033301775
1521.681982800272
1613.5288732583683
2200.4244167344086
2624.6549288521283
3294.790780883405
3703.827400919029
3465.9078608978625
2678.017736725079
1935.772373931426
1439.5743132533764
728.9946674280571
1143.4500520592655
1332.645631536326
1687.9864887686365
1898.8210383576265
2465.562988898704
3301.043741886377
3825.4648547020474
3694.515327404948
2612.1178988072515
1693.0941677362196
1328.5986553278815
765.1158141144314
878.4918820281688
1072.8029175242805
1335.3782254137827
1698.674646998135
2531.3810615500342
3363.92344863868
4106.548696300267
4082.2806190187544
2588.200563683038
1724.6120669212903
1139.7758347516442
845.0125171948092
762.4028321612657
771.1706362242285
1226.565510665786
1417.3977626979552
2166.483255062996
2919.3490921932935
4091.8582686432374
3500.9408834301935
2398.9218397416453
1525.9591100816988
1129.3014047620895
790.8667064574628
954.3373243630331
1000.392518169143
1483.0568082596274
1814.8501796454625
2397.702462353622
3413.6006667044257
3955.938144589579
3809.435854025921
2366.550421399083
1834.7156925222814
1605.666627600461
1054.8158363602083
1268.2726566477845
1448.4097731024183
1790.3027848519412
2256.4150111953604
2717.5444772518294
3737.895816836601
4472.33442390909
4200.201643985768
3050.9119959859654
2950.6724842699787
2226.8019592564133
1550.0680740103512
1702.3517579288882
1407.158311978445
1800.2187694617635
2211.2118092537958
3366.9198041475224
4458.254801199021
5101.180417942826
4813.231565455687
4033.4802306786833
