30.96729390681003
16.45672789725209
7.875672043010753
6.43936678614098
5.624917861409796
7.125821385902031
44.79521356033453
107.30137395459977
261.6102897252091
253.11454599761052
122.6194743130227
37.52639635603345
21.88702210274791
9.386611409796894
7.960909498207884
5.296546445639188
3.45828853046595
13.413231780167264
45.67839008363202
87.27710573476703
228.86126045400243
234.376866786141
154.52695639187576
57.762470131421736
28.570377837514933
4.2837440262843485
5.766502389486261
6.954413082437276
4.377016129032258
19.06600955794504
48.033527479092
101.67152031063321
203.4785692951016
233.42779271206695
124.3014486260454
29.02583632019116
23.162223715651134
4.423267622461171
3.857441009557945
2.439699074074074
4.6898484169653525
2.871135752688172
18.097856929510154
63.31130525686977
147.57131123058545
107.13037634408602
66.68234767025089
24.7665770609319
14.553912783751493
5.275126941457587
10.312238649940262
3.2857974910394265
11.059737156511352
6.516913082437276
37.115554062126634
116.11409796893668
255.26135005973717
225.85050776583032
180.00858721624851
42.33348267622461
20.238724611708484
6.469832735961768
4.2671557646356035
3.7458071983273595
2.2593301971326163
27.22457437275985
43.39389187574671
86.74395161290322
161.61439665471923
180.81167861409796
94.91412783751494
36.151433691756274
20.407482078853047
3.539153972520908
3.967928614097968
3.4703741039426523
5.28159348864994
4.630077658303465
26.022438769414578
69.7513440860215
157.2177419354839
128.84557945041817
89.55607825567505
21.099761051373953
7.584826762246117
12.131832437275984
4.594052419354838
5.387981630824372
11.232489545997609
11.382728494623656
29.45303166069295
109.6964605734767
195.13888888888886
205.77882317801672
198.7873357228196
51.193249701314215
32.8454674432497
21.55342741935484
5.449596774193549
4.080193399044205
4.89388440860215
13.747983870967742
36.84195788530466
121.17831541218638
161.09318996415772
193.20377837514937
101.56362007168458
41.843227299880525
21.01650238948626
16.820228494623656
5.672715053763442
5.126243279569891
5.609005376344086
10.221923536439666
39.033527479092
154.30443548387098
261.03606630824373
272.9405615292712
210.0197879330944
68.51553166069294
33.390120967741936
7.707101254480286
6.836021505376344
4.533856033452808
10.463485663082437
15.608982974910397
48.22393966547193
136.63343787335722
234.69235364396656
259.03076463560336
216.6084229390681
66.51247013142175
19.039911887694146
8.728942652329751
5.1096848864994024
5.545773596176822
7.848603643966547
17.171520310633213
71.9209229390681
104.0621266427718
221.15143369175627
240.12918160095575
175.2471624850657
55.47304360812425
19.401284348864994
4.109617682198328
8.3163082437276
4.119515382317801
5.479181600955794
8.998954599761053
36.564142771804065
76.37656810035843
176.60282258064518
185.96139486260452
107.7195340501792
38.4739023297491
24.931376941457586
5.128472222222222
3.949070340501792
3.628961320191159
3.2857974910394265
4.270314366786141
31.309289127837516
75.92368578255675
124.3395310633214
122.07885304659499
78.83064516129032
33.86630077658304
19.10771356033453
13.203479689366786
5.828965053763442
1.9351926523297491
2.8218600657108723
4.456373207885305
12.16715203106332
76.12977897252091
124.06137992831542
141.16524790919954
80.34274193548387
23.76736111111111
16.395459976105137
9.270908004778972
6.669018817204301
1.6875784050179212
3.9861820489844684
7.386536738351254
29.555518219832734
66.89254778972521
163.9359318996416
173.63687275985663
70.42114695340501
44.31858572281959
8.04491487455197
22.841323178016726
4.743988948626045
2.121195489844683
3.0479017323775386
6.892398446833931
34.21972072879331
91.581541218638
233.90531660692952
222.6235812425329
93.52374551971326
42.361111111111114
31.885192652329742
9.388366188769414
7.810894563918756
7.384707287933094
2.909983572281959
6.302344683393072
30.337925627240143
96.77120669056153
204.09610215053763
197.46677120669057
128.8881421744325
42.79943249701314
28.091509856630825
5.213784348864994
3.200201612903226
3.902994324970132
9.613164575866188
3.7972782258064517
26.14878285543608
60.973715651134995
137.74305555555554
163.88291517323776
103.44795400238948
44.72259557945042
14.663381123058542
9.69134557945042
4.694369772998805
4.053797043010753
4.062918160095579
13.780167264038232
21.947393966547192
113.03016726403823
237.19272700119475
222.8513291517324
128.89934289127837
51.20482377538829
