11.042801672640383
4.146132019120379
2.863575268821692
3.1056227598611184
2.068884408606638
0.3997162485110588
4.487753882915173e-12
143.74029271206692
350.5813172043011
240.7836768219833
136.87126642771804
13.580421146953405
5.815785543612612
4.146132019120379
2.863575268821692
3.1056227598611184
2.068884408606638
0.3997162485110588
23.14799880525687
72.43018219832736
480.52195340501794
467.41151433691755
71.90311379928316
7.606780167268525
5.815785543612612
4.146132019120379
2.863575268821692
3.1056227598611184
2.068884408606638
0.3997162485110588
4.487753882915173e-12
194.8906063321386
480.52195340501794
435.3031660692952
88.33183990442056
40.089045698924735
11.789426523297493
4.146132019120379
2.863575268821692
6.465826612903226
2.068884408606638
0.773073476702509
4.487753882915173e-12
163.52859916367981
408.0783303464755
213.528972520908
132.01575567502988
7.606780167268525
15.523148148148149
4.146132019120379
2.863575268821692
3.1056227598611184
2.068884408606638
0.3997162485110588
4.487753882915173e-12
150.0918458781362
255.3755973715651
247.87858422939067
62.19739396654719
20.674320489844682
5.815785543612612
4.146132019120379
2.863575268821692
7.212563470728792
2.068884408606638
0.3997162485110588
4.487753882915173e-12
51.898484169653536
471.18391577060925
400.58169056152934
155.16353046594983
7.606780167268525
15.896244026284347
4.146132019120379
2.863575268821692
3.1056227598611184
2.068884408606638
0.3997162485110588
4.487753882915173e-12
134.4108422939068
356.55615292712065
287.8270609318996
117.45445041816009
8.72684811827957
7.682594086021505
4.146132019120379
2.863575268821692
3.1056227598611184
2.068884408606638
2.6398521505376342
4.487753882915173e-12
157.55824372759858
320.3393817204301
273.6420997610514
183.5383064516129
40.089045698924735
11.042801672640383
4.146132019120379
2.863575268821692
3.1056227598611184
2.068884408606638
0.3997162485110588
4.487753882915173e-12
255.3755973715651
738.1085722819594
537.9618428912785
149.56466547192355
27.021505376344088
5.815785543612612
4.146132019120379
2.863575268821692
3.1056227598611184
2.068884408606638
0.3997162485110588
4.487753882915173e-12
158.3019713261649
353.19705794504176
543.1862305854241
258.58385603345283
17.687238649940262
5.815785543612612
4.146132019120379
2.863575268821692
3.1056227598611184
2.068884408606638
0.3997162485110588
4.487753882915173e-12
148.96766726403823
340.127688172043
251.9858870967742
76.0103046594982
33.74182347670251
14.402927120669059
4.146132019120379
2.863575268821692
3.1056227598611184
2.068884408606638
0.3997162485110588
4.487753882915173e-12
19.414725209080046
264.3380376344086
328.5233721624851
149.56466547192355
32.248543906810035
5.815785543612612
4.146132019120379
8.090591397849462
3.1056227598611184
2.068884408606638
0.3997162485110588
4.487753882915173e-12
57.49738649940263
403.2276732377539
533.138440860215
568.4587813620071
44.19586320191159
5.815785543612612
4.146132019120379
2.863575268821692
3.1056227598611184
2.068884408606638
0.3997162485110588
4.487753882915173e-12
92.21848864994027
526.0655615292712
526.013664874552
172.7120669056153
40.089045698924735
11.042801672640383
4.146132019120379
2.863575268821692
3.1056227598611184
4.309020310633214
0.3997162485110588
4.487753882915173e-12
250.14822281959383
478.6618876941458
440.531660692951
301.89142771804063
7.606780167268525
11.042801672640383
4.146132019120379
2.863575268821692
3.1056227598611184
2.068884408606638
4.506656959378733
4.487753882915173e-12
49.28270609318996
353.568921744325
331.8828405017921
161.8817204301075
22.91427718040621
10.296158154121864
4.146132019120379
9.210797491039427
3.1056227598611184
2.068884408606638
0.3997162485110588
11.947319295101552
194.14725209080046
407.33049581839913
372.20691457586616
223.48640979689367
51.6627464157706
19.256869772998808
4.146132019120379
2.863575268821692
3.1056227598611184
2.068884408606638
0.3997162485110588
4.487753882915173e-12
57.868876941457586
342.7430555555555
438.66338112305857
167.10909498207886
13.954002389486257
5.815785543612612
4.146132019120379
2.863575268821692
5.719127090800478
2.068884408606638
0.3997162485110588
18.294541517323776
236.33512544802866
427.1199223416965
332.2588112305854
90.57160991636799
7.606780167268525
5.815785543612612
4.146132019120379
2.863575268821692
3.1056227598611184
2.068884408606638
1.5197841995221024
4.487753882915173e-12
229.2402180406213
420.40023894862605
358.76568100358423
120.06608422939068
21.794504181600953
