16.81451612903226
6.638515531660693
3.4517025089605733
3.4755973715651134
4.249712514934289
8.984953703703704
38.478270609319
81.86043906810038
229.7438769414576
187.703853046595
82.09304062126643
33.71524044205496
12.937724014336917
8.255824372759855
6.2721027479092
1.8367383512544804
3.4558430406212666
6.719907407407407
47.65307646356033
99.51612903225805
190.37298387096774
221.9575119474313
92.33236260454002
27.131944444444443
8.713000298685783
5.582250597371565
4.422435035842294
4.452098267622461
4.200810185185184
16.970915471923536
58.300104540023895
99.95631720430107
211.64239844683394
211.38590203106332
97.33086917562723
31.216547192353644
28.133885902031064
24.740180704898446
2.985304659498208
3.456522550776583
2.324738649940263
26.45852001194743
30.38519265232975
113.57713560334528
193.51142473118279
186.84475806451616
101.31795101553166
29.47263291517324
8.631832437275987
10.719123357228195
3.1289463859020312
3.6753994922341695
4.46526284348865
16.103345280764636
36.69044952210274
63.570415173237755
180.514486260454
143.65255376344086
73.69586320191159
24.791031959378735
19.28942652329749
11.350769115890085
5.602299880525687
7.504218936678615
3.0071497909199527
10.609057646356034
44.78808243727599
71.00507765830346
202.55227001194743
235.29943249701313
111.79024790919952
37.94918608124253
25.782482078853047
8.986223118279568
7.2054584826762245
4.344377240143369
3.2502240143369177
10.058318399044206
32.279233870967744
50.53912783751493
169.23387096774195
215.47715053763437
108.35610812425327
40.04151732377538
13.566644265232975
4.310483870967743
8.61510603345281
5.524566905615293
2.583068249701314
10.863313918757466
30.779756571087216
87.1232825567503
215.90203106332137
228.2250597371565
213.06488948626045
84.63298984468338
21.26288082437276
13.058990442054958
2.154607228195938
4.514736409796893
7.288754480286737
5.666106630824372
30.752874850657115
97.70609318996416
277.1105884109917
292.36820489844683
211.44899940262843
46.113724611708484
30.55619026284349
8.997274492234169
5.719646057347671
3.628673835125448
2.4284983572281957
1.1663392323775388
37.291704002389494
113.63164575866189
192.7087066905615
237.7740442054958
160.954674432497
56.50238948626044
24.286962365591396
12.554062126642771
6.435782556750299
7.085685483870968
5.177680704898447
8.088149641577063
32.49663978494624
86.9209229390681
197.45071684587813
206.25672043010752
113.83848566308244
55.11238052568698
27.7168458781362
20.217331242532854
4.825668309438471
4.602228942652329
4.3533378136200716
8.224798387096774
33.42278972520908
52.243130227001195
122.700119474313
133.30047789725208
162.54181600955795
46.33512544802868
22.7608646953405
8.222222222222221
5.307683691756273
2.9624887992831543
3.87591472520908
3.034994772998805
25.176971326164875
98.03278076463562
186.58004778972523
242.26515830346474
216.3698476702509
43.23999402628435
18.522364097968936
11.066942951015532
9.12313321385902
4.464971624850657
3.404577359617682
9.064926821983274
30.381608422939063
82.21251493428912
308.20228494623655
274.847670250896
100.44616188769415
42.797379032258064
23.439217443249703
5.356630824372759
9.638366188769414
3.002542562724014
2.830872909199522
9.202770310633214
40.2974537037037
155.25201612903228
230.4091995221027
217.97789725209086
159.15023894862605
31.57243130227002
14.235140382317802
9.764262246117084
9.465987156511348
3.566442652329749
1.3995183691756272
14.131533751493428
30.52945788530466
86.7379778972521
198.08430406212665
185.85088112305854
111.50500298685783
37.269899940262846
29.76388888888889
7.84020310633214
4.770161290322581
2.4901508363201916
3.4856444145758654
11.101665173237754
29.302531362007162
98.23066009557945
174.69870071684588
242.11842891278374
212.41076762246118
78.85603345280765
14.096251493428912
6.855473416965353
5.5280391278375145
3.2934065113500606
6.005114994026284
5.939702807646356
26.401919056152927
101.32205794504182
249.61618876941458
290.9277927120669
181.12455197132616
31.42570191158901
20.20639187574671
12.123805256869773
6.801560633213859
3.629890979689366
2.9568809737156507
14.116263440860216
38.436715949820794
111.89740143369175
181.80555555555557
251.10401732377534
105.97595579450419
33.808617084826764
22.71583781362007
7.250037335722818
2.0683579749103944
1.4171445639187576
5.350918458781362
7.446908602150538
31.40438321385902
132.4059139784946
210.64030764635604
208.2265531660693
91.04166666666667
42.58493876941457
