4.851403823205228
3.458669354865921
3.0215427120669056
2.686140979689367
1.7544642323775388
15.393533452807647
79.33467741935483
140.19563918757467
185.59587813620072
89.52023596176822
33.81235065710872
13.532332735961768
6.176821983273596
3.458669354865921
2.3887022103020024
2.688526732377539
1.7258064516401148
12.528763440860216
44.67965949820788
132.9786439665472
136.32392473118279
93.15673536439665
26.793608124253293
9.68746266427718
4.851403823205228
3.535487604540024
2.3887022103020024
2.5906137993103657
1.7258064516401148
9.118145161290322
63.810483870967744
121.67712066905615
171.30749701314218
106.75813918757467
35.22326762246117
9.556936977299879
5.586954898446834
4.10663082437276
3.5827732974910393
2.5906137993103657
1.7258064516401148
11.414292114695339
49.44369772998805
142.45071684587813
183.21759259259258
59.506048387096776
30.41106630824373
6.345579450445371
4.851403823205228
3.570116487455197
3.2961842891278375
2.7203703703703703
1.7258064516401148
7.899507168458781
19.431376941457586
108.68428912783752
109.61768219832736
64.23648446833931
23.039874551971327
7.35017174432497
6.101217144563919
5.512470131421744
2.586122311827957
4.274268219832736
1.8977449223416964
5.555570489844683
19.00910991636798
98.45430107526882
91.8010752688172
85.03248207885305
31.39374253285544
6.345579450445371
4.886429211469534
3.6560894563918755
2.3887022103020024
3.615927419354838
1.7258064516401148
1.1835946833930704
57.80689964157706
87.77628434886499
117.44698327359617
87.76172341696535
15.133288530493163
7.735476403823178
5.632728494623656
3.487327135603345
7.085162783751493
2.5906137993103657
2.505936379928315
2.3732974910394264
18.420325567502985
64.12783751493428
111.8839605734767
78.81608422939068
50.875522700119475
12.335722819593787
7.188657407407407
3.458669354865921
2.3887022103020024
3.843600657108721
2.4143891875746712
6.136514336917562
45.411439665471924
134.21445639187576
161.9586320191159
106.53412485065711
48.27396953405018
6.393343040621265
4.851403823205228
3.458669354865921
2.3887022103020024
2.5906137993103657
1.7258064516401148
0.3334229390953121
50.459229390681
77.36335125448029
95.97147550776583
73.91763739545998
35.22140083632019
7.1269041218638
4.851403823205228
3.458669354865921
2.3887022103020024
3.080981182795699
2.3626418757467142
10.427508960573476
23.12313321385902
61.510603345280764
189.44519115890083
72.76396356033453
30.98902329749104
6.345579450445371
7.705197132616488
7.091136499402628
2.8189590800477897
2.8453517025089607
1.7568522252090801
4.776373954599761
37.26291816009558
64.28838112305854
64.63560334528077
46.152927120669055
15.133288530493163
7.138440860215054
5.392734468339307
3.458669354865921
2.3887022103020024
2.5906137993103657
1.7258064516401148
18.332974910394267
45.452508960573475
111.8839605734767
146.8563321385902
136.44003882915175
56.21005077658303
16.335872162485067
4.851403823205228
3.458669354865921
2.3887022103020024
3.4551224611708484
1.7258064516401148
10.46297789725209
42.86514336917563
152.49402628434888
181.01478494623655
102.82295400238948
19.909647550776583
10.089232377538828
6.411663679808841
3.6457362604540022
2.3887022103020024
2.5906137993103657
1.7258064516401148
11.414292114695339
58.691756272401435
176.32541816009558
187.50373357228196
117.66390382317802
49.555331541218635
6.345579450445371
5.174593040621266
3.458669354865921
2.3887022103020024
4.583893369175628
4.937163978494624
2.8999178614097967
41.18130227001195
136.96983273596177
185.59587813620072
96.1398596176822
39.84206989247313
6.345579450445371
5.7827807646356035
3.5446423237753883
2.3887022103020024
2.6813620071684587
1.7258064516401148
3.2231332138590205
51.40755675029869
148.86126045400238
110.56227598566308
118.31354540023895
49.65576463560334
10.929286140979688
4.9660356929510145
3.458669354865921
2.3887022103020024
4.501082735961768
2.4263366188769413
0.3334229390953121
53.2444743130227
145.58318399044205
224.081541218638
90.97632915173237
35.22140083632019
6.345579450445371
4.851403823205228
3.458669354865921
2.3887022103020024
2.5906137993103657
1.890983422939068
5.029883512544803
54.72296893667861
178.19967144563918
207.77329749103941
103.32325268817205
33.92734468339307
10.01265681003584
8.193287037037036
3.458669354865921
2.3887022103020024
2.5906137993103657
3.986521804062127
14.971639784946236
52.70683990442055
137.78375149342892
189.2659796893668
104.39852150537637
34.21856332138591
7.187798685782557
