1211.0533428613426
930.3451865168726
755.0998410901149
752.8623559981096
614.7792560034827
968.2758542342112
1608.8959976066028
1982.8828593968494
2715.088094043763
2891.932036317574
2936.906907285774
1739.9432704292565
1220.7215145274101
852.5103125441024
508.67654042087827
516.0028761168774
643.7275596495383
679.0183115070669
1390.8539802080775
1723.0976097747507
2507.2796683499664
2918.0921872739136
2573.569919236746
1638.726563107854
1255.5427107229757
848.7186637322613
613.9724986262491
731.9655475131696
743.4009593789683
1169.493534069346
1734.21152994366
2680.496414792827
2839.5414769947433
3843.995291473394
3308.8942678902986
2573.339225194385
2073.4297996297896
2199.4904418008127
1102.1259415796578
1092.231357044676
1303.5146889906812
2077.8232210589777
1960.937651298209
2870.4343081424463
3822.1095448858932
4542.611394286135
4174.15628929948
3033.2858513948077
2356.297631584154
2164.87444485726
1740.1529321107737
1726.265744340886
1950.7121619819652
2394.022648368448
2399.3619710057746
2669.1347899295497
3873.5506304222
4982.699619035656
4617.6779687742355
3304.0998854029904
3218.4588558705564
2923.3594583959807
1799.7800554184603
1938.5933738931756
1786.6832599109714
2093.096565269509
2998.5314059157354
3104.8221777830954
3946.128327842472
5034.930123513146
4864.988118651514
3595.202057603284
2837.509942112817
2234.830900924116
1670.096952897798
1668.1612878913495
1695.5281677241842
1806.6205711716727
2145.7974446523285
2923.389930926573
3909.87221615858
4475.047032435019
4372.449580546645
3572.1640871066043
2823.602162833807
2013.1505243936135
2776.7116460626835
2035.9856634475627
1743.7281990744868
1884.829873649468
2157.860244531038
2796.3975211370994
3635.906846040295
4054.1076467695025
4452.436513465823
3159.0601339323694
2550.0921608395865
1821.5100878982128
1495.5051697545462
1563.9736463551053
1518.976359165593
1791.8409997216202
2073.8846146695687
2885.5481392719093
3974.5201942812914
4531.2748191194705
4581.097277785321
3253.643534938375
2311.8190660336786
1648.279289133478
1036.0134678927673
1364.6196658771894
1360.9502104603155
1661.6349893546446
2081.547118417559
3166.0014226965354
4096.121847196192
4830.6033927121325
4418.388932869102
3118.9555133133667
2823.9280914702435
2069.259322347448
1684.165188266154
2227.6846628386998
1539.9722849801542
1877.9168710712477
2228.542446239912
3029.531874164206
3651.1782486711763
4388.522391569959
4113.974824579052
3005.9450260587278
2823.3983744764696
2156.356526640873
1514.255118002206
1379.1744227770746
1504.8160611920048
1854.8105355536024
1993.4197781396217
2805.316738574012
3263.2130505024247
3840.7679275136647
4076.214392008508
2710.068711526139
2319.9804018524983
1654.446073093643
1416.3827474679852
1535.3959209623035
1397.6800416228339
1462.6186286571483
1762.7425985082687
2669.926519358038
4124.552407465283
4277.819504701931
4395.160478683803
2641.5396198068406
1785.0464279003013
1337.7362604605335
964.0205608701522
956.150127613332
822.8088185977635
1519.6224048443896
1651.0260277708473
2461.344945279846
4183.730722639678
4128.804140763711
4351.572623442664
3094.6123827824276
2113.4180691225847
1380.105540851943
953.6328458181406
1066.3585160676294
1014.6136684240196
1624.4691388582426
2167.4783822943045
2461.979797441118
3289.3373014741915
3444.2219484893817
3615.2257888744816
2466.2726553783396
2180.9861629572465
1811.805487765157
1350.1500248372517
1786.6746609260188
1465.7567384621532
1980.49174542573
1730.9081894115168
2929.39014906497
3335.3610083758354
3616.830431664664
3810.4612865814793
2272.630932559979
2552.2613948782805
1712.3405002235681
1661.453896376411
1614.863263762221
1573.9733475817552
2038.089465265547
2052.2269644602006
2951.4426076615623
3682.238298435828
5111.0191109371435
4288.777875664366
2717.5453836484558
2340.975590069751
2185.0467628116717
1686.86465672628
1756.6484018719939
1537.4555446028348
1916.4306172500694
1934.5146136359044
3550.541101093168
4322.13347733764
4705.592117110487
4568.377535626876
3084.784075819634
2159.3332104434285
1985.9518053185013
1448.1788590603276
1567.2103466866145
1433.6905638730275
1738.7407015186084
2156.8445213506775
2817.5213104358204
3455.3718249011167
3988.4385159043104
3626.567795419458
2746.1695751376974
2215.2529614205173
1904.8726320461383
1233.3918072092756
1411.7638147538587
1339.547798238899
1619.4389046170802
1710.648650651646
2596.7383674689077
3088.5071085466902
3445.3127730802216
3132.7061958320332
2685.957258008432
