199.99593115292708
301.7514493727598
124.74585995370369
225.9812787858423
156.6734896953405
136.70394451911588
868.9351067801671
2771.2332586618872
7377.718305704897
4746.547397700118
2230.805951314218
935.1861596475507
317.38498581242544
300.32635640681
169.51210088112305
100.81475365890086
110.18290830346479
181.620072057945
541.3214318249701
2636.141535991636
8156.264045698927
5376.400944593786
2191.1094459378733
817.5364553464755
398.98482078853044
223.20923200418162
203.01812051971322
91.93736783154121
73.18611570340502
167.96047453703707
665.2909849163678
2758.2294504181596
6511.832179659496
3876.286409796893
1162.2624103942646
604.2828244474313
385.59572879330955
184.90862231182797
96.70306328405016
159.39804659498205
214.437325828853
270.5811017398447
1172.4616972819595
4152.144578853046
9130.33003285544
6207.72421594982
2240.471191756272
788.5665961021504
578.9375571236559
314.7672196087216
130.60378546893662
215.78048051075268
64.14865688470728
84.732625
573.199202508961
3929.025716845878
7109.701530764637
6434.777759109915
3454.7616114097955
958.8776982526878
472.47033191457604
210.5618484916368
136.008146281362
79.3034472819594
76.72140830346474
133.6189579599761
553.3323260155315
2165.2776732377542
5765.20736260454
4515.243820937874
2321.269634856631
1355.0508437873352
226.3867771804063
207.6609991039427
142.57997274492237
94.07965389784941
87.43759987305856
194.6793367682198
111.721019526583
2215.1484244324965
6023.163784348866
5840.533885902032
2445.8050029868573
1328.8410020908004
348.04233982974915
156.24644713261648
106.13800022401435
121.37996356033455
114.84806645758664
156.36859431003586
519.1398387096773
2593.823155615293
5364.7275537634405
3529.3301411290317
2816.2530615292712
722.4343481182796
680.5394911140978
370.86321012544806
152.51345467443247
111.51518283303467
93.84171378434885
228.45589568399058
697.1240740740739
3943.987716547193
7261.18449074074
6467.345710125448
3578.0966621863777
1411.7854204002383
742.2740468189965
339.5498346027479
176.7625108273596
158.2252181152927
125.77810439068094
157.14919877538821
532.0736603942652
1435.9612578405015
3570.9716285842287
5122.4291367980895
2815.788373655913
691.4225873655915
271.61931227598546
159.65100321087212
168.90170698924732
99.30199062873358
114.89813851553163
116.99968305704897
491.97309886499414
3552.023133213858
7150.234781959379
4483.819892473117
3862.1207735961752
877.9353397550772
424.3274992532856
331.02029532556753
81.12545403972521
143.5507372685185
102.02296270161291
166.5291170101553
257.1846146953405
1825.153416218638
5852.6715763142165
4641.219907407408
2116.7840091099156
826.9160334528076
538.7642962216248
184.9205932646356
90.88263198178016
169.0072874850657
193.67309498207885
163.05905801971332
825.2167570191156
3427.2630563022694
6398.897640382318
4491.060801224612
3894.991752538828
710.4162933094384
340.30319817801666
161.90095922939068
202.78899454898448
96.44388332586615
104.75794018817201
163.7523883661887
427.10179211469523
2920.6086805555556
6204.182037783752
4635.780029121863
1205.5442129629625
719.7038646206686
200.54255264336913
215.95760715352444
187.98866935483875
236.80253487156514
78.5219445191159
226.7993940412186
542.6718036887693
2299.0907295400234
5136.953759707289
4736.703636499402
3405.141173835125
759.9450481630826
564.1225399492236
267.97082250597373
339.0807922640383
112.348964307049
137.22329935782557
236.68118354241344
770.3927859916369
2155.576900388292
5725.308187724015
4914.188007765831
1302.3030055256872
607.229739770012
473.68595803464774
300.9165695937874
206.610250149343
187.05516472520912
72.6408406137993
213.87514187574672
473.45670885603346
2418.2850843787337
7035.236211917562
3813.336204450419
2870.1293757467156
665.8816942951014
550.2796098416962
586.6402863649942
296.8369814068099
148.82810517473115
154.41735420400238
192.59787007168464
569.7485868428915
3527.672927867383
7219.747491039427
5764.2479017323785
3711.1110663082445
1233.735980436081
625.8708613351253
240.2135730286739
137.28871042413382
127.20839456391873
158.03855406212665
343.7374301821984
1102.0760864695344
3072.582272998805
7005.913672341697
4997.608400537634
1558.7468525985666
453.306022625448
403.3759655017921
282.82407889038234
153.26861185782553
261.05921931003587
241.14025724313024
609.3612212514935
816.3924089008361
2830.84425776583
6647.768921744327
4057.0731668160097
2057.276993727599
735.4291304510156
