5.815785543612612
4.146132019120379
2.863575268821692
3.1056227598611184
2.068884408606638
3.759920101553166
4.487753882915173e-12
139.26149940262843
361.4116636798089
367.3521505376344
135.00336021505376
32.248543906810035
11.41633064516129
4.146132019120379
2.863575268821692
3.1056227598611184
4.682388739545997
0.3997162485110588
4.487753882915173e-12
102.30062724014334
474.14725209080046
364.3645459976105
167.85692951015528
65.10416666666667
5.815785543612612
11.986633811230586
2.863575268821692
3.1056227598611184
2.068884408606638
0.3997162485110588
4.487753882915173e-12
132.54293608124254
423.7597072879331
183.28666367980884
18.14142771804511
7.606780167268525
26.723827658303463
4.146132019120379
2.863575268821692
6.092495519713261
2.068884408606638
0.3997162485110588
4.487753882915173e-12
223.26538231780168
406.95900537634407
368.09961170848266
155.16353046594983
47.556003584229394
26.723827658303463
4.146132019120379
2.863575268821692
3.1056227598611184
2.068884408606638
1.5197841995221024
4.487753882915173e-12
230.73663381123058
471.93399044205495
515.9658751493429
264.5590651135006
7.606780167268525
8.429289874551971
4.146132019120379
2.863575268821692
3.1056227598611184
2.068884408606638
0.3997162485110588
4.487753882915173e-12
75.0459229390681
275.16390382317803
353.91017025089604
18.14142771804511
39.34195788530466
13.65628733572282
5.639568399044205
2.863575268821692
3.1056227598611184
2.068884408606638
0.3997162485110588
4.487753882915173e-12
75.0459229390681
444.67331242532856
526.7633661887693
101.02561230585424
47.556003584229394
5.815785543612612
4.146132019120379
2.863575268821692
7.58599537037037
2.068884408606638
0.3997162485110588
11.200679510155314
76.53748506571087
340.127688172043
438.66338112305857
256.34445937873363
34.48846326164874
20.376642771804065
4.146132019120379
2.863575268821692
3.1056227598611184
2.068884408606638
0.3997162485110588
4.487753882915173e-12
158.3019713261649
526.4183841099164
555.8870967741937
341.4680406212664
45.68914277180406
5.815785543612612
4.146132019120379
2.863575268821692
3.1056227598611184
2.068884408606638
0.3997162485110588
4.487753882915173e-12
111.63493130227002
193.02755376344086
281.85185185185185
283.2231929510155
35.60868428912784
19.629965651135006
14.973678315412187
2.863575268821692
3.1056227598611184
2.068884408606638
0.3997162485110588
4.487753882915173e-12
157.93010752688173
342.7430555555555
300.148596176822
155.16353046594983
34.11495669056153
12.163007765830345
4.146132019120379
2.863575268821692
3.1056227598611184
2.068884408606638
0.3997162485110588
4.487753882915173e-12
79.15322580645163
163.15710872162484
154.91226105137397
18.14142771804511
7.606780167268525
5.815785543612612
4.146132019120379
2.863575268821692
5.719127090800478
3.562320788530465
0.3997162485110588
31.3620445041816
177.34655017921148
342.366711469534
277.7494026284349
256.34445937873363
24.40800477897252
5.815785543612612
4.146132019120379
2.863575268821692
7.58599537037037
2.068884408606638
0.3997162485110588
4.487753882915173e-12
235.2154271206691
320.3393817204301
350.17958482676227
93.18735065710874
27.021505376344088
5.815785543612612
4.146132019120379
2.863575268821692
3.1056227598611184
2.068884408606638
3.0132205794504183
4.487753882915173e-12
91.84662485065711
340.127688172043
435.6791367980884
150.68436379928315
33.74182347670251
24.856966845878134
4.146132019120379
2.863575268821692
4.225690710872162
2.068884408606638
0.3997162485110588
4.487753882915173e-12
212.0676523297491
514.47020609319
336.7376045400239
156.28322879330943
7.606780167268525
5.815785543612612
4.146132019120379
2.863575268821692
3.1056227598611184
2.068884408606638
0.3997162485110588
4.487753882915173e-12
135.15419653524492
562.6680107526881
350.9274193548387
230.2090800477897
32.248543906810035
5.815785543612612
4.146132019120379
2.863575268821692
3.1056227598611184
2.068884408606638
0.3997162485110588
3.360203853046596
91.84662485065711
397.6243279569892
490.2053464755078
438.54166666666674
21.42096027479092
21.870370370370374
6.0129405615292715
2.863575268821692
3.1056227598611184
3.9356929510155325
7.120034348864994
4.487753882915173e-12
72.43018219832736
227.74865591397855
418.5024641577061
18.14142771804511
7.606780167268525
5.815785543612612
5.639568399044205
2.863575268821692
3.1056227598611184
2.068884408606638
0.3997162485110588
4.487753882915173e-12
85.87141577060933
294.9522102747909
320.6851105137396
115.586917562724
7.606780167268525
