8.96692054958184
3.458669354865921
2.4794504181600954
3.2959229390681
5.614695340501792
9.997401433691756
52.172939068100355
146.8563321385902
215.3935185185185
103.32325268817205
46.91494922341697
11.440412186379929
7.434550477897252
4.981108124253286
3.342368578255675
2.5906137993103657
1.7258064516401148
11.223506571087217
49.44369772998805
141.81600955794505
176.77718040621266
93.31727897252091
45.26471027479092
9.879666965352449
4.8991674133811225
3.5446423237753883
2.3887022103020024
2.5906137993103657
1.7258064516401148
12.687813620071685
63.12724014336918
171.7928614097969
214.94175627240142
106.05249402628435
46.91494922341697
12.148670848267622
5.2367084826762245
3.458669354865921
2.3887022103020024
2.5906137993103657
1.7258064516401148
12.035185185185183
65.41218637992831
122.75238948626045
165.46818996415772
75.05637694145759
41.40307646356033
7.495855734767025
4.893992682198327
3.458669354865921
2.3887022103020024
2.5906137993103657
1.7258064516401148
4.206257467144563
42.93981481481482
96.90486857825567
157.69862604540023
62.336096176821975
40.5973715651135
11.440412186379929
5.298797789725209
3.549817054958184
2.883848566308244
2.5906137993103657
1.7258064516401148
12.70573476702509
28.22729988052569
191.82347670250897
173.4281660692951
120.52008661887695
46.09655017921147
15.076538231780168
5.693623058542413
3.5637470131421742
2.719056152927121
5.471923536439665
1.7258064516401148
10.323715651135005
43.458781362007166
114.85215053763442
163.3811230585424
92.09266726403823
27.18637992831541
6.345579450445371
4.851403823205228
4.784087514934289
2.3887022103020024
2.5906137993103657
1.7258064516401148
8.284438470728793
37.130376344086024
167.49178614097968
224.081541218638
113.62791218637993
45.51075268817204
11.678987455197133
5.188926224611707
3.458669354865921
5.484206989247312
5.157108721624851
1.7258064516401148
7.899507168458781
78.13246714456392
142.45071684587813
214.94175627240142
91.57370071684588
36.6274641577061
9.945340501792115
7.313209378733571
4.858124253285544
5.278412485065711
2.5906137993103657
1.7258064516401148
9.064381720430108
42.85394265232975
79.33467741935483
121.67712066905615
70.1280615292712
34.29136798088411
6.345579450445371
5.0384707287933095
5.698663381123059
2.3887022103020024
3.326164874551971
2.837514934289128
5.094847670250896
62.76881720430107
121.67712066905615
211.52927120669057
95.699298088411
31.369474313022707
6.49842069892473
4.851403823205228
3.5541965352449223
4.452844982078853
3.768779868578256
2.689030764635603
5.7067801672640375
53.263142174432495
93.64172640382318
172.50597371565112
91.57370071684588
43.36058841099164
11.042040023894863
4.988325119474313
3.7814702807646356
2.3887022103020024
2.996602449223417
2.837514934289128
9.205510752688172
36.52367084826762
68.56332138590203
160.84229390681003
68.32101254480287
27.328629032258064
7.132056451612903
4.851403823205228
3.6720094086021504
3.336021505376344
2.5906137993103657
1.7258064516401148
1.5274940262843488
35.17734468339307
128.57676224611708
139.45265830346474
80.3132467144564
28.683915770609318
6.345579450445371
4.851403823205228
3.458669354865921
2.3887022103020024
2.5906137993103657
1.7258064516401148
2.679413082437276
6.368354241338112
70.68399044205496
145.13515531660693
102.8602897252091
25.42637395459976
6.472946535244921
4.851403823205228
3.458669354865921
2.4205439814814813
3.127949522102748
1.7258064516401148
0.9145534647550777
6.353419952210275
104.40188172043011
75.21654719235364
50.94870071684588
27.758736559139784
6.345579450445371
6.164874551971326
3.458669354865921
2.3887022103020024
2.5906137993103657
4.822431302270012
9.722983870967742
52.172939068100355
89.22117682198328
157.69862604540023
129.2641129032258
42.445116487455195
6.516726403823178
4.851403823205228
3.535487604540024
2.3887022103020024
3.482190860215053
2.3626418757467142
3.6753061529271207
16.51471027479092
64.19877538829152
108.72535842293907
51.66928016726404
16.494548984468338
6.460211320191159
4.9660356929510145
3.496482974910394
2.3887022103020024
2.5906137993103657
1.7258064516401148
9.711036439665472
40.70340501792115
54.60722819593787
199.41009557945043
81.71333632019116
34.29136798088411
9.21023745519713
4.851403823205228
3.458669354865921
2.7867383512544803
2.5906137993103657
2.314889486260454
5.6668309438470725
58.691756272401435
132.1423237753883
168.30197132616487
89.52023596176822
29.140531660692957
6.608277329749104
