0
0
18.668147097832513
0
0
21.88016818531655
393.5022982070354
820.136650769746
1270.3432015546168
432.1577850999345
122.0203935416729
0
0
0
0
0
0
35.10264610099418
419.12362105289645
1303.3961415509712
2182.9261931245383
372.2999924745737
102.83613071358168
0
0
0
0
0
0
85.48763361082769
909.5899345731182
1932.942715815682
1932.7303263060255
984.2569540922852
297.3482543135163
0
0
0
0
0
0
42.275525470618916
573.6560388201361
1058.654176165449
610.1228733936755
943.9324232219201
366.35034559452987
0
0
0
0
0.0730895586505369
10.867688426951773
10.487324062468595
512.2302497996451
1877.8418579563804
2274.6325366560536
971.1451666684375
296.6564743702197
6.079802440984167
0
0
7.380270301998529
0
0
0
153.21867199993903
964.3777199064278
627.1190269949088
1063.1385225107672
17.80240104997771
0
0
0
0
0
0
12.59191786857081
387.64508322368937
1452.0960016044367
1183.8213761728
211.5680044305163
69.45160244612663
0
0
0
0
0
0
29.96761300610948
572.808789846347
1586.8765566424993
1724.3571152255272
582.1350380555663
198.37764913065246
0
0
0
0
0
0
37.0333056186809
253.98160990850704
1011.3413129844294
1033.8642246746017
371.13191295048887
157.94411863058934
0
0
0
0
0
0
0
500.1726952130094
1179.8901150505694
793.2255220115824
396.18663006254513
64.23459822542334
0
0
0
0
0
0
20.877287814421102
382.6907697863257
1314.8450634089286
1869.3490527624476
1112.3938005371535
131.06817907882066
0
0
0
15.577988502639883
0
0
19.16017631264502
360.0843925297223
653.0746185002853
936.2138638654859
472.2460970974783
129.7347084310064
0
0
0
0
6.646921693119321
0
0
122.41734531460604
609.2141798667067
1044.1150751332375
408.5542806881733
0
0
0
0
0
0
0
0
143.10394490907015
1437.5776749335746
1301.3350259787937
621.0907187511602
136.2659366790981
0
0
0
0
0
0
0
320.84844689566245
1069.0796017894745
1074.318753081404
699.5463742253471
139.9723374019274
0
0
0
0
0
0
0
382.5135490474348
739.6631950200072
1000.5499608789942
451.59942835262575
342.1105991141237
0
0
0
0
0
0
13.919655991442738
624.3476163246797
973.9305777973489
1146.7309048397044
833.0007792255324
127.06732722543845
0
0
0
0
0
0
0
480.87405491162735
1169.9049330808946
1603.4333022077046
1179.938886207893
108.30931295752184
0
0
0
11.545727916724971
0
0
28.681278328264042
332.5881085905051
1073.4980959599557
1791.7627582757539
622.9898891411306
93.54392738274157
0
0
0
0
0
0
0
282.0690896989938
1071.7736955733005
1901.5879327961072
474.58773949265094
125.54789956838924
0
