16.991002090800478
9.694183094384707
7.843563321385903
6.543757467144562
1.585267323775388
9.39527329749104
53.53942652329749
90.992756869773
167.0396505376344
193.93966547192355
124.06362007168458
22.642809139784948
15.008923237753883
8.913157108721625
8.077172939068099
1.5810259856630824
6.284498207885305
8.18003285543608
31.58564814814815
91.79920848267622
247.23118279569897
148.9781212664277
82.73708183990442
37.75235215053764
22.46591248506571
14.287074372759857
4.218130227001194
5.519862604540025
4.226329151732377
10.211954898446834
40.74298088410992
118.45952807646356
189.46087216248506
222.60790023894862
135.24193548387098
33.2515307646356
23.974014336917563
10.540733273596178
7.210610812425329
3.4480174731182798
6.302867383512544
7.433355734767025
27.54879778972521
99.83012246117084
182.75276284348865
182.92824074074073
97.85095579450419
42.673872461170845
16.743354241338114
10.776396356033453
7.954711768219833
2.477538829151732
3.1517771804062127
12.453517025089608
38.11047640382317
53.79200268817203
214.2536589008363
263.9262246117085
234.283527479092
57.76209677419355
35.32463410991637
8.039837216248507
3.8232900238948626
5.586768219832737
2.202053464755078
9.45672789725209
10.045474910394265
89.96863799283153
167.2797192353644
202.20243428912784
73.01896654719235
62.64187574671447
9.42753136200717
7.682160991636798
4.084617682198328
1.311139486260454
4.429289874551971
11.601889187574672
33.0314366786141
62.96221624850657
141.728270609319
203.84968637992833
93.09662485065711
37.963000298685785
26.9449298088411
7.521766726403823
5.213971027479092
4.200197879330944
3.2274417562724014
16.765718339307053
43.32549283154121
70.40509259259258
213.36917562724014
198.83885902031065
134.83348267622463
56.17868876941458
19.054435483870968
5.431488948626045
7.632093787335723
2.9878957586618875
2.717252837514934
4.430477150537635
30.997909199522102
136.42585125448028
204.1898148148148
206.45534647550775
93.43787335722818
40.01530764635603
5.960909498207886
14.557758363201911
3.772401433691756
4.130701164874552
5.537149044205496
5.014000896057348
27.128322879330945
108.8325119474313
208.8056302270012
150.13739545997612
83.71378434886499
36.62253584229391
18.352262544802866
13.459154719235364
4.270127688172043
3.36949298088411
5.7276359020310625
32.40359916367981
44.581466547192356
121.0110513739546
238.67943548387098
232.38687275985663
131.78576762246118
28.574820788530467
22.726963859020312
10.336992234169653
6.748991935483871
3.3667674731182795
3.506055854241338
17.087402927120667
35.940001493428916
104.94063620071685
204.3839605734767
268.78397550776583
140.73775388291517
28.201052867383513
26.36671146953405
4.0317727001194745
3.0963373655913977
4.040419653524492
4.779095728793309
10.91633064516129
33.72629181600956
95.29271206690561
226.72043010752682
97.61536738351253
68.42592592592592
43.66588261648746
14.00365890083632
6.50907258064516
5.241898148148148
6.639878285543608
3.843850806451613
15.137582138590206
54.39329450418159
113.41659199522103
289.0147102747909
282.3144414575866
160.80719832735963
59.396281362007166
17.022401433691755
9.521057347670252
4.940748207885304
4.509270459976106
2.325821385902031
8.1084229390681
20.617906212664277
105.11424731182795
162.1161887694146
207.682945041816
139.23573775388294
44.228531959378735
21.73547640382318
6.296408303464755
6.597147550776583
5.810629480286738
1.186647998805257
9.68858273596177
40.883475209080046
86.77494026284347
217.13037634408602
197.10946833930706
246.21005077658305
36.80324074074074
30.145908004778974
22.356742831541222
8.322057945041816
2.563153375149343
3.7225358422939068
10.199298088410991
33.57556750298686
97.46415770609319
178.5913231780167
196.6715203106332
154.35222520908005
56.855212066905615
14.315636200716845
3.274107676224611
3.692278972520908
4.086252986857826
4.541506123058542
12.215315113500598
66.19063620071685
79.01881720430107
147.12290919952213
233.42517921146953
128.81683094384704
43.04517622461171
12.959640083632019
6.057048984468339
16.490479390681003
4.644519115890083
3.7241935483870963
12.76571833930705
26.125784050179206
92.96632317801672
185.85722819593786
207.74268219832737
116.58676821983273
36.17376045400239
29.593637992831543
12.921706989247314
8.281735364396653
3.178569295101553
2.995247162485066
3.98144041218638
20.25179211469534
94.41830943847073
198.91838410991633
197.72028076463562
140.54995519713265
41.52882317801672
