5.815785543612612
4.146132019120379
3.236932497013142
3.1056227598611184
2.068884408606638
0.3997162485110588
4.487753882915173e-12
171.74320489844683
583.9120370370371
467.76807048984466
150.68436379928315
42.32900238948626
5.815785543612612
4.146132019120379
2.863575268821692
3.1056227598611184
2.068884408606638
2.266524790919952
4.487753882915173e-12
143.36880227001194
526.4183841099164
308.73506571087216
94.6789127837515
45.68914277180406
12.536103643966547
4.146132019120379
2.863575268821692
3.1056227598611184
2.068884408606638
0.3997162485110588
4.487753882915173e-12
160.9173387096774
583.9120370370371
498.0398745519713
226.1021505376344
53.15830346475508
9.175989396654721
7.133004778972523
2.863575268821692
3.1056227598611184
2.068884408606638
0.3997162485110588
7.093862007168458
268.0689964157706
515.2199074074074
348.6831690561529
129.77635902031062
65.10416666666667
5.815785543612612
4.519489247311827
2.863575268821692
3.1056227598611184
2.068884408606638
0.3997162485110588
6.720318100358422
252.01650238948625
478.6618876941458
436.4224910394265
226.84998506571088
15.820863201911589
5.815785543612612
4.146132019120379
2.863575268821692
3.1056227598611184
2.068884408606638
0.3997162485110588
4.487753882915173e-12
115.74223416965353
359.5437574671446
340.09707287933094
181.29853643966547
15.447281959378731
6.935853494623656
4.146132019120379
2.863575268821692
3.1056227598611184
2.068884408606638
0.3997162485110588
4.487753882915173e-12
93.33818697729988
455.86805555555554
372.20691457586616
18.14142771804511
13.207325268817204
11.042801672640383
4.146132019120379
4.3570116487455195
3.1056227598611184
2.068884408606638
0.3997162485110588
11.200679510155314
79.89658004778973
423.7597072879331
377.8057795698925
104.01284348864993
15.447281959378731
5.815785543612612
6.3862679211469535
2.863575268821692
3.1056227598611184
2.068884408606638
0.3997162485110588
4.487753882915173e-12
76.91345579450419
334.1565860215054
110.85648148148148
109.98805256869773
60.62473864994026
5.815785543612612
4.519489247311827
2.863575268821692
3.1056227598611184
2.068884408606638
0.3997162485110588
2.986872759856631
150.0918458781362
407.33049581839913
359.5135155316607
18.14142771804511
60.62473864994026
5.815785543612612
4.146132019120379
2.863575268821692
3.1056227598611184
2.068884408606638
0.3997162485110588
4.487753882915173e-12
157.93010752688173
484.6397102747909
447.6247013142174
99.15770609318996
10.593652927120667
5.815785543612612
4.146132019120379
2.863575268821692
3.1056227598611184
2.068884408606638
0.3997162485110588
4.487753882915173e-12
134.0344982078853
514.1136499402628
531.6349313022699
179.05876642771804
64.73192951015531
7.682594086021505
4.146132019120379
5.850448028673835
3.1056227598611184
2.068884408606638
0.3997162485110588
4.487753882915173e-12
146.35640681003585
493.9336917562724
490.2053464755078
341.84438470728793
18.807459677419352
16.64333183990442
4.146132019120379
2.863575268821692
3.1056227598611184
2.068884408606638
0.3997162485110588
4.487753882915173e-12
126.19623655913979
428.988201911589
530.5283004778971
142.84162186379928
10.593652927120667
26.723827658303463
4.146132019120379
2.863575268821692
3.1056227598611184
2.068884408606638
0.3997162485110588
4.487753882915173e-12
15.307497013142175
269.56503882915166
175.07205794504182
87.9603494623656
19.554099462365592
10.296158154121864
4.146132019120379
2.863575268821692
3.1056227598611184
2.068884408606638
0.3997162485110588
4.487753882915173e-12
188.1724163679809
403.2276732377539
327.4036738351254
92.06765232974911
21.04786439665472
5.815785543612612
4.146132019120379
2.863575268821692
3.1056227598611184
2.068884408606638
0.3997162485110588
14.934363799283155
134.0344982078853
397.6243279569892
418.5024641577061
158.52262544802866
18.434326463560335
9.922726254480285
4.146132019120379
2.863575268821692
3.1056227598611184
2.068884408606638
3.386589008363202
4.487753882915173e-12
23.14799880525687
252.76433691756273
308.73506571087216
132.76396356033453
34.48846326164874
5.815785543612612
4.146132019120379
2.863575268821692
3.1056227598611184
2.068884408606638
0.3997162485110588
4.487753882915173e-12
134.0344982078853
427.1199223416965
574.2114695340501
370.9625149342891
7.606780167268525
30.457549283154123
14.226590501792115
2.863575268821692
3.1056227598611184
2.068884408606638
0.3997162485110588
4.487753882915173e-12
88.11118578255675
297.5679510155317
447.6247013142174
18.14142771804511
34.11495669056153
