2038.3696794802192
2018.6437565586875
1831.5070020817527
1447.9686022645374
1278.372804017222
2040.9665916147353
2221.8654700528396
3123.05818795121
4374.819082693704
4879.9835409472025
4790.831115768448
3696.2173146347536
2424.977118619407
2600.3242051665643
2067.7916602685477
1610.8922951730312
1655.044193460769
1855.4090604616672
2356.1526361220554
3021.711222379291
4497.872555894769
4585.831621264354
4455.014774374143
3877.412487540353
3646.7830967743494
2837.0502049508996
1832.1672118878973
2204.3930714080325
2079.119940113734
2152.442281455845
2500.0083754484403
3222.9608450496953
4525.128939659019
4492.47867707674
4874.489137961984
3303.6324972971315
3341.6653432379144
2562.9053350206464
1696.6157451937543
2177.8348979646275
2056.2180693670257
1847.9884059454764
2496.1022719672646
3202.524470179483
4048.3801430041713
4356.175947750891
4095.493583953002
3087.777753276528
2391.6392534479537
2719.9076699169964
1640.614438980546
1685.057340069679
1976.6012823523356
2268.77219287263
2289.040700844483
2961.2792343739934
3435.8976398308027
3812.8277552363743
3327.3387737324224
2764.5127318784994
2115.031518654307
1554.7812661916807
1485.1862643491656
1456.5713794188623
1252.3356184085817
1839.1022440329505
1732.8870361427344
2898.3033419109347
3146.905691193726
3324.964024349465
2634.1240206825773
2148.86044320663
1549.1395829431638
1073.4200623637817
952.1867893299964
809.7528877270719
1023.1286919177323
1280.5871403921035
1729.8013738637976
2215.878987826215
3002.794964814495
2714.9859138567654
2004.144678366241
2030.3680148246465
1556.600624602027
970.9727092801133
1043.606071839266
779.1304364463693
1004.9818396808182
1412.379996857353
1530.2139183661636
2235.1842968240776
2779.3701002218963
3734.071804475598
3265.7814582089536
2244.0979923553073
1942.6679523569114
1267.562044290089
1346.6161501906279
1195.3427846466225
1553.295600130349
1659.563541910988
1832.8465247651484
2541.929056983975
4038.4002010017225
4124.062901556745
3468.8408187052705
2786.5766069216484
2283.251178488877
1662.3703210928554
1430.1835395773546
2083.8105208652423
1406.3859523211281
1995.3472033630062
1925.2511618763417
2380.9754706356034
2898.5234264972655
3384.536636439733
3119.8944212203564
2278.4421359238822
1799.5934177844601
1402.5718955254654
1214.9711433139441
1024.3109336720324
1084.4442354729865
1729.8863827199923
1640.730990893438
2611.052494683919
3499.257269728524
4368.1725185114165
4200.813160899247
2929.439799057533
2113.917490366552
1473.2502915751622
947.8735006186932
1066.7526235685918
919.1179582200807
1328.6277189466737
1735.1900962399798
2869.846539947968
3577.512580072318
4182.423244120597
3726.5422369905873
2415.145697786594
1541.49993963625
1226.7571170004533
785.9484658072915
764.4637487699513
1001.1128518826904
1257.084175998845
1784.4467916832978
2036.00078757787
3212.53713715465
3339.576449146377
3639.8800127339823
2521.8389776324075
1990.3576734200146
1054.8318212430909
897.9251792990655
987.6786931748602
952.0988973761387
1421.1783972279022
1943.4473707367965
2285.238964097049
3110.184881839198
4326.558658386173
4208.936945425937
2528.8891151599673
1979.0482849230623
1152.9640011267336
997.5773350654522
920.1868240126712
1036.5990731432546
1333.4402447423527
1763.3759853408994
2366.0700602846055
3578.7177674240133
4382.215862766561
3948.8030364849956
2264.18185490044
1732.06511307672
1078.7453585835572
821.7267264874907
931.0260759499137
1076.7326569209347
1360.900791498012
1878.1231573027962
2579.395327529725
3295.3742812253004
4009.270097136588
3862.516692794146
2616.645829513385
2087.000306168601
1292.0073722367104
1113.6725567706749
1406.7416762472874
1088.0539314751243
1719.186037846192
1921.405845881945
2541.8161366340823
3590.829278125195
4014.912181426991
3833.928263955882
2553.0715559901523
1678.5744139944827
1371.111504075112
1334.9017236318953
1144.0237714956502
1045.053526607016
1494.9107514719929
2080.4309330803494
2166.410239384687
3602.579508550303
4363.578750921719
3203.8147742768156
2458.2956498937056
2073.4476855031653
1382.8516746434723
1306.6781907508891
1219.3942852320145
993.3706900677707
1715.7550324624535
1786.7980421093398
2622.4914007882694
3570.5534519919183
4537.135237827849
4309.115921166177
2801.8133176705524
2006.5061312233831
1352.643353372303
1142.5950628843057
1013.8560478034414
999.2933313930205
1556.6148955071644
2186.6304248451943
2667.45682625027
4404.412581963654
4859.659995302443
3921.618886244219
2814.521598659568
