292.89887694145756
240.69606294802864
149.95536364994027
215.577661103644
123.57038567801672
209.34903449820783
472.1233632019115
2444.236760752688
5381.393253434887
5442.946038679808
2145.7698290023895
1007.433019713262
709.9673487903227
258.84225097072886
171.58294504181598
322.94747759856637
100.39299215949822
102.2651997834528
489.2097050477896
1595.1734244324966
4316.8615554062135
4196.780462216248
1984.156694295102
727.2051986260454
490.0275619772996
283.20257056451607
134.70953218339304
136.82933848566307
105.73221341099165
237.61438396057346
804.0149551971328
4165.491954151732
6552.718720131422
5410.721281362006
1150.3300067204302
784.0333833632017
546.18524380227
232.35840315113506
142.80795736260453
106.99125780316608
126.81403065262845
122.7507564217444
317.2131220131422
1315.3559543010754
4372.12349537037
3252.3679360812416
1232.257597819594
556.4914523596178
294.90295997610536
136.85818197431303
129.36586178315412
106.19315176971328
134.79506832437275
348.0877665770609
229.6056918309439
2984.7400313620074
6250.493148894861
3278.7498543906804
1367.7024951463554
768.4378087664278
399.06600806451615
164.05465352449224
109.02950877389485
124.14361167114697
130.10567110961773
139.8267693399044
440.7921479241338
1887.567286439666
5704.1246826463575
2837.9947207287937
1742.243462514934
550.3011249253287
410.70453068996426
287.38022700119456
333.9593335573477
367.05145706391875
116.15964661738356
581.6937727747909
536.0169283900838
2848.7372125149345
6197.8361036439655
4744.06494175627
2162.2510640681003
720.0239814814813
318.95912783751487
245.45085797491043
109.66103860513742
88.79574727449223
125.62274902927116
123.09691054360812
633.3094056152926
2767.8164165173243
7662.621845131419
5744.31516577061
3265.3028001792113
589.8586536738349
384.4092603793308
212.5847733721624
83.9155216547193
128.81078434886498
126.47702889784941
236.375844160693
713.4597995071687
2970.6594496714465
6121.688063769414
5762.46039053166
1584.3881944444443
843.2864967891277
258.7799003136201
272.6825037335722
208.06293010752682
188.13850332287933
223.89355044056148
199.0134132317802
873.8121800328554
2007.2277964456396
5151.561622610513
4827.121229091995
2881.737918160096
1184.7923835125446
373.93523222819596
277.1671490442055
156.01046669653525
116.73627803912785
124.73200720579452
205.49495631720427
542.4083941905616
2487.0499887992833
5818.589370519714
4032.1767174432503
1220.322229689367
578.6389609468339
443.9101754778973
229.033952732975
184.33807123655913
72.95757209528078
120.33372912933093
144.21967965949818
904.5004110663077
2122.1140158303456
6276.401090203106
3942.031078255675
1435.0664687873355
603.0190356182795
168.97662671744325
201.4247662783752
140.82225141875747
121.45815770609316
114.49183818697732
483.32431712962955
1104.4158042114693
4276.7052531362015
6691.992622461174
6012.130783303467
1856.1428278076467
679.6624798387097
436.94024678912774
222.956413530466
136.5461824223417
139.2289643443847
87.56774417562723
153.99558467741934
849.9890834080048
3148.2516166367986
7125.242010155316
4745.606541218636
2602.5072767323772
783.4227695639192
458.4220904271207
248.11788679808834
118.65271721923534
157.4542964083034
165.02638142174436
244.78770945340497
558.9538959826764
2703.6945900537626
5950.9221998207895
5853.562649342894
1963.8157482078852
782.6771987007168
329.9635513739547
240.56628098864985
194.69512992831542
148.7265847894265
154.9278356481482
242.00414426523292
879.1048682048985
3951.647868130227
6719.255843040622
4882.781496415769
2133.8348006272404
988.2568025686974
332.19261798088405
266.0358583482676
261.7207134856631
131.18853897849462
115.5514266726404
333.1979177867383
301.6920168757467
1860.2526172341697
3520.2122423835117
3716.6568735065716
1753.38082437276
995.3662634408606
469.46016315710864
572.7777591099164
139.9834520609319
144.5478686155914
114.91403416218637
190.66693361708482
732.2723245221026
3031.3721662186367
7000.295788530466
4608.894690860215
3762.913052568698
1096.1393107825568
442.90159946236565
172.38425365890086
146.38139497461174
226.80400649641578
99.25119366039424
196.8352983124254
605.0679047192353
2167.0728979988044
5183.2623357228185
7065.168331839907
3407.692428315413
699.1228923984467
493.36187350657116
362.7936055107527
216.13228270609324
159.58455032855434
114.89857870370375
202.50297976403823
543.5113246714453
3031.4219123357234
7137.577602299882
4971.152785244924
4217.870411439667
1344.457190860215
