0.0
0.0
0.0
0.0
0.0
0.0
0.0
14.93414351851852
114.24630376344086
94.08788829151733
40.32254330943847
16.05430854241338
0.3733557347670251
0.0
0.0
0.0
0.0
0.0
0.0
47.417712066905615
146.35734020310636
107.52684438470726
103.79144265232975
6.3471139486260455
0.0
0.0
0.0
0.0
0.0
0.0
0.0
52.64288381123058
111.262208781362
173.98622311827958
42.18798536439665
6.7206541218638005
0.0
0.0
3.3602337216248506
0.0
0.0
0.0
0.0
11.200899790919951
130.67312574671445
105.28573028673836
40.32254330943847
1.1200899790919951
7.093738799283154
8.960569743130227
0.0
0.0
0.0
0.0
0.0
70.93738799283155
94.45747461170848
84.38052568697731
30.615330047789726
7.467278972520908
1.493414351851852
0.0
0.0
0.0
0.0
0.0
0.3733557347670251
38.08262395459976
120.96957138590203
111.262208781362
46.29678166069295
1.8667764336917563
3.3602337216248506
0.0
0.0
0.0
0.0
0.0
0.0
26.508169056152923
101.18111559139787
113.12574671445641
85.87029569892474
10.453856780167264
0.0
0.0
0.0
0.0
0.0
0.0
0.0
12.694190561529268
148.22087813620075
160.91685334528077
110.51508363201911
0.0
0.0
0.3733557347670251
0.0
0.0
0.0
0.0
0.0
22.401422491039426
131.7936827956989
156.06507616487454
84.75392025089606
3.3602337216248506
0.0
0.0
0.0
0.0
0.0
0.0
0.0
44.42947281959379
68.32291666666666
141.87481332138591
120.2227822580645
9.707194593787337
0.0
0.0
0.0
10.453856780167264
0.0
0.0
5.600451762246117
13.814392921146954
93.71449372759857
88.11137246117084
38.08262395459976
8.587029569892474
0.0
0.0
0.0
0.0
0.0
0.0
0.0
20.908131720430106
109.7679211469534
60.109132317801674
19.41442652329749
9.707194593787337
0.0
0.0
0.0
0.0
0.0
0.0
0.0
34.34897700119474
114.24630376344086
105.28573028673836
84.00675776583033
19.41442652329749
7.093738799283154
0.0
0.0
0.0
0.0
0.0
0.0
70.56399342891278
147.85129181600954
153.82362604540023
50.028001792114694
0.7467278972520908
0.0
0.0
0.0
0.7467278972520908
0.0
2.9868690262843485
0.0
44.42947281959379
132.54084528076464
124.7008288530466
72.05794504181601
11.200899790919951
0.7467278972520908
0.0
1.1200899790919951
0.0
0.0
0.0
0.0
53.01627837514934
102.30167264038232
84.38052568697731
14.187481332138592
1.493414351851852
0.0
0.0
0.0
0.0
0.0
0.0
0.0
21.281257467144563
50.775164277180416
33.22883064516129
102.30167264038232
11.574025537634409
0.0
4.480283004778973
0.0
0.0
0.0
0.0
0.0
42.18798536439665
101.18111559139787
151.20911738351253
92.96733124253285
0.0
1.1200899790919951
0.0
0.0
0.0
0.0
0.0
0.0
11.574025537634409
114.24630376344086
173.23906063321385
159.7959229390681
4.853823178016726
0.7467278972520908
0.0
0.0
0.0
0.0
0.0
0.0
56.37828554360812
169.13026433691758
178.83800029868578
91.84677419354838
2.240142249103943
