4.851403823205228
3.458669354865921
3.7785991636798086
2.5906137993103657
1.7258064516401148
7.9517771804062125
64.28838112305854
88.54540023894863
136.32392473118279
61.27949522102748
29.876045400238954
13.907930107526882
9.294354838709678
3.458669354865921
2.3887022103020024
3.4328330346475506
1.9853195937873358
5.094847670250896
10.265456989247312
76.95639187574672
95.05301672640383
73.91763739545998
30.87178912783752
10.929286140979688
4.851403823205228
3.458669354865921
2.3887022103020024
2.5906137993103657
1.7258064516401148
14.359707287933094
58.43040621266428
91.2410394265233
119.8439366786141
68.32101254480287
24.383587216248507
10.958781362007167
5.586954898446834
4.132131123058542
2.7867383512544803
2.741465053763441
2.427120669056153
5.380465949820788
47.88306451612903
120.15382317801672
135.27105734767025
61.39523596176822
24.128584229390682
9.56160394265233
4.851403823205228
3.458669354865921
2.3887022103020024
2.5906137993103657
1.7258064516401148
0.3334229390953121
41.91308243727599
66.8570788530466
110.03584229390681
27.907332735961766
25.25276284348865
6.345579450445371
4.851403823205228
3.458669354865921
5.365964755077658
2.5906137993103657
1.7258064516401148
6.379569892473119
42.9136798088411
74.80958781362007
114.11290322580645
64.47916666666667
27.59931302270012
6.345579450445371
4.851403823205228
4.127352150537634
8.42290173237754
2.78803390083632
2.0203442353643966
6.701777180406212
42.02508960573477
132.9786439665472
136.1036439665472
152.88269115890083
30.608198924731184
9.556936977299879
4.851403823205228
3.458669354865921
2.3887022103020024
2.920967741935484
1.7258064516401148
8.811992234169654
69.77673237753883
120.15382317801672
146.8563321385902
89.52023596176822
49.793160095579445
12.586618876941458
4.851403823205228
4.636835424133811
6.236895161290323
2.5906137993103657
1.946314964157706
10.4528972520908
39.33691756272401
75.40322580645162
119.2465651135006
77.20318100358423
35.022401433691755
6.345579450445371
4.851403823205228
3.6560894563918755
2.3887022103020024
2.5906137993103657
1.7258064516401148
9.355600358422938
43.458781362007166
75.50776583034647
117.80540621266428
103.2709826762246
28.619698327359618
8.619885005973716
5.057575418160096
3.458669354865921
2.3887022103020024
2.6192715800477897
1.7258064516401148
9.018458781362007
36.52367084826762
45.452508960573475
95.97147550776583
62.873730585424134
26.102897252090802
8.409722222222221
4.851403823205228
3.458669354865921
3.5827732974910393
3.990068697729988
2.7240516726403823
10.626508363201912
36.235439068100355
88.32138590203107
148.21908602150538
75.35132915173237
24.005376344086024
7.524118876941458
4.851403823205228
3.458669354865921
2.3887022103020024
2.674996266427718
2.351515830346475
15.076179808841099
66.8570788530466
174.82078853046596
170.75866188769413
147.98051075268816
30.58057048984469
13.271356033452808
4.851403823205228
3.458669354865921
2.3887022103020024
2.9886499402628433
1.7258064516401148
10.626508363201912
51.76597968936679
154.0359916367981
190.54659498207886
150.39986559139786
26.604316009557945
6.345579450445371
7.812649342891278
3.5446423237753883
2.7262246117084827
2.9281362007168457
1.7258064516401148
9.258527479091995
2.7211768219832733e-11
94.76926523297492
102.87858422939068
62.873730585424134
26.793608124253293
9.978046594982079
4.851403823205228
6.323327359617682
6.2615367383512535
2.5906137993103657
4.858198924731183
8.847834528076463
23.12313321385902
81.8847072879331
95.44877538829152
71.1398596176822
23.918010752688172
8.87694145758662
5.532034050179211
3.5287223715651135
7.443585722819594
2.5906137993103657
1.7258064516401148
8.055197132616486
40.568996415770606
87.77628434886499
124.46236559139786
51.66928016726404
30.39837216248507
6.792973416965353
4.851403823205228
4.848566308243727
2.3887022103020024
2.5906137993103657
1.7258064516401148
9.886140979689365
47.64411589008363
64.71027479091995
136.1036439665472
63.583109318996414
26.102897252090802
8.29584826762246
5.484244324970131
3.458669354865921
2.3887022103020024
5.444407108721625
2.171594982078853
0.3334229390953121
27.311827956989248
42.85394265232975
119.63485663082437
72.75649641577061
30.193399044205496
9.306824970131421
7.043682795698925
3.458669354865921
2.3887022103020024
2.5906137993103657
1.7258064516401148
4.4332586618876935
0.047763590203106325
67.5739247311828
119.57138590203107
72.21886200716845
50.31063321385902
6.345579450445371
