0
0
0
0
0
65.8326398101672
616.4742217434751
1371.937352681335
3251.110450658559
684.5745264380466
24.422947305113766
0
0
0
0
0
0
18.66077782142432
355.673800264366
1220.0176319930258
1739.5954732918026
609.0779195952426
79.54905634082176
0
0
0
0
0
0
0
302.1575495671444
1042.0272438921459
1417.3065658520234
766.4489343790233
88.77910855485445
0
0
0
0
0
0
55.49050456261412
581.058592583577
1359.3109115298453
1826.001756308849
625.2903234608688
106.75383275104119
0
0
0
0
0
0
0
370.51355326440023
1039.489856761637
1057.1519512319196
376.90868220009827
184.3233650512233
0
0
0
0
0
0
25.25095345889119
332.35662749575744
859.7906530008124
939.6272408539292
375.98425130407645
133.90466359478057
0
0
0
0
0
0
0
364.2919619572617
1131.703603157603
1541.0208236041024
1095.124754729202
162.10639635293666
0
0
0
0
0
0
33.06035494159337
572.808789846347
1181.8623690678278
1121.7361474835918
541.4532877568805
296.98909626326895
0
0
0
0
0
0
0
363.21764634817254
1128.9570537251702
744.445915236131
262.85995954547093
146.21498929964548
0
0
0
0
0
0
33.660987860086784
383.2073427637859
1340.2406974878454
2660.4716390964095
532.1954412931307
93.25935180965276
0
0
0
0
0
0
38.87400227081297
289.19745288071033
1047.3469301950693
1226.4588944589823
606.8546726996385
155.35510410868926
0
0
0
0
0
11.489777116395778
0
110.35877275672361
712.9603711884571
583.4032306516268
740.4114196781234
175.52055072491325
0
0
0
0
0
0
29.028647162673323
298.9737969275092
1148.6855060315813
1302.8714222061171
959.1154366021517
102.85216693654408
0
0
0
0
0
0
51.93261392313108
361.7976053033353
1342.9812740972545
1079.2845480815417
471.6507545934541
188.32201493477316
0
0
0
0
0
0
0
528.7733274213496
1146.5053037010634
1119.9187381471152
589.7715086339493
186.9069252155475
0
0
0
0
0
0
0
284.0335609948661
583.1481113879879
752.2849519184206
409.76549764772733
124.128744275414
0
0
0
0
0
0
46.395985143175125
422.6365201478578
1296.8192426719008
1146.7309048397044
1065.364877194469
218.96192847991873
0
0
0
0
0
0
2.702567480447229
415.43237331067155
1386.8415370235466
1740.7231020882302
525.4171568172117
110.6076253828504
0
0
0
0
0
0
0
497.4279383396091
1162.1375822204093
2187.9433138313093
1178.125791172194
197.6718395691215
0
0
0
0
0
0
9.89356876938129
436.612100451682
1069.6963359556182
692.46084199563
424.66129086660555
46.874960500288864
0
