5.556712962962962
3.458669354865921
2.3887022103020024
2.5906137993103657
1.9447281959378733
3.538284050179211
37.73521505376344
103.9986559139785
109.72968936678615
75.35132915173237
30.608198924731184
14.296594982078853
6.523073476702509
5.920474910394265
2.4205439814814813
2.5906137993103657
1.7258064516401148
7.423103345280764
31.781660692951014
129.15919952210274
141.7749402628435
70.04218936678615
26.604316009557945
14.465352449223417
5.0719123357228195
5.07067652329749
2.3887022103020024
2.5906137993103657
1.8611372461170848
0.8269638590203107
40.834080047789726
95.83706690561529
127.47535842293907
91.65210573476702
35.022401433691755
8.585573476702509
5.770833333333333
4.412335722819594
2.3887022103020024
2.718380376344086
1.7258064516401148
9.583721624850657
5.990143369175628
80.42861409796893
69.77673237753883
52.483198924731184
29.117756869773
11.107004181600956
6.475358422939068
4.194220430107527
2.461939964157706
3.3707437275985663
1.7990442054958184
9.205510752688172
42.93981481481482
167.6859318996416
142.648596176822
115.83071983273597
39.84206989247313
10.803464755077659
4.851403823205228
3.5669317502986857
2.3887022103020024
2.715595131421744
1.8929734169653525
8.938560334528075
49.87679211469534
122.75238948626045
160.84229390681003
68.05966248506572
30.843413978494624
8.629106929510154
6.109169653524492
3.7961917562724015
2.3887022103020024
2.5906137993103657
6.502165471923536
9.328718637992832
65.42712066905615
185.07691158900838
232.05645161290323
73.75709378733572
33.55361409796894
7.019041218637992
6.535058243727598
4.115404719235364
2.3887022103020024
2.5906137993103657
1.7258064516401148
8.863888888888889
64.70280764635604
189.44519115890083
168.81720430107526
91.65210573476702
31.087589605734767
9.306824970131421
4.976385155316607
4.4887619474313025
2.50333408004779
2.6503173536439664
1.7258064516401148
6.481123058542414
45.43757467144564
146.8563321385902
148.86126045400238
81.71333632019116
34.21856332138591
11.479241338112306
4.851403823205228
3.458669354865921
2.485024641577061
2.5906137993103657
1.7258064516401148
8.863888888888889
46.736857825567505
133.24746117084825
160.84229390681003
140.36402329749103
35.03061529271206
6.482500746714456
8.33015979689367
3.4897151284348866
2.3887022103020024
2.5906137993103657
1.7258064516401148
0.823790322580645
39.11663679808841
73.21161887694146
109.61768219832736
36.109617682198326
23.173536439665472
9.550440561529271
4.937376792114695
3.458669354865921
2.3887022103020024
4.28300477897252
3.039277180406213
2.423775388291517
69.18682795698925
116.819743130227
176.77718040621266
105.60073178016727
35.520833333333336
12.797565710872162
8.056264934289128
3.506432945041816
2.3887022103020024
3.4328330346475506
1.8213336320191158
6.661827956989248
32.25246415770609
158.61335125448028
96.90486857825567
57.51232078853047
41.613649940262846
8.849126344086022
5.018570788530466
3.458669354865921
2.3887022103020024
2.5906137993103657
2.505936379928315
0.7394115890083631
5.094832735961768
60.49880525686977
84.42353643966547
48.66002090800478
39.84206989247313
8.585573476702509
4.851403823205228
3.458669354865921
2.3887022103020024
2.5906137993103657
1.7258064516401148
12.386514336917562
46.99820788530466
82.02284946236558
96.90486857825567
70.1280615292712
40.217293906810035
6.345579450445371
4.851403823205228
3.458669354865921
2.3887022103020024
2.5906137993103657
1.9805443548387096
12.250238948626045
46.33736559139785
135.44653524492233
168.35050776583034
108.81533751493428
34.29136798088411
6.345579450445371
6.375858721624851
3.458669354865921
2.3887022103020024
2.6192715800477897
1.7258064516401148
8.262037037037038
43.57078853046595
118.75
165.46818996415772
142.8767174432497
36.467293906810035
8.629106929510154
5.79872311827957
3.458669354865921
4.214867084826763
2.5906137993103657
1.7258064516401148
16.56960872162485
53.87171445639188
108.13918757467144
137.78375149342892
73.43974014336918
27.620221027479097
6.345579450445371
4.911107377538829
3.458669354865921
2.3887022103020024
4.855361409796894
2.665135902031063
3.6753061529271207
47.54704301075269
133.24746117084825
179.86857825567503
81.28024193548387
31.6819743130227
8.619885005973716
5.022550776583034
5.723416965352449
4.299171146953405
2.5906137993103657
3.8161589008363204
2.3793085424133813
42.9136798088411
82.49701314217444
134.45340501792114
70.40807945041816
24.108796296296298
9.996303763440858
