4.851403823205228
4.084378733572282
2.3887022103020024
2.5906137993103657
1.7258064516401148
6.485229988052569
29.657631421744323
76.02673237753883
108.68428912783752
50.46333632019116
24.005376344086024
9.43186230585424
5.332213261648746
4.544466845878136
2.3887022103020024
3.521990740740741
1.7258064516401148
12.528763440860216
34.6598715651135
119.60125448028674
119.8439366786141
74.2648596176822
31.64613201911589
6.457026583034647
6.045474910394265
5.018929211469534
6.763702210274791
2.5906137993103657
2.2193473715651133
1.1147476105137395
80.34274193548387
154.0359916367981
140.5428614097969
92.12626941457587
39.591173835125446
12.493279569892474
4.851403823205228
4.302494026284349
2.5049245818399046
3.3770908004778972
3.409460872162485
15.073192951015532
49.245818399044204
121.67712066905615
117.36111111111111
70.1280615292712
31.369474313022707
6.345579450445371
4.851403823205228
3.458669354865921
2.4683094384707287
2.5906137993103657
1.7258064516401148
12.059080047789724
33.99006869772999
114.93055555555556
135.52867383512546
60.82399940262844
21.123431899641577
7.457287933094383
4.851403823205228
3.458669354865921
2.3887022103020024
2.5906137993103657
3.2502613500597373
8.240008960573476
45.452508960573475
136.1036439665472
168.81720430107526
76.69168160095579
52.666890681003586
12.398820191158903
4.851403823205228
3.458669354865921
2.969832735961768
2.5906137993103657
1.7258064516401148
7.617249103942652
30.107153524492233
81.94444444444444
118.75
57.17629928315412
34.21856332138591
7.308803763440859
4.851403823205228
3.458669354865921
2.675280017921147
2.6383773894862603
1.7258064516401148
9.320131421744325
39.87455197132616
97.12888291517322
145.13515531660693
61.39523596176822
27.989471326164875
6.345579450445371
8.302344683393072
3.458669354865921
2.3887022103020024
2.5906137993103657
1.7258064516401148
7.895773596176822
52.172939068100355
132.9786439665472
132.9786439665472
58.94601254480287
29.140531660692957
7.292898745519712
6.212664277180406
3.458669354865921
2.3887022103020024
2.5906137993103657
1.7258064516401148
4.22231182795699
42.9136798088411
88.54540023894863
126.8107825567503
68.05966248506572
24.744997013142175
6.598715651135006
4.851403823205228
3.458669354865921
2.3887022103020024
2.670221027479092
1.7258064516401148
9.970519713261648
52.70683990442055
135.27105734767025
158.59468339307048
83.23663381123059
26.357526881720432
12.673984468339308
6.84468339307049
5.263328853046595
2.3887022103020024
2.5906137993103657
1.7258064516401148
10.427508960573476
69.18682795698925
173.4281660692951
222.52837514934288
144.90031362007167
46.09655017921147
17.977897252090802
5.181757765830347
3.458669354865921
2.3887022103020024
2.5906137993103657
3.2482452210274784
0.4178054062126642
19.889112903225808
81.34707287933094
34.42204301075269
29.51836917562724
21.4616935483871
11.270908004778972
4.851403823205228
3.9482153524492234
2.3887022103020024
2.5906137993103657
1.7258064516401148
7.9517771804062125
39.87455197132616
106.61589008363202
138.61260454002388
63.50097072879331
16.61555406212664
7.253061529271207
7.828666367980884
3.458669354865921
2.3887022103020024
3.2911439665471924
1.7258064516401148
9.018458781362007
44.14202508960574
108.68428912783752
119.63485663082437
53.77128136200718
33.48230286738351
6.345579450445371
4.851403823205228
6.323327359617682
2.5797491039426523
6.069369772998805
1.7258064516401148
8.453195937873357
49.316756272401435
132.9786439665472
165.46818996415772
80.3132467144564
29.876045400238954
6.457026583034647
5.415807945041816
6.547379032258065
2.3887022103020024
6.370109020310633
1.7258064516401148
13.189605734767024
49.91412783751493
141.4986559139785
145.58318399044205
78.19257765830345
37.04002389486261
11.006944444444443
4.851403823205228
3.474590427120669
4.92006421744325
2.5906137993103657
1.7258064516401148
12.79944743130227
82.49701314217444
140.5428614097969
190.54659498207886
108.40091099163679
35.34460872162485
10.01265681003584
13.456541218637993
3.458669354865921
3.253210872162485
2.5906137993103657
1.7258064516401148
8.284438470728793
45.43757467144564
138.61260454002388
211.3500597371565
130.83968040621266
45.26471027479092
12.713933691756273
6.84468339307049
6.323327359617682
2.3887022103020024
2.5906137993103657
1.7258064516401148
13.432661290322581
55.28300477897252
140.19563918757467
215.3935185185185
83.23663381123059
36.04988052568698
7.35017174432497
