4.851403823205228
3.458669354865921
2.3887022103020024
2.5906137993103657
1.7258064516401148
18.332974910394267
59.05017921146953
179.00985663082437
179.86857825567503
87.76172341696535
36.04988052568698
12.398820191158903
4.986734617682198
3.5541965352449223
2.3887022103020024
2.5906137993103657
1.7258064516401148
0.3334229390953121
8.514411589008363
56.9481780167264
61.01777180406213
54.30891577060932
27.050104540023895
14.942876344086018
8.385491338112304
3.5287223715651135
2.3887022103020024
2.60971848864994
2.7240516726403823
8.930719832735962
52.172939068100355
145.13515531660693
165.17697132616487
126.99036738351255
27.914053166069294
10.934513142174433
5.122061678614098
3.458669354865921
2.3887022103020024
2.5906137993103657
1.7258064516401148
9.711036439665472
47.54704301075269
135.44653524492233
148.21908602150538
88.28815710872162
52.666890681003586
10.78853046594982
4.911107377538829
3.67759109916368
2.3887022103020024
2.5906137993103657
5.376530764635604
11.932511947431303
39.21370967741935
157.69862604540023
164.060633213859
144.0826612903226
35.22326762246117
7.284908900836319
4.851403823205228
3.494092741935484
2.3887022103020024
2.5906137993103657
1.7258064516401148
4.994787933094384
54.72296893667861
140.5428614097969
163.65740740740742
109.3753733572282
55.702284946236546
12.497386499402628
5.110916965352449
3.7890232974910396
4.214867084826763
2.5906137993103657
1.7258064516401148
3.538284050179211
37.53360215053763
108.72535842293907
148.86126045400238
62.873730585424134
26.102897252090802
6.835946833930705
5.77482825567503
3.5541965352449223
2.4842293906810036
2.853311678614098
1.7258064516401148
5.109781959378733
42.86514336917563
142.45071684587813
261.6636798088411
114.03113799283155
31.69952210274791
9.19937275985663
6.212664277180406
3.458669354865921
5.641763739545998
2.718380376344086
1.7258064516401148
9.118145161290322
24.708781362007173
69.18682795698925
82.93757467144565
65.67764336917563
15.270209826762246
6.345579450445371
5.042450716845878
3.5541965352449223
2.3887022103020024
4.855361409796894
1.7258064516401148
8.847834528076463
60.412933094384705
171.7928614097969
167.6859318996416
91.57370071684588
31.39374253285544
7.682160991636796
7.937686678614098
3.753207138590203
2.7262246117084827
2.5906137993103657
1.8213336320191158
10.585065710872161
54.72296893667861
141.81600955794505
261.6636798088411
92.56683094384707
49.123357228195935
12.89165173237754
4.976385155316607
3.458669354865921
4.653449820788531
2.5906137993103657
2.1974686379928317
9.320131421744325
78.28554360812426
141.7749402628435
189.44519115890083
124.26112604540022
48.27396953405018
9.22688918757467
7.382765830346475
3.458669354865921
2.3887022103020024
2.8851515830346477
1.7258064516401148
4.206257467144563
34.6598715651135
52.990591397849464
161.67861409796893
81.28024193548387
31.69952210274791
6.345579450445371
4.93578629032258
4.091509856630824
2.609210722819594
2.5906137993103657
3.7572804659498207
9.333572281959379
45.43757467144564
161.67861409796893
261.6636798088411
108.81533751493428
56.527404420549594
12.398820191158903
4.851403823205228
5.1423237753882916
2.3887022103020024
2.6988761947431303
1.7258064516401148
8.938560334528075
49.91412783751493
76.17980884109916
128.57676224611708
110.34236857825567
32.72214755077658
6.558919504181601
4.851403823205228
3.458669354865921
2.3887022103020024
2.5906137993103657
1.7258064516401148
0.3334229390953121
14.026284348864994
115.4868578255675
148.58124253285544
68.91465053763442
24.7703853046595
12.391726403823176
4.851403823205228
3.458669354865921
2.3887022103020024
2.803953853046595
2.056160394265233
10.46297789725209
63.67607526881721
136.96983273596177
189.44519115890083
64.40822879330943
18.959080047789726
7.0142622461170845
4.931011051373955
3.458669354865921
2.3887022103020024
2.5906137993103657
1.7258064516401148
5.388306451612903
53.2444743130227
179.26747311827958
191.82347670250897
81.43331839904421
40.5973715651135
13.35946833930705
4.851403823205228
3.9482153524492234
2.3887022103020024
2.6256391875746714
1.9805443548387096
1.1135528673835124
44.784199522102746
87.3618578255675
141.7749402628435
75.04144265232975
25.42637395459976
9.442204301075268
6.029569892473118
3.458669354865921
2.5797491039426523
2.5906137993103657
1.7258064516401148
11.319086021505376
26.480361409796895
80.34274193548387
64.71027479091995
51.191382915173236
23.173536439665472
6.428367682198328
