12.536103643966547
4.146132019120379
2.863575268821692
3.1056227598611184
2.068884408606638
0.3997162485110588
4.487753882915173e-12
13.814180107526882
116.86193249701317
160.51112604540023
31.582511947431303
22.167637395459977
5.815785543612612
4.146132019120379
2.863575268821692
3.1056227598611184
2.068884408606638
0.3997162485110588
4.487753882915173e-12
139.26149940262843
320.3393817204301
264.30779569892474
50.25011200716846
7.606780167268525
5.815785543612612
4.146132019120379
2.863575268821692
3.1056227598611184
2.068884408606638
0.3997162485110588
4.487753882915173e-12
137.0221027479092
226.62933094384704
338.9773745519713
96.17495519713263
10.966984020310633
5.815785543612612
4.892831541218639
2.863575268821692
3.1056227598611184
2.068884408606638
0.3997162485110588
4.487753882915173e-12
112.37828554360813
427.1199223416965
447.6247013142174
230.2090800477897
20.674320489844682
13.65628733572282
4.146132019120379
2.863575268821692
3.1056227598611184
2.068884408606638
1.5197841995221024
7.093862007168458
177.34655017921148
557.0452508960573
483.834005376344
338.4808094384707
45.68914277180406
5.815785543612612
4.146132019120379
2.863575268821692
3.1056227598611184
2.068884408606638
0.773073476702509
4.487753882915173e-12
139.26149940262843
396.5046296296296
469.6688321385901
220.49917861409796
51.6627464157706
18.88332586618877
4.146132019120379
2.863575268821692
3.1056227598611184
2.068884408606638
0.3997162485110588
4.487753882915173e-12
53.01795848267623
340.127688172043
385.2721774193548
30.08874701314218
7.606780167268525
12.536103643966547
4.146132019120379
2.863575268821692
3.1056227598611184
2.068884408606638
0.3997162485110588
8.214083034647553
157.55824372759858
355.80869175627237
442.3965800477897
158.89896953405017
7.606780167268525
5.815785543612612
4.146132019120379
2.863575268821692
3.1056227598611184
2.068884408606638
0.3997162485110588
4.487753882915173e-12
276.28360215053766
323.3266129032258
334.1218637992832
133.88366188769413
15.447281959378731
12.536103643966547
9.37314814814815
2.863575268821692
3.1056227598611184
2.068884408606638
0.3997162485110588
4.487753882915173e-12
138.14180107526883
262.09864097968943
243.77165471923536
153.29562425328555
9.473588709677419
5.815785543612612
4.146132019120379
2.863575268821692
3.1056227598611184
2.068884408606638
0.3997162485110588
4.487753882915173e-12
85.87141577060933
323.7029569892473
249.37051971326164
111.4796146953405
19.554099462365592
5.815785543612612
4.146132019120379
3.983643219832736
3.1056227598611184
2.068884408606638
0.3997162485110588
4.487753882915173e-12
132.54293608124254
360.66345579450416
411.0356929510156
158.89896953405017
20.674320489844682
12.909647550776583
4.146132019120379
2.863575268821692
3.1056227598611184
2.068884408606638
0.3997162485110588
4.487753882915173e-12
188.1724163679809
471.18391577060925
355.77844982078847
210.79301075268816
14.700642174432497
12.536103643966547
4.146132019120379
2.863575268821692
3.1056227598611184
2.068884408606638
0.3997162485110588
4.487753882915173e-12
237.82706093189964
458.12537335722817
467.76807048984466
313.0936379928315
11.340352449223417
8.055921445639187
4.146132019120379
2.863575268821692
3.1056227598611184
2.068884408606638
0.3997162485110588
4.487753882915173e-12
132.54293608124254
337.1397102747909
418.5024641577061
90.57160991636799
53.15830346475508
13.65628733572282
4.146132019120379
2.863575268821692
3.1056227598611184
2.068884408606638
0.3997162485110588
4.487753882915173e-12
202.35775089605735
571.2514934289128
293.80189665471926
168.23327359617682
40.462141577060926
5.815785543612612
4.146132019120379
2.863575268821692
3.1056227598611184
2.068884408606638
0.3997162485110588
4.487753882915173e-12
134.0344982078853
342.7430555555555
366.6084229390681
297.4126344086022
15.447281959378731
8.429289874551971
4.146132019120379
2.863575268821692
3.1056227598611184
2.068884408606638
0.3997162485110588
4.487753882915173e-12
66.45982676224612
266.20594384707294
222.11506869772998
110.35991636798089
60.62473864994026
8.802658303464753
4.146132019120379
2.863575268821692
3.1056227598611184
2.068884408606638
0.3997162485110588
4.487753882915173e-12
141.1290322580645
358.7959229390681
595.4554958183991
167.10909498207886
22.541143966547192
5.815785543612612
4.146132019120379
2.863575268821692
3.1056227598611184
2.068884408606638
0.3997162485110588
6.347222222222222
88.11118578255675
347.22222222222223
275.8814964157706
104.38508064516131
18.434326463560335
