0
0
0
7.958110617195711
0
124.30422732510148
545.8234600947296
2184.3417732309167
1811.4498323789899
912.7264081584768
176.5953263373719
0
0
0
0
11.048411195728395
0
0
318.1189167518212
733.4387042749856
1177.9747295642037
814.4673311842512
0
0
0
0
0
0
0
69.13690183066046
560.5472225062125
1593.4135192804374
2106.8107474529793
569.2539672344595
134.68367844732757
0
0
0
0
0
0
70.55143646225572
574.5700173147598
1425.3753529874316
1813.9949612072955
1052.2299142613467
92.71530228509135
0
0
0
0
0
0
0
467.8171673623692
1719.1318071797973
2274.6325366560536
1368.549213860791
104.39079336663545
0
0
0
0
0
6.425300633364163
149.25043075877176
485.28822845155196
984.6831261190922
1413.8738059674297
789.1831760352591
80.32644525547352
20.296295443208862
0
0
0
0
0
0
113.28456948414333
422.6791855948789
358.22773817996836
24.371954549990605
0
0
0
0
0
0
0
0
252.3842453421655
987.458993918485
1538.836655249422
663.2465225239057
140.5076521175103
0
0
0
0
0
0
23.14535012286248
420.7008452729037
1393.086011311789
1932.2080120103246
1150.3034332611219
141.14442478351646
9.18471090353789
0
0
0
0
0
106.01056223284667
491.82256080440715
1073.3895923504501
1292.5822275074008
627.7229950565714
0
0
0
0
0
0
0
25.567812007969486
301.6020601089063
904.4175693826443
1327.4949607672263
658.6945771201881
187.9930596045076
0
0
0
0
6.605657117085858
0
0
407.2024480852779
1176.9754548204762
1682.1185084294048
1118.5468736805128
88.47694260065995
0
0
0
0
0
0
4.753632228384177
429.21573241138015
1456.8243202490244
2167.889716710298
473.2929306284361
76.1170265542263
0
0
0
0
0
0
0
391.26967818266644
1163.14779142103
1245.6178067434294
485.15396546561664
211.24293787384124
0
0
0
0
0
0
119.67842495308714
567.2750448645993
922.1332905588889
892.8626598914401
440.15905343681675
0
0
0
0
0
0
0
0
480.77967807969287
1408.1372840283705
1831.7461974381338
433.4658411363773
148.1964712766088
0
0
0
0
0
0
57.86895407985371
356.09866172491877
1380.9444666862378
1432.2801133223802
728.1448951156164
135.21428063045633
0.9166266478112419
0
0
0
0
0
59.46332016861925
444.2495776117469
1121.1463458646458
1215.480419889903
382.9048360286812
0
0
0
0
0
0
0
44.48254027569534
554.9817017804693
1783.0971102968729
2122.537474524261
880.3181448161606
269.13726668979064
0
0
0
0
0
0
0
399.93609985431044
1315.872411224435
1700.6209375750802
794.1975811891862
279.0846379196437
1.0799866810133523
