6.905204599761051
3.856705495818399
2.4953741039426522
2.5906137993103657
1.7258064516401148
7.095669056152926
64.19877538829152
187.50373357228196
127.47535842293907
31.535991636798087
34.14239844683393
10.172864396654719
5.064743876941457
3.458669354865921
3.948962066905615
2.84375
1.8213336320191158
10.427508960573476
37.73521505376344
145.58318399044205
118.75
64.40822879330943
26.023372162485067
13.35946833930705
6.029943249701314
3.88694743130227
2.4730846774193544
2.5906137993103657
1.8977449223416964
8.13957586618877
43.82467144563919
121.6995221027479
161.9586320191159
103.32325268817205
52.42868876941458
7.745034348864994
4.851403823205228
3.665636200716846
2.3887022103020024
2.5906137993103657
1.7258064516401148
11.303031660692952
66.8570788530466
185.59587813620072
167.6859318996416
127.07623954599761
28.619698327359618
9.446273894862605
4.851403823205228
3.458669354865921
2.3887022103020024
2.6383773894862603
1.7258064516401148
10.46297789725209
34.6598715651135
122.75238948626045
178.19967144563918
94.93391577060932
29.876045400238954
6.460211320191159
5.249439964157706
3.458669354865921
3.069332437275986
2.5906137993103657
3.4149492234169654
8.13957586618877
55.5331541218638
168.35050776583034
121.23282556750299
14.962664277180407
27.989471326164875
7.495855734767025
5.1634632616487455
3.7213672341696533
2.3887022103020024
2.5906137993103657
2.9198775388291516
9.997401433691756
56.04838709677419
122.75238948626045
154.0359916367981
102.13971027479091
52.26366487455197
11.758885902031063
5.440486857825568
3.458669354865921
6.831653225806452
2.6503173536439664
1.7258064516401148
15.26733870967742
65.41218637992831
123.08841099163679
176.32541816009558
102.13971027479091
29.77150537634409
6.345579450445371
5.586954898446834
3.458669354865921
2.6593600657108722
2.5906137993103657
5.392883811230584
15.076179808841099
64.12783751493428
148.21908602150538
170.88933691756273
113.5943100358423
33.13284050179212
11.107004181600956
5.297192353643966
3.729327210274791
2.3887022103020024
2.5906137993103657
1.7258064516401148
8.055197132616486
63.810483870967744
127.47535842293907
215.3935185185185
90.97632915173237
27.18637992831541
8.338859020310633
8.193287037037036
3.458669354865921
2.5606406810035844
2.95680256869773
3.6760752688172045
8.284438470728793
64.70280764635604
168.30197132616487
211.3500597371565
106.63866487455198
37.35364396654719
9.638440860215052
6.197916666666667
3.458669354865921
2.3887022103020024
2.78803390083632
1.7258064516401148
8.847834528076463
65.15830346475508
137.9965651135006
123.08841099163679
96.99111409796893
30.067204301075275
15.270683990442052
7.313209378733571
3.458669354865921
2.5757691158900835
2.5906137993103657
1.7258064516401148
7.520176224611707
73.21161887694146
190.54659498207886
245.17995818399044
105.46632317801672
50.43869474313023
9.22688918757467
6.197916666666667
3.493694743130227
2.3887022103020024
2.5906137993103657
1.7258064516401148
0.8747535842293906
12.625448028673835
113.66114097968936
148.86126045400238
92.09266726403823
18.876941457586618
6.345579450445371
5.758885902031063
3.458669354865921
2.3887022103020024
2.5906137993103657
1.7258064516401148
8.847834528076463
64.63560334528077
137.17891278375149
160.84229390681003
102.82295400238948
34.56466547192353
15.982676224611708
9.512768817204302
4.238799283154123
2.3887022103020024
2.5906137993103657
3.244660991636798
5.658990442054957
47.046744324970135
110.03584229390681
141.81600955794505
94.0527927120669
27.989471326164875
7.265008960573475
4.851403823205228
3.458669354865921
2.3887022103020024
3.3309438470728794
1.978942652329749
10.46297789725209
51.76597968936679
78.65890083632019
115.4868578255675
96.99111409796893
30.87402927120669
9.22688918757467
4.851403823205228
3.458669354865921
2.3887022103020024
2.5906137993103657
1.7258064516401148
0.3334229390953121
57.80689964157706
117.36111111111111
211.52927120669057
93.15673536439665
48.037634408602145
6.460211320191159
4.93578629032258
3.458669354865921
2.3887022103020024
2.6503173536439664
1.9168533452807646
3.419705794504181
41.5621266427718
85.26359020310633
93.64172640382318
73.91763739545998
35.27180406212665
6.345579450445371
4.851403823205228
3.565341248506571
8.672677718040621
2.705245669056153
1.7258064516401148
11.414292114695339
37.73521505376344
95.02314814814815
119.3847072879331
124.55981182795699
35.27180406212665
6.345579450445371
