538.2187034524344
233.73137955495815
137.40398036140985
118.7591700268817
125.65633139187575
247.30555779569897
754.6849066606931
3259.9019750597377
7928.578334080048
5140.75101553166
2467.4938396057355
1006.7922267025091
248.16212664277177
286.13339120370364
329.3180559289127
124.89337638142177
177.29872274492237
296.6498234020311
900.6777665770617
2191.9093637992823
6328.544145758663
4827.857332735962
1501.7927718040623
614.9634681152927
293.91045064217434
253.79894750597376
155.1991218637993
102.86978561827958
173.40458027180404
123.2827803912784
705.5668548387096
2769.247763590203
6291.059020310633
4937.471490442056
1376.6488724611709
894.0473977001193
431.83425627240126
212.43268402777773
225.7460020908005
174.3856422491039
101.38903330346474
199.06630451015533
713.2356944444441
2735.0878098864987
4490.790576463561
4529.284318996416
1418.0061529271206
551.7935943100358
535.5050089605735
151.46279095728795
136.79518966547195
84.0523684662485
180.03860928166068
445.2465613799285
724.4503722371567
5195.479114396653
9485.153083930705
6144.896692054957
3564.323241487455
1286.7111596475509
421.38468376642754
218.82236521804066
122.65958557347666
107.69791304510156
92.35738717144564
117.00773010005972
1286.8294280167263
2108.5416181302276
7602.469575119474
4238.679659498208
1925.2042674731176
778.3517286439666
346.93283788829154
172.4781918309438
130.0184057272999
83.95861958632022
114.08297147550779
103.76536596475505
653.9576437425329
3774.1080309139784
5881.45332287933
3385.2802045997623
1702.1770982676226
595.5551799581841
494.6654442951018
279.3334352598566
167.33360439068105
171.42212817353646
132.82080779569895
145.2045389038232
468.73716659199533
2063.227490292712
6453.017353643967
4689.560984169655
1321.2430966248508
1022.6185595878139
679.9990449522102
364.7168813470729
128.00205656362007
96.50764602001192
100.21571762992832
613.1339941756271
727.5516539725209
3620.24864097969
6670.646135752687
5032.188515531662
1870.8187238649944
425.35253920250886
400.40473827658303
260.2619765531659
95.6314141278375
133.51457623954602
105.91643481182798
282.7251631571088
683.2816662933094
2319.1425291218648
5459.210704151732
4989.151067801673
1455.538978494623
714.4810073178014
510.31684289127827
163.48474089008363
142.66235737753885
202.80836025238946
176.44301489695337
193.08403449820796
878.2388104838708
3760.4967853942653
8470.13918757467
5632.796594982078
3335.898786589007
834.9676896654721
493.179087141577
237.26324372759854
130.0119560185185
156.18720422640382
115.38089796146951
88.65720041816014
541.9393100358423
3555.791457586618
4712.481768966547
6111.2398521505365
1488.3919914874552
679.1253087664276
280.10776508363205
308.7798599910395
77.37519287634407
145.4011795101553
111.73736036439665
99.83141834677417
688.4711749551971
2398.7060297192356
6858.802662037036
3832.0062649342885
2602.379472819595
471.6288653673835
635.0717730734766
384.9670340501793
171.90053091397854
254.0013096251493
120.66278860513738
354.12668832138587
590.6753203405017
1860.8307758363203
6181.01938470729
5438.440079898448
2325.6751717443262
931.8378001792113
136.4938354988053
214.47154420549583
87.1685120967742
108.74032078853048
106.30852038530463
151.63513291517324
783.7744272700118
2535.272815860215
6367.240221774196
3386.139799880525
1995.3389747610506
836.6039986559142
400.963895609319
380.75604577359616
135.04754218936677
101.4590819145759
131.61515539127836
214.57746789127847
647.6744967144563
3681.9680368876934
7084.402393219832
6710.457642622461
2616.8457997311825
1288.1992532855436
613.6637051971326
466.6888015232975
145.8185767622461
145.0094571385902
151.59009494474313
360.4675724313022
873.3406175328554
1978.544224163679
5730.614228643965
5248.739101702507
2311.2966733870962
1038.8326052867383
486.79763702210266
180.04315572729988
144.05820273297496
87.57125761648746
122.80829704301074
139.2761279121864
503.5449223416967
2076.088765681003
5797.464814814814
3476.180361409799
4857.18561827957
1200.223260155317
488.9829316009558
263.6479708034648
181.25263590203107
133.3998004405615
101.65767234169654
179.6075761648746
649.8717861409798
3449.376366487456
7334.2519974611705
5846.5552158004775
1862.8183281063318
1216.680495818399
432.1413078703704
249.90312686678604
335.2626149940263
131.79634150985663
116.33869388440857
188.6493007019116
756.672169578853
3027.520030615293
5671.407075119475
4092.0564068100343
3349.9533975507757
1546.4065524193547
