11.042801672640383
4.146132019120379
2.863575268821692
3.1056227598611184
2.068884408606638
0.3997162485110588
4.487753882915173e-12
60.10827359617682
395.3853046594982
396.1025238948626
160.76202210274792
40.089045698924735
5.815785543612612
4.146132019120379
2.863575268821692
3.1056227598611184
2.068884408606638
0.3997162485110588
16.054584826762245
98.565188172043
328.55361409796893
236.3048835125448
33.82243130227001
10.593652927120667
5.815785543612612
4.146132019120379
2.863575268821692
3.1056227598611184
2.068884408606638
0.3997162485110588
4.487753882915173e-12
92.21848864994027
308.3934438470729
340.8449074074074
29.34210722819594
42.32900238948626
5.815785543612612
4.146132019120379
2.863575268821692
3.1056227598611184
2.068884408606638
0.3997162485110588
5.227016129032258
158.3019713261649
347.22222222222223
240.7836768219833
74.89060633213859
30.754778972520914
12.909647550776583
4.146132019120379
2.863575268821692
3.1056227598611184
2.068884408606638
0.3997162485110588
7.093862007168458
276.65994623655916
486.4964157706094
644.7573178016727
206.3138440860215
41.58232526881721
20.00350955794504
4.146132019120379
2.863575268821692
3.1056227598611184
2.068884408606638
0.3997162485110588
4.487753882915173e-12
92.59445937873357
627.2401433691756
459.58071983273595
192.1244026284349
65.10416666666667
12.163007765830345
8.626504629629629
2.863575268821692
3.1056227598611184
2.068884408606638
0.3997162485110588
4.487753882915173e-12
157.93010752688173
379.70392771804063
278.8687275985663
152.1759259259259
7.606780167268525
22.243466248506568
4.146132019120379
2.863575268821692
3.1056227598611184
2.068884408606638
0.3997162485110588
11.947319295101552
132.54293608124254
427.1199223416965
389.3794802867383
27.47524641577061
23.287783751493425
20.75014934289128
4.146132019120379
2.863575268821692
3.1056227598611184
2.068884408606638
0.3997162485110588
4.487753882915173e-12
143.74029271206692
352.44922341696537
338.9773745519713
135.00336021505376
16.19392174432497
5.815785543612612
4.146132019120379
2.863575268821692
3.1056227598611184
2.068884408606638
0.3997162485110588
4.487753882915173e-12
214.30742234169654
363.27508960573476
638.7836021505377
161.8817204301075
65.47565710872162
12.163007765830345
6.759636350059737
2.863575268821692
3.1056227598611184
2.068884408606638
0.3997162485110588
4.487753882915173e-12
188.54428016726405
427.1199223416965
390.12768817204307
175.69967144563918
22.167637395459977
5.815785543612612
4.146132019120379
2.863575268821692
6.092495519713261
2.068884408606638
0.3997162485110588
4.487753882915173e-12
224.76142473118279
472.29054659498206
526.013664874552
254.4765531660693
11.340352449223417
5.815785543612612
4.146132019120379
2.863575268821692
3.1056227598611184
2.068884408606638
0.3997162485110588
4.487753882915173e-12
98.565188172043
384.55906511350054
429.3279569892473
157.40292712066903
48.67618727598566
20.75014934289128
4.146132019120379
2.863575268821692
3.1056227598611184
2.068884408606638
0.3997162485110588
4.487753882915173e-12
4.487753882915173e-12
436.0812425328554
353.91017025089604
132.76396356033453
17.687238649940262
5.815785543612612
4.146132019120379
2.863575268821692
3.1056227598611184
2.068884408606638
0.3997162485110588
10.080458482676223
57.49738649940263
328.55361409796893
259.8241487455197
161.8817204301075
15.820863201911589
8.429289874551971
4.146132019120379
2.863575268821692
3.1056227598611184
2.068884408606638
0.3997162485110588
4.487753882915173e-12
198.254554958184
426.37432795698925
652.2393966547191
183.5383064516129
54.278113799283155
7.309221923536438
4.146132019120379
2.863575268821692
3.1056227598611184
2.068884408606638
0.3997162485110588
4.487753882915173e-12
163.15710872162484
474.14725209080046
364.7405167264038
84.60125448028674
14.32709826762246
5.815785543612612
4.146132019120379
3.236932497013142
3.1056227598611184
2.068884408606638
0.3997162485110588
4.487753882915173e-12
49.28270609318996
252.76433691756273
206.4340651135006
327.28307945041814
27.021505376344088
22.243466248506568
4.146132019120379
2.863575268821692
3.1056227598611184
2.068884408606638
0.3997162485110588
4.487753882915173e-12
187.42420848267622
526.4183841099164
414.39516129032256
90.57160991636799
33.74182347670251
12.909647550776583
4.146132019120379
2.863575268821692
3.1056227598611184
2.068884408606638
0.3997162485110588
4.487753882915173e-12
113.50283751493428
320.7153524492234
306.4956690561529
90.57160991636799
64.35595878136199
