5.815785543612612
4.146132019120379
2.863575268821692
3.1056227598611184
2.068884408606638
0.3997162485110588
4.487753882915173e-12
118.72983870967742
486.4964157706094
377.8057795698925
18.14142771804511
33.74182347670251
5.815785543612612
4.146132019120379
2.863575268821692
8.706167861409796
2.068884408606638
0.3997162485110588
4.487753882915173e-12
159.04980585424133
340.127688172043
360.257243130227
18.14142771804511
64.73192951015531
9.175989396654721
14.600171744324971
2.863575268821692
3.1056227598611184
2.068884408606638
7.120034348864994
4.487753882915173e-12
85.87141577060933
352.44922341696537
161.63530465949822
18.14142771804511
34.48846326164874
5.815785543612612
4.146132019120379
2.863575268821692
3.1056227598611184
2.068884408606638
0.3997162485110588
4.487753882915173e-12
246.41763739545996
399.4922341696535
515.9658751493429
195.48797789725208
60.62473864994026
27.09692353643966
4.146132019120379
2.863575268821692
3.1056227598611184
2.068884408606638
0.3997162485110588
4.487753882915173e-12
115.74223416965353
562.6680107526881
644.7573178016727
298.53233273596175
65.10416666666667
30.457549283154123
4.146132019120379
2.863575268821692
4.599059139784946
3.562320788530465
0.3997162485110588
19.414725209080046
114.2461917562724
529.7823327359617
419.62178912783753
338.4808094384707
65.47565710872162
5.815785543612612
4.146132019120379
3.236932497013142
3.1056227598611184
2.068884408606638
13.840800477897252
4.487753882915173e-12
148.96766726403823
229.98842592592592
374.81854838709677
18.14142771804511
7.606780167268525
5.815785543612612
9.37314814814815
9.210797491039427
3.1056227598611184
2.068884408606638
0.3997162485110588
4.487753882915173e-12
187.80055256869773
428.988201911589
396.8458781362007
152.55227001194743
18.434326463560335
15.149604241338112
8.253072729988052
2.863575268821692
3.1056227598611184
10.282967443249701
10.480174731182796
4.487753882915173e-12
270.30839307048984
550.3173536439665
490.2053464755078
18.14142771804511
26.647961469534046
10.296158154121864
4.146132019120379
2.863575268821692
3.1056227598611184
2.068884408606638
8.613799283154123
32.482265531660694
69.44257765830346
348.713784348865
277.7494026284349
216.3959826762246
7.606780167268525
19.256869772998808
4.146132019120379
2.863575268821692
3.1056227598611184
2.068884408606638
0.3997162485110588
4.487753882915173e-12
159.04980585424133
396.5046296296296
368.09961170848266
121.93361708482676
7.606780167268525
12.909647550776583
4.146132019120379
2.863575268821692
3.1056227598611184
2.068884408606638
0.3997162485110588
4.487753882915173e-12
151.58340800477896
366.2623207885305
479.36342592592604
133.88366188769413
40.462141577060926
5.815785543612612
4.146132019120379
5.477079599761052
3.1056227598611184
2.068884408606638
0.3997162485110588
4.487753882915173e-12
157.93010752688173
353.568921744325
411.0356929510156
211.1689814814815
45.68914277180406
12.163007765830345
9.37314814814815
2.863575268821692
3.1056227598611184
2.068884408606638
5.626732377538829
4.487753882915173e-12
92.21848864994027
358.7959229390681
418.5024641577061
123.80114994026285
7.606780167268525
16.269825268817204
4.146132019120379
2.863575268821692
3.1056227598611184
18.496565113500598
21.307758363201913
2.240135902031063
79.89658004778973
223.26538231780168
364.7405167264038
161.51022998805257
44.19586320191159
37.177830047789726
14.973678315412187
11.824298088410991
3.1056227598611184
2.068884408606638
8.613799283154123
4.487753882915173e-12
192.65158303464753
455.86805555555554
520.7892771804061
175.32370071684588
47.18245967741935
18.88332586618877
4.146132019120379
2.863575268821692
3.1056227598611184
2.068884408606638
3.0132205794504183
4.487753882915173e-12
99.31302270011948
347.22222222222223
225.85088112305854
198.47110215053766
30.754778972520914
5.815785543612612
4.146132019120379
2.863575268821692
3.1056227598611184
2.068884408606638
0.3997162485110588
4.487753882915173e-12
94.08602150537635
385.30241935483866
479.36342592592604
18.14142771804511
7.606780167268525
9.922726254480285
4.146132019120379
2.863575268821692
3.1056227598611184
2.068884408606638
0.3997162485110588
8.214083034647553
148.96766726403823
388.29039725209077
360.257243130227
101.02561230585424
47.556003584229394
5.815785543612612
17.960312126642773
2.863575268821692
3.1056227598611184
2.068884408606638
0.3997162485110588
4.487753882915173e-12
187.42420848267622
436.0812425328554
411.0356929510156
161.51022998805257
36.728419952210274
