22.072580645161292
19.751978793309437
3.119478046594982
5.745519713261649
4.906970579450419
12.95661589008363
35.81444145758662
91.636798088411
241.9388440860215
218.84296594982078
81.53785842293907
30.745893070489846
21.495221027479094
16.59113649940263
4.696983273596177
3.0612492532855433
2.5009819295101554
17.10748954599761
19.059625149342892
119.24992532855435
242.95288231780162
246.1473267622461
140.45474910394265
73.05070191158902
15.549469832735962
12.865367383512545
2.6559177120669055
6.597782258064516
6.680891577060932
12.184475806451612
42.78076463560334
88.37141577060932
184.02553763440858
166.36462066905617
49.84393667861411
36.588933691756274
21.18996415770609
9.231481481481481
4.6113724611708475
1.7430480884109916
5.7312948028673825
7.973566308243727
38.083109318996414
116.36723416965353
219.2745669056153
290.5365143369176
203.8590203106332
67.26665173237755
36.51415023894862
13.326762246117083
5.19209229390681
3.221706989247312
4.050511499402629
5.2928614097968945
29.73163082437276
105.00336021505379
239.69944743130227
287.6758512544803
209.5669056152927
59.04756571087216
26.100507765830347
12.689777479091996
5.635603345280765
3.2032743428912784
5.8724611708482675
8.723902329749103
65.70041816009558
116.39523596176822
274.71960872162487
258.85790023894856
282.04562425328555
71.04988052568697
25.90886350059737
7.311977299880527
5.646430704898446
1.2021423237753883
4.974462365591398
17.675328554360814
20.850993130227
96.43630525686979
259.6128285543609
265.52867383512546
150.17025089605735
44.276247013142175
32.80107526881721
14.53979988052569
3.2123581242532855
6.675813918757467
3.382063918757467
5.47240890083632
48.153748506571084
70.7810633213859
254.90442054958189
230.087738948626
126.194743130227
27.26179808841099
13.45221027479092
9.743578255675029
9.026172341696537
3.668783602150538
6.246468040621266
31.080383811230586
34.62877090800478
125.28524492234169
202.60603345280765
268.140307646356
149.4608721624851
39.35002240143369
23.055816905615295
9.441569593787335
5.675888590203106
2.977180406212664
6.42544056152927
9.6913082437276
38.35722819593787
73.6753285543608
173.4744623655914
151.73909796893668
100.49768518518519
33.04678166069295
25.835834826762245
11.267958482676224
6.5676896654719235
10.730361409796894
2.5150425627240143
9.478494623655914
32.89135304659498
75.51896654719235
189.40561529271207
201.95004480286738
114.3290770609319
35.08740292712067
25.720691457586618
8.260080645161292
5.393667861409797
4.824219683393071
2.906279868578256
5.982004181600956
27.909796893667856
89.62888291517324
232.2513440860215
229.93391577060933
101.17084826762246
35.22841995221027
16.48155615292712
7.07261798088411
9.874514635603344
4.458714157706092
5.123357228195937
6.154047192353644
38.06492682198327
96.39486260454004
154.30443548387098
205.73514038231775
71.64239844683392
42.37417861409797
26.157930107526877
9.407295400238949
4.637163978494623
3.5172453703703703
3.566633064516129
7.510005973715653
39.935857228195935
91.07377538829152
203.98148148148144
190.55182198327358
92.3439366786141
39.947169952210274
29.29510155316607
5.742943548387098
6.938396057347671
1.8849753584229392
5.210872162485066
6.9252165471923535
15.35024641577061
86.07750896057348
157.22744922341698
205.8109318996416
83.46848864994027
41.73405764635603
28.072244623655912
6.2102001194743135
5.354876045400239
3.1308318399044204
1.3098977001194743
6.103905316606929
39.231257467144566
147.0400238948626
236.04353345280765
210.16203703703704
152.0041816009558
45.335274790919954
29.082175925925927
12.916330645161288
6.975358422939068
2.533807497013142
3.6497423835125455
5.084117383512544
21.997647849462364
83.97065412186379
167.22110215053763
108.66375448028674
99.6781660692951
47.10573476702509
32.42353643966547
18.33986708482676
2.7348155615292713
1.9062798685782554
4.021729390681004
12.901433691756273
25.5201986260454
56.578554360812426
176.98290023894862
189.466472520908
104.86783154121866
26.131720430107528
7.337402927120669
9.492010155316608
5.25739247311828
2.656324671445639
3.809550477897252
6.860775089605735
9.500597371565114
77.03517025089607
142.43988948626045
144.48066009557948
47.97677718040621
34.337216248506564
25.321385902031057
8.150537634408602
5.728793309438471
3.8400425627240136
6.8795549581839905
7.954599761051374
39.18014486260454
62.38463261648746
229.2868876941458
204.38582735961768
95.38157108721624
36.27520161290322
