280.81340800477903
299.6800869922342
135.45947875597372
158.65132728494626
127.39019153225806
130.10235129181603
773.0946662186382
2392.977408154122
4208.190628733573
3926.8588896356014
2009.8335050776593
977.0538306451613
286.72022476105127
263.5425933393069
181.25756720430113
92.77619250298687
131.40627770310635
160.03578815710875
505.5417980884111
2913.397998805258
6214.1856593488665
4894.8300253882935
3279.7137992831535
860.5339684139783
634.6233113052568
253.5599742383512
286.78351590501796
221.0872722520908
67.52822513440861
136.68184550477898
437.46336581541226
2982.2916181302285
6151.5761312724
4649.6612940561545
2414.846501642772
1178.8560857228194
606.9286040173239
226.70711954898442
105.04819743130227
141.43841379181598
160.0486414650538
155.71217891278374
600.7899615442051
3028.7671408303463
5602.052255077658
4697.134337664279
2837.100616039425
600.8623375896058
433.5171311230584
274.14861969832725
115.34237152777779
111.26013929958181
105.44972603046592
56.37528871714456
1124.0435409199522
2671.198275089606
7095.873151881722
6035.879024790919
2775.5686977299883
998.0556600955796
412.4642921146952
209.20356369474314
127.32053867980885
126.55406332138587
133.0366816009558
279.3386995967741
850.0009673685782
2613.854372013143
7434.524089008361
5297.526915322582
2614.7917973416975
645.639568025687
415.34561566606953
206.0165934886499
328.04895870669054
173.97316662933093
224.78717166965353
210.0586473267622
523.587903972521
2754.8624141278374
8112.268458781361
4956.101459826761
2528.8509856630826
793.2299932795698
227.25971288829152
272.8103349014336
129.15262989097968
107.21952255077657
153.0503030167264
165.90464008363205
766.9652281212664
2353.1241450119473
6475.925929659498
4654.169425776581
3443.837346923538
793.0562078106332
487.1263519265233
275.38930630227003
121.84164400388285
138.01059445937875
81.34439407855433
166.96150649641572
681.4569410842294
4998.467581391874
7254.120123954603
4731.079973118279
1531.2910618279575
684.3864964157707
410.9327968189964
264.5456111857826
116.94872983870965
263.1154894713262
147.92455981182795
287.09587888291514
441.30920362903225
2263.862163978494
4923.43584602748
2862.0894489247316
1929.840117234169
649.7722050477896
302.61917189366784
433.7551639038232
157.52468824671445
172.30445097819594
102.36964419056156
168.16071087216244
549.9167921146956
1995.661152180406
6759.872043010752
4100.120538381123
1383.566446385902
832.6166606929509
246.7450548835125
226.36261275388293
174.94286663679804
153.26373495370373
92.12988287783752
191.6660790023895
700.0676000597371
2591.687862156511
4514.910200119474
4873.207291666666
3928.8338560334514
928.5213672341692
236.15776060334528
190.54951650238945
151.99079151732377
120.18976366487453
130.66283579749103
266.8646591248506
328.8909162186379
3098.1083071983276
6836.795777329745
5072.445153823177
1800.9642025089609
730.1928838112304
602.228789202509
199.97647849462368
125.84936073775387
116.78460704151732
70.33228804510155
134.16162970430113
653.334244698327
3255.859038978494
7281.865464456392
5934.4836880227
3192.5081018518513
895.1668634259256
432.3592943548386
371.4277654569892
178.13432347670246
196.2302146804062
125.52150298685784
294.3644724462365
642.374857750896
4020.4296744324984
8823.134501941458
6216.49430630227
3508.6063620071686
1053.7179883512545
483.5695247162486
355.77341173835123
154.03001120071687
204.3436320191159
98.23695374103943
371.9845949074075
979.581227598566
2559.377990591398
6657.928789575866
4241.906481481482
4304.193899342893
1313.3530279271204
540.0674503434886
287.5179472819594
192.5075485364397
159.55805148596178
117.66289030764636
635.8062701612902
812.0903580495815
4003.466830943845
8706.713351254482
6448.285487604543
3261.5847259557922
1281.5002240143372
459.90175552568707
286.38475134408606
133.46877874850654
205.89445564516134
97.10101191009558
136.1923040247909
403.739030017921
2745.3450978195942
6361.686368727599
6528.6286775686995
2416.4494436977316
862.3157982377539
570.2383654420552
221.03029121863796
180.08367010155314
130.9949885005974
98.26964852150539
197.8667122162484
510.8805305406213
3732.9488500597386
5874.400933393069
5256.267749402628
2245.172476105138
887.2149955197136
782.6240412186377
195.7460842293907
240.01332847968936
179.53081556152924
114.92789728942655
135.80003733572283
563.4309949970129
1772.7237119175627
6045.571124551971
4334.59548237754
2535.4737791218636
1131.317835274791
