6.388590203106332
3.474590427120669
2.553879181600956
4.109468339307049
1.7258064516401148
0.6200007467144564
33.29114396654719
66.8570788530466
88.54540023894863
64.16554659498208
21.41726403823178
9.44108422939068
5.747759856630824
3.506432945041816
2.3887022103020024
2.6172815860215053
1.8404383213859021
5.6668309438470725
37.26291816009558
123.08841099163679
136.32392473118279
74.78755973715651
31.824223416965353
6.345579450445371
4.934192054958184
3.458669354865921
2.5049245818399046
2.5906137993103657
5.176747311827958
3.9184737156511344
28.403897849462364
88.75821385902032
82.49701314217444
47.16285842293907
38.88254181600956
9.44108422939068
5.532034050179211
5.9622162485065715
4.663007765830346
2.5906137993103657
1.7258064516401148
3.8121789127837515
33.32026583034648
81.8847072879331
103.65516726403823
26.02747909199522
19.233124253285542
6.4363276583034645
5.042450716845878
4.858124253285544
2.3887022103020024
2.5906137993103657
2.1540845280764636
2.8999178614097967
95.02314814814815
54.60722819593787
142.648596176822
72.55114994026285
22.939441457586618
12.335722819593787
5.865554062126643
3.7611671146953407
2.3887022103020024
2.5906137993103657
1.7258064516401148
14.340666069295102
59.02777777777778
105.8355734767025
137.9965651135006
98.38747013142175
42.445116487455195
6.345579450445371
6.250858721624851
3.8805630227001187
2.3887022103020024
2.9886499402628433
3.41819743130227
3.5447804659498208
30.377464157706093
85.30465949820788
39.21370967741935
24.563172043010756
33.411364994026286
14.15173237753883
4.962850955794504
3.6238463261648746
2.3887022103020024
2.5906137993103657
1.7258064516401148
12.250238948626045
34.6598715651135
71.80406212664278
119.9260752688172
26.02747909199522
22.804286140979688
10.65710872162485
5.64426523297491
3.458669354865921
2.3887022103020024
2.5906137993103657
1.7258064516401148
9.328718637992832
56.9481780167264
141.7749402628435
156.45534647550775
81.71333632019116
27.59931302270012
7.292898745519712
4.851403823205228
4.194220430107527
2.3887022103020024
2.5906137993103657
1.7258064516401148
17.024357825567503
73.60737753882916
176.77718040621266
224.19354838709677
102.09117383512547
24.744997013142175
11.671146953405017
4.851403823205228
3.458669354865921
2.59487380525687
2.5906137993103657
1.7258064516401148
3.4221326164874553
34.44780465949821
145.15755675029868
103.65516726403823
87.91479988052569
24.7703853046595
7.269003882915172
4.851403823205228
3.458669354865921
2.407806899641577
3.4407855436081243
1.7258064516401148
4.206257467144563
46.33736559139785
128.61783154121864
142.45071684587813
118.31354540023895
22.69937275985663
6.345579450445371
6.204711768219833
3.458669354865921
2.3887022103020024
2.5906137993103657
4.376568100358423
4.22231182795699
59.28539426523297
148.21908602150538
157.1609916367981
68.32101254480287
30.58057048984469
7.132056451612903
8.357190860215054
5.512470131421744
2.423727598566308
2.5906137993103657
3.779607228195938
10.427508960573476
61.12231182795699
119.9260752688172
201.25448028673836
130.86208183990442
29.117756869773
14.274193548387096
5.174204749103943
3.458669354865921
2.3887022103020024
2.5906137993103657
2.2671370967741935
9.722983870967742
50.38829151732377
95.44877538829152
148.1070788530466
128.87582138590204
35.22326762246117
10.4413082437276
4.851403823205228
3.713407258064516
2.3887022103020024
2.5906137993103657
1.7258064516401148
7.520176224611707
6.451986260454002
122.78972520908005
145.13515531660693
42.949522102747906
30.98902329749104
6.345579450445371
4.924641577060932
3.458669354865921
2.3887022103020024
2.5906137993103657
4.814516129032258
8.551762246117084
33.99006869772999
161.9586320191159
163.90008960573476
118.3546146953405
36.467293906810035
6.345579450445371
6.176821983273596
3.458669354865921
2.3887022103020024
2.5906137993103657
2.111111111111111
11.319086021505376
56.9481780167264
133.24746117084825
170.75866188769413
89.52023596176822
23.73058542413381
10.508512544802867
6.463410991636798
3.458669354865921
2.3887022103020024
2.5906137993103657
1.7258064516401148
0.3334229390953121
20.2113201911589
32.011648745519715
73.60737753882916
60.08848566308244
25.393518518518523
10.329674432497011
5.484244324970131
4.132131123058542
2.3887022103020024
2.5906137993103657
1.7258064516401148
0.3334229390953121
48.17801672640382
96.42323775388292
141.81600955794505
89.52023596176822
29.873058542413382
12.62955495818399
