18.136648745519715
4.146132019120379
6.597147550776584
3.1056227598611184
2.068884408606638
0.3997162485110588
4.487753882915173e-12
188.1724163679809
458.83475209080046
505.47715053763443
111.4796146953405
7.606780167268525
12.536103643966547
4.146132019120379
2.863575268821692
3.1056227598611184
2.068884408606638
0.3997162485110588
4.487753882915173e-12
92.21848864994027
276.65994623655916
236.3048835125448
87.21251493428913
21.04786439665472
12.909647550776583
4.146132019120379
2.863575268821692
3.1056227598611184
2.068884408606638
0.3997162485110588
4.487753882915173e-12
23.14799880525687
370.369623655914
246.7588859020311
120.06608422939068
15.447281959378731
10.296158154121864
4.146132019120379
2.863575268821692
3.1056227598611184
2.068884408606638
0.3997162485110588
4.487753882915173e-12
86.24365292712066
347.22222222222223
362.12477598566306
129.40001493428912
15.820863201911589
5.815785543612612
4.146132019120379
2.863575268821692
3.1056227598611184
2.068884408606638
0.3997162485110588
4.487753882915173e-12
123.2086320191159
387.1706989247312
348.6831690561529
177.9394414575866
7.606780167268525
11.042801672640383
4.146132019120379
2.863575268821692
3.1056227598611184
2.068884408606638
0.3997162485110588
4.487753882915173e-12
99.31302270011948
471.18391577060925
496.18316905615285
297.4126344086022
37.10200119474313
13.65628733572282
4.146132019120379
2.863575268821692
3.1056227598611184
2.068884408606638
0.3997162485110588
10.827546296296296
171.74320489844683
448.03726105137395
515.9658751493429
220.49917861409796
49.42286439665472
8.055921445639187
4.146132019120379
2.863575268821692
3.1056227598611184
2.068884408606638
0.3997162485110588
32.482265531660694
188.54428016726405
356.55615292712065
483.834005376344
172.7120669056153
22.541143966547192
16.64333183990442
4.146132019120379
2.863575268821692
3.1056227598611184
2.068884408606638
0.3997162485110588
4.487753882915173e-12
91.84662485065711
210.57160991636798
281.4799880525687
18.14142771804511
7.606780167268525
17.016465053763437
4.146132019120379
2.863575268821692
3.1056227598611184
5.4290882616487455
0.3997162485110588
4.487753882915173e-12
181.82571684587813
526.4183841099164
397.2225955794504
161.51022998805257
60.62473864994026
5.815785543612612
4.146132019120379
2.863575268821692
3.1056227598611184
2.068884408606638
3.386589008363202
4.487753882915173e-12
112.75462962962963
361.4116636798089
385.2721774193548
150.68436379928315
21.04786439665472
5.815785543612612
4.146132019120379
7.717032556750299
3.1056227598611184
2.068884408606638
0.3997162485110588
4.487753882915173e-12
184.43697729988054
513.7604540023895
568.5887096774194
305.25500298685785
21.04786439665472
19.256869772998808
4.146132019120379
2.863575268821692
3.1056227598611184
2.068884408606638
0.3997162485110588
11.947319295101552
139.26149940262843
486.4964157706094
381.913082437276
110.35991636798089
21.42096027479092
5.815785543612612
4.146132019120379
2.863575268821692
3.1056227598611184
2.068884408606638
5.626732377538829
13.44108422939068
288.60513739545996
342.366711469534
391.2473864994026
208.1813769414576
44.19586320191159
12.163007765830345
4.146132019120379
2.863575268821692
3.1056227598611184
2.068884408606638
0.3997162485110588
4.487753882915173e-12
163.52859916367981
308.3934438470729
319.9369026284349
143.9616935483871
7.606780167268525
5.815785543612612
4.146132019120379
2.863575268821692
3.1056227598611184
2.068884408606638
0.3997162485110588
4.487753882915173e-12
132.54293608124254
472.29054659498206
367.3521505376344
18.14142771804511
45.68914277180406
5.815785543612612
4.146132019120379
10.704077060931901
3.1056227598611184
2.068884408606638
0.3997162485110588
13.44108422939068
202.35775089605735
572.3603643966547
485.69071087216247
177.191233572282
45.68914277180406
5.815785543612612
4.146132019120379
2.863575268821692
3.1056227598611184
2.068884408606638
0.3997162485110588
4.487753882915173e-12
166.5162037037037
478.6618876941458
492.06541218637994
246.26232078853047
34.48846326164874
5.815785543612612
4.146132019120379
2.863575268821692
3.1056227598611184
2.4422416367980886
0.3997162485110588
4.487753882915173e-12
135.15419653524492
377.8360215053764
358.76568100358423
184.65763142174433
22.541143966547192
12.536103643966547
4.146132019120379
2.863575268821692
3.1056227598611184
2.068884408606638
0.3997162485110588
4.487753882915173e-12
177.34655017921148
354.68862007168457
288.20340501792117
18.14142771804511
24.034460872162484
