0
0
0
0
0
1.130168185316542
293.8873415164739
596.1357547123981
891.8108688186552
913.4667755419895
117.33834455720456
0
0
0
0
0
0
0
383.9011001448918
624.7450812164432
881.0575401974179
566.8732451627458
332.6529243217059
0
0
0
0
0
0
0
57.392391263679656
568.3985849913096
813.104803605906
466.64494692382624
98.22709989296678
0
0
3.4401782809768378
0
0
0
4.019999783641623
239.253522392418
1132.669633154696
1615.2341338476779
1201.888665754776
105.2301992384964
25.578818953198564
0
0
0
0
0
43.92011976139332
287.6121569083667
800.2705467257948
1019.7352098938072
981.5356983291308
114.18208667607391
0
0
0
0
0
0
0
0
806.8213429649703
721.1438179148611
424.4195111607072
92.78130636658466
0
0
0
0
0
0
74.92532587334975
430.5613765331278
320.794851664174
584.8193600437677
200.68770275787594
43.37842442940024
0
0
0
0
0
26.243744925009437
0
500.66833285709987
1719.5191791036702
1781.3262012470325
1010.9317077090909
253.68346603626776
21.178775038373765
0
0
0
0
0
70.41584743469043
403.40805853455237
1128.9570537251702
1367.6586541847569
1123.9862289600467
35.47660070944235
0
0
0
0
0
0
0
600.6147501711932
839.7082900804381
1930.7886193831475
705.8584490589609
47.550869133428094
0
0
0
0
0
4.142542236422404
24.736196117885875
426.53560252228726
1560.1049200397529
1902.637583228397
1029.7414707880494
96.8991975973392
0
0
0
0
0
0
101.23985074514201
393.9505066276915
594.032653147836
877.0692252752827
440.1015331787208
141.02518035454284
0
0
0
0
0
0
17.385165979877613
142.61522464554986
1254.3541888272798
1364.0146420388533
574.3947078088423
37.31307643475198
0
0
0
0
0
0
91.18631015969024
683.1835073343988
1402.233439569178
1402.393867077957
370.5896733509213
276.5014504186442
24.442716692186167
0
0
0
0
0
0
604.7787784368812
1798.6203723987935
1909.9064173585843
619.4156991954786
99.49302139236949
0
0
0
0
0
0
32.79482798022531
491.0029457021541
200.7503739327908
1078.1963169124472
386.88280648882653
0
0
0
0
0
0
0
92.98096124831251
597.5088319758149
1074.7687647746488
1906.6775147560718
1116.7985689507418
168.44232722543845
0
0
0
0
0
0
0
439.6311486989631
1288.216238337764
1726.1916654096165
944.7395134480363
92.43793452263539
0
0
0
0
0
0
0
259.8737268700751
572.4329077879123
751.991626256638
185.28644678748668
18.99714572204863
0
0
0
0
0
0
0
299.96335493196875
923.5829847011378
947.1524489251402
458.2895764102136
0
0
