2225.9572954002388
1656.8607788231784
1469.767439516129
1398.9513963560335
1292.38186155914
1642.7746662186387
1934.3675851254477
2491.1331951911584
3285.4055779569894
3115.8359468339313
3519.6927270011925
2428.7375672043013
1845.2266614396663
1661.2626194743123
1122.9893518518518
1050.426366487455
1047.511514336917
1516.1383437873355
1799.7730548088407
2536.780648894863
3607.2792040023896
3824.9844683393085
3448.818511051374
2392.3345654121863
1949.8505712365595
1228.8694407108726
741.1212477598567
770.5522625448026
964.6653001792116
989.2620071684585
1625.7988351254487
2277.1125896057342
2943.940374850656
3372.774417562725
2809.2883811230595
1945.0731406810044
1492.1962477598565
1053.802456690561
562.7452135603348
514.5647774790918
782.8978009259259
1216.050115740741
1567.1012358124253
2424.146064814815
3158.0798611111113
3553.3713037634416
3120.1199223416975
2108.3475209080048
1646.8008512544802
837.5237193847074
613.1023110812425
543.4277927120669
612.628311678614
1168.152199074074
1565.8149230884112
2195.779913381123
2751.229812574671
2956.8231780167266
2085.9324783452803
1845.160730286738
1043.9760155316606
938.6552755376348
555.497722520908
770.28771281362
637.4647561977297
835.26733833632
1447.1035356929513
1987.3899865591397
3120.1882840501794
3685.8899716248497
3364.121191756272
2093.684777105735
1149.8722408900837
927.9090539127835
812.404883512545
775.0140979689365
877.1787933094384
1130.233851553166
1616.92110588411
2419.151769713262
3258.9114919354847
3561.5048536439667
3001.9028449820785
2261.8410580943855
1526.765557795699
1546.3242682198318
993.4662933094385
1089.304151732378
1118.909087514934
1592.1778412485062
2239.5854166666672
2152.5261163381115
3329.2132803166064
3143.0321087216253
2768.4617682198323
2031.899940262843
1717.6146505376341
1547.1446871266428
1026.5449932795698
1207.612354390681
1305.330118727599
1693.0479316009557
2057.384554211469
2563.0770870669044
3537.349163679809
3821.1100657108723
3891.2931974313024
2801.8411738351256
2111.6036999701305
2441.303128733572
1620.2333520011948
1584.421863799283
1656.782433542414
2095.379170400239
2708.7601926523303
3386.696863799283
4556.610327060932
4875.597408900836
4953.851777180405
3360.6096923536447
2681.696161887694
2438.4211992234173
1957.426907855437
2109.7286140979695
1651.2641517323764
1714.6031208930713
2388.8144265232977
3261.923066009558
4118.142928614098
4792.921482974911
4635.0944593787335
3350.089307048985
2688.280589157706
2445.2634259259257
1718.9453255675041
1590.3589717741938
1745.5267469384714
1922.396351553167
2233.093384109916
2980.8087029569883
3800.3275537634418
4090.0023148148143
4274.329226403823
2804.478203405018
2385.3045101553157
2094.0886910095587
1439.5384147252084
1610.9358534946232
1541.881453106332
1722.5648521505366
1953.9311417264046
2793.3997349163687
3450.7632093787342
4298.3573775388295
4226.6928763440865
2662.292413381123
1948.68458781362
1465.4490964755073
1033.2388739545997
1095.6819978345277
1324.0367454450416
1579.7817428315411
1805.1894377240137
2841.859785692951
3481.2519825268823
3613.9147998805265
3777.2499253285546
2525.116151433692
2012.9980585424144
2120.4240666069295
1199.6726142473115
1112.7191644265229
1032.881911215651
1935.2176112604536
2266.50204599761
2818.3367682198327
3616.166816009558
4124.494810334529
3750.353905316608
2545.3157855436084
1776.173648446834
1252.2598640979695
984.4804510155315
885.2063806750293
859.6391539725213
1258.7502352150539
1684.8123842592588
2310.942614994027
3357.6997237156506
4059.8236260453996
3322.880645161292
2438.049731182795
1976.429838709678
1324.7086954898448
1033.7590501792115
1055.2357302867385
806.3114620669053
1414.35877016129
1818.1963000298686
2585.5350657108725
3711.364508661889
4299.100358422938
4153.389710274791
2803.5504778972527
1398.6110663082443
1151.0702060931903
1026.1212402927117
1130.418604390681
973.8822095280768
1385.7330757168459
2087.745086618877
2701.0574708781364
4019.935200119473
4498.635827359619
4580.505040322583
2690.16035692951
1861.9739770011952
1134.8101217144565
999.2362753882917
979.7282556750304
962.2622349163678
1514.7509221923533
1863.320732526882
2741.372688918757
3834.1050627240165
4336.250746714456
4241.862007168457
2715.0165397252094
1933.001792114695
1585.4235439068098
1109.3566681600953
1378.8893929211465
1269.6732392473123
1575.3933766427717
2196.664008363201
2680.5612193847073
4470.9834640083645
4663.7317801672625
3805.307127389487
2937.9559811827953
