5.815785543612612
4.146132019120379
2.863575268821692
3.1056227598611184
2.068884408606638
0.3997162485110588
4.487753882915173e-12
85.87141577060933
323.3266129032258
288.20340501792117
40.91629330943848
19.927643369175627
5.815785543612612
7.133004778972523
2.863575268821692
3.1056227598611184
2.068884408606638
0.3997162485110588
5.227016129032258
139.26149940262843
504.4224163679809
323.66823476702507
286.2104241338112
77.0493578255675
13.65628733572282
4.146132019120379
2.863575268821692
3.1056227598611184
2.068884408606638
0.3997162485110588
4.853457287933094
188.1724163679809
387.1706989247312
422.9812574671446
71.15938620071685
21.794504181600953
5.815785543612612
4.146132019120379
7.343947879330944
3.1056227598611184
2.068884408606638
2.266524790919952
4.487753882915173e-12
49.28270609318996
236.33512544802866
389.3794802867383
97.29465352449223
38.59528076463561
5.815785543612612
4.146132019120379
2.863575268821692
3.1056227598611184
2.068884408606638
0.3997162485110588
4.487753882915173e-12
93.33818697729988
385.30241935483866
406.9287634408603
132.76396356033453
17.31414277180406
5.815785543612612
4.146132019120379
2.863575268821692
3.1056227598611184
2.068884408606638
0.3997162485110588
4.487753882915173e-12
98.565188172043
456.22461170848266
219.50418160095583
270.90576463560336
37.10200119474313
11.042801672640383
4.146132019120379
2.863575268821692
3.1056227598611184
2.068884408606638
0.3997162485110588
4.480372610513739
193.02755376344086
510.39650537634407
521.9399641577061
157.40292712066903
44.19586320191159
5.815785543612612
4.146132019120379
2.863575268821692
3.1056227598611184
2.068884408606638
0.3997162485110588
4.487753882915173e-12
226.62933094384704
542.8800776583034
436.4224910394265
232.44885005973717
34.862044504181604
14.029868578255678
7.133004778972523
2.863575268821692
3.1056227598611184
2.068884408606638
0.3997162485110588
4.487753882915173e-12
129.1838410991637
518.9848416965352
438.66338112305857
257.4641577060932
22.541143966547192
5.815785543612612
4.146132019120379
3.983643219832736
3.1056227598611184
2.068884408606638
0.3997162485110588
32.85536140979689
109.01919056152927
283.75
308.73506571087216
163.37776284348865
18.434326463560335
15.523148148148149
4.146132019120379
2.863575268821692
3.1056227598611184
2.068884408606638
0.3997162485110588
20.90804211469534
8.214083034647553
329.3014486260454
319.9369026284349
152.55227001194743
17.31414277180406
5.815785543612612
4.146132019120379
2.863575268821692
3.1056227598611184
2.068884408606638
0.3997162485110588
4.487753882915173e-12
134.4108422939068
355.80869175627237
257.96109617682197
198.47110215053766
34.11495669056153
13.65628733572282
4.146132019120379
2.863575268821692
3.1056227598611184
2.068884408606638
0.3997162485110588
3.360203853046596
79.89658004778973
272.9241338112306
367.3521505376344
206.3138440860215
7.606780167268525
8.055921445639187
4.146132019120379
6.597147550776584
3.1056227598611184
2.068884408606638
0.3997162485110588
4.487753882915173e-12
48.16285842293906
279.27120669056154
140.7272998805257
176.07153524492233
12.833796296296295
9.175989396654721
4.146132019120379
2.863575268821692
3.1056227598611184
2.068884408606638
0.3997162485110588
3.360203853046596
256.49529569892474
480.52195340501794
105.62948028673836
91.31981780167264
17.31414277180406
12.536103643966547
7.133004778972523
2.863575268821692
3.1056227598611184
2.068884408606638
0.3997162485110588
4.487753882915173e-12
60.10827359617682
331.1693548387097
418.5024641577061
21.875
20.674320489844682
12.909647550776583
4.146132019120379
3.983643219832736
3.1056227598611184
2.068884408606638
1.8931526284348865
4.487753882915173e-12
134.4108422939068
283.75
354.28651433691755
154.79166666666666
9.8469160692951
15.149604241338112
4.146132019120379
2.863575268821692
3.1056227598611184
2.068884408606638
0.3997162485110588
4.487753882915173e-12
207.9607228195938
571.2514934289128
166.11409796893668
99.53405017921146
38.59528076463561
5.815785543612612
4.146132019120379
2.863575268821692
3.1056227598611184
2.068884408606638
0.3997162485110588
6.347222222222222
85.87141577060933
329.6733124253286
97.41487455197132
18.14142771804511
19.927643369175627
5.815785543612612
4.146132019120379
2.863575268821692
3.1056227598611184
2.068884408606638
0.3997162485110588
15.68100358422939
69.44257765830346
352.8210872162485
355.77844982078847
87.9603494623656
18.06081989247312
