499.9927826314217
213.37769899940267
180.43924805854243
148.12689941756267
61.047706727897236
129.55584901433693
249.51887096774198
2611.433101851852
6013.278901583034
4391.999876792114
2158.8092368578273
858.7237081839908
293.2927221475509
179.5780178464755
147.99493690262844
93.47865651135005
69.39941685334527
240.04885192652335
504.1444937275987
1820.3037186379925
5036.662850955794
3952.065673536438
2597.8707698626044
837.899880525687
422.4933583482677
241.36444295101552
92.96958945639187
64.38483897102748
109.45961581541223
141.48647849462367
564.9291121565113
1708.3721736857826
2828.7831242532857
3397.971505376345
1005.0385603345277
354.63864097968934
295.20932011648745
271.82867159498215
99.94436383661885
126.95366812275988
112.14301485961767
173.93412970430109
746.51148708184
2853.138295250896
6283.203072729986
4613.389896953404
2489.0757205794503
864.1467260304656
442.77745295698935
261.7305555555555
112.46200548835128
125.52257978643966
104.60839090501794
212.4313340053763
574.7765195639187
3029.3054808841102
6799.040643667863
4639.584345131422
1898.061081242533
787.366199223417
495.2933617084827
230.52650948327354
132.8326993727599
97.12246001344086
132.09247819593787
309.78094571385896
536.8730029121862
2428.189314516129
5905.913392323775
4701.658348267624
1476.134423536439
837.8224245818399
248.7445818399045
279.225351702509
102.7934718862007
118.57685831093193
80.75050574970133
133.072320041816
584.7117824074076
1636.6940225507765
5255.301650238948
2972.4423835125444
1370.6196647252095
543.7545049283153
322.85849985065704
180.162542562724
267.0848323626045
127.60996113351256
470.4111562873355
248.88282892771804
652.6642054958187
4000.9713896356043
7098.4601963859
5326.70809811828
2778.2208968040627
1227.711170848267
325.92900910991625
238.08566718936677
141.7224932795699
135.02459845430104
132.57807982377543
197.78115516726402
600.5231944444445
2647.6540098566306
5939.0167152031045
4565.168895609319
1882.3636312724
1036.7714232377537
429.1943104091996
337.439618428913
382.31755040322594
141.35434513142178
67.64264004629628
112.83972334229392
585.0243227299881
2019.484737156511
4378.579876045401
3672.331522550776
1302.3649454898448
526.4958464008363
393.2436566606929
216.7629409348865
230.65030391278378
151.8200375224014
156.26534427270016
164.01765419653526
549.1444754330945
3124.1625149342894
6921.3716061827945
4917.070344235364
2641.7061753285557
864.7454618428909
542.5751706242534
416.925790397252
153.83409236857827
164.57666830943847
131.49234505675025
226.32168122759862
1421.7238239247313
3712.2590165770616
7172.281488948626
5836.025630973717
2805.856137992832
936.6649865591394
573.6386958632021
377.9128229540024
225.3633639486261
188.3736972072879
171.61576795848268
348.79198700716836
1010.6759259259261
3854.280712365593
7796.718092891283
6495.172849462366
2778.125440561528
989.2858870967739
772.2624701314219
516.6962406660692
161.57798103345277
160.62755507019114
182.9675868055556
134.74461674880524
501.5848913530466
3167.1402628434885
7281.631418010751
5688.510573476702
2242.620538381123
824.9629181600956
432.2666483721625
119.09298136947434
135.00805406212666
139.17472782258062
96.34078050328553
169.95382653823177
647.1293944145759
2721.1671482974916
6392.097573178016
4195.634255525689
2010.3653337813628
857.212703106332
499.79743540919964
263.1196468040621
156.96021132019118
129.20236226851847
127.3538509184588
171.5664109169653
755.7852949522105
2934.5000410692955
6182.822744922341
4222.096370967743
2396.3693660394265
908.760696684588
434.63853755973713
241.03978046594972
147.00820713859025
116.53319227897256
131.577701239546
129.48031660692953
732.7893492383515
2844.484027777777
6545.623678315412
4736.48327732975
3680.736921296297
1309.884669952211
397.30227411887694
257.0120198626045
194.48764710274781
134.62975608572282
132.29429021057348
170.34118727598567
637.3274148745519
2358.1748618578245
6326.126904121862
4561.102527628434
2374.4616039426533
814.3935002240144
564.6624839456392
261.2485327060931
136.87645609318997
137.9705402479092
150.91313433393069
431.27090613799294
668.3333191457585
2717.8044056152926
6197.613709677418
4305.712570937872
3658.8672043010765
937.0842107228196
566.7248678315414
207.26355958781363
118.18475123207885
162.84496008811226
98.41631421744324
127.21460976702511
658.3385685483871
2489.9145049283143
5869.093693996417
4595.944280167263
1674.9608273596177
746.3056817502987
