0.0
0.0
0.0
0.0
3.733557347670251
0.3733557347670251
0.0
29.12205047789725
123.20687724014337
138.1439292114695
56.37828554360812
0.0
0.0
6.7206541218638005
0.0
0.7467278972520908
0.0
0.0
0.0
38.08262395459976
114.99309289127838
105.28573028673836
126.56851105137396
11.947565710872162
1.1200899790919951
0.0
0.0
0.0
0.0
0.0
0.0
19.041304510155317
82.88620071684589
134.408527479092
86.99085274790922
1.1200899790919951
0.3733557347670251
0.0
0.0
1.1200899790919951
0.0
0.0
0.7467278972520908
14.93414351851852
96.32515681003584
106.77968189964157
43.682310334528076
0.0
0.0
0.0
0.0
0.0
0.0
0.0
0.0
21.281257467144563
106.03251941457587
96.32515681003584
61.97681451612903
0.0
0.0
0.0
5.226911589008363
0.0
0.0
0.0
0.0
26.881705495818398
186.30424880525686
110.88847819593788
37.70911738351254
0.0
0.0
0.0
0.0
0.0
0.0
0.0
0.0
34.34897700119474
106.77968189964157
72.80510752688173
32.1086096176822
0.0
0.0
0.0
0.0
0.0
0.0
0.0
0.0
35.09561678614098
120.2227822580645
123.20687724014337
96.32515681003584
13.814392921146954
0.0
0.0
0.0
0.0
0.0
0.0
8.960569743130227
25.014878285543606
114.99309289127838
125.44795400238948
50.775164277180416
1.493414351851852
0.0
0.0
0.7467278972520908
0.0
0.0
7.840404719235366
0.3733557347670251
42.93514784946237
106.03251941457587
91.84677419354838
17.921139486260454
0.0
0.3733557347670251
0.0
0.0
0.0
0.0
0.0
0.0
60.109132317801674
125.44795400238948
135.15568996415772
54.8839605734767
1.8667764336917563
0.0
0.0
0.0
0.0
0.0
0.0
0.0
29.12205047789725
160.16969086021504
104.91196236559139
71.3111559139785
0.0
0.0
0.0
0.0
0.0
0.0
0.0
0.0
50.775164277180416
163.53132467144565
170.25082138590204
145.98394563918757
13.814392921146954
16.427848715651137
0.0
0.0
0.0
0.0
0.0
0.0
34.72207287933094
151.20911738351253
159.7959229390681
107.52684438470726
20.908131720430106
0.0
0.0
0.0
0.0
0.0
0.0
0.0
34.72207287933094
121.33919504181601
98.5662709080048
38.08262395459976
8.960569743130227
8.587029569892474
0.0
0.0
0.0
0.0
0.0
0.0
77.65688470728793
190.0396505376344
205.71931003584228
107.52684438470726
13.440852747909199
0.0
0.0
0.0
0.0
0.0
0.0
0.0
40.69593787335723
122.45971475507764
155.6913082437276
210.5752688172043
29.12205047789725
0.0
0.0
0.0
0.0
0.0
0.0
0.0
18.667764336917564
118.72849462365589
126.94190561529271
48.53823178016727
18.667764336917564
0.3733557347670251
0.0
0.0
0.0
0.0
2.9868690262843485
0.0
91.84677419354838
126.1951164874552
141.50141875746715
159.7959229390681
26.508169056152923
2.6135043309438473
0.0
0.0
1.1200899790919951
0.0
0.0
0.0
27.62833408004779
111.63560334528077
134.78192204301072
90.7262171445639
9.707194593787337
