347.71998431899635
204.34494100955794
120.31179980585425
114.6216918682796
148.18546781660694
174.3604439217444
1090.1478233273592
3738.1751642771796
6619.456817502988
5628.340785543609
3170.943794802867
1498.3786252986856
485.1565251642773
245.4171326164875
156.0856899641577
84.80291696535245
174.69896505376346
107.83647203554361
641.8231123058538
1598.2897065412187
5868.471953405017
3398.0838896356026
2435.8898222819603
638.7118753733571
243.73035580943846
262.4574828255674
357.92832101254487
159.41962205047793
114.20733908303467
122.35406649492236
786.2818581989249
3117.2045624253287
6697.091614396655
5100.436674880526
1842.6517323775388
857.0533490143371
400.20370034348866
160.0879140531661
144.3833019713262
112.994076239546
199.02523484169654
166.94348043608122
419.99526022998805
3652.154110663083
6413.112395459975
5858.508841099159
2094.463478195938
1659.5701276881728
351.78000448028683
226.71472147550782
102.03981586021506
137.96268283303468
118.96827826314217
225.15100321087212
864.9442544056154
2580.4737641875736
6211.598581242532
5052.9326948924745
1104.622968936679
734.5372155017919
446.3315688470729
273.7610394265233
172.01871042413384
119.19113705943847
167.62265636200718
154.89902329749103
801.1095571983276
1948.6602038530466
3722.1015643667874
3598.436335125448
2150.6021318697744
673.0228065262844
297.9029297341697
222.5185480137396
80.97492054958184
123.8487274492234
369.68702284946244
205.6548491636798
531.0639620669056
2531.4065897550768
6369.744698327359
5364.887948028674
1487.7174059139788
1133.967517921147
450.1260050776583
332.858689516129
173.38620333034646
126.37020669056153
128.26667420848264
360.52653524492246
427.03142249103945
1935.7434363799284
4076.364430256868
3797.5774678912776
2526.5512395459973
799.7808366935485
202.80617346176825
341.77355772102754
88.12526583034645
153.27626747311825
268.3035984169653
173.43598454301076
968.9397588112312
2516.6149678912784
6850.837847222224
5116.249324223416
2649.8685371863808
1022.8586992234171
280.1505163530468
340.65673984468333
142.35047752389485
121.29542264038231
78.53676482228198
216.18635827359617
568.9208531212663
1936.9469123357235
5430.559696087216
4651.444276433691
3564.535734020309
697.1018104091995
456.10417712066885
331.240646281362
175.98201687574672
185.13336951164868
107.68318119026289
172.6950235215053
413.8946389635604
2257.8855137395462
5698.406462813622
3671.2167264038217
1501.5698999402634
635.5926067801673
540.1236641278375
218.20327247610518
192.7154487753882
156.7946628957587
149.5658492010155
159.42773036140983
570.7927710573475
2649.5398857526884
4871.223073476703
4495.443436379926
1691.524204749104
845.8150698178018
581.633166069295
201.19444295101562
213.96204823775383
131.72803345280764
158.06726523297485
164.4177206541219
495.1380637694146
2388.0138814217444
5460.369616188768
4674.895396505376
1549.4818175029868
808.836716323178
207.759301448626
217.29941046893668
153.95531810035843
134.00284692353642
91.49846650985664
145.26642883811235
429.7954293608124
3006.154304808842
5942.535909498208
5129.46587141577
3100.498107078852
746.4464516129029
345.52966957885303
236.85949447431307
158.35350082138592
152.10152378285545
252.61384408602146
460.3954364545997
1112.002662037037
3960.469433243727
8303.427606033454
5461.972939068101
3300.3323028673844
766.1360353195937
323.81428166069287
248.68288493130228
116.35500112007166
168.994128621565
128.0019407108722
124.57327591099165
673.5712884557947
3097.626933990442
6885.363515531661
4048.8976366487454
1593.313698476702
838.8309475806452
725.0914751344087
264.84984020310634
193.92469870071685
183.80557945041815
90.52274809587814
228.18794280167265
785.8057250597373
3390.719713261648
6369.913470728796
4848.681242532855
2151.7710648148154
847.9780488351256
467.5852904719237
354.76773932198324
305.410756048387
173.0884736409797
120.29749260752688
154.4649092741935
407.0140374850656
2176.119119623655
5160.758628285543
4755.235890830347
1593.2295026881718
760.0706171594982
383.5996561379929
250.7397379032258
176.51010491338116
156.3270045549581
67.5306009557945
133.40314900686977
611.1089124103945
2120.3761499402613
4682.321165621266
3070.5823738052554
1290.1185446535246
454.72831055854243
306.97250149342887
374.1867775537635
259.56977747909207
135.92490822879333
187.12004928315415
501.6864340651136
792.678162335723
1962.0828106332142
5938.604805107528
2906.1121826463554
1380.7407743428917
750.8501067801676
