5.815785543612612
4.146132019120379
2.863575268821692
3.1056227598611184
2.068884408606638
0.773073476702509
4.106940710872162
163.15710872162484
360.66345579450416
397.2225955794504
159.27045997610517
20.674320489844682
6.935853494623656
4.146132019120379
2.863575268821692
3.1056227598611184
2.068884408606638
0.3997162485110588
4.487753882915173e-12
67.95101553166069
347.22222222222223
234.06548685782556
33.44892473118279
7.606780167268525
5.815785543612612
4.146132019120379
2.863575268821692
3.1056227598611184
2.068884408606638
0.3997162485110588
15.68100358422939
91.84662485065711
334.1565860215054
555.8870967741937
127.16061827956989
11.713720878136199
11.042801672640383
4.146132019120379
2.863575268821692
3.1056227598611184
2.068884408606638
0.3997162485110588
4.487753882915173e-12
183.3169056152927
509.2458183990442
485.69071087216247
210.79301075268816
77.79719235364396
14.402927120669059
4.146132019120379
2.863575268821692
3.1056227598611184
2.068884408606638
0.3997162485110588
4.487753882915173e-12
160.9173387096774
347.9700567502987
307.9872311827957
110.73588709677419
21.04786439665472
5.815785543612612
4.519489247311827
2.863575268821692
3.1056227598611184
2.068884408606638
0.3997162485110588
4.487753882915173e-12
39.575679510155325
256.49529569892474
216.88844086021504
136.87126642771804
10.220284498207887
5.815785543612612
4.146132019120379
2.863575268821692
3.1056227598611184
2.068884408606638
0.3997162485110588
4.487753882915173e-12
136.65023894862605
509.2458183990442
548.4505675029868
118.57452210274793
26.647961469534046
5.815785543612612
4.146132019120379
2.863575268821692
3.1056227598611184
2.068884408606638
0.3997162485110588
33.975545101553166
92.59445937873357
279.6426971326165
429.3279569892473
175.69967144563918
35.60868428912784
5.815785543612612
4.146132019120379
2.863575268821692
3.1056227598611184
2.068884408606638
0.3997162485110588
4.487753882915173e-12
229.98842592592592
444.67331242532856
554.4235364396653
101.02561230585424
53.15830346475508
5.815785543612612
4.519489247311827
2.863575268821692
3.1056227598611184
2.068884408606638
0.3997162485110588
4.487753882915173e-12
76.53748506571087
430.8531212664277
399.83385603345283
176.4433990442055
10.966984020310633
9.549357825567503
4.146132019120379
2.863575268821692
3.1056227598611184
2.068884408606638
0.3997162485110588
4.487753882915173e-12
76.91345579450419
395.3853046594982
213.528972520908
112.97565710872165
28.88791816009558
7.309221923536438
4.146132019120379
2.863575268821692
3.1056227598611184
2.068884408606638
0.3997162485110588
16.801224611708484
157.55824372759858
328.55361409796893
469.6688321385901
205.94198028673836
23.287783751493425
5.815785543612612
4.146132019120379
2.863575268821692
3.1056227598611184
2.068884408606638
0.3997162485110588
4.487753882915173e-12
73.17839008363202
355.80869175627237
308.73506571087216
132.76396356033453
32.248543906810035
11.042801672640383
4.146132019120379
2.863575268821692
3.1056227598611184
2.068884408606638
0.3997162485110588
1.4934363799283155
118.72983870967742
276.65994623655916
437.91778673835125
75.2665770609319
41.58232526881721
5.815785543612612
4.146132019120379
2.863575268821692
3.1056227598611184
2.068884408606638
2.6398521505376342
2.6135043309438473
171.74320489844683
288.60513739545996
391.2473864994026
104.01284348864993
12.833796296296295
8.429289874551971
4.146132019120379
2.863575268821692
3.1056227598611184
2.068884408606638
0.3997162485110588
4.487753882915173e-12
171.74320489844683
355.80869175627237
249.37051971326164
18.14142771804511
32.248543906810035
5.815785543612612
4.146132019120379
2.863575268821692
3.1056227598611184
2.068884408606638
0.3997162485110588
4.487753882915173e-12
159.04980585424133
413.30533154121866
377.8057795698925
22.62180032855436
48.67618727598566
13.282780764635604
4.146132019120379
2.863575268821692
3.1056227598611184
2.068884408606638
0.3997162485110588
4.487753882915173e-12
72.43018219832736
334.1565860215054
263.5599611708483
96.17495519713263
22.541143966547192
10.669242831541217
4.146132019120379
2.863575268821692
3.1056227598611184
2.068884408606638
2.6398521505376342
4.487753882915173e-12
151.95489844683394
275.16390382317803
250.86618876941463
111.10775089605735
34.11495669056153
5.815785543612612
4.146132019120379
2.863575268821692
3.1056227598611184
2.068884408606638
0.3997162485110588
4.487753882915173e-12
123.2086320191159
238.20303166069294
259.8241487455197
175.69967144563918
19.554099462365592
