366.3355682497014
264.3753673835125
140.50712141577068
163.4561311230585
166.99664053166066
224.0240296445639
766.5039251045403
2748.574645310634
7321.790561529273
5250.841293309438
3557.4283751493413
827.2451911589006
233.0174563172043
153.4104293608124
122.97124305555552
132.08923032407407
65.6431209304062
117.0567059065114
357.9149768518519
1977.4722808393071
7696.375836320191
4417.887462664277
3855.276235812426
1417.406783900836
546.533972894265
185.49208930704896
146.27507355137394
112.18108523745519
69.91433620818398
108.08754166666668
186.74190337514938
2397.2551859318996
5350.0441270908
5647.936939964157
1937.068944145759
598.2036801821984
469.0072849462364
328.17376941457593
202.4647095280765
126.00079920848269
110.44087007168459
128.5598514411589
596.8845265830347
1874.3192988351266
6691.00001493429
4064.2809513142174
2235.814034498209
954.2895721326165
477.06591024492235
254.26273222819594
113.5265421893668
147.9910870295699
122.92809389934287
126.68310786290321
635.0268921744322
2397.80530167264
3804.439045698923
2692.137836021506
1632.5579338410996
855.0969033751492
297.0477479091994
536.7986420997611
244.27795885603337
142.2639147625448
324.8021034946238
176.035667562724
491.86127053464753
2746.6147326762234
5174.35562649343
3742.901814516129
1753.3273222819605
682.250052270012
391.9976527031062
239.15678315412185
104.89002090800476
178.1378171669653
100.88430712365596
259.82369287634407
736.7655327807647
3277.0073850059716
5547.74906660693
3397.1162261051372
2436.9053838112304
1274.9064926821984
394.5714146505375
335.222037037037
132.64349540770607
129.05274559438467
92.39037111708481
302.5057284199522
632.0133549880527
3557.750772849463
7367.43653300478
6068.900683243729
3862.751411290324
1083.0300851254478
498.23161252986887
436.55462328255675
133.519502688172
165.01958557347675
100.1355604091995
131.9233889635603
839.521676373955
2903.1883848566313
8730.345254629627
5277.126489695342
4083.5417338709663
1375.4697319295099
489.6141412783753
218.62866823476708
96.28436816756269
115.27219127090801
123.23767174432497
255.71248618578255
1265.5981593488652
3225.031093189964
6945.932295400237
4755.602232676225
2940.7946796594974
1184.620881869773
470.4880723566307
229.47621266427723
185.98
333.5231703629032
96.44643750746712
220.04331205197138
596.135568996416
2432.9453629032255
7046.088974761053
3908.624537037038
1560.2026620370366
784.4284681152928
431.0488862753884
184.75730249402628
219.28824186081246
111.96736040173239
100.93462877090802
178.12685894563924
718.5083814964158
2486.859274193548
7132.705600358421
6046.783135454001
2828.4291293309448
818.4833699223419
471.6460715352451
363.7117700866191
142.49544578853047
159.18048088410993
79.94565807945041
105.46867839008362
918.0615591397851
2499.573924731182
7800.416438918759
5806.064247311829
3981.862675477898
1318.3111148446835
426.24091659199524
326.10193921744326
127.99587328255677
159.61885338261644
108.97042166965352
169.92421893667859
692.2968936678614
2936.2764710274782
6946.805451015533
4533.397386499403
1946.9499514635606
1059.5058131720432
699.8041816009556
215.86278001792115
194.84669130824372
88.16108587216249
113.93314534796893
301.9737238649941
805.789767771804
2446.3102859916366
4911.149320489847
5157.728711170849
2835.4415621266444
800.5732310334531
584.6851758512546
245.90704973118275
130.44528987455197
83.47185487604538
113.20582847968934
157.44771281362006
427.9470045549582
2121.6957437275973
5604.696852598566
3575.294425776584
1951.9019937275993
484.9698409498207
281.25528225806454
214.49212776284344
194.86233721624853
155.82283583482675
186.12248394563917
538.2806951911591
800.8869463112308
3275.186424731183
7745.132687425327
6466.1142510454
2194.5031623357227
967.8187836021502
769.8712559737155
239.8440348715651
181.71500821385905
88.55664613201914
83.68012081839902
167.28962552270013
544.9916506123058
4696.578998655916
8107.963489396656
6337.701855585424
4305.5215651134995
1046.7078031660697
670.9565796744323
308.2221236559141
107.55714131571085
144.8389145758662
116.62092405913978
209.4383568548387
950.1837925627239
2217.449581839905
6302.061308990443
3998.15109393668
1631.2097819593785
801.6068738799281
731.1538941158902
201.37386424731181
173.7955454749104
178.7927965576463
106.1479502688172
342.5263459528077
745.3751347819596
2446.832388739545
7295.604207735961
5378.568469982081
3520.248021206691
1279.1842779271203
