17.640830346475507
9.515008960573477
5.418608124253286
2.7425739247311824
5.972483572281959
8.581690561529271
41.69821535244922
113.13134707287931
231.7536589008363
221.55316606929506
189.04532556750297
48.064142771804065
11.383549880525688
3.847072879330944
3.054793906810036
2.847487305854241
1.9375410692951016
4.7259931302270015
17.617495519713263
45.100246415770606
236.21602449223417
177.83415471923539
207.42271505376345
72.24537037037037
29.153113799283155
8.010416666666666
6.926373954599761
3.287051971326165
3.1016651732377536
4.456694295101554
10.216099163679809
79.77561230585424
180.56600955794505
217.3540173237754
99.82302867383513
29.379256272401435
24.196124551971327
12.447767323775388
7.765905017921147
3.737604540023895
3.484024044205496
4.33620445041816
30.202994324970128
76.92017622461171
197.86514336917563
192.372311827957
119.45751194743133
48.015606332138596
23.35304659498208
8.789090501792115
3.6840352449223426
2.7650313620071687
3.9753061529271205
3.816651732377539
36.408340800477895
104.99663978494624
151.0203853046595
109.23125746714456
85.26471027479091
45.23185483870968
13.010528673835125
20.489583333333332
8.947879330943847
4.385110513739546
10.017174432497013
6.225433094384707
25.132093787335723
93.12089307048984
146.26418757467144
151.4124103942652
87.65307646356032
35.352598566308245
19.193585722819595
7.846027479091994
3.827415621266428
2.4116972819593787
2.710935633213859
10.310931899641577
38.61973566308244
97.65456989247312
129.69496714456392
159.66285842293905
131.42697132616485
66.64314516129032
22.92099761051374
11.501157407407407
4.115031362007168
3.0789575866188774
2.317909946236559
14.635603345280765
33.47640382317801
93.125
232.0956541218638
234.28950119474317
198.30271804062127
57.21811529271206
26.193623058542414
17.523409498207887
5.034236857825568
6.50645908004779
2.0554024790919954
6.609169653524492
44.93652927120669
70.64926821983273
235.60334528076464
226.79435483870967
224.96303763440855
73.41211170848267
25.274417562724015
8.693996415770608
3.185312126642772
4.041853345280765
5.114508661887694
11.549283154121865
60.78591696535245
102.14904420549581
207.3525238948626
219.92084826762246
160.48984468339307
63.586842891278366
24.76945191158901
8.623879928315413
8.510640681003586
7.1785916965352445
0.5102299880525687
10.439889486260453
31.46453106332138
86.59087514934289
233.70482377538823
180.735513739546
89.90180704898447
46.83393070489845
22.278263142174435
7.241412783751495
9.189814814814813
2.4125970728793305
2.9780988649940263
7.744735663082437
37.59554211469534
78.90120967741936
241.28546893667863
270.02016129032256
143.43525985663084
42.830794504181604
26.511499402628434
13.864770011947433
5.436977299880525
2.963048835125448
1.7728270609318997
4.662664277180406
46.87275985663083
92.1139486260454
254.1816009557945
258.38747013142176
217.71804062126643
67.98835125448029
21.584042712066907
12.667898745519713
4.707250597371565
2.5901695041816013
2.899701314217443
9.207586618876942
36.41707735961768
96.74096475507766
191.32355137395461
197.77852449223417
97.70945340501791
57.9319743130227
31.930219534050178
7.49171146953405
6.233908303464755
3.329301075268817
3.3937462664277183
12.149006869772997
43.035394265232966
91.48596176821984
188.65031362007167
212.67286439665472
150.96176821983275
45.377090800477895
29.251866786140972
8.256608422939069
3.6465837813620072
2.312600806451613
3.968764934289128
7.9127837514934285
22.97121415770609
77.75089605734767
163.73618578255676
160.38381123058542
102.1789127837515
27.964605734767026
12.04502688172043
7.756496415770611
6.789501194743131
4.037813620071684
6.55230734767025
23.311155913978496
44.009856630824366
98.04995519713263
250.98043608124254
277.48021206690566
122.75350955794502
51.543085424133814
37.3346027479092
8.454002389486261
7.638739545997611
1.9989695340501792
2.6486783154121865
5.862828554360813
28.876941457586625
113.0973715651135
229.16741338112305
280.6436678614098
220.91285842293908
59.06548685782557
33.012806152927126
13.689702807646356
4.157635155316607
5.052979390681004
4.960946833930705
8.681899641577061
47.76508363201911
56.17010155316607
190.31474014336916
182.27747909199522
85.35618279569893
45.58206391875746
36.19563918757466
6.1436678614097975
7.305368876941458
4.393667861409797
2.013888888888889
15.432422341696533
41.29050925925925
102.88754480286737
200.255376344086
248.8336320191159
181.0017174432497
71.26642771804062
