4.851403823205228
3.458669354865921
2.4424357825567498
3.1717443249701316
1.7258064516401148
4.22231182795699
51.194743130227
157.1609916367981
137.9965651135006
109.3753733572282
25.262843488649942
6.345579450445371
4.851403823205228
3.458669354865921
2.461939964157706
4.274268219832736
1.7258064516401148
10.427508960573476
54.64083034647551
172.50597371565112
317.07362604540026
151.44526583034647
54.164053166069294
12.497386499402628
9.88873954599761
5.958333333333333
2.3887022103020024
2.5906137993103657
1.7258064516401148
2.864784946236559
50.459229390681
154.0359916367981
148.58124253285544
72.55114994026285
49.793160095579445
12.698999402628434
12.46975806451613
3.458669354865921
4.428576762246117
2.803953853046595
1.7258064516401148
10.4528972520908
39.11663679808841
110.03584229390681
129.15919952210274
85.65598864994027
27.758736559139784
11.121938470728791
9.162933094384707
7.331503882915172
2.3887022103020024
2.7625522700119474
1.7258064516401148
0.3334229390953121
52.97565710872163
118.3729091995221
139.45265830346474
103.32325268817205
38.52523894862605
15.595878136200717
4.851403823205228
3.458669354865921
2.3887022103020024
2.5906137993103657
1.7258064516401148
4.496356033452807
44.67965949820788
67.54778972520909
108.13918757467144
61.036813022700116
33.55361409796894
8.87694145758662
5.432534348864994
3.458669354865921
2.3887022103020024
3.469048685782557
1.7258064516401148
3.8121789127837515
49.44369772998805
135.44653524492233
118.80973715651135
53.453927718040624
27.328629032258064
6.345579450445371
6.422827060931899
3.5323028673835126
2.4730846774193544
2.6192715800477897
2.6332885304659497
6.379569892473119
34.44780465949821
132.1423237753883
181.01478494623655
68.05966248506572
32.72214755077658
10.01265681003584
5.002654569892473
3.458669354865921
2.3887022103020024
3.5952060931899643
6.763142174432497
10.585065710872161
48.17801672640382
86.51060334528077
121.23282556750299
64.35222520908005
28.232526881720432
12.62955495818399
4.851403823205228
3.458669354865921
2.3887022103020024
2.5906137993103657
1.7258064516401148
7.520176224611707
54.99178614097969
137.17891278375149
156.45534647550775
67.06279868578255
29.873058542413382
6.793757467144562
4.851403823205228
4.711656212664277
2.3887022103020024
2.5906137993103657
1.7258064516401148
0.3334229390953121
52.990591397849464
118.80973715651135
176.77718040621266
75.04144265232975
36.425104540023895
8.171744324970131
8.056264934289128
3.458669354865921
2.3887022103020024
2.686140979689367
1.7258064516401148
5.388306451612903
51.194743130227
85.30465949820788
168.35050776583034
70.04218936678615
49.65576463560334
6.345579450445371
4.851403823205228
3.458669354865921
2.3887022103020024
2.6224555704898447
2.730398745519713
6.693936678614098
2.7211768219832733e-11
106.20146356033453
179.26747311827958
103.2709826762246
39.002389486260455
12.713933691756273
4.851403823205228
4.095504778972521
2.3887022103020024
2.5906137993103657
1.8404383213859021
0.3334229390953121
34.52247610513739
78.13246714456392
96.90486857825567
148.24186081242533
42.207287933094385
6.793757467144562
7.313209378733571
3.458669354865921
2.419747983870968
2.695691457586619
1.7258064516401148
5.380465949820788
36.52367084826762
75.21654719235364
128.61783154121864
73.91763739545998
33.81235065710872
6.345579450445371
4.851403823205228
4.239994026284349
2.3887022103020024
3.291928016726404
3.244660991636798
16.074163679808837
40.834080047789726
83.52747909199522
132.9786439665472
84.84580346475508
35.22140083632019
6.345579450445371
4.851403823205228
3.458669354865921
2.3887022103020024
4.162037037037037
1.7258064516401148
8.262037037037038
39.11663679808841
113.66114097968936
103.65516726403823
78.81608422939068
24.128584229390682
10.23446833930705
4.851403823205228
6.465352449223417
3.9075567502986863
2.5906137993103657
1.7258064516401148
0.3334229390953121
24.708781362007173
63.1347072879331
79.89097968936679
75.05637694145759
23.86424731182796
6.345579450445371
5.042450716845878
3.458669354865921
3.094011350059737
2.5906137993103657
2.220952807646356
7.259199522102748
54.778972520908006
122.78972520908005
185.07691158900838
62.336096176821975
49.555331541218635
11.718936678614096
6.373842592592593
3.458669354865921
5.489396654719235
2.87719160692951
1.823719384707288
9.945131421744325
37.26291816009558
170.88933691756273
185.07691158900838
117.0030615292712
45.51075268817204
9.638440860215052
