4.851403823205228
3.8439740143369177
2.4265158303464753
2.8851515830346477
1.7735700418160096
11.000612305854242
49.87679211469534
124.54450418160096
154.0359916367981
84.68152628434886
24.128584229390682
8.338859020310633
5.035282258064516
3.7213672341696533
2.3887022103020024
2.626037186379928
1.7258064516401148
10.4528972520908
64.28838112305854
116.1215651135006
148.86126045400238
65.16241039426524
42.445116487455195
9.477971923536439
6.411663679808841
7.091136499402628
3.1481481481481484
2.5906137993103657
2.7383885902031064
10.323715651135005
49.75731780167265
179.86857825567503
185.07691158900838
102.82295400238948
41.613649940262846
8.39146505376344
4.851403823205228
3.458669354865921
2.3887022103020024
2.5906137993103657
1.8627277479091993
3.965890083632019
35.17734468339307
92.46191756272401
117.80540621266428
59.506048387096776
26.76560633213859
6.4419018817204305
7.705197132616488
3.67759109916368
2.3887022103020024
2.5906137993103657
1.7524742383512544
1.6946833930704899
43.43264635603345
142.45071684587813
61.12231182795699
61.80219534050179
30.98902329749104
6.345579450445371
5.701575567502987
3.458669354865921
2.3887022103020024
2.5906137993103657
1.9104950716845879
13.114187574671446
69.77673237753883
121.67712066905615
140.9199522102748
70.40807945041816
30.067204301075275
6.536626344086022
5.586954898446834
3.595590651135006
2.969832735961768
2.5906137993103657
1.7544642323775388
7.18452807646356
54.88724611708483
154.0359916367981
141.67040023894862
93.31727897252091
24.526583034647555
8.435931899641577
6.109169653524492
3.458669354865921
2.3887022103020024
2.5906137993103657
1.7258064516401148
9.945131421744325
34.6598715651135
121.23282556750299
106.2313321385902
61.39523596176822
26.793608124253293
7.105025388291516
4.851403823205228
4.412335722819594
2.3887022103020024
2.5906137993103657
1.7258064516401148
6.61739844683393
9.250298685782557
44.784199522102746
70.68399044205496
64.35222520908005
23.918010752688172
11.392622461170848
6.463410991636798
3.649716248506571
2.3887022103020024
2.5906137993103657
1.7258064516401148
6.686842891278375
27.073999402628434
64.63560334528077
81.94444444444444
90.05787037037035
24.686006571087216
10.604465352449223
6.098006272401433
5.723416965352449
3.2850582437275984
2.5906137993103657
1.7258064516401148
5.603360215053764
52.97565710872163
123.08841099163679
97.12888291517322
75.05637694145759
28.619698327359618
8.928726105137395
5.520086618876942
4.46326164874552
2.3887022103020024
2.5906137993103657
1.850787783751493
9.258527479091995
34.44780465949821
95.02314814814815
136.96983273596177
50.530540621266425
30.608198924731184
6.510756421744324
5.110916965352449
3.458669354865921
2.3887022103020024
2.5906137993103657
1.7258064516401148
6.323566308243728
15.474910394265233
116.819743130227
107.54554958183991
61.39523596176822
20.754928315412187
8.87694145758662
4.931011051373955
3.458669354865921
2.3887022103020024
2.5906137993103657
1.7258064516401148
4.4332586618876935
50.459229390681
83.44907407407408
122.78972520908005
50.530540621266425
30.41106630824373
10.19377240143369
4.976385155316607
3.458669354865921
2.3887022103020024
2.5906137993103657
2.0283042114695338
8.055197132616486
31.781660692951014
152.49402628434888
106.2313321385902
38.0331541218638
28.232526881720432
7.253061529271207
6.5437948028673825
4.115404719235364
2.3887022103020024
2.686140979689367
2.3825418160095575
12.79944743130227
73.21161887694146
171.30749701314218
215.3935185185185
95.699298088411
33.411364994026286
6.598715651135006
4.9596662186379925
4.194220430107527
2.3887022103020024
2.5906137993103657
4.806899641577061
25.213575268817205
45.452508960573475
99.18608124253286
187.50373357228196
124.26112604540022
30.39837216248507
13.788455794504182
5.285244922341696
3.458669354865921
2.3887022103020024
2.5906137993103657
1.7258064516401148
0.3334229390953121
36.235439068100355
137.9965651135006
82.49701314217444
55.04069593787336
26.73237753882915
7.1957511947431305
4.851403823205228
3.5669317502986857
2.711503136200717
2.5906137993103657
2.8920250896057347
9.970519713261648
50.75044802867384
104.40188172043011
137.9965651135006
74.2648596176822
35.22140083632019
6.345579450445371
7.382765830346475
3.458669354865921
2.3887022103020024
2.5906137993103657
3.0623879928315407
12.528763440860216
51.40755675029869
140.7706093189964
167.49178614097968
105.60073178016727
35.22140083632019
11.615516726403822
