0
0
0
0
0
33.83469327492227
472.21645591312864
1263.6062594913708
1696.8601519727772
789.8705987200062
204.3809819526645
0
0
0
0
0
0
13.437734213300025
312.2221126896946
660.3738147887251
989.8314350600227
0
0
0
0
0
0
0
0
33.293562523611456
732.4954005229388
1778.458695505049
2144.1606578472442
961.9996362906122
138.587986989741
0
0
0
0
0
0
54.126593272291586
165.39345668154584
791.9826558548156
1040.55447434947
299.2878593031629
226.43494834243901
0
0
0
0
0
0
73.20252716880074
506.18522291792476
1736.0348089719118
1795.3008460945239
784.5337568715439
95.96184324716114
0
0
0
0
0.9472926132644055
0.14631691173931216
0
277.1739811397241
823.2669821525448
946.993205609007
481.26426922522336
58.59948139645325
0
0
0
0
0
0
0
655.35603005762
629.6273636116052
1151.3855936160496
542.9114930804566
38.230164274083606
0
0
0
0
14.610679093561913
0
12.49479341232216
107.46825071850961
861.933680298413
1688.355771139506
674.9482847700225
149.31395438752224
10.699384357370185
0
0
0
0
12.480179710009015
0
12.71271803276035
714.2419252902835
715.9288901465253
618.1394547664983
146.21498929964548
0
0
0
0
0
0
16.965498015403362
250.15966504574527
418.5180272369495
1076.3445482959312
559.2388254030471
39.933000256486665
0
0
0
0
0
0
0
395.2516270145217
709.6434505057027
787.1932881268439
61.12218315364082
36.84554616364744
0
0
0
0
0
0
40.24981938313486
429.54302454883833
263.6560850474775
740.1020060399184
0
87.15902892085109
0
0
0
0
0
0
19.048733781550226
487.7174498546299
881.6510824951417
1008.4803678453047
588.6636743560348
50.95928312531353
0
0
0
0
0
0
6.19153716088497
273.868879198198
1206.9967310865018
1011.5119973049586
776.9128513676476
0
0
0
0
0
0
0
0
507.034602809641
932.983424967491
1703.196441253447
927.2113981202095
289.07743746166466
0
0
0
0
0
0
63.72840772932928
244.68432264361164
1438.8328485444993
1189.0718396125665
697.8378542785517
113.58158925749285
0
0
0
0
0
0
0
262.8335780928997
732.5435556946009
1004.2211975517714
749.6260032398695
46.31407901755311
0
0
0
0
0
0
11.64387572417482
353.55251966670517
749.2773195802969
1145.067860152747
297.78760185902775
95.63237896707979
0
0
0
0
0
0
102.02812719325804
457.77926749134156
1198.8688396875539
1889.9628030786212
942.9264184123376
67.56565677342257
0
0
0
0
0
0
0
93.91463181368917
38.61158386481756
343.35279241379
477.1026737817789
2.0687329017225693
0
