22.959453405017918
15.755413679808838
16.91461320191159
1.9573588709677419
3.7907706093189963
12.227337216248506
38.389822281959376
119.04009856630825
226.54868578255676
206.07414874551972
187.7684438470729
71.86753285543608
32.477598566308245
12.309513142174433
5.637395459976105
4.782295400238949
4.0621826463560335
8.75182945041816
29.17734468339307
95.11686081242534
195.29047192353647
181.06145459976105
75.47005675029868
13.782818100358423
26.906362007168454
9.424245818399044
7.141241039426523
3.4185819892473117
4.0035095579450415
7.471736857825568
29.512731481481488
81.95937873357227
220.37410394265234
170.59550477897253
117.72140083632019
47.75313620071684
16.128322879330945
8.527404420549582
5.516390382317802
4.179428016726405
4.589874551971326
6.303875448028674
30.910954301075268
82.37791218637993
178.7854689366786
190.3483422939068
98.42181899641577
37.92973416965353
12.788455794504182
10.035468936678612
4.222632915173237
3.494485513739546
3.491274641577061
7.098230286738351
22.587962962962962
56.55092592592592
202.10834826762246
180.45362903225808
98.81123058542413
21.75257616487455
16.840539127837513
17.241300776583035
3.502837514934289
5.630040322580645
4.551336618876941
6.2757243130227005
33.27247610513739
88.00925925925925
217.79532556750303
235.44840203106332
144.4758064516129
44.311155913978496
17.874626642771805
5.041704002389486
4.609468339307049
2.479946983273596
4.753681302270012
12.652479091995222
34.73043608124253
60.19377240143369
165.97296893667863
175.72393966547193
82.9584826762246
24.04596027479092
22.46777927120669
9.451762246117084
7.075604838709677
4.524660244922342
4.760226254480287
7.021318697729987
21.868914277180405
126.59796893667861
212.84834229390685
184.13493130227002
135.51485961768216
80.92555256869773
35.943996415770606
7.710685483870968
3.0089493727598566
4.5863201911589
2.923458034647551
3.9512582138590204
20.67768070489845
77.8673835125448
145.74746117084825
164.98991935483872
168.22281959378736
36.08262395459976
26.344086021505372
10.120221027479092
3.2897252090800477
0.7560943100358424
3.8241263440860216
9.342853942652331
24.907631421744323
90.92107228195938
137.99171146953404
90.54995519713262
80.92144563918758
42.88508064516129
17.836917562724015
5.758923237753883
7.41823476702509
2.462563470728793
2.3873357228195937
4.159150985663082
38.747797192353644
72.92637395459977
101.02859916367981
146.4426523297491
44.80361409796894
31.53841845878136
13.080719832735962
8.307160991636797
5.6628210872162486
3.789923088410992
5.047939068100359
9.761984767025089
34.275574970131416
82.23902329749103
175.16950418160096
148.26762246117084
86.62447729988052
24.94395908004779
12.946199223416965
13.775612305854242
5.301747311827957
3.257933841099163
1.7654719235364393
19.996789127837516
42.19310035842294
61.783527479091994
168.83997909199522
277.24387694145753
143.33258661887695
51.348939665471924
24.921146953405017
7.602374551971325
6.4407108721624855
2.254521356033453
0.8295336768219831
9.916965352449223
36.70609318996416
99.36939964157703
180.9199522102748
234.38956093189964
84.56205197132617
42.29614695340502
9.498581242532856
11.60465203106332
4.897737455197132
4.919504181600956
5.749402628434886
14.407220728793313
23.13123506571087
109.8252688172043
203.24111409796893
234.74163679808842
166.80368876941455
65.63470728793311
27.920848267622468
8.076202210274792
5.60196385902031
2.3852225209080045
5.176075268817204
4.761017771804062
27.061043906810035
130.6877240143369
199.79988052568697
242.05757168458783
117.68182497013142
46.09132317801673
4.953920250896057
8.931376941457586
2.087966696535245
4.720680256869773
2.357874103942652
11.512395459976105
54.29846176821983
129.9096475507766
240.23558841099162
237.09938769414572
99.37873357228196
41.17902479091995
22.593152628434886
9.770422640382318
5.842368578255675
3.8697543309438465
4.195945340501792
9.076762246117084
70.73066009557945
134.18794802867384
224.4164426523298
219.02180406212665
159.91972819593786
37.10226254480286
21.542861409796895
8.967891278375149
6.667674731182797
4.283374402628436
8.0074298088411
15.994847670250893
24.56362007168459
82.95661589008363
143.08467741935485
177.24089008363202
57.16883213859019
25.95691457586619
17.952882317801674
10.353457287933095
3.7036850358422937
4.583818697729988
5.77665770609319
13.623319892473118
44.22416367980883
99.88687275985662
257.3577508960573
201.25
80.2288679808841
35.2480958781362
