4.937376792114695
3.5430518219832736
3.2961842891278375
2.5906137993103657
1.7258064516401148
8.240008960573476
50.38829151732377
126.8107825567503
168.30197132616487
91.51396356033453
40.013440860215056
10.461096176821984
7.134931302270012
3.9068473715651133
5.365964755077658
2.686140979689367
1.7258064516401148
6.379569892473119
35.17734468339307
69.18682795698925
100.73924731182795
14.76291816009558
17.47927867383513
6.657638888888889
7.937686678614098
3.458669354865921
2.3887022103020024
2.5906137993103657
1.7258064516401148
8.373670848267622
75.50776583034647
176.32541816009558
211.3500597371565
108.24036738351255
33.92734468339307
11.567727001194742
9.309289127837513
3.458669354865921
2.4173599910394263
2.5906137993103657
1.7258064516401148
10.46297789725209
21.334005376344088
82.02284946236558
105.8355734767025
44.93466248506571
42.445116487455195
6.345579450445371
6.656063321385902
4.795250896057348
2.3887022103020024
2.5906137993103657
1.7258064516401148
12.386514336917562
54.0621266427718
172.50597371565112
178.19967144563918
91.51396356033453
30.067204301075275
6.632157258064515
4.851403823205228
4.412335722819594
4.663007765830346
4.86491935483871
4.225470430107526
4.496356033452807
32.25246415770609
85.26359020310633
97.12888291517322
62.6198476702509
26.604316009557945
6.473346027479092
5.747759856630824
3.458669354865921
2.3887022103020024
2.79758064516129
1.8770571983273592
4.922356630824373
68.56332138590203
66.8570788530466
116.819743130227
68.6570340501792
24.7703853046595
6.345579450445371
5.908564814814815
5.522812126642772
2.492189366786141
6.257691158900836
1.7560562275985663
6.879495221027479
16.23618578255675
89.22117682198328
168.35050776583034
81.43331839904421
35.520833333333336
13.271356033452808
5.432534348864994
3.458669354865921
2.3887022103020024
2.5906137993103657
5.553091397849462
5.555570489844683
7.283826164874552
75.21654719235364
75.40322580645162
76.1391129032258
35.34460872162485
9.56160394265233
4.851403823205228
3.458669354865921
2.4587552270011948
2.5906137993103657
1.7258064516401148
7.520176224611707
30.13142174432497
47.046744324970135
110.03584229390681
70.64702807646356
25.2942054958184
8.845243428912784
4.851403823205228
5.504554958183991
2.3887022103020024
2.5906137993103657
1.7258064516401148
5.029883512544803
44.14202508960574
75.05227001194743
82.49701314217444
23.115666069295102
25.123581242532854
12.493279569892474
4.851403823205228
3.458669354865921
2.3887022103020024
2.761760752688172
1.7258064516401148
9.970519713261648
47.54704301075269
32.50336021505376
78.13246714456392
9.629256272428647
30.067204301075275
6.345579450445371
4.880061603942653
3.642547789725209
2.3887022103020024
2.5906137993103657
1.7258064516401148
8.055197132616486
53.2444743130227
91.8010752688172
103.96505376344086
73.91763739545998
26.73237753882915
12.586618876941458
5.035282258064516
4.10663082437276
2.3887022103020024
2.5906137993103657
2.3252314814814814
6.940725806451613
32.9043458781362
123.08841099163679
104.40188172043011
92.09266726403823
21.98439366786141
8.338859020310633
5.036092443249701
3.458669354865921
2.3887022103020024
2.5906137993103657
2.131795101553166
4.22231182795699
55.35394265232975
97.00940860215053
170.75866188769413
106.63866487455198
49.793160095579445
9.434289127837514
7.382765830346475
4.163978494623656
2.3887022103020024
2.5906137993103657
2.5696311230585422
12.687813620071685
30.377464157706093
145.58318399044205
121.6995221027479
84.84580346475508
33.13284050179212
6.345579450445371
4.893992682198327
3.458669354865921
2.3887022103020024
5.090277777777778
2.2193473715651133
0.3334229390953121
32.25246415770609
78.13246714456392
104.16293309438471
89.9719982078853
26.835050776583035
11.042040023894863
7.7327135603345285
3.458669354865921
2.3887022103020024
2.5906137993103657
2.007612753882915
7.9517771804062125
41.076762246117084
79.89097968936679
117.80540621266428
46.892174432497015
31.69952210274791
6.345579450445371
7.983796296296297
3.458669354865921
2.3887022103020024
2.5906137993103657
1.8627277479091993
16.731645758661887
51.194743130227
123.08841099163679
189.2659796893668
108.81533751493428
29.159572879330945
9.82433542413381
4.851403823205228
3.7707287933094387
2.977785244922342
2.706836170848267
1.7258064516401148
3.796161887694145
16.512843488649942
12.195340501792115
41.39411589008363
64.40822879330943
23.039874551971327
6.926709976105138
