471.7235745221029
297.4919858870969
155.87651060334534
165.03095792264037
67.77858702956989
223.997383885902
601.7101224611708
3858.3285991636812
6741.01709976105
5396.780480884111
2043.2063769414578
871.4651549432497
835.8987402927119
238.52203479689362
131.2265415919952
236.10686902628436
76.2898542040024
116.95992458183989
956.1646916069295
2952.8354540023893
7176.349761051371
6735.354174133809
3214.0336282855437
1174.8501866786141
477.17428315412184
321.99131944444446
152.15643145161286
192.76679592293905
138.4150847894265
216.17891838410995
751.8747715053765
3851.5274044205494
10226.941554659497
6447.4260192652355
3621.82825567503
1058.8937350657109
423.5591535991635
288.99363015232973
200.52859431003588
139.9375215427121
147.63318772401436
146.64849835722816
447.1553326612905
2205.13861260454
5669.155279271207
3765.4099387694155
2241.0297117682207
1360.9710685483872
408.610467816607
295.7055607825567
69.29719295101553
85.63067174432497
95.97165091099163
80.8777135229988
550.1809949970129
2192.680309139785
5884.63858273596
4617.704573626045
1542.3621826463557
736.7490990890082
316.6763870221028
152.38542346176817
126.00517047491036
253.39835741487454
107.83887149044207
114.22123704450424
753.7792058691756
3019.6388478195936
7119.721180555555
4537.056488948627
1791.9539277180402
738.479309662485
207.36176597968938
245.8869201762247
169.07874738649934
70.12064684139786
97.7942424955197
288.29842219235366
672.6011861559139
2523.782056451613
6035.881746565114
4704.6085312126625
1409.6059513142172
459.56831391875755
601.0986667413382
203.82623879928312
125.91143249701317
129.76100612305854
114.55065610065714
186.12972054211468
463.851331765233
1933.2062873357218
5992.3967293906835
4212.531895908006
1432.7681040919954
759.3939344384704
354.8823278823179
179.2728711170848
205.12979316009555
191.7742073626046
148.70855510752688
410.5513941158901
872.0175414426521
4131.300873655915
7393.086174581841
5977.803916517323
3736.7402404420563
1052.1707586618872
233.36223939665467
265.31854054659505
159.98250186678612
149.89019799133817
150.91261951164876
67.13561689814816
1100.4461133512546
3380.336014038231
6647.430462216248
4693.022838261648
2085.044078554361
1400.9252016129033
326.2984740890083
401.0687078106332
384.08890120967754
142.4294486260454
155.74086491935483
386.5591991487456
533.656138739546
2730.933874701315
6929.489467592594
4891.630887843489
1727.3060446535237
1227.5813022700122
422.3746404569893
472.60106630824373
178.03056227598563
129.95502344683393
160.36400085872162
165.47647102747908
672.9548532706095
3938.9669392174433
7309.760073178015
5927.231067054959
4089.8399380227
886.4693809737153
560.4473290023892
257.0696729390681
124.21859755824374
139.46994422043008
129.50728453554365
94.89605809438471
443.5535465203108
2516.8829525089604
5795.769679659498
4932.919526583034
1834.3890232974911
550.3848577508962
261.41225470430106
200.24227299880522
281.166633064516
100.09979790173237
124.56435035842296
120.3492200567503
755.5438918757466
2205.992958482677
6936.276220878135
4953.653009259261
2498.1468974014338
971.8420601851853
646.0149578106332
290.891330271804
163.69409236857823
156.85835394265237
396.1029170400239
155.43631683094384
499.96842107228196
3559.928173536439
6874.549858124252
4635.739956690562
4044.1354278673834
845.3217432048981
653.3260969235365
258.7458800029869
139.72280376344088
175.0620062350657
168.6362948028674
274.80391539725196
618.1362328255678
3740.5700716845886
7202.856724163678
6513.835271057348
2588.69528823178
1027.826056600956
332.80887843488665
456.6844138291517
163.8375056003584
204.39665710872157
115.56365296445638
308.9151336618878
641.4593585722821
2496.2068847072874
6054.705921445642
5183.486062574671
2977.1106444145757
905.4520336768223
544.8281530017923
162.16498991935484
144.5393044354838
137.64455566756274
99.30290729540025
146.44289874551973
734.9576079002392
2888.4265232974913
6792.777747909199
5095.324264486263
2801.0384632616497
1075.0733385603342
337.60227225209064
244.08852523894868
100.33457933841098
69.15787425328554
80.7991147326762
259.879501605436
477.013103718638
3591.325041069295
6430.831108124254
5151.967786738351
1594.308318399044
739.3415259109917
335.6051583034648
190.3753561827957
104.83577340949823
118.81023678315414
73.44657213261648
119.4486559139785
662.3172053838111
1745.8168857153523
3417.4787836021505
3537.670448775388
1522.3946012544802
548.5160177718041
