5.815785543612612
4.146132019120379
2.863575268821692
3.1056227598611184
2.068884408606638
0.3997162485110588
4.487753882915173e-12
145.23633512544802
399.4922341696535
422.9812574671446
101.02561230585424
53.15830346475508
16.269825268817204
4.146132019120379
2.863575268821692
3.1056227598611184
2.068884408606638
1.1464157706093192
4.487753882915173e-12
100.43309438470729
287.1135752688172
327.4036738351254
101.02561230585424
7.606780167268525
5.815785543612612
4.146132019120379
2.863575268821692
3.1056227598611184
2.068884408606638
0.3997162485110588
4.487753882915173e-12
183.3169056152927
513.7604540023895
306.4956690561529
101.02561230585424
7.606780167268525
21.870370370370374
5.266199970131421
2.863575268821692
3.1056227598611184
2.068884408606638
3.759920101553166
4.487753882915173e-12
154.57063918757467
460.73924731182785
426.7166965352449
167.10909498207886
11.713720878136199
5.815785543612612
4.146132019120379
2.863575268821692
3.1056227598611184
2.068884408606638
0.3997162485110588
4.487753882915173e-12
134.0344982078853
279.27120669056154
281.4799880525687
121.93361708482676
34.11495669056153
10.296158154121864
4.146132019120379
2.863575268821692
3.1056227598611184
2.068884408606638
0.3997162485110588
4.487753882915173e-12
148.96766726403823
224.76142473118279
206.4340651135006
143.9616935483871
7.606780167268525
11.042801672640383
4.146132019120379
2.863575268821692
3.1056227598611184
2.068884408606638
0.3997162485110588
4.487753882915173e-12
272.5526433691756
514.47020609319
437.91778673835125
433.31466547192355
64.73192951015531
15.149604241338112
4.146132019120379
2.863575268821692
5.345758661887693
8.416106630824373
0.3997162485110588
4.487753882915173e-12
202.35775089605735
358.7959229390681
574.2114695340501
365.3636499402628
44.19586320191159
9.922726254480285
4.146132019120379
2.863575268821692
3.1056227598611184
2.068884408606638
0.3997162485110588
4.487753882915173e-12
72.43018219832736
229.2402180406213
287.8270609318996
101.02561230585424
30.754778972520914
8.429289874551971
4.146132019120379
2.863575268821692
3.1056227598611184
2.068884408606638
0.3997162485110588
4.487753882915173e-12
163.52859916367981
399.4922341696535
426.7166965352449
297.4126344086022
44.19586320191159
21.123282556750297
4.146132019120379
2.863575268821692
3.1056227598611184
2.068884408606638
0.3997162485110588
4.487753882915173e-12
143.74029271206692
396.5046296296296
437.91778673835125
297.4126344086022
60.62473864994026
5.815785543612612
4.146132019120379
2.863575268821692
3.1056227598611184
2.068884408606638
0.3997162485110588
4.487753882915173e-12
93.33818697729988
338.6361260454002
225.85088112305854
87.9603494623656
14.32709826762246
5.815785543612612
4.146132019120379
2.863575268821692
3.1056227598611184
2.068884408606638
0.3997162485110588
4.487753882915173e-12
78.77688172043011
338.6361260454002
286.70736260454004
73.39904420549581
7.606780167268525
5.815785543612612
4.146132019120379
2.863575268821692
3.1056227598611184
2.068884408606638
0.3997162485110588
4.487753882915173e-12
70.56264934289128
272.5526433691756
322.1766726403823
87.9603494623656
32.248543906810035
5.815785543612612
4.146132019120379
2.863575268821692
3.1056227598611184
4.309020310633214
0.3997162485110588
4.487753882915173e-12
58.24522102747909
309.1416517323775
155.28375149342892
18.14142771804511
7.606780167268525
5.815785543612612
4.146132019120379
2.863575268821692
3.1056227598611184
2.068884408606638
2.6398521505376342
4.487753882915173e-12
157.93010752688173
404.3473715651135
483.47744922341695
170.09632616487454
37.10200119474313
5.815785543612612
4.146132019120379
2.863575268821692
3.1056227598611184
4.309020310633214
0.3997162485110588
4.487753882915173e-12
70.19041218637993
240.44242831541217
220.25201612903226
25.235289725209086
28.88791816009558
5.815785543612612
4.146132019120379
2.863575268821692
3.1056227598611184
2.068884408606638
0.3997162485110588
6.347222222222222
192.65158303464753
356.55615292712065
264.30779569892474
157.40292712066903
30.754778972520914
17.763104838709676
4.146132019120379
2.863575268821692
3.1056227598611184
2.068884408606638
0.3997162485110588
4.487753882915173e-12
42.562724014336915
268.0689964157706
240.7836768219833
115.586917562724
49.42286439665472
5.815785543612612
4.146132019120379
2.863575268821692
3.1056227598611184
2.068884408606638
3.759920101553166
4.487753882915173e-12
76.53748506571087
366.2623207885305
423.72909199522104
130.89605734767025
30.754778972520914
