2370.6769489247317
2082.648502837515
1782.1021468040622
1956.6160618279553
1821.172360364396
2298.176515830346
2693.391353046595
3029.9720243428915
4183.970915471924
4477.191121565113
4500.782743428912
3400.9454151732384
2370.98835125448
2257.2617047491035
2017.7343525985666
1869.9818436379933
2273.8685151583027
2492.4078108198905
2389.0287335722824
3269.0706877240145
4020.6499850657124
4633.803576762249
3938.778038754481
3221.6672715053764
3063.3055630227
2364.1127650836324
2205.91169728196
1766.2823887395466
1950.0008549880527
2205.6938732078847
2892.6094198028673
3491.8567129629614
4753.88190710872
6421.950082138593
5195.487081839907
3716.6298163082442
3318.6660319593766
2302.7512171445633
2162.130337141576
1928.6905204599761
2062.726601702509
1899.1917898745512
2184.834953703704
3215.939351851852
3937.9656063321395
4787.878360215055
4516.241263440858
3244.7281586021513
2687.362007168459
1616.9206877240144
1503.3319929808843
1438.5444332437276
1437.9166517323777
1880.6836618876935
2197.9250784050178
2803.6900574970136
3758.7645235961777
3682.844758064516
3422.4436230585425
2521.7650836320186
2006.6025612305862
1844.7993204898453
1609.442678464754
1664.7607974910395
1501.0095863201916
1724.4415023894862
2237.360345728793
2995.632709826762
3537.874887992832
3866.95669056153
4139.015382317802
2766.4519115890084
1898.8668234767026
1930.3114172640371
1315.1985588410987
1303.7239732676221
1272.016031959379
1624.2436734617693
2038.7527143070492
2766.4436529271206
3699.1919205495833
4052.7350283751493
3858.6071908602166
2824.040359916368
2105.845430107527
1979.8118802270008
1182.9087440262851
1379.784479540024
1170.2490595131426
1353.552742308841
2133.394575119474
2998.7370482377537
3814.3093787335724
4987.385267323777
4816.011910095579
3259.811939964157
2760.62207287933
1928.9773670848278
1522.3762395459974
1145.3527255077654
1110.0468115292715
1497.532205794504
1651.0458856033456
2501.759953703704
2918.327023596177
3511.955570489844
3342.596490442056
2260.561338859021
2283.4962178912783
1397.7915061230583
854.7910842293907
850.7040957287932
902.567118428913
1101.4511014038235
1555.0426037933096
2093.9989807347674
3104.1627800179203
3556.5863201911598
3452.259035244923
2325.3562574671446
2184.664426523298
1117.8659535543607
757.0393518518518
790.0827031063322
811.3478699970133
1246.6995781063324
1466.9776795848265
2318.84867458184
3523.540807945043
3495.021617383512
2785.9902553763445
2193.306414277181
1776.3938508064512
1369.9688209378742
1120.37084453405
1022.9806862305854
979.4814740143368
1482.8213522998803
1779.7595654121867
2404.7465875149333
2918.8766278375147
3129.267211768219
2868.720728793309
2070.5989770011943
1769.6611484468342
1582.4583893369177
1263.7354204002388
1662.252187873357
1306.5467219235366
1946.1405503285548
2164.9765083632024
2737.3060894563923
4058.3879928315405
4194.913045101556
3883.6762619474307
2591.499286887694
1921.3259147252081
1319.5802045997605
978.0231257467137
1177.3872871863796
1047.2519716995225
1618.849391427718
1859.1634968638004
2413.2372909199526
3708.165766875746
4226.358870967742
3913.3439740143376
2553.9661364994017
2089.5712738948628
1094.0460461469536
928.5242084826764
1252.6976441158902
1150.5935297192354
1500.3159386200723
1804.681858572282
2267.275937126642
3278.014325716845
3828.5337514934276
3170.999439964157
1897.372647849462
1528.3011014038234
943.4656212664272
729.55060483871
757.2464493727599
1060.244015083632
1216.6748991935483
1855.3142174432496
2015.9246714456394
2659.3859020310624
3282.813097371565
2766.7492159498206
1792.6209304062127
1190.0464344384711
1157.994235364397
630.6075268817206
585.2399940262843
727.5791330645159
1062.242652329749
1212.2629816308245
1904.8034796893664
2635.936603942653
3173.855324074075
2756.0726553166064
1818.9951836917562
1366.603886648745
1050.061999701314
601.1073334826764
613.438067502987
702.6254737903225
702.6641203703701
1363.8219870071682
1655.6097782258064
2611.658198924732
2176.457586618877
2240.5875149342887
1690.9380600358427
1230.2095840800475
919.1029196535239
927.4250373357223
769.6084528076462
808.3090542861412
1308.9501306750303
1774.148879928315
2624.405712365591
3576.139650537634
3680.208968040622
3353.8277703106323
2248.99615442055
1532.4252165471926
811.9740068697728
655.1634009109914
681.3591397849463
687.3230421146952
995.1313978494626
1444.261816756272
2393.3067876344094
3076.7342219235356
3602.5333781362015
3249.704226403823
2227.8349387694143
