17.67734468339307
10.48887395459976
4.87492532855436
5.251624103942652
2.1026396356033454
17.596662186379927
41.70706391875747
96.80443548387096
206.28098864994027
283.58310931899643
189.47169952210274
69.91188769414576
30.944145758661893
9.71046146953405
3.874805854241338
4.096262694145758
4.29634109916368
6.00922192353644
31.579114396654713
65.04368279569893
132.98424432497012
169.4011350059737
98.24708781362008
39.992084826762245
22.24406362007168
13.10125448028674
7.806563620071686
3.727975657108721
2.9884221923536436
6.897774790919952
25.195303166069294
66.00657108721624
180.34535543608126
190.7340203106332
130.76239545997612
48.79293608124254
26.526732377538828
17.00350955794504
5.581055854241338
4.632877837514934
1.345120221027479
19.845206093189965
24.95269563918757
68.85229988052569
189.92346176821985
211.49081541218638
118.60700418160093
64.05017921146954
29.48338560334528
6.938694743130227
3.963903823178016
4.3822207287933095
7.406511350059739
8.561230585424134
42.06615890083632
78.90120967741936
191.88769414575867
215.9173387096774
176.120445041816
41.75645908004778
22.38691009557945
14.557347670250897
4.847371565113501
3.020023148148148
6.020721326164874
10.685035842293907
40.33982974910395
104.25739247311827
253.31429211469535
216.65285244922336
151.88694743130227
58.59655017921147
25.15882616487455
6.406996714456392
6.76011798088411
3.364497461170849
4.515106033452808
6.014822281959379
34.17450716845878
85.64478793309439
202.4910394265233
224.80398745519713
106.54196535244922
45.09147252090801
9.77296146953405
7.413082437275985
3.369675925925926
3.9466808542413383
8.408975507765831
11.77662037037037
29.725731780167266
95.51747311827957
180.14784946236563
155.07653823178018
106.95004480286738
47.672864396654724
21.145758661887694
7.225619772998804
4.055913978494623
3.0128322879330947
2.82553390083632
8.041741338112304
28.705719832735962
64.61880227001195
160.69108422939067
140.09856630824373
67.72774790919954
17.687089307048982
20.32642622461171
7.10125448028674
2.841957885304659
3.5358609617682197
3.3702135603345282
9.565001493428912
28.27732974910394
81.26493428912784
170.6055854241338
134.5683990442055
94.33355734767024
41.536551672640385
22.522289426523297
8.206167861409797
12.477785244922343
5.221886200716846
3.715259109916367
22.599686379928315
17.368055555555557
72.83938172043011
139.25216547192355
179.6240292712067
91.96236559139786
19.17633661887694
17.142697132616487
8.580346475507765
8.730846774193548
3.414799880525687
5.38788082437276
7.617906212664277
20.744063620071685
81.20893070489846
187.4858124253286
164.38769414575867
78.51105137395461
33.88175776583034
28.40737007168459
7.116412783751493
5.4222296893667865
3.0123506571087217
5.641465053763442
7.451090203106332
29.79681899641577
80.04890979689367
207.66838410991633
255.54995519713256
96.94295101553166
46.619623655913976
20.756757765830347
5.552643369175628
2.465602598566308
2.9252277479092
3.2230548088410984
3.598741786140979
9.087216248506572
64.83646953405018
126.37171445639187
101.06742831541219
83.64545997610514
29.81503882915173
9.388926224611707
11.289202508960575
8.080757168458783
4.4045586917562725
2.0107937574671446
5.7686678614097975
30.752874850657115
70.50664575866188
147.44772998805257
148.98484169653526
78.2724761051374
23.384259259259263
10.4285394265233
7.731444145758662
7.520049283154122
2.8118839605734767
5.335088112305854
13.988127240143369
36.299731182795696
80.50141875746715
224.52135603345286
277.848715651135
145.43720131421745
56.5535394265233
23.4306302270012
13.832250597371567
6.49727449223417
4.6819519115890085
3.3957437275985662
8.92753136200717
36.86786887694146
129.1457586618877
253.4195788530466
289.5127688172043
210.90501792114696
63.586842891278366
30.6979913381123
7.990031362007168
5.984953703703703
2.5255712365591396
2.023226553166069
11.659535543608124
39.58329599761051
92.17480585424134
181.21453106332137
198.5383064516129
103.54241338112308
31.963149641577054
10.043309438470729
10.781511350059738
5.890755675029869
3.703950119474313
8.554472819593787
16.482862903225808
41.74955197132616
106.02411887694143
227.5268817204301
228.9811081242533
169.39702807646353
46.657332735961766
24.275948327359615
7.217293906810036
5.611297789725209
10.137320788530467
2.4166666666666665
3.301870519713262
29.858721624850656
83.99492234169652
235.90912485065707
237.21102150537635
101.6726403823178
43.11536738351254
