20.049021804062125
9.668496117084828
4.965315113500598
3.073215352449223
3.10625
16.06966845878136
27.063134707287933
104.3944145758662
247.47797192353644
203.2896505376344
72.34393667861409
41.246565113500594
41.46987007168459
8.539090501792115
7.759856630824372
2.486939964157706
2.377546296296296
6.731556152927121
37.52217741935485
77.3248954599761
197.2856929510155
233.42779271206695
114.67480585424134
71.70698924731182
15.78494623655914
14.234318996415773
4.538410991636797
4.478752240143369
3.4098416965352447
14.390755675029869
47.099014336917556
62.634408602150536
187.4537037037037
165.8811230585424
117.01351553166069
37.705607825567505
31.97707586618877
9.220243428912784
3.541995221027479
2.902131869772999
2.318735065710872
3.6467517921146952
24.986484468339306
57.37007168458781
177.4264486260454
150.33826164874554
109.2297640382318
37.29312275985663
16.67749402628435
15.042786738351257
3.7698700716845877
9.239807347670249
4.1198103345280765
8.29883512544803
35.92133363201912
90.55032855436082
226.1159647550776
203.41211170848268
100.94534050179212
33.49727449223417
6.6860065710872165
5.064254778972521
5.513664874551972
4.301989994026284
2.561973566308244
4.5394563918757465
23.833071983273594
88.5211320191159
199.37163978494627
207.31817502986857
86.09841696535246
34.74145011947431
15.230921445639188
7.1680854241338094
7.417712066905615
3.417958482676225
0.6689433990442055
7.191084229390681
25.717667264038234
102.77143070489846
205.1739844683393
189.73790322580643
142.3461768219833
51.390008960573475
19.967555256869773
11.885454002389487
4.34876045400239
4.530458482676224
2.1761536738351253
8.79696833930705
28.909423536439665
112.2991338112306
210.2258811230586
186.44489247311827
190.48312425328555
49.62664277180406
10.113276583034649
12.671931003584229
5.238911290322581
4.461350059737157
1.1217331242532855
3.501000597371565
40.94347371565114
81.37395459976106
195.13888888888886
153.21385902031065
99.86484468339307
50.6981780167264
21.000672043010756
6.6234318996415755
5.243764934289128
3.953666367980885
11.800029868578255
3.8907034050179212
34.91823476702509
109.50940860215054
203.62567204301075
119.73827658303465
79.5680256869773
48.59356332138589
15.215539127837513
11.840203106332138
8.035282258064516
2.447360364396655
5.594903673835125
3.442081093189965
48.63463261648746
83.99678912783752
168.90083632019116
205.94571385902032
195.48200418160093
56.4982825567503
18.442988351254478
10.463896356033453
6.143257168458781
3.281447879330944
2.854625896057348
4.726403823178017
23.807795698924732
68.58609617682198
202.50709378733572
230.68175029868578
142.15837813620075
73.08094384707287
26.661925029868577
18.676896654719236
11.927718040621269
4.001631571087217
8.245519713261649
6.7327135603345285
20.70123954599761
74.27979390681004
102.58437873357228
104.19130824372762
45.45194892473118
29.574671445639186
38.149566905615295
13.094870071684586
13.557160991636797
3.9806414277180404
5.418798536439666
7.471886200716846
42.169205495818396
94.91412783751494
200.5241935483871
153.24036738351253
90.86842891278376
32.825642174432495
7.765905017921147
7.941532258064516
5.854913381123058
4.082918906810036
1.864392921146953
5.143443847072879
36.71165621266428
92.09378733572282
233.68354241338113
231.06145459976105
114.92607526881723
62.26590501792115
47.905988649940255
11.756421744324971
3.7371527777777778
2.7915061230585425
3.3742271505376342
6.511462066905615
24.43630525686977
94.3847072879331
247.5828853046595
246.57594086021504
160.9487007168459
69.22192353643966
36.901881720430104
16.3915770609319
3.972539575866188
4.109655017921146
3.3489284647550774
7.302008661887694
24.256944444444446
80.11910095579451
143.90979689366787
175.9580346475508
74.45004480286738
39.06537485065711
14.752314814814815
16.61462066905615
4.631709229390681
4.8571945937873355
3.8526844384707286
13.825268817204302
37.84516875746714
127.79607228195938
204.1468787335723
225.37933094384712
152.81250000000003
54.69608721624851
20.596139486260455
5.259483273596177
5.924395161290322
3.252482825567503
3.1412858422939074
13.721027479091997
36.054883512544805
68.83923237753883
183.43301971326164
229.6090949820788
114.83161589008363
58.07534348864994
22.76986260454002
8.266987753882917
6.729428016726404
3.1654308542413387
3.5149977598566315
5.425179211469534
40.211506869773
84.99663978494625
227.67249103942652
199.84580346475505
75.93152628434886
36.82441009557945
