679.2472980137399
182.94454674432495
116.35242611260458
161.7772686678614
100.04145243428914
193.62144347371566
566.3487391726402
3124.1321684587815
6453.416849611707
5668.89910020908
2149.915617532855
501.34623431899644
751.0462167712067
339.3680548088411
179.4000365890083
134.91098174283155
142.81298567054955
130.48130861708484
365.4819179360812
2340.235898297491
4091.7569071087214
3847.120579450418
1587.9766091696533
620.6648122013139
284.69624850657124
159.45582511947433
230.76915135902036
72.31351474761051
132.702825567503
106.91886805555559
441.3770232228196
2939.9586880227002
5444.477859916368
3172.4632541816018
1646.9229540023896
812.925860588411
313.1311182048984
463.5481193996415
98.15222192353643
183.55613280316607
189.20873323626043
223.88085498805256
600.9234520609318
2916.3852561230583
6246.849929062126
4871.361413530465
1935.707258064516
901.075283004779
478.7478438620074
182.98306974313033
157.50808617084823
111.66542644862602
129.62327975657112
163.95833295997613
707.9287772550778
3629.6166704002376
7016.630831839904
5209.096796594984
2775.0386574074078
879.6048588709675
339.38342517921154
238.83461133512554
138.88041293309433
179.71105775836315
109.64014878285548
197.20469944743127
1389.915826612903
2918.569250298686
7827.795142622463
5857.751523297491
1972.0559961170839
949.7040490591398
404.40917450716864
208.1038063769415
69.34943033154123
164.59816465053763
100.43331694295102
105.0122917040024
364.2457209528076
2476.70710125448
4505.634352598565
4368.8260790023905
1726.2273894862606
708.8563018966546
282.1501306750298
253.54941233572296
156.2780105660096
76.70963739545996
51.669008101851844
186.60151508363205
542.7536633811233
2161.026116338113
5048.2236372461175
3492.176631571087
956.0901933990444
703.8502538829152
380.3591151433692
275.89875224014327
164.67889568399042
106.3284903673835
126.11783885902032
144.63940300179206
628.5860939366787
3345.861182048985
7396.671535244921
5666.1855510752675
1868.3203890382317
1156.7936529271208
310.5256683094386
179.181644265233
130.25274249551973
128.88633008512548
153.33323331093194
167.4965300179212
821.2900511499403
3249.2952583632014
6088.941957885302
3619.075574970133
2628.1820191158918
1119.4498693249705
251.02440748207889
167.02649873058536
109.82724566905615
188.47857358870965
100.1386160020908
569.8448622311827
768.4051079002388
2816.7567876344074
6665.551392622463
6568.545415173237
4095.3706839904426
1225.5229913381131
328.54642958482674
292.77220318100365
281.4038817951015
131.8033458408005
124.06966285842296
179.15786178315417
696.2914228643965
4692.841457586618
8255.525944593788
5633.782907706097
2907.911454599759
958.0563172043011
422.79256645758664
292.33142921146964
109.80575003733574
212.32999671445646
128.83329129330943
178.18551747311827
658.5430189665472
2408.468645459976
7873.958198924735
6999.01274641577
3028.095949074074
966.2405521953405
423.9776724910394
230.22838709677424
148.53341692801675
130.22471647252092
114.0624887246117
168.6580630227001
1023.4935446535243
4307.921807795699
8425.8929547491
5365.039736409796
3760.127777777779
705.0887668010755
592.9726347819594
208.21893331839905
167.53740964755073
156.24560916965353
101.83122278225802
162.31214045698928
451.01259744623667
2254.9679024790908
5964.468481182795
3599.0843675328556
1369.7112305854243
525.7031089456393
433.6903987455198
176.67062051971325
98.33637608273595
180.0261890681004
159.02295557048987
162.92545997610512
370.07930219534035
2789.4431040919944
7202.162283452806
5138.710166517324
2122.4646766726405
1460.6563209378733
349.33560371863774
253.8334696087217
131.1396333632019
140.76841939217445
132.72292211768226
176.7301646505376
445.3437275985663
2416.2200530167265
4889.544496714454
4183.501948924732
2276.5446759259266
946.4206653225808
551.062554136798
193.27276284348866
135.06234509408603
111.24662358124255
75.84876594235364
88.18809658751496
764.8032015382317
2985.9651583034647
6403.842047491043
4760.520325567503
2461.331257467144
593.6578879181599
460.59968040621277
256.5204920848268
165.22558408004775
93.37441155167265
158.60934804360812
101.30985401732376
644.4218757467145
2640.71546072282
6634.299402628435
3981.938086170848
2961.1292749402623
957.9162373058539
260.2533658154122
209.29932833034653
132.6752983124253
169.86937018369176
92.79173536439667
199.7755712365591
465.6947849462364
1679.5779756571087
4682.227654569893
3762.484445937872
1863.2176560633218
884.2553255675028
