366.2121628584229
256.42907780764637
128.25815337514933
96.34948835125448
94.97732713560337
133.0382396206691
752.3927367084826
1724.2399223416965
6853.289837216248
4508.748304958183
1695.2620557048986
714.8499290621265
329.1072438769414
141.74339788679808
215.97014934289132
107.73793705197133
88.80878001792117
423.0386163381124
680.6799775985661
2201.966618130227
6911.4404047192365
6004.625504032253
3277.1320713859036
938.0775328554364
423.88871117084835
138.1076475507766
108.50674021804065
187.86021494175625
121.09391218637992
77.68789982825571
515.4410521206693
2775.104050925926
5740.667047491041
4973.194444444445
3571.2415994623657
846.4157553016727
592.5421318697728
212.44937126642776
175.24841173835125
110.27192040023895
115.42842017622459
218.81466285842293
454.64889560931874
2143.7457399940267
4849.374876792113
3113.3245295698935
2519.2474163679803
732.1432930107528
574.1149839456391
228.96844832735957
114.69849051672641
163.59249925328555
117.57605996117084
176.8259606481481
351.05860364396653
2206.152098267623
6236.148601590503
4444.1247834528085
1768.9054286140984
546.9005391278375
434.3075130675029
435.5923174283155
178.97555443548382
131.89499779719242
266.2434180854242
433.1290759408602
532.4938007765829
2565.117017622462
5972.371606182795
3658.9933766427703
1451.185610812425
711.1047879330944
205.5855745967741
276.68563284050197
94.44462376792113
190.2962103867981
195.41034759557945
200.31417450716842
1214.4118951612909
3348.4720131421736
6861.562078106333
5574.612503733573
3657.7355174731183
597.9935136648745
469.71870482377557
156.90611279121865
102.34078122274492
91.77344198028673
88.28556873506571
262.2229756571086
890.7720459976107
2465.9858646953403
7548.451956391875
5765.654353345281
3440.659811827957
1276.5665471923533
434.3373868727598
186.62006459080044
100.04611801821986
75.20434199522099
186.556896281362
142.25907668757466
668.8853016726403
2296.694030391279
6494.5599835722805
6455.982698626042
2842.1690561529263
519.8804883512546
258.57448364695347
235.64051000597368
101.19761062574668
90.33808226553167
129.09084412335727
110.05399462365588
477.7625918458782
2689.734117383513
6655.055719832736
4394.619056152928
1665.3363127240136
1231.1024156212666
243.534249178614
354.0291793608124
117.16334602747907
124.00485678016726
86.30719515382319
253.36116524790924
370.16762507467143
953.4004749103942
2773.073614844683
2719.6061193249693
1536.5319257765827
1045.735663082437
371.77155913978504
420.123959080048
119.56963134707287
101.06004704301073
115.82951205943849
99.55866487455202
564.7891838410991
3060.5830421146957
6225.195624253285
5054.56953778375
2585.055144862604
1406.2630787037033
347.7002878584229
329.07336880226995
297.9624548237753
124.15162794952215
139.876186155914
144.59260106780167
1339.3816830943842
3513.737369324969
7724.073920997612
5727.007388739547
2686.937929360814
930.4276433691753
294.42538866487456
407.99429062126643
132.04586656212672
185.99386861559137
93.45532713560335
142.28893667861408
693.9992689665471
3732.4301299283156
5886.535140382316
5694.532586618876
4264.61596848865
1013.3747647849463
639.2542446983274
278.21883139187565
179.80509483273602
120.24188773148147
83.79913018966549
303.4337585872163
691.8059595280764
3321.0738164575864
6650.316300776582
5130.617069892474
1598.6738313918754
715.787365964755
502.2165718339308
210.11507429808836
163.3873155615293
124.692701239546
293.46769713261654
408.38573439366775
649.6755734767023
2952.669313769414
5920.423140681004
3435.1027143070482
1418.3332698626045
467.7010401732379
227.79477822580648
176.92907930107526
164.399769265233
249.10798013739551
91.78340957287932
132.65759259259255
498.4014142771806
2477.455913978495
6903.10378210872
5124.457429808838
1813.0826986260447
689.4596957138591
478.220623133214
261.1223536439665
157.17542596326166
115.4846871639785
221.7917275612306
482.7897819593787
551.9322965203106
3452.9682160991642
8339.337044504184
7065.668817204301
3714.4366338112313
1243.283221326165
460.5141872013143
165.28515755675025
169.50577172939072
191.07963384856635
132.1401235439068
253.76614658004783
747.748343040621
1831.5177680704894
6869.099716248506
5277.858389336917
2845.1346102150537
592.6504155465949
409.4504506421747
147.2049190561529
120.62315180704901
175.61458236260452
112.48708042114697
121.62399242084825
694.1858008512546
2636.288735812425
7771.779248805256
5317.889292114695
2595.9056414277184
1134.4657108721622
