5.815785543612612
4.146132019120379
2.863575268821692
9.452844982078853
2.068884408606638
0.3997162485110588
4.487753882915173e-12
92.21848864994027
276.28360215053766
253.85379330943846
98.03800776583036
30.381645758661886
5.815785543612612
4.146132019120379
6.2237791218637994
3.1056227598611184
2.068884408606638
0.3997162485110588
4.487753882915173e-12
143.74029271206692
311.3810483870967
419.62178912783753
161.8817204301075
65.85200119474312
5.815785543612612
4.146132019120379
2.863575268821692
3.1056227598611184
2.068884408606638
0.3997162485110588
4.487753882915173e-12
187.80055256869773
504.4224163679809
351.67114695340496
328.77464157706095
64.73192951015531
8.055921445639187
4.146132019120379
7.343947879330944
3.1056227598611184
2.068884408606638
0.3997162485110588
4.487753882915173e-12
137.0221027479092
420.40023894862605
104.88164575866186
18.14142771804511
33.74182347670251
5.815785543612612
4.146132019120379
2.863575268821692
3.1056227598611184
2.068884408606638
0.3997162485110588
2.240135902031063
232.22819593787335
557.0452508960573
418.5024641577061
112.22744922341698
23.287783751493425
5.815785543612612
4.146132019120379
6.597147550776584
3.1056227598611184
2.068884408606638
0.3997162485110588
4.487753882915173e-12
92.21848864994027
361.4116636798089
525.3039127837515
167.10909498207886
27.021505376344088
17.016465053763437
4.146132019120379
2.863575268821692
3.1056227598611184
2.068884408606638
0.3997162485110588
41.81608422939068
146.35640681003585
398.0006720430108
368.09961170848266
175.69967144563918
7.606780167268525
5.815785543612612
4.146132019120379
2.863575268821692
3.1056227598611184
2.068884408606638
0.3997162485110588
4.487753882915173e-12
92.21848864994027
568.6417264038232
644.7573178016727
248.12985364396656
45.68914277180406
14.029868578255678
4.146132019120379
11.824298088410991
3.1056227598611184
2.068884408606638
0.3997162485110588
4.487753882915173e-12
159.798013739546
331.1693548387097
381.913082437276
277.99581839904425
36.728419952210274
5.815785543612612
4.146132019120379
13.6911215651135
3.1056227598611184
2.068884408606638
0.3997162485110588
4.487753882915173e-12
82.88418458781362
352.44922341696537
537.9618428912785
206.3138440860215
74.06660692951016
5.815785543612612
4.146132019120379
4.730383811230586
3.1056227598611184
2.068884408606638
0.3997162485110588
4.487753882915173e-12
4.487753882915173e-12
212.0676523297491
213.528972520908
226.84998506571088
20.674320489844682
10.296158154121864
4.146132019120379
2.863575268821692
3.1056227598611184
2.068884408606638
0.3997162485110588
4.106940710872162
151.95489844683394
355.0649641577061
422.9812574671446
195.48797789725208
40.089045698924735
5.815785543612612
4.146132019120379
9.583893369175627
6.092495519713261
2.068884408606638
0.3997162485110588
29.86872759856631
205.34498207885304
353.19705794504176
526.7633661887693
284.3473715651135
45.68914277180406
19.256869772998808
4.146132019120379
5.103711170848268
3.1056227598611184
2.068884408606638
0.3997162485110588
28.0019041218638
154.57063918757467
509.2458183990442
498.0398745519713
202.57840501792114
51.6627464157706
5.815785543612612
4.146132019120379
13.6911215651135
3.1056227598611184
2.068884408606638
0.3997162485110588
4.487753882915173e-12
142.6205943847073
361.4116636798089
359.5135155316607
240.6634557945042
50.169504181600956
6.935853494623656
4.146132019120379
2.863575268821692
5.345758661887693
2.068884408606638
0.3997162485110588
4.487753882915173e-12
101.92465651135007
297.19160692951016
330.7627688172043
18.14142771804511
18.807459677419352
5.815785543612612
4.146132019120379
2.863575268821692
3.1056227598611184
2.068884408606638
0.3997162485110588
4.487753882915173e-12
154.57063918757467
550.3173536439665
511.8484916367982
18.14142771804511
40.462141577060926
5.815785543612612
4.146132019120379
2.863575268821692
3.1056227598611184
2.068884408606638
2.266524790919952
4.487753882915173e-12
250.14822281959383
515.2199074074074
541.3257915173238
228.7130376344086
38.96882467144564
16.64333183990442
4.146132019120379
5.850448028673835
3.1056227598611184
2.068884408606638
1.8931526284348865
4.487753882915173e-12
163.52859916367981
353.19705794504176
303.50806451612897
104.01284348864993
7.606780167268525
5.815785543612612
4.146132019120379
6.970515979689365
3.1056227598611184
2.068884408606638
0.3997162485110588
4.487753882915173e-12
145.23633512544802
327.43391577060925
429.3279569892473
155.91136499402626
59.50526433691756
