7.363018593189966
1.0590531660692953e-09
1.0590531660692953e-09
1.0590531660692953e-09
0.4982078853046594
57.878098864994016
452.8864247311828
1267.9663231780166
2244.7095280764634
1112.9842443249704
205.22894265232975
1.0590531660692953e-09
12.203360215053763
0.26570900537634407
1.0590531660692953e-09
1.0590531660692953e-09
1.0590531660692953e-09
65.59539277180406
393.3762694145758
1013.8694743130227
1112.9842443249704
538.7339456391875
155.16603195937873
36.7546968339307
1.0590531660692953e-09
5.358400537634409
1.0590531660692953e-09
1.0037974163679808
2.3618951612903225
97.2402927120669
539.965651135006
1467.4380227001195
1646.6614396654722
978.0055256869773
182.56306003584228
20.52019489247312
1.0628378882915175
2.4357153524492237
1.0590531660692953e-09
1.0590531660692953e-09
5.461794354838709
106.39239844683394
577.4533303464755
1246.3918757467147
1551.4336917562723
737.9913381123058
140.71471774193546
9.109493727598567
1.0590531660692953e-09
1.0590531660692953e-09
1.0590531660692953e-09
1.0590531660692953e-09
7.429625896057349
129.3837738948626
876.1238052568696
1199.0456989247311
1783.1197729988048
447.74678912783753
41.93488649940264
52.78042861409797
5.557765830346475
6.830813321385902
1.0590531660692953e-09
1.0590531660692953e-09
1.0590531660692953e-09
57.15486857825567
454.340651135006
568.9049432497013
1148.7335722819594
669.0923685782557
99.82620221027479
1.0590531660692953e-09
3.1294280167264037
1.0590531660692953e-09
0.2804700567502987
1.0590531660692953e-09
1.1587933094384708
16.735853494623655
737.9913381123058
1757.933841099164
2430.9651284348865
996.3153375149343
359.817054958184
65.26224611708481
1.0590531660692953e-09
2.406145459976105
1.0590531660692953e-09
30.250395758661888
1.0590531660692953e-09
91.83501344086022
194.29293608124252
1403.8168309438468
1219.5993876941457
871.7943548387096
95.78494623655915
42.14251045400239
3.911857825567503
15.563284050179211
0.26570900537634407
1.0590531660692953e-09
1.0628378882915175
120.06877240143369
552.606780167264
1751.0106780167264
2430.9651284348865
1248.6693548387098
354.2534722222222
54.86786887694146
14.652591099163677
1.0590531660692953e-09
1.0590531660692953e-09
1.0590531660692953e-09
21.601885454002385
7.296444892473117
487.41898148148147
1480.3255675029868
1878.2743428912784
978.0055256869773
295.8887022102748
10.490005227001193
9.209364172640385
1.0590531660692953e-09
1.0590531660692953e-09
1.0590531660692953e-09
1.0590531660692953e-09
62.31111857825565
428.28143667861417
728.134333930705
1199.842069892473
786.8985215053764
47.088000298685785
47.34177120669056
1.978044728195938
0.2472595579450418
6.310659348864994
1.0590531660692953e-09
1.0590531660692953e-09
99.56111857825566
467.0221027479093
1246.3918757467147
1421.0734020310633
817.0221027479093
199.2960722819594
41.97703853046595
1.0590531660692953e-09
1.0590531660692953e-09
1.0590531660692953e-09
4.148077210274791
1.0590531660692953e-09
128.21580047789726
679.864844683393
1978.3325866188773
1825.5383811230581
996.3153375149343
338.71580047789723
1.0590531660692953e-09
12.236656212664279
1.0590531660692953e-09
1.0590531660692953e-09
20.062107974910397
1.771342592592593
57.878098864994016
145.24742383512546
1299.442951015532
1199.6875000000002
1267.9663231780166
131.0476403823178
74.22845728793308
1.254748730585424
1.0590531660692953e-09
1.0590531660692953e-09
0.2804700567502987
4.1554136798088415
172.03386350059736
438.18847072879333
1656.0207586618876
2169.829749103943
1144.3391577060931
209.03218339307048
39.60688470728794
2.8933430406212666
2.3470542114695343
1.0590531660692953e-09
1.0590531660692953e-09
1.0590531660692953e-09
120.06877240143369
539.965651135006
1444.5661589008364
1727.8550627240143
1087.373431899642
275.79050925925924
29.24795773596177
4.576045400238949
1.5314990292712067
1.0590531660692953e-09
1.0590531660692953e-09
12.236656212664279
81.74977598566308
467.0221027479093
989.2260304659499
1364.971251493429
1229.883139187575
346.94802867383515
47.088000298685785
25.261140979689365
1.0590531660692953e-09
1.0590531660692953e-09
1.0590531660692953e-09
55.283490143369164
70.72323028673836
487.41898148148147
1212.3163082437275
1463.816457586619
768.6006571087216
277.75429360812427
39.34872311827957
5.86766353046595
8.75186230585424
1.0590531660692953e-09
1.0590531660692953e-09
1.0590531660692953e-09
32.745172491039426
424.3936678614099
952.3827658303464
1348.5132915173238
609.5683990442055
78.15307646356034
2.848965800477897
1.1587933094384708
1.0590531660692953e-09
1.0590531660692953e-09
1.0590531660692953e-09
16.610775089605735
169.02486559139788
696.0513739545996
1801.3788082437277
2732.8606630824374
1145.5346475507768
372.55488351254473
55.283490143369164
