1423.5556078255672
930.7850862455193
966.7539799880531
1207.8976329151733
1056.6972617980882
1074.6155760902036
1573.9875933393073
1954.9267846475507
2242.9457959976107
2454.3551373954597
1949.6462029569893
1647.5187798685783
1286.6680592891278
932.481395609319
789.9670549581839
836.4633549880521
724.6661529271207
1012.9871214157704
1437.4407444743124
1917.8765867682196
2882.612175179212
3080.8960946833936
2405.8357004181607
1825.0905577957
988.7963149641579
1513.2187873357227
968.2810558542413
976.1199227150532
1125.2287500000004
1589.2343899342889
1804.3211320191158
2460.532343936679
3386.220004480286
3941.179136798089
3529.7613127240143
2347.1735364396654
1835.4778897849467
1145.3733796296294
933.3098006272403
688.2356145459975
782.8298312425328
894.635502538829
1491.6692428315414
2137.4947057945033
3180.7473864994035
3197.9279047192344
2881.5962141577065
1730.3353494623652
1025.2898633512539
645.8864602001194
451.5607586618877
712.967278972521
434.62643593189966
870.3690150836319
1313.5974727449222
1837.0428916517324
2524.8243876941456
3291.9593040621257
2995.1931787634403
1793.1907826687568
1340.6634333930706
1495.2180032855435
960.8507355137392
999.1228681302272
848.280167264038
1036.4290023894857
1239.1803875448031
1866.4431003584234
2398.332403673835
3302.277329749103
2331.682011648745
1609.0173200418158
1248.8493876941457
905.1536439665475
707.8475694444444
777.3266009557946
846.7606481481484
976.1568626792115
1422.934823028674
1868.6829599761052
2600.2512768817205
2925.3579375746713
3361.366338112306
1814.5690038829152
1314.269078554361
1115.0537447729987
847.1122535842294
962.7262208781358
833.5051597968935
1109.8849439964158
1505.3400836320188
2035.5239695340501
2490.0662821087217
3427.3897849462364
2351.685566009559
1769.260640681004
1259.7282220728794
1309.3035543608123
793.279879778972
851.7814105436078
868.1818287037036
1140.1164986559133
1553.5134184587814
2179.8372199820788
3351.7116935483873
3292.6273148148157
3096.548909796894
2052.247909199522
1380.2384259259265
1396.4424171146954
1052.6881048387093
979.0641838410988
1034.2520982676226
1256.956940710872
1837.8049768518526
2529.1944593787334
3672.7691905615284
4247.692689665475
4226.497386499403
2497.848043608123
1615.9701948924735
893.5298275089606
737.835632093787
772.9621124551973
805.2292999551971
889.0392544056155
1327.4279831242534
2155.1336506869775
3006.560857228196
3246.6820863201924
2484.3623805256875
1750.7769937275987
1245.1062910692947
832.7846587514936
741.5811603942651
922.720041816009
678.3873070863201
964.0636462066907
1285.5209752090802
1614.9753658900836
2179.12766577061
2390.9954077060934
2017.1048723118279
1422.2162335722817
903.7416517323776
1246.419582586619
1046.4752986857825
1372.5896393369183
1073.852423088411
1095.2790400985666
1268.9192764336915
1829.2754032258065
2236.3549656511345
2623.7642249103947
2695.3377762843484
1664.80256869773
989.6243391577062
1573.5344235364398
1216.4186827956983
1186.1961544205496
1212.9039116338113
1618.8250354689371
2389.4369772998803
3016.511503136201
3870.8787373058544
4558.652068399045
3955.104353345282
2949.385304659498
2006.021161887695
1440.636742084827
1183.5571945937868
1152.5095952807642
1327.79375
1863.7993503584225
2487.1448103345283
3240.4172304360814
4110.250530167265
4544.8835498805265
3951.712850955796
2708.829861111111
1666.1544914874553
1380.5487081839904
975.830712365591
1034.415008960574
1133.701239545998
1617.66717816607
2195.2640456989247
3145.5241226105127
3968.183183990441
5048.202023596177
3911.854652031062
2722.484393667862
1965.2486596475508
1818.1491487455205
1489.724514635603
1460.4937313321389
1379.1469156959372
1913.0995855734764
2381.9064926821993
2717.5620519713257
3502.6360140382317
4502.698700716847
3757.1065188172042
2786.1790621266427
2186.2494511648733
1427.8098192951018
1296.4830271804067
1392.2557459677419
1186.0852449223414
1789.497416367982
2131.2702583632017
3124.491304510155
4846.975433094384
4669.53655167264
4612.145123954599
3068.0432347670253
2094.4335797491035
1997.666905615292
1203.118190710872
1410.8064404121865
1383.2722035543609
1627.059792786738
2116.6763552867387
2979.157444743131
3539.4895385304667
4623.95486111111
3844.781586021507
2936.9400761648735
1854.6842704599753
1488.3805555555557
1274.4137507467144
1375.8829002389487
1432.861731257467
1822.183452807647
2357.551836917563
3059.6802382019114
4062.2163269115867
4644.491375448028
3803.0298685782564
2830.505264336918
