4.851403823205228
3.6648409498207886
2.3887022103020024
2.5906137993103657
1.7258064516401148
4.7084229390681
26.480361409796895
54.88724611708483
60.66308243727599
19.24096475507766
21.585274790919954
10.4413082437276
4.851403823205228
3.458669354865921
2.3887022103020024
2.5906137993103657
2.0299059139784945
7.458198924731182
60.67054958183991
124.54450418160096
92.46191756272401
46.75963261648746
39.002389486260455
7.1894041218638
6.029569892473118
3.5733012246117086
3.735215053763441
2.5906137993103657
3.5519713261648747
8.240008960573476
45.43757467144564
89.22117682198328
93.69399641577061
46.75963261648746
31.811155913978496
6.345579450445371
4.9425515232974915
3.5573812724014338
3.500410692951015
7.251978793309439
2.033075716845878
5.955062724014337
49.91412783751493
106.61589008363202
63.12724014336918
57.27337216248507
32.48730585424134
12.797565710872162
4.851403823205228
3.458669354865921
2.5399529569892474
2.761760752688172
1.7258064516401148
9.355600358422938
44.14202508960574
81.94444444444444
158.59468339307048
70.40807945041816
21.167488052568697
7.241935483870968
5.058370669056153
5.1423237753882916
2.8094011350059738
2.5906137993103657
1.7258064516401148
0.3334229390953121
60.49880525686977
163.90008960573476
176.77718040621266
138.7884557945042
36.44638590203106
11.479241338112306
12.417488052568698
4.159983572281959
2.3887022103020024
2.5906137993103657
1.7258064516401148
7.9517771804062125
2.7211768219832733e-11
64.71027479091995
66.8570788530466
18.413978494623656
42.207287933094385
22.086320191158897
4.851403823205228
3.458669354865921
7.443585722819594
2.5906137993103657
1.7258064516401148
9.722983870967742
54.72296893667861
163.90008960573476
141.81600955794505
81.43331839904421
20.546594982078854
11.678987455197133
5.701575567502987
4.1392995818399045
4.214867084826763
2.6383773894862603
1.7258064516401148
5.658990442054957
37.29540023894862
136.96983273596177
131.47774790919954
76.69168160095579
26.023372162485067
6.532646356033453
5.8559961170848265
6.544952210274791
7.941270908004779
2.5906137993103657
1.7258064516401148
7.259199522102748
2.7211768219832733e-11
74.80958781362007
109.61768219832736
64.51650238948626
21.18652927120669
8.845243428912784
5.7827807646356035
3.458669354865921
4.442502986857826
2.6988761947431303
1.7258064516401148
1.6934886499402626
39.11663679808841
136.96983273596177
88.75821385902032
55.43272102747909
29.873058542413382
6.345579450445371
4.851403823205228
3.458669354865921
2.3887022103020024
2.5906137993103657
1.7258064516401148
7.895773596176822
45.411439665471924
136.32392473118279
64.28838112305854
50.70601851851852
19.02217741935484
11.758885902031063
4.93578629032258
3.458669354865921
3.7785991636798086
2.626037186379928
2.2193473715651133
11.000612305854242
34.52247610513739
70.45250896057348
121.6995221027479
73.82803166069296
34.21856332138591
6.345579450445371
5.022550776583034
3.595590651135006
2.3887022103020024
2.5906137993103657
1.7258064516401148
3.8121789127837515
36.52367084826762
41.076762246117084
94.76926523297492
45.371490442054956
30.067204301075275
6.711768219832734
4.937376792114695
3.458669354865921
8.757056451612904
2.5906137993103657
1.7258064516401148
12.958870967741936
57.80689964157706
165.17697132616487
142.64486260454004
124.48140681003584
44.790919952210274
9.21023745519713
8.302344683393072
3.9303315412186386
2.4842293906810036
2.5906137993103657
1.7258064516401148
10.49433990442055
51.40755675029869
116.1215651135006
109.72968936678615
97.9506421744325
41.613649940262846
14.942876344086018
7.932497013142174
3.458669354865921
5.867458183990442
2.5906137993103657
3.6760752688172045
3.5447804659498208
83.44907407407408
176.77718040621266
222.52837514934288
132.71766726403823
38.256421744324975
10.125074671445638
4.851403823205228
6.7515307646356035
2.4265158303464753
2.6065348715651133
1.7258064516401148
7.895773596176822
62.58960573476703
178.19967144563918
124.58183990442055
92.12626941457587
41.613649940262846
6.536626344086022
5.96311230585424
3.5864359318996417
3.402852449223417
5.471923536439665
1.7258064516401148
21.827598566308243
49.44369772998805
85.26359020310633
141.4986559139785
110.36850358422939
24.108796296296298
6.345579450445371
9.440337514934289
3.458669354865921
3.9111409796893666
2.5906137993103657
1.7258064516401148
8.551762246117084
57.80689964157706
165.17697132616487
179.00985663082437
85.8090651135006
38.256421744324975
8.807385005973716
