1501.4341396056666
1442.9894106805516
1032.5593729001505
840.2697186026505
894.1784637394445
1293.613253801116
1715.1303427380237
2359.7403078735515
3346.639516534802
3799.259825296068
3335.7212740719165
2248.7149774185045
1832.3001771618178
935.0972599754054
872.1834240080942
817.9922877058856
1025.507094446431
1166.862722349361
1393.7903564028206
1808.460106041178
3010.6768271014585
2853.904575266745
2947.6133406823865
2044.9360463814514
1219.3712725509329
816.3002497537666
699.7966212367628
817.377640553791
789.2618128735919
1290.4450611004104
1122.2493248958708
2065.070948096291
2554.805149336439
3185.6039757625217
2487.4911914267386
2077.061193533691
1186.3308002271608
960.1269785391644
853.4603501818084
854.382921411462
890.7623017445642
1532.2340297507333
1423.6996002229405
2141.3240968222535
3314.3810390615204
3630.409221347066
3350.7305537857387
2377.8052697042453
1613.0051472651567
1188.5697704247623
797.033547403485
777.4037110374207
749.6693812173291
1119.2079552680896
1603.8063407787724
2080.542324278413
2704.5216467005757
3504.2122385099688
2983.917850793355
2160.6378438856677
1603.5995854105797
1266.4522451343328
855.5893400660113
917.2008522384558
727.3766287132407
931.0981483041567
1609.153867086583
2172.830440178558
2962.4559488102145
3006.8740452574693
2498.786991112685
2392.421330303403
1935.7983867066037
893.4792656194566
728.7413301379411
710.6536045729503
624.7052712188079
1353.914922276811
1397.6952844074056
1888.595273668509
2914.5001246113884
2785.5429255055096
2424.7370282766356
1851.2750488748252
1037.7874413582997
1016.862639835669
971.3036786194334
783.8122651500724
817.9694554215589
1100.3724886434943
1533.7716319264985
2355.3691534549016
2826.7939950845002
3359.59185375875
3378.4240806701246
2088.9882253302194
1464.3159138264455
980.5726476353689
1078.4285904534713
906.9522283443521
1106.1542321494646
1365.8853836821945
1859.225542088923
2209.244252623163
2896.663354376872
3321.40829432855
3614.329132624031
2357.15458631233
1802.2894812069162
2038.4952538885543
1313.3902143458731
1373.7466969405098
1052.5568435248322
1695.2908455001048
2031.8791263327325
2953.038918962962
3641.2739043945176
4292.351675268885
3529.834460049508
3586.8605685702373
2335.624294427232
1763.1481776341866
1550.068824765557
1709.4318253237652
1360.1695976294973
1618.7793300019518
1678.9704364579534
1891.9595694300363
3197.1691835576758
3021.062676814883
2900.416132822782
1981.3418301208533
1906.7160044047862
1168.9052310912914
934.2525082351808
1070.1268380249837
1149.1180874016818
1133.3134723815604
1551.7290329185944
2154.413561304
3150.2674225155693
3062.0031052317054
2538.7888394398096
2171.144058748361
1554.8694587521397
1387.0318183146703
949.6271396424172
969.6318789969529
1180.3887255386044
1445.8906985496217
1639.0188160261894
2114.70926278695
2362.4739240423423
3097.0919808070676
2530.000457775799
1916.739056037426
1322.7143527808269
1027.351052873914
886.181041007548
669.2945795249207
745.0145044549918
863.2179992290962
1293.520630892113
2336.987086110192
3025.693114366081
3442.5208746346784
3198.81900187755
2028.3071856498104
1560.8289860879363
1014.191192733663
671.4713277476507
660.7665693830418
563.3735963660746
957.8499557638586
1359.313784026682
1797.2598526979884
2654.7592324777747
2980.339444009094
2741.650744071613
1823.6580160414208
1497.9110098807826
869.1709298201164
680.5581005540976
610.7412305198061
444.1078981097046
639.2927684245351
1299.6716638738822
1930.2297435990195
2782.550998668549
3533.0977554400524
2456.778266868219
2067.4903635635633
1151.7083146811467
781.8471870515245
671.5230682700778
493.893319019091
615.2860174219581
1044.3485034599917
1562.653471329974
2344.5287710426846
2633.959490192099
3680.4064317256743
3541.432258878224
2238.8116993593276
1557.1573329012915
2168.7328414407025
1112.1881894323726
887.3553836521613
602.6617527868253
769.9413856192448
1433.9712892631442
1757.1637825447813
2534.081842032979
3039.7079325226746
2664.986481266062
2080.6962995352824
1215.6805670742526
848.6655224630664
727.0941256373885
771.3137782128986
683.4480616328842
1151.6402549833622
1438.838584970749
2169.5864164692725
2978.036807726685
2861.0238653666756
2600.5900960467006
2305.0417376227633
1413.7839426033124
1175.6227627211683
746.3642033039592
971.3991108261413
1003.6370560047296
1389.2619609193496
1753.9189179754203
2242.513218126018
2916.3952507211234
3290.570426903401
2803.7614340339424
2085.4515941792815
