0.0
0.7467278972520908
3.733557347670251
0.0
0.0
0.0
0.0
0.0
116.11402329749106
94.08788829151733
85.12731481481482
0.7467278972520908
0.7467278972520908
0.0
0.0
0.0
0.0
0.0
0.3733557347670251
54.8839605734767
148.96766726403823
116.11402329749106
84.00675776583033
6.3471139486260455
0.0
0.0
0.0
0.7467278972520908
0.0
0.0
0.0
0.0
100.06018518518518
107.52684438470726
73.92562724014337
6.3471139486260455
0.0
0.0
0.0
0.0
0.0
0.0
0.0
30.615330047789726
92.5939366786141
134.03513291517325
70.93738799283155
12.694190561529268
8.960569743130227
0.0
0.7467278972520908
0.0
0.0
0.0
0.7467278972520908
61.97681451612903
94.45747461170848
121.71255227001194
69.06970579450419
0.7467278972520908
0.0
0.0
0.0
0.0
0.0
0.0
0.0
67.94914874551971
95.20463709677419
100.80734767025089
91.47337962962963
40.32254330943847
0.0
0.7467278972520908
0.0
1.493414351851852
0.0
0.0
1.1200899790919951
62.35058243727599
175.475993130227
150.0885976702509
91.09961170848267
11.574025537634409
0.0
0.0
0.0
0.0
0.0
0.0
0.0
72.05794504181601
224.76138739545996
224.76138739545996
224.76138739545996
15.681186529271207
0.0
0.0
0.0
0.0
0.0
0.0
0.0
19.41442652329749
173.23906063321385
114.24630376344086
84.38052568697731
15.307683691756269
0.0
0.0
0.0
0.0
0.0
0.0
1.1200899790919951
39.57579151732378
102.67502986857825
101.92790471923539
54.13679808841099
0.0
0.0
0.0
0.0
1.493414351851852
0.0
0.7467278972520908
0.0
36.21580047789726
126.1951164874552
114.99309289127838
85.87029569892474
22.401422491039426
0.0
0.0
0.0
0.0
0.0
0.0
4.480283004778973
11.574025537634409
111.262208781362
205.71931003584228
175.10259856630825
14.93414351851852
10.827396953405017
2.240142249103943
0.0
5.226911589008363
0.0
0.0
0.0
17.921139486260454
106.03251941457587
88.11137246117084
67.206541218638
0.0
0.0
0.7467278972520908
1.1200899790919951
0.0
0.0
0.0
0.7467278972520908
64.21792861409797
140.75425627240142
126.94190561529271
93.71449372759857
6.3471139486260455
0.0
0.0
0.0
8.587029569892474
0.0
0.7467278972520908
0.0
67.94914874551971
177.71706989247312
171.3713410991637
98.5662709080048
0.0
0.0
0.0
0.0
0.7467278972520908
0.0
0.0
0.0
51.52232676224612
158.67540322580646
153.4502314814815
70.19026284348865
33.975433094384705
0.0
0.0
0.0
0.0
0.0
0.0
0.0
45.54999253285544
141.87481332138591
118.72849462365589
131.0468936678614
12.320687724014338
0.0
0.0
0.0
0.0
0.0
0.0
0.0
78.77740442054959
158.67540322580646
210.5752688172043
171.3713410991637
33.22883064516129
0.0
0.0
4.853823178016726
0.0
0.0
0.0
0.0
47.79110663082438
110.88847819593788
157.554846176822
97.81910842293907
8.960569743130227
0.0
0.0
0.0
0.0
0.0
0.0
1.8667764336917563
50.028001792114694
102.30167264038232
132.91423984468338
91.47337962962963
0.0
