2364.473331093191
1805.6151060334528
1363.6696456839904
1759.3225769115893
1616.6759083781362
1923.310793757467
2130.0393779868573
2451.055167264039
3119.265908751494
3628.3285170250897
3327.0217667264046
2832.9529345878145
2514.266614396654
1999.5148409498215
1968.1386499402624
1773.8037406660692
1604.2453405017925
1894.7935487604548
1995.586925029869
2857.482373805257
3859.953576762247
4352.407668757469
4257.592293906811
3263.4586693548385
2430.819941009557
2030.9940412186388
1519.4637768817208
1546.8634259259268
1800.9975918458779
2044.7806910842294
2470.362735215054
3064.037507467144
4182.862959229391
4935.3294504181595
4860.444705794504
3432.9689329450434
2803.322692652329
2226.6759744623655
2403.183792562724
1727.8198338560335
1675.544855137396
2085.945191158901
2488.561238052568
3283.423379629629
3989.0426896654712
4818.726478494625
4864.026657706095
3716.0256869772993
3305.5004106929505
2766.3155988649937
2770.3235103046604
2371.884714755078
2265.294212962963
2517.919351105137
2836.4291330645156
3619.784759557944
4816.753867980886
5857.375410692952
5612.465688470728
3967.9835722819594
2535.062018369177
2738.9029159199513
2131.1016838410983
1971.6814590800482
1787.0615998357225
2004.5124723715658
2859.776075268817
3282.7584826762245
4208.677531362008
5662.124514635602
5166.057347670249
3479.595318100358
2746.8802606033455
2469.5862193847065
1854.404513888889
2001.943428912783
2093.440990890084
2094.43874327957
2271.670011947431
3136.9626530764644
4364.755947580645
5112.155652628437
4660.099761051375
3283.3023446833936
2974.481152927121
1793.2321199223402
1218.1677606033452
1387.2685334528073
1143.2492226329152
1612.1146505376344
1906.1488276583034
2579.848499103942
3589.6863276583026
4238.221998207886
3932.9978718638
2645.364956690561
2171.605779569892
1879.6152180406214
874.4457847968937
975.7656586021507
994.822256571087
1306.6611857825567
2094.3560745221025
2444.8766315710877
3275.4839717741934
4280.046931003584
3738.6198476702516
2493.7817839008358
2223.481929510155
1352.2115292712062
903.6629838709679
1071.9531735364399
898.008035020908
1233.9659401583028
1571.354379480287
2054.3229988052562
2480.8452695639185
2743.2305854241326
2671.5943361708487
2212.999884259259
2388.4820083258664
1759.1135267323764
1427.053655167264
1528.8357750896055
1252.317043757467
1704.5149417562725
1662.2518294504182
2669.8850881123053
3293.108863500597
4307.081615890084
3713.9869698327348
2839.9842816606924
1976.2735028375157
993.3010939366792
815.5150164277179
726.2119922341694
818.3316345579452
861.6895448775387
1452.251650238949
1933.5010603345281
3091.33367308841
3850.3274342891273
3359.5421893667854
2230.46438172043
1587.3590949820784
1106.8806376941457
575.2318137694148
591.0684961170848
652.3221154420547
611.3292693399042
1437.3832325268816
1853.09842816607
2688.7629106929517
3174.1567727001193
2635.9501568100372
1689.2930854241336
1081.1240143369173
728.2855921445642
666.9442913679809
599.0688881421745
657.1183915770608
619.3846486708483
1233.418447580645
1624.9392062425331
2498.031141726402
2937.654719235365
2408.5249402628433
1319.507780764636
889.9536514336914
677.8288567801674
702.4068651807047
749.400515232975
675.4702136723416
876.9905611559142
1249.3802307347673
1823.7500448028675
2481.0284087514933
3029.5980958781365
2804.8217592592596
1674.917936081243
1036.5932272998803
879.0495519713263
896.8947804659497
938.4816980286737
835.858281063321
1228.2580757168457
1854.4966248506578
2888.98412858423
3875.484543010754
4777.902591099162
4246.269601254479
2519.1040919952206
1469.7244623655913
1026.7880787037036
856.9664538530471
838.5822393966553
880.3930779569889
1563.8399977598565
2084.3562649342894
2491.2739882019114
3684.3536663679815
4126.052008661887
4236.521169354839
2269.3148148148152
1678.2003061529272
876.0743413978495
814.156604689367
840.3210834826758
718.6266330645161
1388.659733422939
1897.8117495519714
2305.477882317801
3585.2612753882913
3938.0301299283155
3895.608945639187
2177.21199223417
1436.8858646953406
877.0048723118285
893.3689740143369
837.3685334528075
828.4088709677418
1159.2679510155317
1763.94078927718
1990.7819705794498
2811.6364471326165
3318.0389038231788
2616.708520011947
1784.6338635005977
1306.8195713859018
910.1036999701316
727.9580981182793
659.183349014337
775.6668794802868
1116.7026657706092
1636.9440598865
2329.776198476703
3354.6000224014324
3687.349947729988
3923.7577658303458
2288.6491562126644
