30.97382765830346
19.604017323775388
6.344646057347671
5.379890979689367
4.540154569892474
21.981070788530467
33.880563022700116
121.38216845878136
236.5363649940263
329.2290173237754
161.76933990442055
74.44967144563918
33.48547640382318
16.98543906810036
4.940150836320191
3.8023670848267623
4.019862604540024
8.602337216248507
26.584266726403822
75.9188321385902
156.28322879330946
185.42077359617682
106.67786738351255
46.21938470728794
15.585610812425328
10.991002090800476
6.6497162485065715
4.350798984468339
3.603434886499403
3.157276732377539
30.730324074074073
86.35902031063321
210.26022998805257
222.627688172043
143.5200119474313
33.727299880525685
17.90994623655914
6.761760752688172
9.661252986857825
3.376026732377538
2.7727710573476703
13.000373357228195
34.20538381123058
122.16173835125448
218.71191756272407
230.68212365591393
174.76441158900838
52.06354540023895
14.877202807646356
8.609953703703704
4.276217144563919
3.0943436379928313
2.629872311827957
3.100582437275986
16.936230585424134
71.14284647550775
135.53614097968938
129.1282108721625
70.05301672640383
44.228531959378735
14.492495519713264
4.800309886499402
7.024156212664277
3.140259109916369
0.651628957586619
8.521729390681003
25.567577658303463
72.58139187574672
110.43757467144565
182.53957586618876
98.33258661887693
24.88519265232975
14.877202807646356
8.80962514934289
8.6396729390681
3.051191009557945
4.353528225806452
10.729241338112306
32.66065561529271
108.3635752688172
205.954674432497
251.10401732377534
171.90785543608123
92.18712664277182
15.246901135005974
7.592853942652329
7.460909498207886
5.041722670250896
3.5590688470728793
6.964643070489845
29.8504330943847
103.68988948626045
220.99462365591398
232.34767025089604
163.7869623655914
43.13489396654719
19.972520908004782
8.951351553166068
4.796632317801673
4.9907407407407405
0.8799171146953405
9.634632616487455
33.082399940262846
88.31914575866189
198.7126642771804
201.75216547192355
118.28330346475508
28.141502389486256
25.12201314217443
2.8631608422939068
5.290061230585423
3.617032556750298
3.6593600657108722
8.42010155316607
28.30398745519713
75.81354540023897
203.43152628434888
229.09572879330943
101.89702807646356
45.289351851851855
14.062163978494624
20.36144713261649
4.911925029868578
5.563108572281958
3.489411589008363
30.19212962962963
38.19403375149343
135.73887395459977
242.684811827957
271.3982228195938
225.97856929510155
83.93555854241337
45.37940561529271
12.730062724014337
9.993279569892474
3.297177419354839
3.798002538829152
7.0667189366786145
34.29271206690562
101.04353345280765
196.45011947431303
201.61364994026283
125.66009557945041
27.975134408602152
15.055592891278375
13.782818100358421
7.879853643966547
8.375746714456394
3.8540733273596177
14.580421146953407
49.93652927120669
71.45123954599761
258.2131123058543
234.80697431302266
162.64486260454004
88.02382019115889
31.87612007168459
11.347632915173238
2.8781922043010755
4.744246565113501
5.068279569892473
9.121714456391876
34.6878733572282
97.92674731182795
209.08714157706092
262.48506571087216
181.45683990442055
53.888888888888886
15.89796146953405
10.59005376344086
6.226067801672641
2.7579226403823176
0.6451821983273596
4.407892771804062
26.563732078853047
73.19183094384707
148.9781212664277
159.24432497013143
90.96102150537634
36.609804360812426
8.93208632019116
13.958856033452808
3.939949223416966
3.80274417562724
2.624899193548387
9.941905615292711
26.455570489844682
56.536364994026286
138.39493727598565
178.59767025089604
80.9274193548387
26.82287933094385
13.340501792114695
10.501642771804061
3.0068735065710874
2.316244772998805
4.117323775388291
7.7407780764635605
29.815785543608126
77.3334826762246
118.78285543608122
165.6929510155317
52.69638590203106
34.6878733572282
16.48499103942652
5.256272401433692
5.8362455197132626
3.522423835125448
8.071535244922341
13.416255973715652
37.68115292712067
99.69011350059738
194.7700119474313
223.23812724014337
160.86917562724014
32.48185483870968
18.87410394265233
7.238687275985663
7.909498207885305
2.294687126642772
2.8325940860215053
8.800440561529271
30.53778375149343
72.0504778972521
190.19787933094383
174.10356929510152
60.878509557945044
26.510080645161292
16.906922043010752
10.74540770609319
9.697393966547192
7.751344086021505
4.169929808841099
8.627389486260453
33.3950119474313
45.44481780167264
173.54540023894862
149.69907407407408
86.46468040621266
25.48334826762246
