0.0
0.0
0.3733557347670251
0.0
0.0
0.0
3.3602337216248506
47.417712066905615
205.34595280764637
114.99309289127838
106.40628733572282
17.921139486260454
1.1200899790919951
0.0
0.0
0.0
0.0
0.0
0.0
46.29678166069295
103.79144265232975
111.262208781362
32.1086096176822
0.0
0.7467278972520908
0.7467278972520908
1.1200899790919951
0.0
0.0
4.853823178016726
0.0
29.86869026284349
120.96957138590203
96.32515681003584
59.73573775388293
0.0
0.0
0.7467278972520908
0.0
0.0
0.0
0.0
0.0
6.7206541218638005
137.7701612903226
102.30167264038232
39.57579151732378
0.0
0.3733557347670251
0.0
0.0
0.0
5.226911589008363
0.0
0.0
21.654760304659497
96.32515681003584
110.51508363201911
68.69631123058544
13.440852747909199
7.093738799283154
0.0
0.0
0.0
0.0
0.0
4.853823178016726
11.200899790919951
95.57803166069296
111.262208781362
97.07194593787335
5.226911589008363
0.0
0.0
0.0
0.0
0.0
0.0
0.0
29.86869026284349
79.52456690561529
116.48738052568697
85.12731481481482
16.427848715651137
0.0
0.0
0.0
0.0
0.0
0.0
0.0
38.82937574671445
142.99570639187573
125.44795400238948
101.92790471923539
14.561017771804062
0.7467278972520908
0.0
0.0
0.0
0.0
0.7467278972520908
6.7206541218638005
59.73573775388293
97.07194593787335
93.71449372759857
15.307683691756269
16.427848715651137
0.0
0.7467278972520908
0.0
0.0
0.0
0.0
0.0
18.667764336917564
120.96957138590203
173.23906063321385
85.12731481481482
22.774962664277183
0.0
0.0
0.0
0.0
0.0
0.0
0.0
26.881705495818398
121.71255227001194
177.34367532855435
205.34595280764637
13.440852747909199
0.7467278972520908
0.0
0.0
0.0
0.0
0.0
0.0
22.774962664277183
118.35510005973715
159.7959229390681
57.87219982078853
17.921139486260454
0.7467278972520908
0.0
0.0
0.0
0.0
0.0
4.853823178016726
66.45937873357228
103.79144265232975
125.0745594384707
88.11137246117084
13.067312574671446
0.0
0.7467278972520908
0.0
0.0
0.3733557347670251
0.0
1.1200899790919951
48.164463859020316
123.20687724014337
109.7679211469534
40.69593787335723
12.320687724014338
1.1200899790919951
0.0
0.0
0.7467278972520908
0.0
0.0
0.0
72.05794504181601
125.0745594384707
130.67312574671445
106.40628733572282
4.853823178016726
0.0
0.0
0.3733557347670251
0.3733557347670251
0.0
0.0
0.0
49.28539426523297
114.61969832735961
146.7307347670251
130.67312574671445
17.5475993130227
0.0
0.0
0.0
0.0
0.0
0.0
0.0
45.54999253285544
138.89071833930706
142.24854390681006
94.08788829151733
0.0
0.0
0.0
0.0
0.0
0.3733557347670251
0.0
0.0
53.390008960573475
118.72849462365589
138.51732377538832
87.73797789725211
26.881705495818398
0.3733557347670251
0.0
0.0
0.0
1.8667764336917563
0.0
0.0
61.97681451612903
138.51732377538832
146.35734020310636
102.67502986857825
11.200899790919951
0.0
0.0
0.0
0.0
0.0
0.0
6.3471139486260455
27.25524566905615
92.96733124253285
151.5825119474313
66.45937873357228
12.320687724014338
