499.0302691905615
168.04473977001197
166.61337701612902
318.00474055406227
101.1264973864994
80.10210808691755
1121.0156212664276
2419.790856481481
8304.837806152926
5585.932209528079
3199.504274940262
907.7154409348861
447.0809699820786
197.30652740442048
108.0695943473716
128.25209378733578
181.75683628285543
244.72883064516128
673.741992607527
2547.085760155317
7777.473917264036
3833.171389635602
1635.1928240740745
365.7853214605736
327.73876008064514
398.90081205197134
153.4639956690562
124.87940509259256
136.97872733721627
115.6481104390681
524.4439575866188
3613.866700268817
5655.442943548386
4583.517215501792
1743.366890681004
798.5133986708482
396.77614658004785
245.0614740143369
94.18503546893669
190.2811976179809
132.38211633811233
251.70320374103943
877.0969354838708
4993.43477075866
9461.430592891278
6416.527311081242
3974.3723043608124
1501.2246490442055
326.50905428614095
169.44518817204298
175.59445937873366
154.32769728195936
57.662288866487444
157.65386238052568
648.7331884707289
2218.180701164875
6994.915337514934
4621.248230286737
2500.042043757467
759.2307788231778
416.5816483721626
282.27019003882924
89.84426941457589
274.1927389486261
98.51782765830346
148.74531362007167
859.8361402329747
3134.352706839905
7864.117637395459
6154.103733572284
2554.7668720131423
1138.7878397550778
442.97169840203105
249.59809886499406
302.3765259109915
102.9180907631422
114.47780077658302
145.35646542712064
339.3493895609318
3412.991752538828
5951.838373655914
4338.199865591398
2613.910334528076
541.6826810782553
285.34026807048974
240.28992346176818
122.43290303912784
130.7036930630227
97.64953625298683
210.88475246415774
715.7591435185185
3155.8142062425336
6775.89458632019
5850.564307048985
3251.210939366787
913.0043570788529
196.3626478494624
216.86883848566308
110.89380462216245
163.2265372983871
92.65304461618878
142.2356556152927
514.5753991188768
3835.953651433691
6933.704543757467
6371.368122759856
1698.9134595280775
723.4716360513738
582.8527031063321
352.57509333930705
238.32086096176823
97.9777780017921
161.06142435782564
117.1416836917563
768.1925265083634
3730.8968750000013
7136.478136200715
4252.540046296295
1778.609139784946
985.0506488948627
698.6449402628435
355.65676485961774
258.0256608422939
128.08560173984463
225.2209759557946
252.7242028823178
654.2254330943846
1839.5924320489848
3661.6665359916374
3693.0107041517317
2768.7890158303476
777.3771236559139
680.6440994623656
314.1502994324971
128.09355764635606
118.987601963859
134.66967603793307
220.02925253882907
361.25267585125465
3215.3462365591404
3303.1851889187583
3955.5160506272396
1487.86772886798
755.8942779271205
358.06408975507765
333.70506160394274
177.81292824074077
108.94861338859019
103.39059083781358
245.40266017025084
600.5531507616485
1995.5518219832732
5855.084184587814
5010.984920101555
2003.722240890083
1139.1739247311825
486.5263582735961
247.20442839008362
227.20679584826757
149.3431410170251
99.26227262544803
286.29239620669046
786.7166976553168
2839.57609767025
9078.843365442051
5705.341853345283
4671.299077807647
1264.6124103942652
329.71449111409794
159.73049992532853
136.26595893070487
130.83983729092
121.76038761947432
680.4234923835127
644.3731022252092
3241.3498506571095
6450.873058542412
5796.6150313620055
2255.805114994026
1321.1692092293904
309.79511574074075
261.85136350059736
123.30660674283152
132.41481376941456
99.79290102299882
325.4073080943847
602.7749070340499
2511.302751642772
6719.53629032258
5632.88377016129
2144.169672192354
543.2811693548387
455.6081354540025
198.31591136499404
132.12728830645156
100.39387843488647
210.87576732377536
202.25508549880536
634.7961036439663
1754.9088224313023
4707.237724014335
2908.530940113502
1481.3499626642774
701.6930066457587
418.82373842592585
214.30918163829156
241.01239770011944
195.70094534050176
120.26139482526884
194.52266838410986
571.1083740292715
2357.5204562425324
5930.7828068996405
4975.793018219834
2271.052255077659
1203.9127389486262
398.7233893369174
287.27368988948626
178.04419952210276
111.29683546146953
106.18808266129028
258.69362007168456
595.4601396356035
2936.2713186977303
6631.3498431899625
5979.645661589008
3574.6524641577066
1392.2544018817205
277.16250298685776
222.94125522700128
205.4716423984468
126.1439077434289
83.51378729838711
225.84450754181606
438.10620781063324
3365.124522102747
7023.834916367984
4607.144171893668
1765.5670773596166
766.6695176224611
