5.96311230585424
3.7890232974910396
2.3887022103020024
2.5906137993103657
1.7258064516401148
7.988366188769414
46.33736559139785
145.13515531660693
211.3500597371565
103.32325268817205
49.27718040621266
6.551751045400238
5.701575567502987
3.458669354865921
2.3887022103020024
3.0387918160095575
3.3974761051373954
12.70573476702509
62.58960573476703
161.9586320191159
170.88933691756273
70.29233870967742
27.328629032258064
10.19377240143369
4.851403823205228
3.6238463261648746
2.3887022103020024
2.5906137993103657
1.7544642323775388
5.955062724014337
63.12724014336918
154.0359916367981
168.81720430107526
84.68152628434886
29.77150537634409
10.171370967741936
6.204711768219833
3.458669354865921
2.9260379330943844
2.5906137993103657
2.314889486260454
12.687813620071685
71.80406212664278
201.25448028673836
224.19354838709677
104.68227299880526
49.58109318996416
12.62955495818399
4.851403823205228
3.458669354865921
2.466715203106332
4.63048835125448
2.1974686379928317
6.693936678614098
60.66308243727599
65.41218637992831
118.80973715651135
76.33699223416964
29.876045400238954
10.445415173237752
5.346550179211469
5.920474910394265
2.3887022103020024
3.3500597371565113
1.7258064516401148
2.8999178614097967
54.4578853046595
118.3729091995221
168.30197132616487
72.3980734767025
23.81011051373954
8.150238948626045
6.801672640382318
3.458669354865921
5.641763739545998
2.686140979689367
1.912873357228196
7.072147550776583
35.30540621266428
119.2465651135006
207.77329749103941
80.3132467144564
43.537186379928315
6.743615591397848
4.851403823205228
4.115404719235364
2.7867383512544803
2.5906137993103657
1.8054136798088412
8.811992234169654
36.52367084826762
141.4986559139785
168.35050776583034
135.80159796893668
47.14493727598566
8.87694145758662
5.484244324970131
3.458669354865921
2.3887022103020024
3.2592965949820787
2.679472819593787
0.3334229390953121
54.4578853046595
179.00985663082437
190.54659498207886
119.66509856630825
32.130002986857825
7.187798685782557
9.612828554360812
3.506432945041816
2.9260379330943844
2.7896206690561525
1.7258064516401148
8.930719832735962
53.87171445639188
156.45534647550775
185.59587813620072
74.2648596176822
29.873058542413382
11.671146953405017
7.940113500597372
4.981108124253286
3.2309214456391877
2.920967741935484
1.7258064516401148
0.7636798088410992
19.15807945041816
45.411439665471924
53.87171445639188
55.96662186379928
30.87402927120669
7.8298237753882916
4.851403823205228
3.95221027479092
2.462335722819594
2.5906137993103657
1.7258064516401148
5.7067801672640375
30.13142174432497
76.02673237753883
104.40188172043011
60.82399940262844
20.754928315412187
7.019041218637992
4.93578629032258
3.906063321385902
2.3887022103020024
2.5906137993103657
1.7258064516401148
13.189605734767024
32.25246415770609
87.3618578255675
131.47774790919954
115.86058841099161
30.067204301075275
6.345579450445371
4.851403823205228
3.5940001493428912
2.3887022103020024
3.9040845280764636
1.761229838709677
7.259199522102748
24.708781362007173
76.02673237753883
111.8839605734767
60.01754778972521
48.424432497013136
10.23446833930705
6.017622461170848
3.458669354865921
2.3887022103020024
2.84375
1.7258064516401148
11.152195340501793
11.22423835125448
83.44907407407408
110.89083034647551
57.17629928315412
34.29136798088411
7.1957511947431305
4.851403823205228
3.458669354865921
2.3887022103020024
2.6208635752688174
3.965800477897252
11.96574074074074
58.43040621266428
143.2534348864994
211.3500597371565
126.99036738351255
26.858945639187574
7.353382616487456
5.341771206690561
3.458669354865921
2.3887022103020024
2.5906137993103657
1.7258064516401148
9.583721624850657
42.9136798088411
148.1070788530466
135.52867383512546
81.28024193548387
31.811155913978496
12.89165173237754
5.814628136200717
3.7404756571087217
2.675280017921147
2.5906137993103657
3.986521804062127
11.458721624850655
63.12724014336918
110.56227598566308
102.87858422939068
75.05637694145759
24.510902031063324
9.879666965352449
4.851403823205228
4.115404719235364
2.3887022103020024
2.78803390083632
1.7258064516401148
9.997401433691756
53.95385304659498
138.35125448028674
154.11439665471923
108.08355734767025
33.81235065710872
12.398820191158903
5.188926224611707
3.458669354865921
2.4046232825567504
2.5906137993103657
4.97886798088411
13.819832735961768
37.53360215053763
170.75866188769413
154.11439665471923
72.75649641577061
35.34460872162485
12.395459976105139
