2367.7428873655244
1972.4739088884364
1428.7946103553484
1520.6890137042037
1662.1912277030056
1482.7983187652737
2425.0014934250016
2485.792757096969
3800.8612123233306
4078.951917589974
3952.741248683624
2840.5039409788387
2055.8108365106837
1879.9091402024071
964.2062622697432
1067.8609705015851
907.9609474930269
1622.2533249479266
1788.6935486071213
2243.462234177378
3224.8210176629896
3876.796376342011
3101.0748475521573
2513.8491437530156
1990.3998791817576
1095.470754532739
1017.1155840503825
891.6087934809113
938.7787446238909
1271.14151047317
1620.2796004335057
2716.2443837295036
3439.3220400174446
4125.201496670527
3440.2390259548147
2227.8206693401444
1798.9812818579849
1287.6943993874308
877.4487686405898
1027.4488413636718
1107.027237527121
1624.1382860231347
2157.2008420090815
2842.673055155587
3578.229568034041
4214.140516149937
4149.272033773792
2448.1035821295745
1959.3475494455631
1593.54859360278
1469.6551685205702
1403.840143235748
1352.651139356517
1497.0642452173138
1988.4305492614499
2873.399156715689
3752.4140712824155
4424.97877823518
4600.662661127882
2901.3955350445676
2405.335166354426
2129.961844148669
1783.828240902331
2108.6208716530323
1773.0346555202902
2346.190728546092
2806.4594189085665
4065.2665064868033
4681.092153260632
4664.216189821388
5658.426216023079
4251.511757424075
2686.5192387078005
2012.862770697115
1788.4297149945717
1599.3755953136927
1793.561539886669
2057.2024338508845
2103.6964007455185
2626.60525724079
2776.6747325862993
3953.3067023872327
3051.3469073088927
2254.6413496514065
2048.019572481358
1361.4691063828611
1304.0519798440446
1108.0234173304787
1108.9863550631364
1260.231719527604
1656.3312085394018
2573.2957588909826
3062.363853955468
3645.5582516082122
3673.522572306924
2287.1787868594897
1679.0484257738763
1430.8154045051424
927.3453691273058
1134.0505265821062
1022.4546924989266
1468.134860982075
1788.8568182239287
2542.954303399747
3091.1290167125935
3549.8082719271156
3097.4819850732524
2481.9220967663323
2755.5854564159977
2267.7421512899878
1634.7237800194102
1942.0346188341778
1530.0593356843303
1639.4527921473564
2079.6387066792076
3294.791495127837
3582.8589029010886
4173.283836260521
3722.2578098105596
2815.4731731102606
2509.2946162611624
1776.3917334884272
2153.158516372486
1587.4719089557846
1680.9477898337996
1692.896429763002
2338.892528378503
2760.3734549587093
3960.832056914906
3941.5739522031727
3870.633314722424
2995.1667629165536
2557.778862827724
1776.9075347053893
1422.5579704514298
1600.0364310656041
1551.9280773210369
1616.9350595231374
2010.180902318237
2653.812631644502
3298.67758529932
4015.302239042937
3274.5488454135266
2803.087383121121
2524.0297820795
2260.1249261402377
2010.098275395106
1964.5745238595568
1945.2978656969074
2201.404680777818
2770.793426987958
3177.1902103675943
3848.3306034031543
5082.77739000659
4345.343834418571
2937.8592509298987
2989.6048732408026
2280.302262551336
1941.9220430983485
1769.4515463707978
1887.202138863594
2299.3027289184643
2322.2905756352434
3250.8854060026656
5087.762782824862
5265.181567585696
4752.814409583642
3278.5530189831443
2440.376876619597
1711.431957742624
1634.1077226102552
1712.4725808451085
1420.4024662137454
1999.4157786431886
2222.608179934687
3074.3709862105316
3839.405551175505
4131.394551535974
3756.035675373883
2654.9318922361635
2158.9352818341877
1435.5879213075716
987.8204250762004
979.4717263382051
940.4162926736233
1441.2428692309873
1640.604328897778
2388.098642941912
3210.934141589697
3594.149540087604
3205.2914463783723
2222.325063384352
2064.5028823334765
850.3688178758973
759.2389546201377
906.6626850585179
787.811962389103
1028.5839052297042
1223.0681480026146
1700.5988837965683
2277.803602348611
1929.533298511816
1509.6727756046268
1652.7888648312512
1321.9345506432278
977.3013823606552
795.3705819054917
817.2443920153626
720.69074322888
1009.4457236568797
1264.8196278234795
2294.9751475388075
2790.881274529991
2703.6989719491967
2882.787295184821
1929.299980837554
1323.8230476596766
877.2983144284179
631.3230048189895
671.3720032726357
648.6250322123346
823.2393368979383
1292.2560767568898
2250.891083434625
2818.002791149623
3316.6836995960666
3067.0712303059604
1962.586129797196
1120.1988022209946
862.7816598239162
620.0367444852618
554.9207842132379
484.5830954312528
759.956499449816
1304.52168081891
2004.1156412144287
2578.460972794002
3576.301609699099
2370.837669846369
2086.051803259328
