5.815785543612612
4.146132019120379
2.863575268821692
3.1056227598611184
2.068884408606638
0.3997162485110588
44.05596624850657
143.74029271206692
388.29039725209077
409.54413082437276
169.7248357228196
7.606780167268525
11.042801672640383
4.146132019120379
2.863575268821692
3.1056227598611184
2.068884408606638
0.3997162485110588
4.487753882915173e-12
57.12514934289128
456.22461170848266
438.66338112305857
133.88366188769413
60.62473864994026
14.029868578255678
4.146132019120379
2.863575268821692
3.1056227598611184
2.068884408606638
5.626732377538829
4.487753882915173e-12
188.1724163679809
360.66345579450416
511.8484916367982
18.14142771804511
51.6627464157706
5.815785543612612
4.146132019120379
2.863575268821692
3.1056227598611184
2.068884408606638
0.3997162485110588
11.200679510155314
215.7989844683393
509.2458183990442
415.8908303464755
130.51971326164875
21.04786439665472
5.815785543612612
4.146132019120379
2.863575268821692
3.1056227598611184
2.068884408606638
0.3997162485110588
4.487753882915173e-12
150.0918458781362
236.33512544802866
307.9872311827957
94.6789127837515
34.11495669056153
13.65628733572282
4.146132019120379
2.863575268821692
3.1056227598611184
2.068884408606638
0.3997162485110588
19.414725209080046
190.03994922341695
562.6680107526881
354.28651433691755
143.9616935483871
7.606780167268525
13.65628733572282
4.146132019120379
2.863575268821692
3.1056227598611184
2.068884408606638
0.3997162485110588
4.487753882915173e-12
91.84662485065711
387.1706989247312
485.69071087216247
303.38747013142176
27.021505376344088
5.815785543612612
4.146132019120379
2.863575268821692
7.959080047789725
2.068884408606638
0.3997162485110588
4.487753882915173e-12
70.56264934289128
268.0689964157706
204.1950418160095
110.35991636798089
45.68914277180406
5.815785543612612
4.146132019120379
2.863575268821692
3.1056227598611184
2.068884408606638
0.3997162485110588
4.487753882915173e-12
143.74029271206692
140.38119772998806
308.73506571087216
153.29562425328555
17.31414277180406
5.815785543612612
4.146132019120379
2.863575268821692
3.1056227598611184
3.1889523596176823
0.3997162485110588
4.487753882915173e-12
276.65994623655916
514.1136499402628
440.531660692951
365.3636499402628
35.60868428912784
5.815785543612612
4.146132019120379
2.863575268821692
3.1056227598611184
2.068884408606638
0.3997162485110588
4.487753882915173e-12
224.76142473118279
347.22222222222223
483.47744922341695
206.68570788530465
55.76963859020311
5.815785543612612
4.146132019120379
2.863575268821692
3.1056227598611184
2.068884408606638
1.8931526284348865
4.487753882915173e-12
157.93010752688173
406.95900537634407
521.9399641577061
266.42211768219835
65.10416666666667
28.963784348864994
4.146132019120379
9.583893369175627
3.1056227598611184
2.068884408606638
0.3997162485110588
27.255264336917563
177.34655017921148
370.369623655914
396.8458781362007
294.42502986857824
67.71505376344086
8.802658303464753
4.146132019120379
5.103711170848268
3.1056227598611184
2.068884408606638
0.3997162485110588
4.487753882915173e-12
111.2585872162485
350.5813172043011
174.70056750298687
88.33183990442056
17.687238649940262
5.815785543612612
4.146132019120379
2.863575268821692
3.1056227598611184
2.068884408606638
0.3997162485110588
4.487753882915173e-12
165.3968787335723
385.6791367980884
331.8828405017921
152.55227001194743
7.606780167268525
5.815785543612612
4.146132019120379
2.863575268821692
7.959080047789725
12.149342891278375
0.3997162485110588
4.487753882915173e-12
115.74223416965353
342.366711469534
485.69071087216247
306.7465651135006
28.88791816009558
5.815785543612612
4.146132019120379
2.863575268821692
3.1056227598611184
2.068884408606638
0.3997162485110588
4.487753882915173e-12
132.54293608124254
329.3014486260454
414.7711320191159
112.22744922341698
37.10200119474313
5.815785543612612
4.146132019120379
2.863575268821692
3.1056227598611184
8.416106630824373
0.3997162485110588
4.487753882915173e-12
137.39396654719235
352.8210872162485
447.6247013142174
370.590651135006
50.54293608124253
5.815785543612612
4.146132019120379
9.583893369175627
3.1056227598611184
2.068884408606638
0.3997162485110588
4.487753882915173e-12
81.39262246117084
378.584229390681
367.3521505376344
109.98805256869773
7.606780167268525
5.815785543612612
4.146132019120379
2.863575268821692
3.1056227598611184
2.068884408606638
5.2531735364396654
4.487753882915173e-12
183.3169056152927
493.9336917562724
435.6791367980884
301.89142771804063
28.51482228195938
