0
0
0
0
0
0
307.87841827872
1403.448702741072
1312.1737720444619
670.4537827104483
101.7884266957948
0
0
0
0
0
0
50.68773421330003
98.73361209232306
1061.1418106071242
850.0700103288397
367.3279942666884
109.00772569566051
0
0
0
0
0
0
28.302224411305602
618.8775689817203
1384.4615330199833
1202.6937372976627
727.6559982977809
31.19450580694528
0
0
0
0
0
29.564006856137276
82.61124829021273
598.2789480196583
913.4058936086983
1134.7663172407483
561.5862463999371
150.9888611261905
0
0
0
0
0
10.699916622889646
0
575.1424361795736
1653.2129750412064
1659.2442451387294
941.4483327377327
254.73588745265695
0
0
0
0
0
0
37.46081755686012
428.4957403989833
1233.644819667479
1758.6621124190424
1343.5719902527026
135.10493241198495
62.959041858979475
0
0
0
0
0
46.150161596169376
285.2783344184325
1060.923659907901
1213.767986089168
530.1688108821292
0
0
0
0
0
0
0
77.63043409332573
618.5611046611618
903.7959861526546
1618.6705112828745
898.4175201344194
36.998243515359775
0
0
0
0
0
0
31.959567566112213
251.4102613421988
2269.4670596988863
1872.2162258693452
773.1599894140492
91.04779993285935
17.799368908316836
0
0
0
0
0
24.486816713133358
488.9645112225673
715.8750314185503
1014.9844079136137
441.60553687258107
156.66242827321304
10.970836423878644
0
0
0
0
0
5.939825150143953
91.42792629767574
678.6335192034328
1314.596215247513
626.17553590155
21.053020775355904
0
0
0
0
0
0
93.5595192039234
349.36642657990166
890.0549052386365
926.4737204963101
277.1834104188641
142.29250412993113
0
0
0
0
0
0
38.17851275407115
180.8295316945343
804.5681225190364
1438.6125363040858
467.6772645591411
94.22783897955483
0
0
0
0
0
0
82.74421786578341
540.5304308708385
973.522642078139
1221.0867434220436
282.90710166633346
22.27743608172659
0
0
0
0
0
0
25.044203029550673
8.866778735566967
554.4585593760934
1168.7460230933518
388.1335904738536
0
0
0
0
0
0
0.8830638672518205
0
101.55917330072035
845.19448235573
1306.9112213329965
569.3689922713833
99.90853818222402
0
0
0
0
0
0
0
496.39884093638824
952.522274332594
828.7011109328942
610.8939243868228
60.25325912507998
2.5794103993046917
0
0
0
0
0
0
363.60814989370635
598.1568745384808
548.0950405589596
356.21614128555103
5.62603189420048
0
0
0
0
0
0
10.850969188479084
362.11357155346815
825.633325948008
954.7126537357299
288.2553461303779
120.41724727521475
0
0
0
0
0
0
0
441.2305293644658
1379.4936029807077
1737.296564815223
445.6484473779557
102.88201695190178
0
