4.853823178016726
0.0
0.0
0.0
4.480283004778973
0.0
0.0
84.38052568697731
121.33919504181601
91.09961170848267
38.08262395459976
8.587029569892474
0.7467278972520908
0.0
0.0
0.0
0.0
0.0
0.0
44.802830047789726
167.63597670250897
126.56851105137396
97.07194593787335
14.187481332138592
0.7467278972520908
0.0
0.0
0.0
0.0
0.7467278972520908
9.707194593787337
68.32291666666666
160.16969086021504
160.16969086021504
66.45937873357228
10.453856780167264
0.0
0.0
0.0
0.0
0.0
0.0
0.0
84.00675776583033
138.1439292114695
166.14202508960574
159.7959229390681
2.240142249103943
0.0
0.0
0.0
0.0
0.0
0.0
0.0
78.77740442054959
100.06018518518518
120.96957138590203
69.44347371565114
1.1200899790919951
0.0
0.0
0.0
0.0
0.0
0.0
0.0
86.24406362007169
159.7959229390681
205.71931003584228
99.68679062126643
8.2139075567503
0.0
0.0
0.0
0.0
0.0
0.0
0.7467278972520908
47.79110663082438
47.417712066905615
95.57803166069296
23.14804734169654
1.1200899790919951
0.0
0.0
0.0
0.0
0.0
0.0
0.0
40.32254330943847
111.262208781362
130.67312574671445
76.90972222222223
11.947565710872162
0.0
0.0
0.0
0.0
0.0
0.0
0.0
90.35285991636798
114.24630376344086
91.09961170848267
100.80734767025089
7.093738799283154
0.0
0.0
0.7467278972520908
0.0
0.0
0.7467278972520908
0.0
8.960569743130227
87.73797789725211
104.91196236559139
37.70911738351254
11.574025537634409
0.7467278972520908
0.0
0.0
0.0
0.0
0.0
0.0
50.028001792114694
128.06283602150538
94.08788829151733
46.29678166069295
0.7467278972520908
0.0
0.0
0.0
0.0
0.0
0.0
0.0
47.417712066905615
155.31791367980884
76.90972222222223
70.93738799283155
12.320687724014338
1.1200899790919951
0.0
0.0
0.0
0.0
0.0
0.0
33.975433094384705
96.32515681003584
102.30167264038232
84.38052568697731
7.467278972520908
0.0
0.0
0.0
0.0
0.0
0.0
0.0
38.08262395459976
140.00709378733572
123.20687724014337
98.5662709080048
1.8667764336917563
0.0
0.0
0.0
0.0
0.0
0.0
0.0
7.840404719235366
118.72849462365589
140.75425627240142
0.0
11.574025537634409
0.7467278972520908
0.0
0.0
0.0
0.0
0.0
0.0
46.29678166069295
95.57803166069296
107.52684438470726
53.76340352449223
11.574025537634409
0.0
0.7467278972520908
0.0
0.0
0.0
0.0
1.1200899790919951
41.06933243727599
116.11402329749106
121.33919504181601
91.47337962962963
0.0
0.0
0.0
0.0
0.0
0.0
0.0
1.1200899790919951
32.1086096176822
107.52684438470726
114.24630376344086
27.62833408004779
0.7467278972520908
0.0
0.0
0.0
0.0
0.0
0.0
0.0
37.33557347670251
116.48738052568697
153.82362604540023
54.8839605734767
22.774962664277183
0.0
6.7206541218638005
0.0
0.3733557347670251
0.0
0.0
0.0
47.417712066905615
97.07194593787335
65.71221624850656
20.534595280764634
1.493414351851852
