0
0
0
0
0
0
23.537431122208638
820.136650769746
1406.8661256884284
861.6993024237099
143.04619252614123
0
0
0
0
0
0
0
301.4246963217137
1286.938181574866
1896.2711005319454
1146.2792338126858
382.39904140653266
11.531772400201746
0
0
0
0
0
0
278.0528602003583
1059.9103084082751
1186.0042958400759
946.5116583933602
133.94002552020692
0
0
0
0
0
0
0
225.3622440172686
577.6983816612671
2185.330086655324
384.18145249312704
124.85803675343067
0
0
0
0
0
0
0
289.4880529657145
620.4310903339191
210.22553994159676
355.6683894880314
0
0
0
0
0
0
0
0
298.7589945805842
1173.1071852588768
1055.8406518455663
444.21715154302495
52.52880487315573
0
0
0
0
0
0
77.08747491755528
501.87036697518283
1019.3895350572448
1231.2291569374358
560.0000534149848
110.6232720996511
0
0
0
0
0
0
42.076446638128594
452.3178250912695
2032.3753618993692
1039.417972453723
556.8367256302378
142.40098395741472
0
0
0
0
0
0
65.25914940601662
612.6676911510399
1687.203394824334
1647.5873429541712
866.9850342169166
213.66977573931098
16.71928378286883
0
0
0
0
0
0
297.4666020230452
788.8850373922661
1328.9427412469468
521.8190972071092
121.82834822542331
0
0
0
0
0
0
62.99108709757524
534.1360356166722
1446.4919421425006
1373.4313406955416
558.7733554953375
102.35133320068451
0
0
0
0
0
0
91.18224172483141
682.9596165440591
2199.395183016414
2169.3959875213995
1465.9852697378606
172.71540586230867
0
0
0
0
0
0
0
503.73559501592035
1370.707235422262
1532.4148063160335
919.6784593022711
264.2104031969981
0
0
0
0
0
0
26.981710398638832
585.876159664148
1360.5361576097991
1911.473541510454
1021.082878249368
2.8252631426584855
1.3231677077178432
0
0
0
0
0
0
506.29199528275933
1364.9121884083515
1561.1403629977726
1027.558246985204
57.58468059189158
0
0
0
0
0
0
0.7748533685168297
430.6381756902066
1186.719273275682
1779.344017031921
778.4800287110488
103.10294529094566
0
0
0
0
0
0
0
500.38778956243374
848.4052641772769
1240.8217799890472
771.7866215194393
112.10932991361045
0
0
0
0
0
0
6.375730562884499
605.135927671484
1766.3748404883015
2475.777238886319
840.6225032927192
331.23751636253974
0
0
0
0
0
0
0
639.234240609621
903.0060111331932
926.1258108444514
381.0917409929824
130.91351370293273
0
0
0
0
0
0
0
395.81162255442985
1147.8806997549011
2118.937843190373
1206.3794808307634
311.5988254943151
0
