4.851403823205228
3.458669354865921
2.3887022103020024
3.1717443249701316
2.0203442353643966
3.796161887694145
7.442876344086022
84.36379928315412
140.5428614097969
98.38747013142175
34.14239844683393
6.890083632019116
5.440486857825568
3.458669354865921
2.4866151433691757
2.5906137993103657
2.1732004181600955
0.5173013739545997
34.14389187574672
129.15919952210274
187.50373357228196
125.75082138590203
57.15837813620073
12.698999402628434
4.851403823205228
3.458669354865921
2.3887022103020024
2.5906137993103657
1.7258064516401148
0.5244698327359617
32.011648745519715
107.54554958183991
119.63485663082437
106.75813918757467
33.48230286738351
6.345579450445371
4.851403823205228
4.390046296296297
2.3887022103020024
2.5906137993103657
1.7258064516401148
3.5494474313022693
27.073999402628434
61.510603345280764
215.41218637992833
53.061902628434886
32.72214755077658
7.019041218637992
4.851403823205228
4.10663082437276
2.3887022103020024
2.5906137993103657
1.7258064516401148
0.8707586618876941
33.32026583034648
65.72207287933094
26.480361409796895
50.46333632019116
15.133288530493163
10.72057945041816
4.851403823205228
3.458669354865921
2.3887022103020024
2.5906137993103657
1.7258064516401148
4.876807048984468
34.318623058542414
118.75
107.54554958183991
59.07295400238949
26.023372162485067
9.21023745519713
5.770833333333333
5.369138291517324
2.3887022103020024
2.5906137993103657
1.7258064516401148
12.958870967741936
53.87171445639188
104.16293309438471
124.46236559139786
70.29233870967742
31.69952210274791
9.638440860215052
6.33366935483871
3.6720094086021504
2.3887022103020024
2.853311678614098
1.7258064516401148
9.711036439665472
49.245818399044204
201.25448028673836
106.2313321385902
70.1280615292712
34.859244324970135
8.037970430107526
4.851403823205228
5.130339008363202
2.3887022103020024
2.6224555704898447
3.7278225806451615
12.035185185185183
64.71027479091995
168.35050776583034
164.57959976105138
99.95930406212665
41.80107526881721
13.963933691756269
7.188657407407407
3.5382765830346474
2.3887022103020024
2.5906137993103657
1.850787783751493
1.4996415770609317
34.6598715651135
82.49701314217444
134.21445639187576
67.06279868578255
33.13284050179212
7.026209677419355
4.851403823205228
3.458669354865921
2.4173599910394263
2.5906137993103657
1.7258064516401148
12.035185185185183
57.433542413381126
145.58318399044205
138.61260454002388
70.75156810035843
31.39374253285544
12.493279569892474
5.048823924731183
3.458669354865921
2.3887022103020024
2.5906137993103657
1.7258064516401148
14.84544504181601
71.80406212664278
217.79047192353644
214.94175627240142
157.73633512544802
38.256421744324975
9.879666965352449
7.00082138590203
3.458669354865921
2.3887022103020024
2.644347371565113
1.7258064516401148
0.3525276284348865
54.778972520908006
138.61260454002388
154.11439665471923
105.60073178016727
47.14493727598566
10.888963560334528
6.84468339307049
3.458669354865921
2.3887022103020024
3.0841547192353644
1.810188918757467
8.930719832735962
62.76881720430107
137.78375149342892
190.54659498207886
115.46482974910394
22.258064516129032
13.107825567502987
6.801672640382318
4.466472520908005
2.3887022103020024
2.5906137993103657
1.7258064516401148
5.746729390681003
55.28300477897252
138.35125448028674
157.1609916367981
116.24514635603346
27.634781959378735
7.026209677419355
6.411663679808841
4.04775238948626
2.3887022103020024
2.5906137993103657
2.275089605734767
6.661827956989248
48.17801672640382
121.44937275985663
178.19967144563918
92.56683094384707
32.130002986857825
7.284908900836319
4.851403823205228
3.458669354865921
2.3887022103020024
2.705245669056153
2.270310633213859
4.946624850657108
54.99178614097969
89.22117682198328
126.8107825567503
92.09266726403823
33.13284050179212
8.585573476702509
5.070325567502986
3.458669354865921
2.3887022103020024
2.5906137993103657
1.7258064516401148
7.4473715651134995
65.15830346475508
177.24761051373955
245.17995818399044
98.85043309438471
54.24992532855436
6.452251344086021
8.678688769414574
4.6527404420549585
2.3887022103020024
2.5906137993103657
1.7258064516401148
6.940725806451613
68.56332138590203
94.76926523297492
97.00940860215053
55.04069593787336
35.22326762246117
11.270908004778972
8.678688769414574
3.506432945041816
2.3887022103020024
3.9506795101553167
3.2860663082437283
3.8121789127837515
45.411439665471924
118.3729091995221
211.3500597371565
134.211096176822
52.666890681003586
12.797565710872162
