1.5941931750298686
1.0590531660692953e-09
1.0590531660692953e-09
1.0590531660692953e-09
1.0590531660692953e-09
15.987313321385901
284.478270609319
793.4248058542413
1145.5346475507768
426.4415322580644
78.15307646356034
1.771342592592593
20.52019489247312
1.0590531660692953e-09
1.0590531660692953e-09
1.0590531660692953e-09
1.1846206690561527
51.95717592592592
281.9974238351254
1281.981780167264
1479.2092293906808
426.4415322580644
209.01456093189964
15.05173237753883
14.631854838709678
1.0590531660692953e-09
0.8414086768219833
1.0590531660692953e-09
0.3284375
54.20202359617682
452.8864247311828
1122.716920549582
1027.7318548387098
854.6128285543608
23.804155465949822
65.59539277180406
1.0590531660692953e-09
1.0590531660692953e-09
1.0590531660692953e-09
1.0590531660692953e-09
0.3247502240143369
13.367693399044203
518.9784946236559
1051.6147700119477
1938.1130525686976
674.4022550776583
160.81623357228193
1.8304480286738352
6.089191308243728
1.0590531660692953e-09
1.0590531660692953e-09
1.0590531660692953e-09
1.0590531660692953e-09
104.97446236559142
881.1290322580645
1762.841248506571
2732.8606630824374
1212.3163082437275
158.62556003584234
44.85364396654719
37.0954674432497
1.0590531660692953e-09
1.0590531660692953e-09
1.0590531660692953e-09
1.0590531660692953e-09
51.95717592592592
429.36230585424136
973.1395609318996
1265.712738948626
474.01732377538826
164.79715501792117
64.79726702508961
4.022517174432497
25.59246938470729
1.0590531660692953e-09
1.0590531660692953e-09
1.0590531660692953e-09
95.78494623655915
520.2116935483871
1199.842069892473
1430.0944593787335
704.841696535245
128.21580047789726
8.62710872162485
25.301784647550782
1.0590531660692953e-09
1.2695112753882916
1.0590531660692953e-09
19.105465949820786
163.59498207885304
453.1791367980885
1001.7872610513738
1285.0888590203106
502.4652777777777
57.15486857825567
7.080291442652329
5.424910394265233
1.0590531660692953e-09
1.0590531660692953e-09
1.0590531660692953e-09
13.109823028673835
99.56111857825566
358.7656810035842
880.5044056152929
637.6937724014338
474.01732377538826
158.75810185185185
1.978044728195938
1.771342592592593
1.0590531660692953e-09
1.0590531660692953e-09
8.323569295101553
1.0590531660692953e-09
57.878098864994016
406.9209229390681
870.9651284348865
594.1170101553166
447.74678912783753
120.96710722819594
0.9890344982078854
1.0590531660692953e-09
1.0590531660692953e-09
1.0590531660692953e-09
1.0590531660692953e-09
1.0590531660692953e-09
61.72789725209081
569.998133213859
1148.7335722819594
1196.732377538829
670.7724761051375
194.29293608124252
54.20202359617682
1.0590531660692953e-09
1.0590531660692953e-09
0.7380876642771804
1.0590531660692953e-09
3.970945340501792
89.8797789725209
361.24701314217447
1135.0257616487456
1440.8344534050182
670.7724761051375
150.75862455197134
35.4900649641577
1.771342592592593
1.0590531660692953e-09
1.0590531660692953e-09
6.502471624850658
1.0590531660692953e-09
97.28222072879329
609.5683990442055
1788.8627538829153
2430.9651284348865
1001.7872610513738
275.79050925925924
45.56477747909199
11.458964307048985
6.244194295101553
0.7380876642771804
1.9115919952210272
0.2952318548387097
104.86667413381123
433.36506869773007
1708.9217443249697
1932.6997461170852
849.0158303464755
209.01456093189964
46.612977897252094
4.576045400238949
19.97084826762246
1.0590531660692953e-09
1.5314990292712067
1.0590531660692953e-09
103.51907855436082
544.2114695340501
1718.5569743130222
1788.8627538829153
1226.1592741935483
377.7113201911589
64.34804360812427
1.5314990292712067
1.0590531660692953e-09
1.712400313620072
2.0297987604540024
1.0590531660692953e-09
2.406145459976105
209.53864247311833
861.0300925925926
1471.3709677419356
670.7724761051375
98.94642323775388
1.1587933094384708
2.804700567502987
1.0590531660692953e-09
1.0590531660692953e-09
1.0590531660692953e-09
1.0590531660692953e-09
8.028467741935485
79.81664426523295
972.7859916367981
1112.9842443249704
665.8015979689368
31.33547640382318
21.601885454002385
1.0590531660692953e-09
14.216020758661891
1.0590531660692953e-09
1.0590531660692953e-09
9.641706615890083
164.79715501792117
634.1125298685782
2340.197505973716
2341.385155316607
958.2119922341699
331.18010752688167
1.0590531660692953e-09
1.0590531660692953e-09
0.26570900537634407
1.0590531660692953e-09
3.572423835125448
8.75186230585424
41.97703853046595
16.735853494623655
1035.3942652329752
573.6514336917563
880.5044056152929
169.02486559139788
39.773148148148145
1.0590531660692953e-09
1.0590531660692953e-09
1.0590531660692953e-09
1.0590531660692953e-09
7.429625896057349
91.83501344086022
518.9784946236559
1006.5035095579449
1348.5132915173238
838.5032108721625
155.16603195937873
16.827143070489843
