0.0
0.0
0.0
0.0
0.0
0.0
8.2139075567503
14.561017771804062
152.70306899641574
128.06283602150538
134.78192204301072
7.840404719235366
7.093738799283154
0.0
0.0
0.0
0.0
0.3733557347670251
0.0
35.46875000000001
78.77740442054959
109.7679211469534
88.11137246117084
0.0
1.8667764336917563
0.0
0.0
0.0
0.0
0.0
0.0
40.69593787335723
116.11402329749106
87.36458333333333
39.57579151732378
12.694190561529268
0.0
0.0
0.0
0.0
0.0
0.0
0.0
32.85528673835125
141.87481332138591
110.88847819593788
53.76340352449223
8.960569743130227
6.3471139486260455
0.0
0.0
0.0
0.0
0.0
0.0
19.041304510155317
120.96957138590203
76.1667413381123
50.775164277180416
0.0
4.853823178016726
0.0
0.0
0.0
0.0
0.0
0.0
38.82937574671445
117.98133213859022
85.12731481481482
57.87219982078853
17.5475993130227
0.0
0.3733557347670251
0.0
0.0
0.0
0.0
0.0
44.802830047789726
99.68679062126643
106.03251941457587
2.6135043309438473
0.0
0.0
0.0
7.093738799283154
0.0
0.0
0.0
0.3733557347670251
14.187481332138592
105.28573028673836
85.12731481481482
0.0
6.7206541218638005
0.0
0.0
0.0
0.0
0.0
0.0
0.0
38.455607825567505
111.63560334528077
91.47337962962963
44.802830047789726
1.1200899790919951
1.1200899790919951
0.0
0.0
0.0
1.1200899790919951
0.0
0.0
23.14804734169654
107.52684438470726
99.68679062126643
40.32254330943847
8.587029569892474
0.0
0.0
0.0
0.0
0.0
0.0
0.0
54.8839605734767
109.7679211469534
210.5752688172043
121.33919504181601
20.534595280764634
0.0
0.0
0.0
0.0
0.0
0.0
0.0
22.774962664277183
125.0745594384707
85.12731481481482
125.0745594384707
11.574025537634409
1.493414351851852
0.0
0.0
0.0
0.0
0.0
0.0
46.67054958183991
122.83310931899643
157.554846176822
107.52684438470726
0.7467278972520908
0.0
0.7467278972520908
0.0
0.0
0.0
0.0
0.0
72.80510752688173
155.31791367980884
179.21139486260455
85.12731481481482
20.534595280764634
0.0
0.0
0.0
0.7467278972520908
1.1200899790919951
0.0
0.0
72.05794504181601
138.1439292114695
190.0396505376344
138.1439292114695
29.12205047789725
1.1200899790919951
0.0
0.0
0.0
0.0
0.0
0.0
11.947565710872162
121.33919504181601
121.71255227001194
84.38052568697731
6.7206541218638005
0.0
0.7467278972520908
0.0
0.0
0.0
0.7467278972520908
0.3733557347670251
53.76340352449223
84.75392025089606
111.262208781362
32.1086096176822
8.587029569892474
0.0
0.0
0.0
0.0
0.0
0.0
0.0
29.86869026284349
143.36910095579452
121.33919504181601
158.67540322580646
18.667764336917564
2.240142249103943
2.9868690262843485
0.0
0.0
0.7467278972520908
0.0
0.0
48.164463859020316
107.52684438470726
154.57075119474314
109.0207586618877
1.1200899790919951
0.7467278972520908
0.0
0.0
0.0
0.0
0.7467278972520908
0.0
30.615330047789726
92.5939366786141
114.61969832735961
30.615330047789726
0.7467278972520908
