2064.9043643667183
1303.2643920126902
838.3775105942967
791.1330272944065
838.3778801820969
1349.7870250824785
1394.6347451797806
2201.0436568878886
3299.490901690117
3715.437655343857
2891.86210441839
2131.9657465343957
1303.7526935895364
993.1917342884283
650.8652967679511
712.7544893934605
840.6511356650699
964.790277232873
1582.9117572391408
2141.87318101131
2927.0255427525935
3861.4170453981656
3423.125810813807
2022.804475294235
1284.536669803024
917.3365886127865
994.797770318304
714.9275173459054
707.6257465653483
1114.7520802163003
1532.3176604693474
2395.6061668836273
3027.8745340437267
3460.121635559416
2736.355173654933
1847.2950607678602
1237.6135361889287
858.7480881568466
777.9995377564799
664.751932313493
615.3666270880531
953.4851012859787
1105.6779384099173
1859.0742536322914
2266.286773828544
2978.1496260663025
2115.9277760079613
1890.5111388798725
1222.38926464867
771.6053588357539
787.0379485011557
663.4241187435143
684.4241194939125
815.8595864658205
1442.5741723199915
2022.8871196786524
2694.845556497469
2326.3624774585965
2323.071076599806
1526.1907486049017
1088.0302305718699
1009.5601341725651
692.3746380050795
610.2638226685636
784.1933446630618
1148.7480624319946
1158.4146795119113
1759.7298726755705
2773.4754828603936
2909.2522187939085
2639.517837886878
1755.2224802436663
1421.1727893350396
732.9322786122885
541.747815352995
677.9424262575382
692.4572014756776
784.0184056997501
1088.6510602437268
1924.163471099811
1832.950229151413
2543.8599431279717
1397.3475420161808
1348.7965467840243
1128.2980073678577
894.9389129838175
491.24158184524
782.1878363866316
967.0310817656459
1013.3963864929566
1252.8325488918508
1560.0998359519149
1696.7393841227322
2452.0797196488334
2368.5943315661816
1599.5807432513652
1087.947223563602
838.095453414939
681.9415758178676
740.7948866478175
811.5984570598588
578.1280968691716
1058.0873215094725
1589.640746798791
1986.1069849025582
3288.352328080042
2977.861726710051
1653.8929002310874
1287.719036165101
505.47166144530513
711.2997918174984
556.1828715223508
569.45737443881
1008.3869621742372
1171.082045986257
1734.1006610477893
2273.953171867635
2900.9782433692417
2464.543241411516
1760.039294675375
1303.287421667375
797.6639183749274
531.8961694489499
518.941887301065
519.9724336510033
740.6544451826566
1358.3028293044285
2140.1425521809306
3151.308072446564
3442.123011342959
4095.39585952529
1897.0715680240783
1940.3701897393132
812.8046075847205
432.63826092335296
624.8197980010887
602.2948063383606
1021.5538076563514
1492.3532608158462
1603.0068856767598
2727.7369266971687
2354.800820285469
1759.0595084959625
1570.6987145129956
1199.7916436386397
1005.2838717794251
868.0903254996456
804.984313286081
850.2213756282105
1150.7329517978294
1514.8988078123293
1875.3421891609055
3352.4378390662373
3794.7483801499607
3102.3181847769933
2320.017741073268
1482.802730170313
1144.4881832502585
741.07192026382
948.890748879759
896.2012764083968
1324.1652199578893
1631.979457056988
2543.930668099439
3737.0542628129147
4065.5117647183106
3968.3715332395573
2282.85394490907
2088.5250994391904
1436.5136091016443
1099.5237807046403
1306.8164611094458
1389.640986972407
1735.767705166486
2700.5488236025476
3587.521180356292
4360.072703206567
5107.1242035670375
4991.616059185114
3236.558605945842
2104.1174801615475
1994.6932043123504
1527.8650375313978
1586.8387812963902
1506.264702171831
2089.786398950222
1877.1856722370846
2860.2377035751247
3874.3636442778684
4388.681872823566
3846.3511088634386
3084.7479053795732
2441.581922058686
2000.1417211017033
1884.8005361613568
1823.811233445614
1709.6466808777523
1500.471871179525
2673.422822435112
3270.0440786890417
4056.7350838300927
4714.36106882245
4322.589852964245
2996.1062408766506
2505.293724030324
2192.959331136043
1521.3353145817168
1667.5465589807156
1158.351818497697
1616.283420789496
2131.844321670552
2923.3411832317584
4345.961060969658
4605.536934912157
3803.273443631653
2844.4533186511735
2134.956802886678
2342.494939279076
1429.3847581045334
1275.8387334100312
1259.4243877977583
1727.394240571774
1781.6994881218845
2863.4400156329525
3463.378127171129
4184.399761424023
3260.666253454107
2802.9265195821426
2206.0366307753557
1199.9500887366994
943.462024503183
1184.8882834665228
990.8563593201416
1623.6226986732333
1865.6287036683718
2615.6015171104855
3658.3725580687915
3381.245382100533
3470.8314758499537
2529.853625242601
