9.226403823178016
3.722954002389486
3.948962066905615
7.685446535244922
1.7258064516401148
9.205510752688172
81.94444444444444
157.1609916367981
222.52837514934288
112.50784050179212
40.217293906810035
11.898148148148149
4.851403823205228
6.539762544802867
2.3887022103020024
2.5906137993103657
1.7258064516401148
15.598506571087217
66.50985663082437
214.94175627240142
224.081541218638
124.55981182795699
33.13284050179212
14.067353643966547
4.851403823205228
3.458669354865921
3.1481481481481484
2.5906137993103657
1.7258064516401148
5.029883512544803
60.49880525686977
110.03584229390681
109.72968936678615
64.08714157706093
24.108796296296298
7.788045101553164
6.197916666666667
3.458669354865921
2.419747983870968
2.5906137993103657
1.7258064516401148
10.585065710872161
53.580495818399044
143.2534348864994
191.82347670250897
130.86208183990442
34.6777927120669
13.788455794504182
10.841547192353644
3.5669317502986857
3.336021505376344
2.5906137993103657
1.7258064516401148
8.938560334528075
0.015921072281959377
88.54540023894863
111.08870967741936
56.676000597371576
29.873058542413382
10.803464755077659
4.851403823205228
6.7515307646356035
2.3887022103020024
2.5906137993103657
1.7258064516401148
5.658990442054957
32.25246415770609
59.02777777777778
114.85215053763442
63.20975209080048
24.7703853046595
10.19377240143369
4.851403823205228
3.458669354865921
2.4842293906810036
2.663851553166069
1.8117794205495819
4.496356033452807
41.5621266427718
69.18682795698925
136.96983273596177
71.1398596176822
34.21856332138591
6.345579450445371
4.851403823205228
3.458669354865921
2.3887022103020024
5.723006272401433
1.7258064516401148
8.00442054958184
43.43264635603345
111.08870967741936
121.6995221027479
72.75649641577061
29.873058542413382
8.338859020310633
4.851403823205228
4.127352150537634
6.831653225806452
2.897883064516129
2.739956690561529
5.6668309438470725
42.85394265232975
114.63186977299881
119.60125448028674
64.62104241338112
29.64531063321386
6.345579450445371
7.382765830346475
3.5541965352449223
2.3887022103020024
2.5906137993103657
1.8213336320191158
10.49433990442055
65.41218637992831
170.88933691756273
215.41218637992833
147.98051075268816
47.636648745519715
10.461096176821984
4.851403823205228
3.7611671146953407
5.253360215053763
2.5906137993103657
3.965800477897252
8.453195937873357
55.28300477897252
154.0359916367981
137.9965651135006
98.85043309438471
31.647998805256865
12.673984468339308
5.551933990442055
6.312462664277181
2.3887022103020024
6.096400836320192
1.7258064516401148
0.3334229390953121
33.99006869772999
135.52867383512546
179.00985663082437
128.87582138590204
40.013440860215056
8.29584826762246
4.851403823205228
3.458669354865921
2.3887022103020024
4.416778673835125
1.988504330943847
12.059080047789724
30.281884707287933
109.61768219832736
157.69862604540023
89.52023596176822
27.758736559139784
10.72057945041816
5.876717443249701
4.163978494623656
2.4750746714456393
3.529943249701314
1.87665770609319
5.803853046594981
41.5621266427718
183.21759259259258
317.07362604540026
136.44003882915175
58.95795997610514
13.242607526881718
6.335648148148148
3.458669354865921
6.372797192353644
2.5906137993103657
3.990554062126643
7.095669056152926
51.194743130227
119.2465651135006
122.75238948626045
87.33236260454002
52.666890681003586
6.345579450445371
8.630899044205494
3.458669354865921
3.069332437275986
2.686140979689367
2.6221624850657106
11.90787037037037
57.433542413381126
187.50373357228196
187.50373357228196
97.40554062126644
33.92734468339307
7.735476403823178
4.851403823205228
3.458669354865921
2.6911999701314215
3.3719384707287934
4.937163978494624
0.3334229390953121
40.90128434886499
25.084005376344088
97.12888291517322
61.036813022700116
29.159572879330945
6.345579450445371
4.851403823205228
3.458669354865921
2.3887022103020024
2.5906137993103657
2.0203442353643966
15.808333333333334
49.87679211469534
148.1070788530466
146.8563321385902
90.97632915173237
37.35364396654719
7.70683990442055
8.33015979689367
3.9303315412186386
2.3887022103020024
2.777680704898447
1.7258064516401148
15.611200716845879
47.136350059737154
114.11290322580645
109.72968936678615
73.30533154121864
29.140531660692957
13.107825567502987
4.911107377538829
3.458669354865921
2.3887022103020024
2.5906137993103657
2.48525238948626
3.9184737156511344
64.12783751493428
117.44698327359617
174.82078853046596
94.75843787335722
38.256421744324975
7.5985663082437265
