16.269825268817204
4.146132019120379
2.863575268821692
3.1056227598611184
2.068884408606638
6.746938470728792
4.487753882915173e-12
82.88418458781362
480.52195340501794
243.77165471923536
85.34460872162485
7.606780167268525
14.029868578255678
4.146132019120379
2.863575268821692
3.1056227598611184
2.068884408606638
0.3997162485110588
4.487753882915173e-12
111.2585872162485
562.6680107526881
595.4554958183991
168.97662783751494
47.18245967741935
5.815785543612612
4.146132019120379
2.863575268821692
3.1056227598611184
2.068884408606638
0.3997162485110588
4.487753882915173e-12
142.6205943847073
91.84662485065711
145.5779569892473
59.210834826762245
7.606780167268525
5.815785543612612
4.146132019120379
2.863575268821692
3.1056227598611184
2.068884408606638
0.3997162485110588
0.37335722819593786
132.54293608124254
583.9120370370371
479.36342592592604
250.36962365591398
50.169504181600956
9.175989396654721
4.146132019120379
2.863575268821692
3.1056227598611184
2.068884408606638
0.3997162485110588
4.487753882915173e-12
163.15710872162484
338.6361260454002
436.4224910394265
136.87126642771804
51.6627464157706
5.815785543612612
4.146132019120379
2.863575268821692
3.1056227598611184
2.068884408606638
0.3997162485110588
4.487753882915173e-12
187.42420848267622
471.18391577060925
554.4235364396653
181.29853643966547
60.62473864994026
5.815785543612612
4.146132019120379
2.863575268821692
3.1056227598611184
2.068884408606638
0.3997162485110588
4.487753882915173e-12
151.58340800477896
250.14822281959383
459.58071983273595
337.3607377538829
56.14135304659498
5.815785543612612
4.146132019120379
2.863575268821692
5.719127090800478
2.068884408606638
0.3997162485110588
4.487753882915173e-12
173.23924731182797
627.2401433691756
533.138440860215
377.68518518518516
9.8469160692951
5.815785543612612
4.146132019120379
2.863575268821692
3.1056227598611184
2.068884408606638
0.3997162485110588
4.487753882915173e-12
269.93652927120667
571.2514934289128
749.6520310633214
301.89142771804063
30.754778972520914
5.815785543612612
4.146132019120379
2.863575268821692
3.1056227598611184
2.068884408606638
0.3997162485110588
4.487753882915173e-12
252.76433691756273
353.568921744325
431.9436977299881
95.0548835125448
18.434326463560335
5.815785543612612
4.146132019120379
5.103711170848268
3.1056227598611184
2.068884408606638
0.3997162485110588
4.487753882915173e-12
205.34498207885304
583.9120370370371
467.41151433691755
329.5224761051374
39.71546445639187
5.815785543612612
4.146132019120379
2.863575268821692
3.1056227598611184
2.068884408606638
0.3997162485110588
4.487753882915173e-12
136.65023894862605
411.4377986857826
391.2473864994026
153.29562425328555
22.167637395459977
12.163007765830345
4.146132019120379
6.970515979689365
3.1056227598611184
2.068884408606638
0.3997162485110588
4.487753882915173e-12
20.90804211469534
355.80869175627237
275.8814964157706
31.955607825567505
20.674320489844682
5.815785543612612
4.146132019120379
2.863575268821692
3.1056227598611184
2.068884408606638
0.3997162485110588
4.487753882915173e-12
76.91345579450419
355.80869175627237
511.8484916367982
48.010155316606934
75.18630525686977
10.669242831541217
4.146132019120379
2.863575268821692
3.1056227598611184
2.068884408606638
0.3997162485110588
4.487753882915173e-12
76.16562126642772
515.2199074074074
247.87858422939067
240.6634557945042
14.32709826762246
17.763104838709676
4.146132019120379
2.863575268821692
3.1056227598611184
2.068884408606638
0.3997162485110588
4.487753882915173e-12
181.453853046595
406.95900537634407
415.8908303464755
93.55921445639187
12.833796296296295
5.815785543612612
4.892831541218639
2.863575268821692
3.1056227598611184
2.068884408606638
0.3997162485110588
4.487753882915173e-12
187.42420848267622
424.1356780167264
467.41151433691755
242.90285244922342
62.86439665471922
5.815785543612612
4.146132019120379
2.863575268821692
3.1056227598611184
2.068884408606638
4.13328853046595
4.487753882915173e-12
67.95101553166069
368.50209080047796
240.7836768219833
110.35991636798089
15.447281959378731
12.163007765830345
5.266199970131421
2.863575268821692
3.1056227598611184
2.068884408606638
0.3997162485110588
4.487753882915173e-12
85.87141577060933
338.6361260454002
279.6124551971326
42.78319145758662
25.901321684587813
5.815785543612612
4.146132019120379
8.090591397849462
3.1056227598611184
2.068884408606638
0.3997162485110588
4.487753882915173e-12
134.0344982078853
282.6303016726404
501.40382317801675
117.45445041816009
20.674320489844682
