23.96479241338112
6.1235065710872165
6.464829749103942
3.9118690262843483
3.4783042114695335
6.975881123058542
15.095990143369173
71.35678016726403
131.02225209080046
131.66853345280765
75.48499103942653
27.30619026284349
12.192652329749103
4.418552120669056
5.442428315412187
3.594224163679809
3.1541591995221028
8.857078853046596
30.400388291517316
106.49566905615293
257.35364396654717
209.47319295101553
82.05159796893669
31.583968040621265
11.416031959378735
11.605249402628434
5.2780764635603346
5.43287037037037
1.6041778673835125
15.227187873357225
26.092965949820787
85.72916666666667
126.9769265232975
118.26687574671443
93.06712962962965
35.913045101553166
16.766129032258064
15.157780764635605
6.962253584229391
3.7413418458781362
2.2060222520908006
8.258624551971325
35.926485961768215
109.96005077658303
243.2280465949821
243.7223715651135
134.56317204301075
68.57414874551971
29.08217592592593
11.523110812425328
5.814030764635603
3.324365292712067
4.025970728793309
12.341509856630825
34.43029420549582
100.51859318996416
261.213784348865
229.6090949820788
121.06742831541219
74.56130525686976
30.603009259259252
8.945153823178016
7.194257765830345
4.092491786140981
3.9290882616487464
12.946721923536442
45.769489247311824
170.5159796893668
263.42107228195937
282.99395161290323
163.23327359617682
78.65554062126643
31.797341696535245
13.029980585424134
5.924021804062128
4.505604091995222
5.208893369175628
4.924805854241337
20.815636200716845
94.23275089605735
177.48991935483872
258.145908004779
168.9889486260454
73.60775089605735
30.815188172043015
8.615180704898448
5.895908004778972
4.689105436081243
4.278535692951015
5.996005077658305
38.00429360812425
111.44601254480284
220.91173835125448
259.45527180406214
180.8359468339307
42.01463560334528
19.995594384707292
17.142697132616487
6.788829151732379
3.275265083632019
7.546072281959379
13.39516129032258
37.81081989247313
134.5034348864994
283.8287783751493
282.58325866188767
176.93473715651137
58.300104540023895
20.05663829151732
10.219347371565114
7.234206989247312
4.980473416965352
3.412205047789725
13.95766129032258
58.263142174432495
104.7423835125448
245.89531063321385
260.8071983273596
199.24059139784947
39.58449074074074
25.636238052568693
6.703218339307049
4.0250522700119475
3.017181899641577
4.680555555555555
14.20303166069295
42.30958781362007
108.70333034647548
194.28427419354838
250.32556750298687
224.4190561529271
69.73939665471924
20.507131123058542
6.7541816009557945
5.455981182795699
1.9147924133811227
2.6966248506571087
14.032855436081242
25.394563918757466
76.34781959378732
186.30152329749103
182.48506571087216
106.35491338112305
41.331466547192356
18.12697879330944
8.937163978494624
5.227561230585424
2.7753248207885304
4.398812724014337
9.724126344086022
28.77759109916368
74.18496117084827
165.9277927120669
190.48312425328555
109.96042413381123
54.68115292712067
27.48812724014337
6.915583930704899
4.945564516129032
3.341562126642772
2.827408154121864
7.648372162485067
29.537858422939074
71.05772102747908
209.7715053763441
237.0545848267622
91.95900537634408
66.70736260454002
25.584229390681003
25.134595280764636
9.681750298685781
4.388444593787336
1.2551224611708482
20.57799432497013
28.572916666666668
93.3004778972521
226.16599462365588
181.17010155316606
153.96953405017922
50.13963560334527
42.49294354838709
29.03912783751493
7.258064516129032
5.0777703106332135
3.4285431600955794
5.614359318996415
34.115031362007166
107.19198028673836
219.15994623655914
189.87791218637992
77.82295400238948
30.944743130227
10.821199223416965
9.935633213859022
4.071273894862604
3.146389635603345
1.7271505376344085
2.974749850657109
59.511648745519715
105.32631421744325
173.54764038231784
207.32862903225808
110.59363799283155
45.13328853046595
21.462141577060933
11.34277927120669
3.095474910394265
3.579771505376344
2.169295101553166
13.856742831541219
34.34927568697731
69.87679211469533
192.43988948626048
164.05503285543608
83.50694444444444
79.2461917562724
16.171146953405017
7.060857228195938
4.197498506571087
3.430417413381124
2.300268817204301
6.0361409796893675
33.50619772998805
80.81205197132617
220.82511947431303
153.68242234169657
138.35536140979687
60.62089307048984
12.195452508960573
3.403289277180406
5.128472222222222
4.072644115890084
5.973902329749103
10.130339008363203
20.69679659498208
88.26090203106332
180.12544802867384
233.90531660692952
137.5672043010753
64.41308243727599
