219.01424656511355
217.89905913978495
143.75389224910398
63.63039803614099
79.97545967741937
181.42565673536447
446.6781586021505
1678.910495071684
4141.606111857823
4167.9494026284365
1534.4998058542421
606.2314150238946
292.5464437724014
232.66765307646355
154.66646990740742
91.14990199372761
136.92524014336922
194.90622871863803
595.4488937425331
3284.995545848269
4900.075952060932
3209.421919802868
2288.327385752688
575.8537850955793
293.60799395161297
210.04317278972522
163.18407407407415
140.21645919205488
138.81473073476704
206.4943630525687
512.0107399940262
3054.099245818398
6186.373958333333
4078.443947879331
936.4461346326168
455.9172181152929
369.8991259707288
158.30922192353643
152.17325940860215
145.09240778076463
183.63131388142173
521.1565539127838
574.7995773596176
3072.303012992832
7176.7640158303475
4633.219627389485
1907.5617570191162
1514.8199559438474
520.9388657407404
259.9186301523297
107.76519000149342
143.6628711917563
122.03719892473119
127.68244772998806
441.89081615890086
2888.3454749103944
6058.553162335724
3823.05289725209
1427.2219235364396
959.6123058542415
314.62813172043025
480.09521580047806
86.11293283303466
150.89101855585426
58.17220064217444
171.8059991039427
557.9900298685781
3389.642107228195
7376.762735215054
6669.347528375147
3297.909744623655
1348.1907146057351
951.4760207586617
291.33654196535247
139.84459490740736
130.68539463859022
49.941397476105145
619.7382149790922
476.1335095579452
2100.35885229988
5946.315710872162
3778.6364433990434
2118.949570639188
1233.533576015532
226.30038642473127
212.23213859020305
215.71121714456393
149.6937343189964
85.66619134557946
379.9320463709678
698.4784046445636
3113.2245333034653
6235.383953106332
6440.8288343787335
2254.6920437574668
604.8195542114695
391.8363608870968
300.4764112903227
261.6822625448028
173.86391524790918
133.27299794653518
156.17914426523294
732.6102527628431
1814.3741935483868
6335.279864844682
4297.4682982377535
1973.906126792115
907.0085192652333
335.8196751792116
332.3898428166069
259.7364426523297
199.02005488351256
157.31607750896055
173.22547453703697
564.1424139784948
1968.3224835722824
6694.173917264036
4158.119268966547
1438.5345504778968
692.8682093787335
588.1264687873355
154.5530887843488
156.06029409348864
103.85122502240142
108.55562122909198
151.9420445041816
385.27592779271197
2529.4171146953404
5762.343966547192
3309.4501754778985
1922.2724947729987
600.6804345878139
286.75615890083645
191.29503360215057
138.8257489545998
112.34086051373957
191.76260304659496
104.77084677419354
540.6100451762245
1985.571998207885
4324.76361260454
3927.489620669057
672.4840516726401
685.5073334826764
350.5910196385902
217.21086880227006
147.90270758661887
125.66247580645162
89.0258978494624
411.38131571087206
878.6067891278375
2195.7122013142166
6321.926299283155
4706.565076164875
1986.223129480287
749.7959341397844
426.41814628136217
257.1337104241338
269.04089269713273
133.51127688172042
158.66443074223415
148.41576314217446
482.32903151135014
1636.7291629330937
4654.6025313620075
4005.022666517323
1740.9143742532856
518.071155540621
337.7141804808841
253.3086432198327
122.7982345803465
56.58080548088412
134.0843282930108
239.20668458781358
728.9296120818397
2110.4947393966536
5821.6583258661885
4939.972319295102
2344.2651247013146
653.4570601851847
274.6365681003586
194.98084677419354
155.2471878733572
119.52449458632017
123.8829291367981
92.56668507317802
641.4129681899643
2846.0911103643966
5778.380010454001
4310.917614994026
2647.82768443847
856.2853539426524
291.9479383213859
209.71909771766727
166.6360804958184
92.14561189516131
105.03377064665474
327.89799245818415
648.0999503434884
3185.917756869774
6683.041405316609
5308.687593339308
2329.0603009259257
796.3694795400238
346.201986260454
461.4561017771805
152.9476322431301
161.10747449970128
102.48967977150538
152.6882121789128
574.3823786589007
2545.344606108125
6288.733960573478
3990.2897774790904
2862.2194220430106
963.5598155615295
358.4430245669056
278.61039426523297
87.93806522550778
96.36550108273596
95.20179760304661
214.8538661140979
753.8960592144563
2122.8667674731187
6103.798185483873
5241.639355585424
647.1354782706095
710.5113739545997
373.3682060185186
221.4911473267622
224.95625373357228
157.91713571535243
126.94219317502987
235.84739770011942
741.4141677867384
3566.183467741936
6072.765449522103
4831.642152031065
2877.3650686977307
891.9739209976103
