24.149118876941458
8.840837813620071
7.32078853046595
3.982945041816009
1.279054659498208
5.6264934289127835
12.00388291517324
83.57116188769415
200.65822879330943
197.85132915173236
111.25410692951013
45.80047789725209
13.811006571087216
6.28670101553166
5.837962962962963
3.389949223416966
2.5012694145758663
11.974723715651136
29.362156511350058
74.44967144563918
167.8587962962963
193.68092891278374
139.01247013142174
48.45915471923536
21.40972222222222
9.589419056152925
2.831324671445639
2.4416218637992833
5.54133064516129
7.257691158900836
33.229278673835125
77.00343488649939
113.97513440860214
150.86320191158902
53.97625448028674
19.272289426523297
16.090912485065708
12.194145758661888
3.6458856033452807
4.142208034647551
5.060745221027479
9.504666965352449
43.07160991636798
106.9231630824373
232.13485663082437
209.72856929510155
139.3305704898447
44.398148148148145
21.285394265232974
10.506645758661888
3.6370855734767025
3.249529569892473
1.4536962365591397
4.82299880525687
29.840389784946243
71.7278972520908
202.60603345280765
188.97476105137397
98.42517921146954
39.40165770609319
21.91267174432497
9.43574522102748
5.175813918757467
3.284808094384707
7.2972296893667865
10.357302867383513
28.983908303464755
77.29091995221029
167.16659199522104
202.0131421744325
71.95415173237753
43.82243130227001
11.601590501792115
10.364359318996415
2.8513366188769416
3.46288082437276
3.555615292712067
5.076239545997611
34.85573476702509
62.61835424133811
181.16188769414575
130.3595430107527
72.59333930704899
30.996714456391874
15.132691158900837
5.8567428315412196
11.09281660692951
2.2268107825567505
17.920736260454003
10.814964157706095
30.498207885304655
129.2017622461171
213.80339008363202
217.07250597371566
143.99454898446834
66.0091845878136
15.347520908004778
8.89807347670251
5.02759109916368
2.387313321385902
3.6727150537634414
8.786887694145758
33.29222670250896
74.6789127837515
174.28688769414575
190.55182198327358
88.70706391875747
50.17286439665471
20.77729241338112
13.70138888888889
15.664015830346473
4.838410991636798
1.9228457287933094
5.441308243727598
34.99727449223417
92.46938470728793
144.39665471923536
168.68652927120672
69.99738649940262
29.76097670250896
22.124514635603347
8.053651433691757
9.63971027479092
3.341909348864994
3.8963560334528076
8.222744922341697
26.481780167264038
91.99036738351255
200.2292413381123
216.4437724014337
139.30443548387098
45.256496415770606
24.651993727598565
14.94037485065711
5.471214157706093
5.030167264038233
4.32490292712067
10.128920250896057
60.632093787335734
132.61462066905617
234.56839904420545
255.12544802867384
148.37888291517325
48.1892174432497
28.936417264038234
16.417936081242534
7.630413679808841
3.3818660394265234
4.249495967741935
16.334752090800478
52.77815113500597
106.1839157706093
241.27501493428912
271.55129928315415
141.42846475507767
49.73043608124254
39.79446684587814
21.40427120669056
5.158938172043011
3.8438284050179212
2.8293682795698927
4.483206391875747
24.55055256869773
76.2959229390681
192.0687724014337
212.06317204301075
100.52643369175627
40.99357825567503
20.454189068100355
4.7908452807646364
5.533266129032258
4.329633363201912
2.6923947132616486
5.773782855436082
36.4704674432497
91.21565113500597
199.14165173237754
171.3321385902031
106.52777777777777
45.51971326164875
26.457138590203105
8.15621266427718
6.052344683393071
2.594933542413381
1.4325082138590204
8.474723715651136
40.678091397849464
98.62865890083631
191.90412186379928
185.663082437276
124.60872162485066
46.90449522102748
22.102523894862607
9.967032556750299
5.601665173237754
3.3420512246117084
4.461432198327359
5.1392622461170845
41.360327060931894
110.43757467144565
239.21594982078852
221.05996117084825
206.07414874551972
71.15666069295102
22.74996266427718
9.873693249701315
7.375149342891278
2.699167413381123
1.884001642771804
5.8590576463560335
30.173051075268816
71.53449820788529
196.93100358422942
202.29428016726405
115.80085125448029
43.63388590203106
26.661887694145758
11.894377240143369
5.113649940262843
7.0713485663082425
6.660282258064518
17.314478793309437
36.654607228195935
108.39979091995221
216.49529569892474
197.7479091995221
193.0495818399044
49.6143219832736
30.67525388291517
8.832810633213859
3.6116114097968937
3.3108086917562725
2.884419802867384
4.057721027479091
32.823178016726395
72.07773297491039
174.57063918757467
194.64195041816006
88.70706391875748
40.908527479091994
