25.992868876941458
11.033415471923536
4.23275462962963
3.3521580047789725
2.870023148148148
8.38799283154122
25.962589605734767
99.523596176822
160.59363799283153
129.4134557945042
91.48745519713263
39.231444145758665
17.821049880525685
7.803763440860215
2.8716584528076465
2.407437275985663
5.089613201911589
11.622722520908004
26.295624253285542
85.58505077658302
192.26814516129033
167.86514336917563
149.16666666666666
78.65554062126643
29.507653823178018
7.866188769414576
8.15613799283154
4.475246415770609
7.541704002389488
5.764374253285544
25.87205047789725
152.54106929510158
228.53121266427718
184.20960274790917
163.83437873357227
46.32952508960574
24.82814366786141
6.991823476702509
1.6794018817204301
3.418440113500597
3.849454898446834
25.133885902031064
40.28233273596176
78.25828853046595
152.77889784946237
169.23387096774195
87.30398745519713
65.32332735961769
36.89161439665472
22.019899940262846
8.018518518518517
3.275918458781362
2.997203554360812
8.176672640382318
43.19183094384707
110.31810035842294
291.66181302270013
220.52008661887695
160.9038978494624
39.7722894265233
25.547864396654713
6.457885304659497
6.686118578255675
3.7756085722819592
2.5584266726403824
15.14975358422939
29.049357825567498
73.64359318996416
214.2715800477897
206.76896654719235
109.10692951015531
38.506496415770606
4.021617383512544
18.10760155316607
6.031810035842294
3.530783303464755
4.247711320191159
7.661850358422939
12.37223715651135
111.5886350059737
204.28128733572282
295.55368876941463
175.65561529271207
77.3263888888889
14.967592592592595
16.508587216248507
7.596438172043012
2.885409199522103
6.615666069295101
10.297939068100359
41.95183691756273
108.26463560334528
212.56795101553172
224.45713859020307
224.40337514934285
42.63892622461171
27.26549432497013
18.860028375149344
4.948775388291518
4.086111111111111
3.694504181600956
14.358796296296296
33.636088709677416
91.16823476702508
203.16793608124254
212.9450418160096
164.14762544802866
70.97856929510155
21.2168458781362
19.35285991636798
8.698812724014337
3.3211432198327357
1.1291517323775389
3.537417861409797
43.293757467144566
98.82243130227
225.0197879330944
182.96893667861409
100.90389784946234
68.49350358422939
33.09150985663082
9.435297192353646
6.803390083632019
3.45346848864994
4.9185334528076465
8.505749701314215
66.0274790919952
88.28554360812426
243.5468936678614
200.1758512544803
125.84528076463558
35.456541218637994
14.60569743130227
17.49439964157706
4.134262992831542
4.262533602150538
1.3731406810035842
12.584453405017918
46.274268219832734
68.55585424133811
170.09595280764637
164.23984468339307
109.57586618876941
51.78203405017921
20.152068399044207
6.86854091995221
6.306899641577061
5.001877986857825
4.977326015531661
7.579151732377539
17.869324970131423
57.31033452807647
149.32870370370372
180.60857228195937
86.33811230585425
34.059923835125446
18.922155017921146
8.278151135005974
10.307235663082437
7.66468787335723
4.391252240143369
3.6583482676224612
10.758437873357229
27.59460872162485
106.44003882915173
136.17906212664278
85.67540322580645
22.534386200716845
13.933617084826762
6.934289127837514
6.917002688172045
4.0121229091995225
1.5016913082437273
4.3990068697729985
26.490666069295102
101.77979390681004
184.49895459976105
111.86454599761052
71.5617532855436
52.13336320191159
22.409572879330945
7.114844683393071
3.0468862007168456
1.3851627837514935
4.359445937873358
4.245683990442056
18.571460573476706
67.242756869773
95.79898446833931
149.12298387096777
68.7399193548387
21.304771505376348
8.573178016726406
11.374029271206691
5.892062425328555
1.822797192353644
17.848827658303463
10.163791816009558
39.02146804062126
96.0935633213859
216.7827807646356
202.50709378733572
53.18697729988054
30.787447729988052
21.392771804062125
13.788493130226998
5.77755376344086
3.4180667562724016
1.8886574074074074
13.532818100358426
32.19851403823178
132.85916965352448
235.29009856630825
165.40695937873355
89.39516129032258
40.663119772998805
30.243391577060933
17.56052120669056
8.404345878136201
6.617570191158901
3.0695303166069303
5.942390979689367
23.38601403823178
64.59901433691756
146.67861409796896
135.74895459976105
81.97207287933094
36.407370071684596
9.14605734767025
6.122125149342891
1.1566308243727599
1.4338784348864995
3.3797864396654727
11.637358124253286
40.79080794504181
72.0680256869773
179.65875149342892
211.89142771804063
138.0346475507766
38.53931451612904
