1179.18404626636
1069.61948087171
809.3776188678931
612.1105340148365
726.75286898138
634.123811970172
1293.8442316269125
1966.0865967027046
2581.5902483149694
2614.7698686055064
2537.606205374185
2067.875476223762
1796.3033170961091
1009.1993134401603
763.2485748444141
893.669539049972
742.0361199840662
1208.4650259634589
1342.4042815073606
1888.4855690041422
2873.555971366692
2925.423243128154
2333.050205975098
1986.7901309095269
1645.0170648149713
1096.38970241207
1148.2216428541462
791.5519498429193
1074.7923740295064
1342.3829460317124
1441.8002022853566
2256.8563610293854
2929.748029414099
3160.7252795259624
2694.4291021196887
1739.7393148001192
1140.4623862486658
564.6349422488421
629.2406518544491
593.700286256145
432.31451164599815
815.0661668475085
1066.9065245060942
1754.7167304841432
2512.8396785477803
2525.002037953997
2283.9136481704463
1838.2436657615935
1059.3297067036276
820.4307769958493
765.8179679530671
907.2510938032514
948.7059045148202
1260.1815361372658
1859.3179596557147
2312.7222077909587
3589.3101995679585
4063.6802417955128
4015.3527372927565
2312.3198181986895
1726.3865515097432
1319.5384831869017
1133.21132035275
1209.4925114379776
1525.2424303112102
1498.0582252157453
1963.6461945955434
2864.3523375799928
3609.042011384885
3869.8140840866217
3609.9856544938084
2595.023555512483
1980.3483941737495
1533.1291274772825
1148.5333888296973
1115.605826048458
1112.8606064935989
1676.4595870020207
2089.945963917562
2510.129958555009
3948.0149655612095
4562.568649818534
4263.610348169107
2788.0667902129367
1531.5193559341658
1188.6235045310095
1097.0932432849054
963.1598980652457
899.053005302085
1342.7114410031118
1507.264859226379
2607.837429291221
3186.6515406340823
4177.907303280853
3593.0924647800402
2492.7633522716756
1975.4176536711288
2072.8082173784987
1426.5849039241996
1184.2980766119745
1092.428068768342
1650.2547273201878
1634.496569568015
2624.241945275493
3223.3940144724515
3979.928940983268
3576.2258993504342
2284.2110379252335
1604.9122074613979
1258.9097998861653
1102.2133372177375
979.8458456860301
1314.3737006036845
1515.4056785720868
1468.654421284943
2033.0768520573463
2521.890963086273
2744.6271008961235
2060.1715269551246
1770.4743230505244
1882.710939439179
1120.222755740519
967.1003025134659
1031.9153901385796
1170.3770498397726
986.4960321375548
1456.8264814848358
2195.3111304366075
3390.2398899495524
3651.2013043537117
3439.6052755945843
2374.8843181734233
1326.3861283593849
855.097345786632
855.9680062937233
756.8953543033584
724.6575900898537
847.3112594932691
1192.6129195673393
1834.1729437711456
2473.466638465389
2928.6320628183253
2183.3400789858088
1786.594913736412
1316.0351845585915
613.4914994675974
562.9958515599803
744.4522157651725
709.9616086031203
1188.4858337049386
1401.8330932065962
2061.5617680139508
2393.0096655297975
3175.056026505994
3111.662606820004
1722.92085487255
1172.8874411918175
778.9356406875349
754.7886388271415
806.8099357077162
848.5607230929843
889.773392374258
1216.6678195121854
1712.325806988329
3033.6148960267737
2810.295665554633
2008.6475189026405
1522.9153248373855
1204.3523993197164
923.581604920043
860.6413486556552
688.8677006554431
768.0445525339361
980.9845857668436
1418.700395436479
2100.988201712324
2315.394589407286
3116.8494126470882
2572.976162231709
1875.6714382337748
1170.2427975151911
984.4062382131868
921.4916018981838
1230.7227381362939
1048.294443808629
1127.0248812530904
1599.7727839455667
2051.035179680263
2458.375931464249
3485.4198133850928
2724.648103337754
2058.0451089339344
1346.7528636656148
1644.481703927271
1210.2769097425987
1299.678336193524
1203.6828061764384
1524.9091830074822
2026.831712070715
2724.217611395134
3253.6968035134855
3977.9166243780037
3790.6029951386777
2617.5584511514426
1670.2577211928092
1548.7369969066528
1478.0212838170796
1253.9948176426028
1229.1824315502663
1562.3799944902128
1964.0543388449855
2896.992467580623
3780.3163850437318
4425.187397875121
4338.117940346111
3146.6750928447227
2031.3518708376935
1689.038610874057
1442.3744123757394
1486.1307248974865
1266.4702271048084
1721.8577318352145
1751.112213256294
2805.0952276998582
4033.8172251400665
4539.146139858912
4205.92965324503
3172.4047528557385
2789.7810192162156
1994.083653551516
1567.3546880336494
1447.3581983410754
1500.2373798174533
1860.2485305131374
2239.947703817714
3207.6319494581558
4533.756257292207
4778.6193367002925
4590.7235382752815
3285.9188880860906
