6.189142771804061
4.146132019120379
2.863575268821692
4.599059139784946
2.068884408606638
0.3997162485110588
4.487753882915173e-12
148.96766726403823
467.8199671445639
389.3794802867383
123.80114994026285
18.434326463560335
5.815785543612612
4.146132019120379
2.863575268821692
3.1056227598611184
2.068884408606638
0.3997162485110588
4.487753882915173e-12
116.86193249701317
288.60513739545996
303.50806451612897
106.62858422939068
7.606780167268525
11.042801672640383
4.146132019120379
2.863575268821692
3.1056227598611184
2.068884408606638
0.3997162485110588
4.487753882915173e-12
99.31302270011948
378.584229390681
414.39516129032256
154.79166666666666
42.32900238948626
5.815785543612612
4.146132019120379
5.850448028673835
3.1056227598611184
2.068884408606638
0.3997162485110588
4.487753882915173e-12
188.54428016726405
448.03726105137395
512.6019265232975
213.03203405017922
80.03696236559139
8.802658303464753
4.146132019120379
2.863575268821692
3.1056227598611184
2.068884408606638
0.3997162485110588
4.487753882915173e-12
157.18227299880525
504.4224163679809
525.6571087216248
205.94198028673836
62.86439665471922
15.149604241338112
4.146132019120379
2.863575268821692
3.1056227598611184
2.068884408606638
3.386589008363202
4.487753882915173e-12
202.35775089605735
627.2401433691756
526.7633661887693
373.950119474313
49.42286439665472
16.64333183990442
4.146132019120379
2.863575268821692
4.599059139784946
2.068884408606638
0.3997162485110588
4.487753882915173e-12
255.3755973715651
526.4183841099164
521.9399641577061
270.90576463560336
77.0493578255675
5.815785543612612
4.146132019120379
5.850448028673835
3.1056227598611184
2.068884408606638
0.3997162485110588
4.487753882915173e-12
148.96766726403823
339.3839605734767
307.9872311827957
141.3500597371565
7.606780167268525
5.815785543612612
4.146132019120379
2.863575268821692
3.1056227598611184
2.068884408606638
0.3997162485110588
4.487753882915173e-12
51.898484169653536
264.3380376344086
353.91017025089604
18.14142771804511
7.606780167268525
5.815785543612612
4.146132019120379
2.863575268821692
3.1056227598611184
2.068884408606638
0.3997162485110588
4.487753882915173e-12
92.96632317801672
359.5437574671446
385.2721774193548
18.14142771804511
7.606780167268525
12.163007765830345
4.146132019120379
2.863575268821692
16.173163082437277
2.068884408606638
0.3997162485110588
4.487753882915173e-12
227.74865591397855
550.3173536439665
555.1329151732377
314.5852001194743
28.51482228195938
5.815785543612612
4.146132019120379
2.863575268821692
3.1056227598611184
2.068884408606638
0.3997162485110588
4.487753882915173e-12
139.26149940262843
384.55906511350054
241.53188470728793
18.14142771804511
7.606780167268525
15.523148148148149
4.146132019120379
2.863575268821692
12.43944145758662
2.068884408606638
0.3997162485110588
4.487753882915173e-12
160.9173387096774
543.5894563918757
307.9872311827957
104.38508064516131
38.59528076463561
8.802658303464753
4.146132019120379
2.863575268821692
9.825940860215054
2.068884408606638
0.3997162485110588
4.487753882915173e-12
81.01627837514935
230.73663381123058
234.8088410991637
142.47013142174436
7.606780167268525
5.815785543612612
5.639568399044205
2.863575268821692
3.1056227598611184
2.068884408606638
0.3997162485110588
4.487753882915173e-12
163.52859916367981
352.44922341696537
391.2473864994026
167.48506571087216
40.462141577060926
5.815785543612612
4.146132019120379
2.863575268821692
3.1056227598611184
2.068884408606638
10.853755973715652
11.574223416965353
202.35775089605735
396.5046296296296
436.4224910394265
254.4765531660693
14.700642174432497
5.815785543612612
4.146132019120379
2.863575268821692
3.1056227598611184
2.068884408606638
4.506656959378733
4.487753882915173e-12
4.487753882915173e-12
224.76142473118279
340.8449074074074
18.14142771804511
7.606780167268525
5.815785543612612
4.146132019120379
2.863575268821692
3.1056227598611184
2.068884408606638
0.3997162485110588
9.333818697729987
149.7155017921147
404.3473715651135
490.2053464755078
334.00164277180403
75.55779569892474
5.815785543612612
4.146132019120379
2.863575268821692
3.1056227598611184
2.068884408606638
0.3997162485110588
3.7335722819593786
92.21848864994027
428.988201911589
490.2053464755078
362.37641875746715
7.606780167268525
5.815785543612612
4.146132019120379
2.863575268821692
6.092495519713261
2.068884408606638
0.3997162485110588
4.487753882915173e-12
157.93010752688173
478.6618876941458
652.2393966547191
230.2090800477897
7.606780167268525
