2.240142249103943
0.0
0.0
0.0
0.0
0.0
0.0
53.01627837514934
131.7936827956989
160.91685334528077
40.69593787335723
0.0
0.0
0.0
0.0
0.0
0.0
0.0
0.3733557347670251
23.52158751493429
90.35285991636798
82.88620071684589
47.043944145758665
8.2139075567503
0.0
0.0
4.853823178016726
0.0
0.0
0.7467278972520908
0.0
50.775164277180416
100.06018518518518
110.51508363201911
51.52232676224612
8.2139075567503
0.0
0.0
0.0
0.0
0.0
1.1200899790919951
0.0
48.164463859020316
113.12574671445641
190.0396505376344
141.87481332138591
37.70911738351254
0.0
0.0
0.0
0.0
0.0
0.0
0.0
25.761540471923535
107.52684438470726
172.49189814814815
141.12802419354838
14.561017771804062
0.0
6.3471139486260455
0.0
0.0
0.0
0.0
0.0
66.45937873357228
177.34367532855435
210.5752688172043
170.25082138590204
13.814392921146954
0.7467278972520908
0.0
0.0
0.0
0.0
0.0
0.0
68.32291666666666
132.1674507168459
210.5752688172043
103.79144265232975
14.93414351851852
0.0
0.0
0.3733557347670251
0.0
0.0
0.0
0.0
38.455607825567505
94.45747461170848
101.92790471923539
50.028001792114694
0.0
0.0
0.0
0.0
0.0
1.8667764336917563
0.0
0.0
17.921139486260454
111.262208781362
186.30424880525686
66.45937873357228
10.453856780167264
0.0
0.0
0.0
0.0
0.3733557347670251
1.1200899790919951
0.0
33.22883064516129
125.0745594384707
147.10450268817203
40.32254330943847
6.7206541218638005
0.0
0.0
0.0
0.3733557347670251
0.0
0.0
0.7467278972520908
77.65688470728793
138.89071833930706
139.63369922341695
67.206541218638
9.707194593787337
0.0
0.0
0.0
0.0
0.0
0.0
0.0
44.802830047789726
120.96957138590203
97.81910842293907
22.401422491039426
0.0
0.0
0.0
0.0
0.7467278972520908
0.0
0.3733557347670251
0.0
90.7262171445639
132.1674507168459
125.44795400238948
19.041304510155317
4.106933243727599
0.7467278972520908
0.0
0.0
0.0
0.0
0.0
0.0
36.21580047789726
97.81910842293907
111.262208781362
49.65464456391876
0.0
0.0
0.0
0.0
0.0
0.0
0.0
0.0
84.00675776583033
102.67502986857825
119.84901433691756
106.40628733572282
11.574025537634409
0.0
0.0
0.0
0.0
0.0
0.0
0.0
39.57579151732378
93.71449372759857
130.67312574671445
90.35285991636798
17.921139486260454
0.0
0.0
4.853823178016726
0.0
0.0
1.493414351851852
0.0
33.22883064516129
78.77740442054959
76.90972222222223
29.12205047789725
7.093738799283154
0.0
0.0
0.3733557347670251
0.0
0.0
0.3733557347670251
0.0
66.45937873357228
105.28573028673836
131.0468936678614
110.88847819593788
36.21580047789726
0.0
0.7467278972520908
0.3733557347670251
0.0
0.0
0.0
0.0
4.853823178016726
121.33919504181601
141.12802419354838
173.23906063321385
10.080734767025088
0.0
0.0
0.0
0.0
0.7467278972520908
0.0
0.0
49.65464456391876
87.36458333333333
156.4384707287933
133.6613649940263
0.0
