5.14594160692951
3.713407258064516
2.3887022103020024
2.5906137993103657
1.7258064516401148
7.458198924731182
58.43040621266428
136.1036439665472
179.26747311827958
92.09266726403823
36.04988052568698
11.678987455197133
5.018570788530466
3.458669354865921
2.3887022103020024
2.5906137993103657
3.5304659498207887
0.3334229390953121
17.779644563918758
3.827284946236559
57.433542413381126
34.509408602150536
20.506645758661886
7.224014336917561
4.851403823205228
4.218115292712067
2.518458781362007
2.5906137993103657
1.7258064516401148
4.946624850657108
53.2444743130227
111.8839605734767
163.3811230585424
53.453927718040624
31.824223416965353
13.242607526881718
4.851403823205228
3.458669354865921
2.3887022103020024
2.5906137993103657
4.806899641577061
8.453195937873357
65.15830346475508
142.64486260454004
189.44519115890083
152.27411887694146
45.51075268817204
17.4264486260454
7.502165471923536
5.723416965352449
2.3887022103020024
2.686140979689367
2.1974686379928317
14.84544504181601
74.80958781362007
171.30749701314218
145.13515531660693
117.0030615292712
45.24044205495819
13.271356033452808
6.905204599761051
3.458669354865921
2.3887022103020024
2.5906137993103657
1.7258064516401148
9.7267174432497
52.172939068100355
158.61335125448028
222.52837514934288
104.39852150537637
48.45355436081243
12.698999402628434
4.851403823205228
3.458669354865921
2.3887022103020024
3.127949522102748
1.7258064516401148
12.035185185185183
51.194743130227
179.00985663082437
207.77329749103941
146.5990890083632
48.037634408602145
7.524118876941458
7.125709378733572
3.5446423237753883
3.7141203703703702
2.5906137993103657
1.8221288829151732
11.96574074074074
53.263142174432495
100.71311230585424
168.30197132616487
129.55533154121864
30.87178912783752
6.890083632019116
5.865554062126643
3.856705495818399
2.3887022103020024
2.5906137993103657
1.7258064516401148
3.0806227598566305
19.544504181600956
76.17980884109916
82.49701314217444
64.16554659498208
15.69769265232975
10.01265681003584
6.045474910394265
4.0031735364396654
2.3887022103020024
2.5906137993103657
1.7258064516401148
13.884050179211467
52.172939068100355
93.64172640382318
214.94175627240142
62.60491338112305
29.140531660692957
6.88691009557945
5.2721027479092
3.458669354865921
2.3887022103020024
2.5906137993103657
1.7855100059737157
7.617249103942652
54.60722819593787
134.45340501792114
170.88933691756273
102.13971027479091
35.34460872162485
8.682833034647551
4.851403823205228
3.4897151284348866
2.3887022103020024
2.5906137993103657
1.7258064516401148
0.3493440113500597
34.42204301075269
115.4868578255675
117.44698327359617
74.33206391875747
26.102897252090802
9.56160394265233
4.911107377538829
3.67759109916368
2.4046232825567504
2.5906137993103657
1.7258064516401148
6.386663679808841
61.12231182795699
135.52867383512546
179.86857825567503
103.2709826762246
31.811155913978496
8.682833034647551
5.388739545997611
4.795250896057348
4.6722296893667865
2.5906137993103657
3.965800477897252
7.9517771804062125
48.17801672640382
119.2465651135006
132.9786439665472
77.20318100358423
30.067204301075275
6.460211320191159
7.188657407407407
4.412335722819594
5.92278972520908
2.5906137993103657
2.097965203106332
4.592308841099164
25.46408303464755
114.63186977299881
104.16293309438471
70.1280615292712
39.591173835125446
12.706093189964157
4.851403823205228
3.458669354865921
2.3887022103020024
2.5906137993103657
4.806899641577061
4.994787933094384
45.803464755077655
122.75238948626045
85.12918160095579
78.81608422939068
34.6777927120669
9.092779271206691
4.851403823205228
3.458669354865921
3.447431302270012
2.5906137993103657
2.2902105734767026
0.44487007168458775
2.7211768219832733e-11
61.01777180406213
86.07004181600956
85.1370221027479
15.677792712066905
6.345579450445371
4.851403823205228
3.7611671146953407
2.3887022103020024
3.2959229390681
1.7417275238948626
12.528763440860216
37.29540023894862
148.21908602150538
129.15919952210274
68.91465053763442
31.811155913978496
12.379778972520908
4.851403823205228
3.609920101553166
2.3887022103020024
2.5906137993103657
1.7258064516401148
12.958870967741936
60.412933094384705
170.75866188769413
214.94175627240142
85.65598864994027
42.207287933094385
7.026209677419355
4.851403823205228
3.5430518219832736
2.3887022103020024
2.6224555704898447
1.9104950716845879
0.9901583034647551
41.18130227001195
137.78375149342892
142.648596176822
105.46632317801672
50.31063321385902
8.034722222222221
