30.36869026284349
13.166666666666666
5.521841397849462
3.314172640382318
1.6469160692951015
14.752314814814815
31.053166069295102
105.41816009557945
182.53808243727596
148.0432347670251
92.31705495818399
21.492570191158904
27.127762843488643
11.74906660692951
3.2389262246117085
3.2500373357228196
3.0414575866188773
5.907668757467144
35.5177344683393
85.88933691756273
219.83646953405017
230.73850059737157
163.36170848267622
64.71699522102747
30.102150537634408
7.736111111111111
2.3712029569892477
2.9275388291517324
3.4508885902031072
13.903823178016724
31.13631272401434
96.77232676224612
231.73200418160096
240.95243428912784
190.7635155316607
59.432870370370374
12.405801971326165
7.8674208482676224
4.50739247311828
3.549611708482677
15.13149641577061
19.253696236559144
47.97453703703704
82.47013142174431
245.54734169653526
190.5969982078853
75.44317502986857
65.43757467144565
27.38773148148148
14.037410394265233
5.024081541218638
3.351706242532856
2.1989807347670247
12.208146654719236
34.79704301075269
100.15979689366785
209.70915471923536
246.24999999999994
256.28098864994024
58.47595579450418
13.669392174432497
6.058243727598567
4.333273596176822
12.133624551971327
6.057347670250896
7.652404420549582
33.35412933094385
95.56376941457587
229.86857825567503
259.6662186379928
90.52680704898447
45.84826762246117
14.699559438470729
15.284908900836317
10.186827956989248
4.74630376344086
7.004741636798087
10.934662485065711
60.2587365591398
162.54293608124254
300.58579749103944
282.44885005973714
151.69802867383513
62.87970430107527
21.570415173237755
6.197916666666667
4.530458482676224
3.763485663082437
2.4513403524492237
26.613761947431303
35.63130973715651
90.78405017921148
225.77434289127837
296.31459080047784
126.95639187574672
46.08646953405018
27.812238649940262
8.804472819593785
8.714045698924732
3.335909498207885
3.344041218637993
12.00082138590203
33.797117682198326
141.39262246117082
195.1205943847073
233.16606929510155
104.28950119474312
49.28763440860215
16.48808990442055
11.020908004778972
6.52116935483871
3.827945788530466
5.639784946236559
8.493316905615293
56.78464755077658
135.97222222222223
235.24156212664278
210.8131720430107
97.8498357228196
58.03576762246117
33.78539426523297
9.52486559139785
6.97151284348865
4.67606780167264
3.1836730884109907
5.5270310633213855
38.11047640382317
61.367607526881734
198.10185185185185
182.1210424133811
69.80660095579451
18.77311081242533
25.56731630824373
13.636984767025087
8.895161290322582
4.999029271206691
7.5754181600955794
9.51821983273596
20.51975059737157
62.43092891278375
155.34348864994027
185.1090203106332
68.23775388291516
33.24391427718041
21.27587365591398
5.543570788530466
3.5427382019115883
3.907093787335723
3.7331391875746722
17.640830346475507
42.85692951015532
80.036215651135
144.96789127837516
158.31167861409796
85.1101403823178
28.114882019115896
13.516726403823176
20.24372759856631
5.800104540023895
1.7676709976105134
2.854323476702509
7.916517323775387
34.29271206690562
70.59139784946237
171.3661140979689
199.82676224611708
72.73857526881719
52.76545698924731
10.62134109916368
5.60939366786141
6.510043309438472
5.615057497013142
3.1107153524492235
7.799880525686977
31.667264038231774
85.8557347670251
224.25253882915175
221.55316606929506
172.04599761051375
40.095094086021504
25.236857825567505
11.151135005973716
4.062059438470728
3.816651732377539
2.0953890382317804
8.952023596176824
44.46759259259259
73.83064516129033
187.70609318996412
152.134109916368
84.7879330943847
53.937798685782546
13.957437275985663
7.3371789127837514
3.627564964157706
6.16981780167264
2.18399417562724
8.395646654719235
41.3229913381123
83.18175029868578
203.9433990442055
162.00567502986857
101.13500597371565
45.09557945041816
27.964979091995225
8.703330346475507
4.7877837514934285
3.2662373058542404
3.5736633811230587
4.397285692951016
12.69212962962963
101.86155913978494
163.9463859020311
181.88097371565112
77.78748506571087
34.953629032258064
20.50922192353644
14.093264635603346
5.842368578255675
3.5868316905615294
3.4692689665471925
5.5482377538829155
32.220318100358426
90.60782556750299
209.82489545997612
203.62567204301075
129.90703405017922
51.2134109916368
14.750522700119472
14.380824372759854
11.127464157706093
3.03624178614098
1.024190188172043
9.086394862604541
23.6964605734767
107.92077359617682
270.70527180406214
234.26373954599762
143.9587066905615
52.526135005973714
