0.0
1.493414351851852
0.0
0.0
0.0
0.0
0.0
48.53823178016727
99.68679062126643
94.83086917562724
70.56399342891278
14.187481332138592
0.0
0.0
0.0
0.0
0.0
0.0
5.973573775388291
31.735513739545997
98.93966547192353
118.35510005973715
101.92790471923539
1.8667764336917563
0.0
0.0
0.0
0.0
0.0
0.0
0.0
68.32291666666666
109.0207586618877
129.55675029868578
47.417712066905615
16.427848715651137
0.0
0.0
0.0
0.7467278972520908
0.0
2.9868690262843485
0.0
43.30854241338112
142.6219384707288
143.36910095579452
49.65464456391876
14.93414351851852
0.7467278972520908
0.0
0.0
0.0
0.0
0.0
0.0
40.32254330943847
145.98394563918757
140.75425627240142
154.57075119474314
25.761540471923535
0.0
0.0
0.0
0.0
0.0
0.0
0.0
40.32254330943847
107.52684438470726
135.90247909199522
90.35285991636798
14.93414351851852
0.0
0.0
0.0
0.0
0.0
1.1200899790919951
0.0
86.24406362007169
126.56851105137396
126.56851105137396
69.81686827956989
32.1086096176822
0.0
0.0
0.0
0.0
0.0
0.0
0.0
50.028001792114694
97.81910842293907
222.89366786140985
63.0973715651135
1.8667764336917563
0.0
3.3602337216248506
0.0
0.0
0.0
0.0
0.0
72.05794504181601
146.35734020310636
136.27624701314218
100.06018518518518
2.9868690262843485
0.0
0.0
0.0
0.0
0.0
0.0
0.0
48.911626344086024
172.49189814814815
101.92790471923539
26.508169056152923
20.908131720430106
0.0
0.0
0.0
0.0
0.0
0.0
8.960569743130227
39.57579151732378
163.53132467144565
153.82362604540023
29.12205047789725
4.853823178016726
1.8667764336917563
0.0
0.0
0.0
0.0
0.0
0.0
15.307683691756269
125.0745594384707
111.262208781362
70.19026284348865
0.0
2.240142249103943
0.0
0.0
0.0
0.0
0.0
0.7467278972520908
32.1086096176822
126.1951164874552
97.07194593787335
141.87481332138591
11.200899790919951
0.0
0.0
3.3602337216248506
0.0
0.0
0.0
0.0
94.45747461170848
96.32515681003584
90.7262171445639
76.1667413381123
0.0
0.7467278972520908
0.0
0.0
0.0
0.0
0.7467278972520908
0.0
84.38052568697731
134.78192204301072
171.3713410991637
178.83800029868578
0.0
0.7467278972520908
0.0
0.0
0.0
0.0
0.0
0.0
40.32254330943847
121.71255227001194
107.52684438470726
37.33557347670251
22.774962664277183
0.0
0.0
0.0
0.0
0.0
0.7467278972520908
0.0
47.417712066905615
120.2227822580645
97.07194593787335
151.5825119474313
12.694190561529268
0.0
0.0
0.0
0.0
0.0
0.0
8.960569743130227
45.54999253285544
94.08788829151733
118.35510005973715
37.70911738351254
13.440852747909199
0.0
0.0
0.0
3.733557347670251
0.0
0.0
0.0
47.417712066905615
103.79144265232975
146.7307347670251
97.07194593787335
0.0
0.0
0.0
0.0
0.0
0.0
0.0
0.0
18.29467965949821
130.67312574671445
78.77740442054959
107.9002016129032
38.82937574671445
