14.74548237753883
7.2351030465949835
5.537186379928316
3.4537074372759857
7.146542712066906
5.285618279569892
70.54136798088412
90.81690561529271
233.45915471923536
273.69026284348865
155.19713261648747
47.252090800477895
14.5459229390681
8.739135304659499
7.596064814814815
3.6654943249701306
6.199708781362007
10.67558990442055
34.04622162485066
91.51508363201911
121.8660394265233
191.9507915173238
103.66300776583034
58.48790322580645
12.747087813620071
11.628770908004778
4.896580047789726
3.8294690860215055
7.036252986857826
14.532258064516126
26.68847072879331
61.05100059737156
170.0373357228196
234.6426971326165
110.92704599761052
41.59516875746714
15.930331541218639
9.209416069295102
7.571124551971326
3.539889486260454
3.815169504181601
9.831130525686977
33.93507317801673
70.41479988052569
173.54540023894862
169.376866786141
63.43563321385902
27.27680704898447
14.519825268817208
10.44026284348865
4.716323178016727
3.1326799581839904
1.9417114695340503
15.748842592592593
34.55100059737156
79.47393966547192
185.20758661887695
218.8060035842294
81.68570788530467
37.459789426523294
29.35831093189964
13.13866487455197
16.329450418160096
4.983814964157706
12.539202508960573
17.592965949820787
31.56104390681003
107.61686081242533
219.84094982078852
261.5669802867383
89.35073178016727
43.682198327359615
17.665957287933097
12.787261051373955
3.317439516129032
2.9092181899641583
3.958135454002389
5.8230660095579445
31.776060334528076
98.60028375149344
145.8247461170848
204.5661589008363
233.65292712066906
63.47222222222222
19.4176747311828
6.179099462365591
3.6467517921146952
3.3259072580645155
3.3849910394265232
10.035394265232975
55.77508960573477
90.09520609318997
316.8537186379928
297.8774641577061
172.3140681003584
47.439142771804065
15.047603046594979
9.724350358422937
5.661925029868579
4.050545101553166
2.4795885603345282
7.620631720430108
22.763254181600956
86.66704002389486
139.82004181600956
144.34625149342892
84.00985663082439
28.612903225806456
13.582250597371566
12.243615591397852
7.8227299880525685
3.0940225507765837
5.191550925925926
8.36954898446834
27.515195639187574
98.66263440860214
117.4335424133811
163.51665173237754
159.44631123058545
36.46744324970131
26.349387694145758
9.55499551971326
6.620669056152925
3.502120669056153
6.433169056152927
8.994399641577063
38.118764934289125
94.67555256869774
280.663082437276
231.9776732377539
181.88806750298687
89.02329749103943
23.760678016726406
8.19556451612903
5.955719832735961
5.554099462365592
3.11171968339307
14.594683393070486
26.15602598566308
81.68832138590203
200.75642174432497
295.78068996415766
170.00634707287932
46.98476702508961
13.783042114695341
4.614575866188769
10.90430854241338
8.96987007168459
4.034539277180406
8.09852897252091
29.53095131421745
98.25754181600956
215.30092592592592
184.13082437275983
63.096998207885306
17.04581093189964
23.966845878136198
8.087440262843486
7.743055555555555
4.174649044205496
3.3764971624850664
5.5270310633213855
39.0655615292712
96.81488948626044
224.5497311827957
184.65464456391874
91.04390681003584
45.2292413381123
26.193623058542414
6.321609916367981
3.2123581242532855
4.039833482676225
3.505245669056152
32.82590352449223
24.617346176821986
92.89575866188768
124.94474313022702
178.2788231780167
90.75231481481481
45.50403225806452
17.531847371565114
10.431302270011948
5.079413082437276
2.1141091696535246
0.5646490442054958
7.005787037037038
29.267062425328554
118.31615890083631
246.63007765830352
207.27710573476702
126.95004480286737
69.06474014336918
23.32448476702509
9.004442951015534
5.224163679808841
2.9677606033452806
1.1876833183990443
7.988575268817204
24.396692054958184
36.978158602150536
147.57840501792117
130.22513440860212
79.90255376344086
54.80548088410992
11.700791517323776
10.367458183990442
9.738351254480285
1.6360513739546
3.145952807646356
9.865442054958184
29.993503584229398
27.069481780167266
184.6957138590203
187.12253584229387
133.0413679808841
63.20041816009558
39.89549731182796
9.782482078853048
8.238127240143369
5.8538493130227005
0.4775910991636798
7.699746117084826
30.659124850657108
110.27777777777777
202.4529569892473
266.52927120669057
138.85603345280765
43.469422043010745
22.117308841099163
7.931152927120671
5.35748954599761
4.2320415173237755
2.527710573476703
4.067719534050179
35.99174880525687
96.6435185185185
241.39971624850656
231.6076762246117
98.59655017921148
55.26097670250896
