1700.338601224544
1697.277616325713
945.3193863410112
861.1612135249917
828.5232206838893
1135.2797625376759
1896.2204861072003
2304.967648823372
3337.9263482253623
3619.210430134778
3597.6213263419277
2398.0991097363067
1607.6588726516634
1140.651135423434
799.7312622697432
802.9901371682514
601.7212782875308
1058.7738185261828
1323.6271656919487
1735.9604532634
2153.063057686883
3390.351819890402
2781.851243908192
1894.8595081496705
1207.5244050180775
1444.4830454526914
602.674051008268
1105.481878158331
866.2228455796857
1172.1407040215572
1305.3029240595508
2068.559052935
3014.590902024612
3206.93499428104
2998.935635871183
2146.1348494476706
1278.8363408484272
1130.7034794352219
655.0038985689056
891.2469185739454
825.3957336442063
868.0492291234935
1372.9568642611723
1975.4490781543936
2748.1326071618782
1871.3838330555495
1500.1586787857386
1718.4837755286173
1279.2023377520145
1350.8123555502102
854.9757069016929
915.1445003146013
813.020627110399
1556.4345323290227
1461.4283501873751
2442.433255431341
2857.7264742095367
4108.919825128848
3278.2056718805698
2478.5327064902067
1819.1339865455855
1629.1879380853486
1279.3385082261073
1214.6530737139637
1249.8556057144358
1529.867842897945
1546.7554314533686
2679.1795478547833
3266.1611496764044
4663.272156069896
3604.6966759991847
2428.3684293177403
1902.3491147531997
1425.6933822562546
1368.2703138595657
1484.6501808871676
1010.1995009828461
1485.5139201860102
1805.4861147538809
2651.298689887147
3292.1648348861795
3553.515969113635
3920.2557334737676
2661.44541177805
2084.507714655791
2072.846484668405
1474.482923691118
1365.0832926291641
1416.9529724466495
1815.021233043136
2672.6361032526634
2984.479323705797
3966.7672925755387
5108.834087928404
4400.075551697606
3302.4201996432416
2874.3262931573895
2755.7867269364438
2030.741512347139
1912.8288173527153
1722.9096081201942
2109.594131442051
2276.86815708295
2844.818894200225
3955.8875143231085
4713.192419179208
3827.156529577434
3872.672653068603
2952.2013427660568
2769.0662029626296
2551.9857087828505
2326.173593595229
1873.4591183904242
1962.366222180211
2086.5954547377505
2905.9558544468314
3863.7481576800596
4705.597306989314
4961.084534720954
3633.960553635947
2563.3536067032182
2380.9005671204472
2290.8267287380777
1997.8135868231682
2103.577826422809
2319.0944099003977
2640.547919656879
3375.0173356337395
4848.060917428642
5202.994165763509
4875.081716753485
3617.5822721758113
3634.968677642535
2371.412653432987
1569.1761268134364
1778.9527505100489
1616.8934730796984
2036.9364390780945
2021.4581181933852
2719.368105061469
3289.482603220467
4306.4728259605
4679.439937110061
3298.198117141431
2380.2550060938365
2093.8237425978245
1790.0961659267668
1471.3984672586014
1956.86936323275
1752.0875862437672
1823.4918697149585
2830.7976140414303
4033.0798529551253
4188.080630747331
3549.0492182298008
2824.549995404211
2180.7184858453434
1507.354226410354
1184.242376132996
1522.870837738779
1212.4627496760188
1427.4555164035294
2497.0563537117077
3002.5702140970498
2882.0657248798207
4062.811719915443
3279.0392079707417
2586.853795566179
2016.2383461536472
1641.897995302362
1805.502146706731
1540.0973926357296
1736.1104265632084
2344.6177126336315
1849.6380821150926
2859.3596884208073
3636.4629809843454
4072.496216709214
3676.394023641505
2423.388769476308
2056.9740773837693
1670.4770155429355
1394.2657954465703
1196.449556385995
1113.8014666580914
1682.6018174836759
1936.6918453254962
2363.9850560990203
3886.2907276112014
4693.10447587016
3830.8759371191154
3124.982187040267
1872.4345840957217
1347.3163626787652
1190.924729709743
1171.0736468267373
1043.2236092678365
1431.9809277058098
1769.5393210910254
2686.050608706962
2954.2370178205338
3564.740586444912
3352.4026889857482
2513.6466381287432
1776.3675890243517
1302.118362647394
1035.3364383869728
1084.069153066737
1038.980133909884
1593.1526602608228
1538.6182986717472
2620.4021748685554
2960.951727038953
4306.524688795075
3434.8300819231717
2628.3723001326553
2216.9048875640974
1426.216299046101
888.683798576456
936.1707973287887
996.4746887236852
1484.5410390335414
1670.2375171690767
2216.694566857564
2530.18915614365
2933.981638664167
2217.475277498314
2070.9676635486894
1520.4400656618552
990.2440702181817
661.8851577170419
704.1629388578015
858.5992505985168
919.0903024665417
1340.3727784891605
2158.3182659157424
2877.2688394307997
4078.701624633386
3401.270991978985
1973.657911383582
