5.815785543612612
4.146132019120379
2.863575268821692
3.1056227598611184
2.068884408606638
0.3997162485110588
4.487753882915173e-12
148.96766726403823
514.47020609319
362.12477598566306
110.35991636798089
50.54293608124253
5.815785543612612
4.519489247311827
2.863575268821692
3.1056227598611184
2.068884408606638
0.3997162485110588
4.487753882915173e-12
81.01627837514935
246.41763739545996
281.1084976105137
95.0548835125448
12.833796296296295
8.802658303464753
4.146132019120379
2.863575268821692
3.1056227598611184
2.068884408606638
0.3997162485110588
4.487753882915173e-12
125.82026583034646
363.27508960573476
238.17278972520907
86.09244324970132
12.087152777777776
5.815785543612612
4.146132019120379
2.863575268821692
3.1056227598611184
2.068884408606638
0.3997162485110588
15.307497013142175
86.24365292712066
424.1356780167264
353.91017025089604
88.7040770609319
15.820863201911589
5.815785543612612
4.146132019120379
2.863575268821692
3.1056227598611184
2.068884408606638
0.3997162485110588
4.487753882915173e-12
5.227016129032258
202.35775089605735
291.9343637992831
20.008236260454005
45.68914277180406
15.896244026284347
4.146132019120379
2.863575268821692
3.1056227598611184
2.068884408606638
0.3997162485110588
4.487753882915173e-12
1.8668085424133811
72.43018219832736
345.7000448028674
127.16061827956989
15.073775388291514
5.815785543612612
4.146132019120379
2.863575268821692
3.1056227598611184
2.068884408606638
0.3997162485110588
4.487753882915173e-12
94.83422939068102
134.0344982078853
419.62178912783753
133.88366188769413
15.447281959378731
5.815785543612612
4.146132019120379
2.863575268821692
3.1056227598611184
2.068884408606638
0.3997162485110588
4.487753882915173e-12
149.34363799283153
452.151284348865
426.7166965352449
371.33848566308245
30.754778972520914
16.64333183990442
4.146132019120379
2.863575268821692
3.1056227598611184
2.068884408606638
0.3997162485110588
23.14799880525687
140.75754181600956
348.713784348865
347.9398148148148
47.636648745519715
61.36846624850657
5.815785543612612
4.146132019120379
2.863575268821692
3.1056227598611184
5.4290882616487455
0.3997162485110588
4.487753882915173e-12
70.19041218637993
471.93399044205495
472.28270609319
141.72192353643968
40.089045698924735
5.815785543612612
4.146132019120379
2.863575268821692
3.1056227598611184
2.068884408606638
0.3997162485110588
4.487753882915173e-12
111.63493130227002
504.4224163679809
437.91778673835125
391.87014635603344
41.95545848267623
10.296158154121864
4.146132019120379
2.863575268821692
3.1056227598611184
2.068884408606638
0.3997162485110588
4.487753882915173e-12
97.82183393070491
329.6733124253286
372.95512246117084
111.4796146953405
32.248543906810035
5.815785543612612
4.146132019120379
2.863575268821692
3.1056227598611184
2.068884408606638
0.3997162485110588
4.487753882915173e-12
250.14822281959383
406.95900537634407
367.3521505376344
150.68436379928315
27.021505376344088
7.309221923536438
4.146132019120379
2.863575268821692
3.1056227598611184
2.068884408606638
0.3997162485110588
4.487753882915173e-12
73.92622461170848
320.7153524492234
367.3521505376344
88.33183990442056
30.754778972520914
8.802658303464753
4.146132019120379
6.597147550776584
3.1056227598611184
2.068884408606638
0.3997162485110588
14.560857228195937
188.1724163679809
374.84879032258067
490.2053464755078
373.2063918757467
12.833796296296295
5.815785543612612
4.146132019120379
4.730383811230586
3.1056227598611184
2.068884408606638
0.3997162485110588
4.106940710872162
187.80055256869773
493.9336917562724
490.2053464755078
161.8817204301075
40.089045698924735
9.922726254480285
4.146132019120379
2.863575268821692
3.1056227598611184
2.068884408606638
0.773073476702509
4.487753882915173e-12
138.14180107526883
430.8531212664277
385.2721774193548
92.06765232974911
12.833796296296295
5.815785543612612
4.146132019120379
2.863575268821692
3.1056227598611184
2.4422416367980886
0.3997162485110588
4.487753882915173e-12
228.12089307048984
458.12537335722817
435.3031660692952
152.55227001194743
80.03696236559139
5.815785543612612
4.146132019120379
3.236932497013142
3.1056227598611184
2.068884408606638
0.3997162485110588
4.487753882915173e-12
160.9173387096774
348.713784348865
293.80189665471926
142.47013142174436
10.220284498207887
5.815785543612612
4.146132019120379
2.863575268821692
3.1056227598611184
2.068884408606638
0.3997162485110588
29.86872759856631
88.48715651135007
266.20594384707294
436.4224910394265
131.26792114695337
34.48846326164874
