9.241562126642771
10.477113201911589
4.160618279569892
4.095467443249701
4.712847222222222
10.82340203106332
28.777180406212665
104.9469832735962
170.86656212664278
169.46385902031062
86.0476403823178
30.679696833930706
6.615890083632019
13.476739844683394
4.406832437275986
3.1184513142174435
1.0907840501792114
6.7289799880525685
29.754256272401435
44.66267174432497
117.11432198327361
115.44616188769415
72.86551672640381
33.444556451612904
21.51037933094385
6.150649641577061
8.290546594982079
3.355402479091995
2.2438172043010756
6.346886200716846
33.05816905615292
64.0165770609319
185.0470430107527
139.13642473118279
79.4489247311828
33.41416517323776
17.08807497013142
13.889784946236562
9.375709378733573
3.3395011947431303
3.740725806451613
10.54700567502987
31.278337813620073
81.12417861409797
213.61671146953404
146.58714157706092
80.7706093189964
35.51101403823178
23.03733572281959
5.446908602150538
6.591173835125448
1.8320937873357228
3.4845206093189955
9.975321087216248
37.82933841099163
62.792338709677416
149.19802867383513
199.47991338112303
111.0293458781362
36.48801523297491
31.909274193548388
14.404047192353644
7.4634109916368
4.579147998805257
3.5455570489844677
10.713522998805255
39.77986857825567
59.96938470728794
175.50888590203104
215.21356033452807
139.87791218637992
65.62798685782556
18.66550925925926
5.421333632019115
6.060931899641577
2.9093488649940267
1.8211021505376341
11.151583034647551
28.993839605734767
59.09274193548387
130.24790919952213
204.0430854241338
100.37261051373953
39.40232974910394
18.29793906810036
13.491076762246115
8.221886200716845
3.6339755077658302
2.7705719832735958
8.665919952210276
31.458146654719236
108.64695340501792
206.6625597371565
177.94317502986857
211.83542413381127
40.333221326164875
23.001008064516128
18.458183990442052
4.121005077658304
3.4612903225806453
3.7201874253285543
9.384557945041815
29.766987753882916
81.18951612903226
168.73021206690558
216.10999103942652
119.52844982078852
49.39142771804062
22.19563918757467
14.849723715651136
5.853083930704899
3.4119847670250896
1.3103718637992832
13.707922640382318
28.88881421744325
86.88172043010752
214.56578554360811
267.54554958183985
128.99492234169657
69.98655913978494
21.309998506571084
11.873282556750299
3.452004928315412
0.8676161140979689
4.016913082437275
12.809102449223417
29.76314217443249
76.37358124253286
203.3113052568698
168.29338410991636
115.90800477897253
29.803091397849464
14.11771953405018
12.203554360812426
3.7152217741935485
2.524578106332139
3.0978531959378732
3.4257131123058544
19.471251493428912
71.46430704898448
156.7458183990442
154.61656212664278
57.35177718040621
30.079338410991642
14.200268817204304
8.62488799283154
4.740666069295101
3.7572767323775387
4.537287186379928
7.943399044205497
31.024417562724015
90.45101553166069
166.72379032258064
226.12567204301075
92.23304958183991
38.06111857825568
12.514187574671446
5.4504181600955794
7.173424432497013
4.5735849761051375
2.199089008363202
11.036252986857825
26.48887395459976
92.68182497013142
154.392174432497
179.14053166069297
95.4872311827957
36.51754778972521
15.712813620071685
13.156772700119474
4.964568399044205
3.0167040023894867
3.7558505077658304
8.246751792114695
17.445527180406213
81.82422341696535
153.22393966547196
212.87149044205495
137.9405615292712
40.320601851851855
27.850134408602152
8.476553166069294
5.377090800477897
3.178569295101553
1.8655615292712067
13.512731481481481
17.400126941457582
94.15957287933094
199.88799283154123
192.19422043010752
129.27867383512546
46.201090203106325
19.049208482676224
6.526396356033453
7.317390979689368
4.743219832735962
3.0239658004778973
4.665807945041816
22.94287634408602
93.9336917562724
225.76239545997612
225.29980585424133
98.33482676224612
56.118951612903224
12.448514038231782
6.333408004778972
5.454263739545998
3.445030615292713
4.165363649940263
8.602523894862605
22.412298387096776
89.13007765830346
267.9715501792114
271.92428315412184
137.75574970131424
82.79159199522103
25.644526583034647
26.253584229390682
16.356705495818396
3.1871826463560335
3.171240292712067
7.685857228195938
40.433169056152934
85.23297491039425
216.74693847072885
216.94967144563924
118.9064366786141
53.39941756272401
26.734020310633213
17.335909498207887
4.937499999999999
4.545079151732377
3.81709229390681
32.275052270011955
68.32399940262843
79.98394563918758
190.8217592592593
189.1255973715651
122.01911589008363
47.39135304659498
