4.851403823205228
3.630607825567503
2.3887022103020024
2.5906137993103657
1.8165546594982078
16.846266427718042
40.90128434886499
130.7347670250896
154.0359916367981
88.28815710872162
27.18637992831541
6.345579450445371
4.851403823205228
3.474590427120669
3.6385155316606927
2.5906137993103657
1.7258064516401148
8.847834528076463
40.568996415770606
140.7706093189964
93.64172640382318
62.6198476702509
15.133288530493163
6.345579450445371
4.851403823205228
3.5012582138590203
2.76086096176822
3.0188918757467142
1.7258064516401148
8.373670848267622
42.93981481481482
118.3729091995221
211.52927120669057
82.84087514934289
36.467293906810035
8.7057945041816
6.104390681003585
3.629816308243728
2.3887022103020024
2.686140979689367
1.7258064516401148
16.074163679808837
59.02777777777778
201.25448028673836
261.6636798088411
76.1391129032258
26.258587216248507
8.807385005973716
4.93578629032258
4.084378733572282
2.3887022103020024
2.5906137993103657
1.7258064516401148
6.386663679808841
42.85394265232975
185.59587813620072
134.45340501792114
56.76560633213859
32.72214755077658
6.345579450445371
7.828666367980884
3.458669354865921
2.3887022103020024
2.5906137993103657
1.896953405017921
7.259199522102748
34.6598715651135
86.51060334528077
114.91562126642772
46.892174432497015
36.44638590203106
10.23446833930705
5.249439964157706
3.458669354865921
2.3887022103020024
2.5906137993103657
1.7258064516401148
7.458198924731182
37.53360215053763
95.02314814814815
59.28539426523297
68.32101254480287
18.221998207885306
13.963933691756269
6.76187275985663
8.047603046594983
2.3887022103020024
2.975918458781362
1.7735700418160096
5.467084826762246
49.245818399044204
174.82078853046596
176.32541816009558
113.28442353643966
52.666890681003586
8.347595579450417
6.335648148148148
4.039799880525687
2.3887022103020024
2.5906137993103657
1.7258064516401148
5.658990442054957
40.90128434886499
157.1609916367981
121.67712066905615
110.86506869772998
30.39837216248507
13.35946833930705
5.552718040621266
3.5733012246117086
3.5668682795698925
2.5906137993103657
1.9447281959378733
5.388306451612903
64.12783751493428
141.7749402628435
164.060633213859
132.4189814814815
32.48730585424134
12.335722819593787
5.790733273596177
3.458669354865921
3.445863201911589
2.5906137993103657
1.7258064516401148
8.551762246117084
5.269937275985663
93.19369772998806
75.50776583034647
60.37970430107527
52.666890681003586
14.824148745519713
4.851403823205228
3.625836320191159
6.2615367383512535
2.5906137993103657
1.7258064516401148
10.57871863799283
42.02508960573477
85.26359020310633
98.45430107526882
81.28024193548387
22.4171146953405
11.382915173237754
7.313209378733571
3.7659386200716845
2.5877090800477895
2.5906137993103657
2.903972520908005
11.55766129032258
47.88306451612903
167.6859318996416
190.54659498207886
131.32877837514934
37.35364396654719
9.442204301075268
5.6792861409796895
3.458669354865921
2.3887022103020024
2.5906137993103657
1.7258064516401148
9.010244922341695
37.26291816009558
94.76926523297492
116.1215651135006
75.05637694145759
30.193399044205496
10.171370967741936
4.93578629032258
3.458669354865921
2.977785244922342
2.5906137993103657
1.7258064516401148
6.701777180406212
41.5621266427718
181.01478494623655
187.50373357228196
114.03113799283155
36.04988052568698
6.345579450445371
6.335648148148148
3.458669354865921
2.3887022103020024
2.705245669056153
2.6452359617682197
9.308930704898447
34.6598715651135
189.44519115890083
222.52837514934288
117.0030615292712
37.35364396654719
9.22688918757467
7.952098267622461
4.0031735364396654
2.3887022103020024
2.803953853046595
1.7258064516401148
4.9171296296296285
66.70773596176822
127.47535842293907
134.21445639187576
91.51396356033453
23.738425925925927
9.434289127837514
5.440486857825568
3.458669354865921
3.3081317204301075
2.84375
5.598640979689367
4.317517921146953
53.2444743130227
161.67861409796893
185.59587813620072
68.91465053763442
39.002389486260455
14.824148745519713
5.8559961170848265
5.732974910394265
5.867458183990442
3.2959229390681
1.7258064516401148
6.323566308243728
37.53360215053763
129.15919952210274
128.57676224611708
52.54293608124253
28.169429510155318
8.171744324970131
4.851403823205228
3.458669354865921
3.1481481481481484
2.686140979689367
1.7258064516401148
1.7758885902031063
79.33467741935483
78.28554360812426
95.83706690561529
73.30533154121864
22.788231780167266
15.076538231780168
