17.39000896057348
7.506335872162485
2.863575268821692
3.1056227598611184
2.068884408606638
0.3997162485110588
13.067540322580642
276.65994623655916
407.33049581839913
470.775462962963
168.97662783751494
47.18245967741935
16.64333183990442
4.519489247311827
2.863575268821692
3.1056227598611184
2.068884408606638
0.3997162485110588
4.487753882915173e-12
4.487753882915173e-12
478.6618876941458
513.7085573476703
220.49917861409796
30.754778972520914
12.163007765830345
4.146132019120379
2.863575268821692
3.1056227598611184
2.068884408606638
0.3997162485110588
29.495221027479094
137.0221027479092
427.1199223416965
533.138440860215
150.68436379928315
53.15830346475508
9.922726254480285
4.146132019120379
2.863575268821692
3.1056227598611184
2.068884408606638
0.3997162485110588
4.487753882915173e-12
132.54293608124254
520.091472520908
501.40382317801675
305.25500298685785
40.089045698924735
10.669242831541217
4.146132019120379
2.863575268821692
3.1056227598611184
2.068884408606638
0.3997162485110588
4.487753882915173e-12
67.95101553166069
319.21931003584234
359.5135155316607
153.29562425328555
51.6627464157706
5.815785543612612
4.146132019120379
2.863575268821692
3.1056227598611184
2.068884408606638
0.3997162485110588
4.487753882915173e-12
118.72983870967742
354.68862007168457
459.58071983273595
33.07579151732378
21.42096027479092
8.802658303464753
4.146132019120379
2.863575268821692
3.1056227598611184
2.068884408606638
0.3997162485110588
26.50817652329749
250.14822281959383
474.14725209080046
580.1851851851851
356.7775537634409
30.381645758661886
5.815785543612612
4.146132019120379
2.863575268821692
3.1056227598611184
2.068884408606638
0.3997162485110588
4.487753882915173e-12
82.88418458781362
406.95900537634407
423.72909199522104
181.29853643966547
9.8469160692951
6.935853494623656
6.3862679211469535
2.863575268821692
3.1056227598611184
2.068884408606638
0.3997162485110588
4.487753882915173e-12
131.42323775388292
342.366711469534
512.6019265232975
149.56466547192355
14.700642174432497
16.269825268817204
4.146132019120379
2.863575268821692
3.1056227598611184
2.068884408606638
0.3997162485110588
4.487753882915173e-12
151.95489844683394
500.3050328554361
470.775462962963
18.14142771804511
61.36846624850657
12.163007765830345
4.146132019120379
2.863575268821692
3.1056227598611184
2.068884408606638
0.3997162485110588
3.360203853046596
116.86193249701317
276.28360215053766
472.28270609319
293.30533154121866
7.606780167268525
9.922726254480285
4.146132019120379
2.863575268821692
3.1056227598611184
2.068884408606638
4.88008885902031
2.240135902031063
226.62933094384704
388.29039725209077
555.1329151732377
329.5224761051374
44.19586320191159
14.029868578255678
5.266199970131421
2.863575268821692
3.1056227598611184
2.068884408606638
0.3997162485110588
2.240135902031063
215.7989844683393
379.70392771804063
371.0872162485066
170.09632616487454
21.42096027479092
34.93742532855436
4.146132019120379
2.863575268821692
3.1056227598611184
2.068884408606638
0.3997162485110588
4.487753882915173e-12
146.35640681003585
355.80869175627237
348.6831690561529
106.25261350059738
26.647961469534046
7.682594086021505
4.146132019120379
2.863575268821692
3.1056227598611184
2.068884408606638
0.3997162485110588
4.106940710872162
136.65023894862605
387.1706989247312
485.69071087216247
132.01575567502988
65.85200119474312
9.922726254480285
4.146132019120379
2.863575268821692
3.1056227598611184
2.068884408606638
0.3997162485110588
4.487753882915173e-12
123.58049581839907
399.4922341696535
88.4569145758662
33.44892473118279
7.606780167268525
7.309221923536438
5.639568399044205
2.863575268821692
3.1056227598611184
2.068884408606638
0.3997162485110588
4.487753882915173e-12
136.65023894862605
518.9848416965352
470.37821087216247
360.8844832735962
45.68914277180406
5.815785543612612
4.146132019120379
2.863575268821692
3.1056227598611184
2.068884408606638
0.3997162485110588
4.487753882915173e-12
268.0689964157706
459.23200418160087
472.28270609319
245.89008363201916
49.42286439665472
5.815785543612612
4.146132019120379
2.863575268821692
3.1056227598611184
2.068884408606638
0.3997162485110588
4.487753882915173e-12
29.121639784946243
310.6332138590203
204.57101254480287
39.04946983273596
20.674320489844682
8.802658303464753
4.146132019120379
2.863575268821692
3.1056227598611184
2.068884408606638
0.3997162485110588
4.487753882915173e-12
72.43018219832736
339.3839605734767
332.2588112305854
244.77075866188764
23.287783751493425
