6.677568697729988
3.458669354865921
2.3887022103020024
3.2959229390681
1.7258064516401148
3.5447804659498208
33.29114396654719
102.87858422939068
129.15919952210274
59.386574074074076
28.232526881720432
8.377053464755075
4.851403823205228
3.458669354865921
2.3887022103020024
2.6503173536439664
4.70306899641577
7.899507168458781
73.21161887694146
133.24746117084825
211.3500597371565
73.30533154121864
58.7040770609319
11.479241338112306
4.851403823205228
3.458669354865921
2.3887022103020024
2.6817614994026284
1.7258064516401148
12.834916367980885
39.11663679808841
171.30749701314218
215.41218637992833
106.63866487455198
44.790919952210274
14.563918757467142
4.851403823205228
6.435931899641577
2.3887022103020024
2.5906137993103657
4.473006272401434
5.029883512544803
54.88724611708483
154.11439665471923
161.9586320191159
73.82803166069296
32.48730585424134
15.321087216248507
4.851403823205228
3.458669354865921
3.831167861409797
4.28300477897252
1.7258064516401148
9.583721624850657
73.21161887694146
145.58318399044205
140.9199522102748
129.23051075268816
34.859244324970135
14.950716845878135
10.264710274790922
4.238799283154123
2.3887022103020024
2.5906137993103657
1.7258064516401148
2.0258139187574673
63.810483870967744
217.79047192353644
179.86857825567503
117.76844384707287
45.41517323775388
6.345579450445371
4.988325119474313
3.458669354865921
2.3887022103020024
2.9886499402628433
1.7258064516401148
5.258751493428913
25.46408303464755
114.11290322580645
126.17234169653524
60.37970430107527
27.634781959378735
9.556936977299879
4.946931003584229
3.67759109916368
2.3887022103020024
2.9886499402628433
1.7258064516401148
4.994787933094384
69.77673237753883
173.4281660692951
245.17995818399044
118.31354540023895
34.56466547192353
10.508512544802867
6.370258363201912
6.7515307646356035
2.3887022103020024
3.2592965949820787
2.358646953405018
13.114187574671446
64.28838112305854
183.21759259259258
245.17995818399044
140.36402329749103
34.56466547192353
15.321087216248507
6.801672640382318
3.458669354865921
2.3887022103020024
2.5906137993103657
1.7258064516401148
6.485229988052569
53.87171445639188
108.68428912783752
116.819743130227
68.91465053763442
24.686006571087216
8.87694145758662
5.048823924731183
3.458669354865921
2.3887022103020024
2.5906137993103657
1.7258064516401148
0.3334229390953121
56.04838709677419
93.64172640382318
121.21042413381123
81.28024193548387
30.067204301075275
6.345579450445371
8.518481182795698
4.04775238948626
2.3887022103020024
2.5906137993103657
1.7258064516401148
0.3334229390953121
41.18130227001195
105.8355734767025
97.12888291517322
70.1280615292712
30.98902329749104
6.345579450445371
4.851403823205228
3.458669354865921
2.3887022103020024
2.5906137993103657
1.7258064516401148
9.118145161290322
30.377464157706093
117.36111111111111
124.54450418160096
56.62746415770609
26.258587216248507
6.934662485065711
4.976385155316607
4.1392995818399045
2.8695116487455197
2.5906137993103657
1.7258064516401148
18.11306750298686
61.12231182795699
145.13515531660693
189.44519115890083
81.43331839904421
32.48730585424134
16.50649641577061
7.211618876941458
3.458669354865921
2.6928016726403823
2.7816606929510157
2.782967443249701
15.073192951015532
42.04002389486261
93.64172640382318
122.75238948626045
75.4035991636798
41.80107526881721
6.345579450445371
4.851403823205228
3.458669354865921
2.3887022103020024
2.5906137993103657
1.9096848864994027
12.528763440860216
64.63560334528077
111.08870967741936
163.3811230585424
98.85043309438471
44.790919952210274
6.345579450445371
5.729838709677419
3.458669354865921
2.4683094384707287
4.936603942652329
1.7258064516401148
16.593876941457587
63.67607526881721
110.56227598566308
141.67040023894862
59.07295400238949
23.73058542413381
10.4413082437276
5.016580794504182
3.649716248506571
2.3887022103020024
2.60971848864994
3.0858721624850656
5.885991636798088
53.263142174432495
128.61783154121864
116.819743130227
75.4035991636798
15.133288530493163
6.632157258064515
4.851403823205228
3.458669354865921
2.3887022103020024
2.5906137993103657
1.7258064516401148
5.467084826762246
36.235439068100355
46.33736559139785
118.75
84.4388440860215
34.29136798088411
11.107004181600956
4.851403823205228
4.483982974910394
2.3887022103020024
2.5906137993103657
1.7258064516401148
11.223506571087217
51.65023894862605
114.11290322580645
163.3811230585424
127.07623954599761
34.21856332138591
14.942876344086018
