574.3316700268816
323.8936152180407
88.57528849313022
78.03966110364398
63.11963325119474
178.09227299880519
265.2291341845878
1722.3800552568694
3574.726138739545
3774.958422939068
1520.3351478494624
615.5919067353643
415.4642398446834
314.30249477299884
233.94349089008364
189.40429204002385
172.21807336469539
262.2805436081243
958.8081432945044
4425.31071535245
8187.533422939071
5851.918272102748
3536.3704861111105
1064.537272252091
666.4854304808842
134.85656559886502
194.7091282108721
215.5198195937873
101.23065382317803
572.7502202807647
421.2809221923537
2174.9647774790915
5534.311966099163
4035.3293869474332
1960.2654047192357
584.4114762544801
343.8305981182795
253.9016405316607
96.1229502688172
186.74509016577068
119.0472782258065
176.82147065412187
618.1816513590206
2910.8382728494626
6394.36424731183
5270.9811939964175
2165.0500149342893
766.3773898596174
219.19475209080048
205.5851474761052
200.73839344384712
193.4823024193548
141.22563272849462
247.66014635603347
792.8361618876943
3184.974850657108
7007.895366636798
5316.481123058544
3250.984879032257
1127.3830458482676
502.1663407258066
202.4696370967742
169.89150201612904
158.71544268966545
112.14131690561528
301.1821927270013
1159.4622013142173
3184.764643070491
6385.963366188768
4732.5692913679795
2856.5638627538838
1323.8758400537636
617.3543712664275
363.1346098416966
198.25086170848266
250.34338859020315
171.72195445041817
364.9669522849462
1040.480525686977
4671.8337066905615
8845.521516577057
6450.811648745518
4238.737104241337
1316.9905652628427
634.2252187873357
241.5501351553166
116.12579958183989
142.16900500298684
106.25541614396653
70.85581175328558
607.7915322580646
2759.5782034050194
5390.345250896057
4988.581328405018
1982.3348566308248
664.5789605734768
339.1513310185186
271.90190262843475
131.99356847371564
175.95476254480283
242.86861969832736
553.1036499402629
686.077604913381
3670.166087962963
7958.958307198327
6601.98041367981
3023.6516203703695
946.2713784348871
461.4499887992832
354.47124999999994
204.69023782855436
167.30784195788524
132.7005739247312
185.08137283452808
869.725672043011
3826.3989209976125
9239.06543085424
6265.974174880526
3239.9309363799275
897.2769112156511
532.7706145459977
411.8743507317803
156.3688422192354
190.83051706242532
141.92744548984464
272.5818063022701
674.0909087514932
3592.6047341696535
7827.20592517921
6720.181869772998
2479.998920997611
1263.5718936678613
532.073200044803
260.5748577508961
138.97925918458782
137.61562107974905
41.011556235065704
206.3788239247312
506.55464867084817
2523.094526583035
5135.23250821386
3511.6488015232976
1507.7042973416965
681.0488463261652
359.0733408004779
179.80016801075263
194.3172050477897
83.98363974761051
89.56902714307044
140.75354577359613
362.84289277180386
1512.3978811977297
4787.650989396655
2597.535655615293
1442.4690673536434
759.8618331839901
450.96976217144567
308.5939034498208
97.99650070937872
227.81243876941457
286.00819855137405
165.98268518518526
475.2660076911588
1546.0328890382323
5742.417700866188
3663.3747722520916
1869.0775052270008
563.9430514486261
285.1592364844684
244.26519937275995
211.11578143667862
170.87312208781364
106.11839396654719
149.8593010752688
537.192352897252
2129.5435707885295
5092.611178315411
4116.698514038232
1864.6630077658303
848.8473446833932
514.2035256123057
242.77046744324974
251.82432683691766
199.05379293608132
178.29686230585426
384.12603606630825
696.0428371415771
3912.98138067503
8271.514665471923
5927.179360812427
2350.5302680704904
702.4132362604539
378.4559199522103
200.16724387694148
90.27288440860214
123.34162100507767
89.43922140083633
66.26881683094383
809.860592517921
2313.2867532855435
5204.773416965352
4365.2621527777765
1789.2236932497005
671.1565703405018
300.41106518817196
207.71357676224608
111.89824947729986
107.21531025985668
136.6712625074672
257.7073547640383
475.03594235364426
1606.2041666666667
4847.570071684587
3460.593264635603
1544.7376157407407
694.1218301971326
364.3470194892472
533.0151127538829
201.22906511350055
260.4044376866787
191.9495198252688
172.41836902628432
623.4738082437273
3278.4754592293893
7521.9331578554375
5407.813381123056
2250.925847520907
693.1197464904419
358.7828950119474
289.92529644563916
165.53483758960573
165.003903823178
80.29491891427719
280.41453479689375
697.9893089157704
2910.71195863202
6333.784289127836
4387.137712813621
2295.695325567504
722.7582620221027
