1.8667764336917563
0.0
0.3733557347670251
0.0
0.0
0.0
0.0
15.681186529271207
87.36458333333333
142.6219384707288
111.262208781362
11.574025537634409
0.0
0.0
0.0
0.0
0.0
0.0
0.0
97.07194593787335
129.55675029868578
173.23906063321385
125.0745594384707
6.7206541218638005
1.8667764336917563
0.7467278972520908
0.0
0.0
0.0
0.0
0.0
44.42947281959379
82.88620071684589
99.68679062126643
38.08262395459976
8.960569743130227
1.493414351851852
0.0
1.8667764336917563
0.0
0.0
0.0
0.0
45.54999253285544
139.26030465949822
145.98394563918757
118.72849462365589
0.0
0.0
0.0
0.0
0.0
0.0
0.0
0.0
29.86869026284349
123.95366636798086
139.26030465949822
114.24630376344086
15.307683691756269
0.0
0.0
0.0
0.0
0.0
0.0
0.7467278972520908
38.455607825567505
132.1674507168459
163.53132467144565
129.55675029868578
27.62833408004779
0.0
0.0
0.0
0.0
0.7467278972520908
0.0
0.0
84.38052568697731
224.76138739545996
141.87481332138591
148.22087813620075
10.080734767025088
2.9868690262843485
0.0
0.0
0.0
0.0
0.0
0.0
38.08262395459976
107.52684438470726
118.72849462365589
53.76340352449223
0.0
0.0
6.3471139486260455
0.0
0.0
0.0
0.0
0.0
48.53823178016727
136.27624701314218
146.35734020310636
113.12574671445641
22.774962664277183
0.0
0.0
0.0
0.0
0.0
0.0
0.0
49.28539426523297
102.30167264038232
153.82362604540023
138.51732377538832
9.707194593787337
0.0
0.0
0.7467278972520908
0.0
0.0
0.0
0.0
49.28539426523297
141.87481332138591
156.4384707287933
47.043944145758665
20.908131720430106
4.480283004778973
0.0
0.0
0.0
0.0
0.0
6.7206541218638005
33.975433094384705
98.93966547192353
32.1086096176822
44.42947281959379
7.093738799283154
0.0
0.0
0.0
0.0
0.3733557347670251
0.0
0.0
53.01627837514934
100.06018518518518
63.0973715651135
0.0
0.7467278972520908
8.2139075567503
0.0
0.0
0.0
0.0
0.0
1.8667764336917563
17.5475993130227
105.28573028673836
87.36458333333333
69.06970579450419
2.240142249103943
0.0
0.0
0.0
1.493414351851852
1.1200899790919951
0.0
0.0
40.69593787335723
87.36458333333333
51.148558841099174
8.2139075567503
0.0
0.0
0.0
0.0
0.0
0.7467278972520908
0.0
0.0
70.93738799283155
128.80958781362008
151.5825119474313
72.05794504181601
11.574025537634409
0.0
0.0
0.0
0.0
0.7467278972520908
0.0
0.0
38.82937574671445
68.69631123058544
111.262208781362
65.71221624850656
7.093738799283154
4.853823178016726
0.0
0.0
0.0
0.0
0.0
0.0
45.54999253285544
122.83310931899643
142.24854390681006
66.45937873357228
1.1200899790919951
0.0
0.0
0.3733557347670251
0.0
0.0
0.0
0.0
53.76340352449223
142.24854390681006
152.70306899641574
131.0468936678614
20.908131720430106
0.0
0.0
0.0
0.0
0.0
0.0
0.7467278972520908
37.70911738351254
121.71255227001194
90.35285991636798
47.417712066905615
0.0
