392.43113388590206
244.35752725507763
140.52492872610514
187.7775405839307
113.84427770310634
286.49755339008374
722.3636536738351
3382.3196871266437
6910.1046744324985
5475.462331989248
3137.9923573775386
1311.839497461171
564.940132541816
218.76973603643972
187.7828834378734
131.66641543458783
120.88660681750298
245.69876866786137
739.7213164575867
3689.334490740741
7276.390165770608
4771.905368876942
2591.489482526882
801.1849010603346
480.73290471923525
183.32388030167266
128.33116450119473
159.98056526284353
83.65790931152928
185.2981664426522
466.6353222072879
2307.033210125449
4845.816767473118
3950.8419989545996
1532.1802792712062
721.7104039725208
324.9937529868577
238.39774940262845
148.4909236857826
186.3832243130227
129.54236420997609
215.99194071087217
735.4890568996415
3615.447748655914
8478.880742234167
6286.9875858721625
3377.621748058542
1261.9961208183988
321.25389262246125
382.70250000000004
170.99318249701315
117.10436674880528
201.24303304211472
251.89488649940276
649.7693891875745
3500.584983572282
6971.071856332139
5689.814587066905
3562.4221512843483
1337.165550328554
395.33665173237756
240.08429323476707
154.33192465651135
131.32071333632018
151.82373506571088
293.0828397550776
714.2075675776582
2809.89105062724
6396.069571385902
4913.753423685784
2471.8831055854257
1080.6355100059739
423.04675403225804
185.59652628434884
72.60183482676224
112.47457661290318
95.44583549880528
118.75504961917567
495.3898820191158
2055.044709528077
4687.177378285545
3688.1771990740726
1822.386805555555
943.1594198028672
299.9182892771803
186.20825716845877
138.3837399940263
74.73232694892474
112.02848973267623
80.23337716547194
484.30700418160086
2315.2236596475514
5268.017611260456
3913.876534498208
1851.8000373357231
578.8791386648745
441.0040878882915
241.95637096774203
317.09293981481494
112.40247166218639
97.61224876792114
388.5002206541219
642.1767096027481
2691.991136499403
6352.102788978493
4762.308766427717
2540.037824820787
566.7303102598569
515.8326250746715
243.36929286140966
189.84373954599758
159.17405884109922
125.24769369772999
183.60509445937868
721.1520086618877
3182.4138926224628
6916.267514187572
4646.978935185183
2535.1134333930695
1056.0673536439663
386.80610028375156
267.2682250597372
126.93857526881725
121.56105723566307
111.1418825044803
223.27621005077657
431.8354902180406
2615.756231332138
6506.168290770609
4328.542566457588
1930.7875448028674
1143.498028673835
423.32643593189954
131.43332392473116
114.56456421744323
127.58819022550774
80.78542573924729
156.3679603494624
346.99069332437284
1725.1094646057345
5707.771987007168
3171.990423387096
370.3682859169653
554.3699122610512
254.54361148446847
218.52558505077667
90.96258534946236
116.60813265382322
73.07954353345279
140.64708594683393
526.1237201314217
2824.206350806451
5828.629409348866
4333.680913978496
1633.395635454003
648.1008191457588
336.56602337216265
391.6994832735961
179.1594787933094
178.41790210573478
122.08722651583032
254.04786290322582
806.2462115442053
2839.6314964157705
7323.492267771807
5562.466091696535
2821.906096923536
1133.43874327957
322.99322767323764
162.1801818249701
146.01004405615294
195.33837130376344
84.76211790621265
129.10415042562727
718.7682422341695
2884.97966323178
6495.638605137396
4149.029756571086
1790.2878509557945
626.2316838410992
285.937190860215
426.44625634707296
170.52932646356035
200.80781966845876
201.15043369175623
392.86433094384716
809.4753020459978
4859.684740890082
8923.633135454002
6059.789908154123
3627.6061491935475
1456.3787559737157
530.0918656660693
253.7090658602151
121.6673391950418
112.59690733273597
119.17995415173239
256.2289590800478
589.0393100358422
3242.216845878135
6688.591386648744
5131.60878136201
3254.228524492234
833.1095235961768
428.84353494623673
235.37558430406207
121.43093402777782
261.29592644862606
187.02293298237754
239.05885715352454
613.8806739097968
3880.7543496117087
6685.810595878132
4393.255570489845
2672.170739994027
994.7968264635601
245.2864265979689
204.03526508363197
156.16087477598563
199.09214893219834
226.58666816009563
177.66763776881717
808.9703845579448
3360.0782743428904
7515.066916816009
5614.835032108721
1973.4936753285547
1228.85804958184
375.16376306750306
412.67561118578254
158.06162895758666
155.34394291367983
100.32650817652328
167.5562093040622
687.2250948327355
3757.683120519714
7279.128957586618
4971.410846027478
2897.3170288231777
875.3645015681002
