4.851403823205228
5.504554958183991
7.3140307646356035
2.5906137993103657
1.7258064516401148
7.095669056152926
42.85394265232975
84.36379928315412
127.47535842293907
57.27337216248507
32.130002986857825
6.345579450445371
4.851403823205228
3.458669354865921
4.428576762246117
2.6674320489844683
1.7258064516401148
8.453195937873357
45.411439665471924
130.7347670250896
214.94175627240142
51.66928016726404
30.39837216248507
9.82433542413381
6.853419952210275
3.458669354865921
2.3887022103020024
2.5906137993103657
1.7258064516401148
13.369563918757464
92.46191756272401
191.11036439665472
191.11036439665472
110.36850358422939
49.123357228195935
6.855062724014336
4.851403823205228
3.458669354865921
2.3887022103020024
2.5906137993103657
1.7258064516401148
9.328718637992832
60.412933094384705
107.54554958183991
64.63560334528077
106.63866487455198
55.836693548387096
11.121938470728791
4.851403823205228
4.382093787335723
2.3887022103020024
4.7400313620071675
5.204562425328555
6.383303464755078
54.64083034647551
186.08124253285544
224.081541218638
109.3753733572282
49.27718040621266
12.493279569892474
7.858086917562724
3.458669354865921
6.551635304659499
2.5906137993103657
1.7258064516401148
3.4289277180406215
20.387544802867385
98.77165471923536
66.50985663082437
118.31354540023895
22.69937275985663
10.19377240143369
4.851403823205228
3.518372909199522
2.3887022103020024
2.5906137993103657
1.7258064516401148
6.7854091995221015
42.93981481481482
145.58318399044205
119.9260752688172
36.94108422939068
27.758736559139784
8.606294802867383
4.851403823205228
3.458669354865921
2.609210722819594
2.5906137993103657
1.830884109916368
8.551762246117084
60.77882317801673
158.61335125448028
171.7928614097969
72.55114994026285
40.217293906810035
6.882915173237754
5.524865591397849
3.4889191308243728
3.23252688172043
2.686140979689367
1.7258064516401148
9.333572281959379
30.377464157706093
103.65516726403823
105.8355734767025
52.49439964157706
36.467293906810035
6.375829226403823
4.851403823205228
3.458669354865921
3.7487679211469533
2.5906137993103657
1.7258064516401148
0.3334229390953121
54.0621266427718
119.9260752688172
82.93757467144565
55.04069593787336
27.620221027479097
8.435931899641577
4.851403823205228
3.493694743130227
2.461939964157706
2.5906137993103657
3.1682721027479093
8.00442054958184
42.93981481481482
132.9786439665472
186.08124253285544
123.74215949820788
34.14239844683393
6.345579450445371
4.851403823205228
3.458669354865921
7.762059438470729
2.5906137993103657
1.8555630227001194
7.9517771804062125
40.90128434886499
69.77673237753883
96.90486857825567
62.6198476702509
34.14239844683393
9.446273894862605
4.851403823205228
3.512402927120669
2.3887022103020024
5.723006272401433
1.7258064516401148
0.3334229390953121
18.278076463560335
65.72207287933094
107.37380525686977
56.676000597371576
19.829749103942653
8.610327060931898
4.851403823205228
3.458669354865921
2.3887022103020024
2.5906137993103657
2.518667861409797
2.6706765232974914
20.387544802867385
145.15755675029868
132.1423237753883
77.1770459976105
35.03061529271206
12.391726403823176
5.4006869772998805
3.458669354865921
2.3887022103020024
3.3500597371565113
1.7258064516401148
2.1380824372759855
37.53360215053763
110.03584229390681
110.56227598566308
84.84580346475508
35.520833333333336
6.345579450445371
4.851403823205228
3.8793682795698925
2.3887022103020024
2.7203703703703703
1.9805443548387096
6.323566308243728
43.57078853046595
78.65890083632019
103.65516726403823
61.27949522102748
55.00784050179212
6.345579450445371
4.958075716845878
4.4887619474313025
2.3887022103020024
2.5906137993103657
4.590464456391876
8.043623058542414
66.8570788530466
101.23581242532856
117.80540621266428
97.9506421744325
34.56466547192353
6.840725806451613
4.851403823205228
3.458669354865921
2.6418384109916366
4.782892771804063
3.6760752688172045
0.3334229390953121
53.263142174432495
120.15382317801672
161.67861409796893
131.32877837514934
32.912933094384705
6.345579450445371
4.851403823205228
3.649716248506571
7.941270908004779
2.5906137993103657
1.7258064516401148
9.711036439665472
39.21370967741935
111.08870967741936
179.86857825567503
78.19257765830345
31.64613201911589
10.01265681003584
4.851403823205228
3.458669354865921
2.6514000896057346
3.4344384707287934
1.7258064516401148
0.3334229390953121
34.52247610513739
111.08870967741936
190.54659498207886
64.16554659498208
34.859244324970135
7.69209229390681
