4.851403823205228
3.458669354865921
2.513683542413381
2.5906137993103657
1.7258064516401148
7.895773596176822
44.784199522102746
163.90008960573476
117.36111111111111
102.09117383512547
36.6274641577061
12.673984468339308
4.851403823205228
3.6560894563918755
2.882243130227001
2.5906137993103657
1.8770571983273592
9.018458781362007
41.39411589008363
73.60737753882916
59.05017921146953
48.96617383512545
22.804286140979688
11.006944444444443
4.851403823205228
3.458669354865921
2.9531063321385904
2.8947132616487457
1.7258064516401148
15.076179808841099
68.56332138590203
100.73924731182795
70.45250896057348
46.892174432497015
15.192992084826763
11.006944444444443
7.091397849462366
3.458669354865921
2.3887022103020024
2.5906137993103657
1.7258064516401148
21.625238948626045
55.35394265232975
142.648596176822
181.01478494623655
89.9719982078853
22.059065113500598
6.345579450445371
5.174204749103943
13.011387395459977
2.465520459976105
3.0188918757467142
3.409460872162485
2.5981705495818397
46.736857825567505
86.51060334528077
133.24746117084825
73.75709378733572
25.25276284348865
6.345579450445371
4.851403823205228
8.592331242532856
3.238873954599761
2.5906137993103657
6.422267025089606
15.073192951015532
63.810483870967744
140.19563918757467
214.94175627240142
89.52023596176822
37.35364396654719
6.345579450445371
4.851403823205228
3.458669354865921
2.4730846774193544
2.5906137993103657
1.7258064516401148
11.000612305854242
52.70683990442055
161.9586320191159
245.17995818399044
91.51396356033453
33.411364994026286
7.870034348864992
8.302344683393072
3.458669354865921
2.937985364396655
3.482190860215053
5.310857228195937
6.379569892473119
26.269787933094385
100.71311230585424
108.68428912783752
40.00672043010753
27.551896654719236
6.345579450445371
5.484244324970131
3.458669354865921
2.487414127837515
2.78803390083632
4.937163978494624
4.160707885304658
60.66308243727599
76.02673237753883
122.75238948626045
68.05966248506572
25.262843488649942
6.775836320191159
5.876717443249701
4.995855734767025
2.883848566308244
3.482190860215053
7.34744623655914
15.26733870967742
56.9481780167264
136.32392473118279
201.25448028673836
73.82803166069296
30.067204301075275
9.56160394265233
4.851403823205228
3.8793682795698925
2.3887022103020024
2.5906137993103657
1.7258064516401148
3.8675104540023897
53.2444743130227
154.11439665471923
108.03464755077658
70.29980585424134
27.989471326164875
6.345579450445371
4.851403823205228
6.591061827956989
2.4205439814814813
3.2163231780167263
1.7258064516401148
0.8978270609318997
64.28838112305854
161.67861409796893
174.82078853046596
87.91479988052569
25.80047789725209
6.345579450445371
4.851403823205228
3.458669354865921
2.3887022103020024
2.6383773894862603
5.204562425328555
7.4473715651134995
54.88724611708483
161.9586320191159
224.19354838709677
137.1046146953405
44.790919952210274
11.967219235364395
4.851403823205228
3.458669354865921
2.423727598566308
2.9281362007168457
1.988504330943847
9.320131421744325
49.75731780167265
106.20146356033453
141.4986559139785
52.49439964157706
35.22140083632019
6.361500522700119
10.12134109916368
3.5382765830346474
2.3887022103020024
3.264075567502987
6.309513142174432
8.043623058542414
53.580495818399044
179.00985663082437
224.19354838709677
132.71766726403823
49.555331541218635
11.121938470728791
10.224761051373955
3.458669354865921
2.5725806451612905
2.5906137993103657
1.795859468339307
7.895773596176822
45.43757467144564
134.45340501792114
148.1070788530466
128.4389934289128
42.207287933094385
9.930630227001195
8.69959677419355
3.458669354865921
2.3887022103020024
4.540882616487456
3.2629928315412187
10.585065710872161
45.43757467144564
142.648596176822
168.30197132616487
125.11611409796893
30.608198924731184
11.967219235364395
5.524865591397849
4.6527404420549585
2.3887022103020024
2.5906137993103657
1.7258064516401148
0.42895011947431294
39.87455197132616
119.60125448028674
131.47774790919954
42.92040023894862
25.378584229390682
8.150238948626045
4.851403823205228
4.382093787335723
2.3887022103020024
2.975918458781362
1.7258064516401148
0.3334229390953121
37.53360215053763
154.11439665471923
189.2659796893668
56.676000597371576
45.51075268817204
7.132056451612903
4.851403823205228
3.7404756571087217
2.3887022103020024
6.069369772998805
1.890983422939068
0.3334229390953121
16.512843488649942
79.33467741935483
78.28554360812426
57.80727299880526
28.169429510155318
7.539650537634409
