1352.7346361707803
785.2670503161546
593.1652943457901
728.1459618822198
943.6247626492412
860.1707825496228
1451.2487679172355
2416.0960389070037
2935.0849877116234
3093.200834854015
2735.164187751722
1948.618860333677
1188.234343081771
1046.8114960865162
607.6043394800178
570.0128361676541
608.7851746435642
1055.7866650016908
1205.850026355031
2221.1921736935087
2844.4356308649008
3069.6688748485853
3006.0797684004265
1931.8966945295992
1432.5227398448394
1128.8124324001221
935.4693922941103
818.1644946457861
885.1065792639744
1077.7727040962286
1462.7045668313547
1961.5180209756218
2315.8373812659497
2143.6694626203484
2168.4699735354607
1386.723447117921
1234.0904589786537
833.9754888438235
657.4407265258944
690.4196485619991
593.8206216370376
837.4239614263606
1690.9498339445647
1721.0218716131747
2694.307902114089
2941.396975229982
2302.556244496611
1791.8728137603991
1380.9738860644404
1773.5650063865307
715.0542425946445
695.318770027863
947.6176690010803
1302.7460914688068
1703.3733359998
2514.3052051027867
2964.3353265094165
3334.2634631216793
3353.0882136965793
2005.1744328940304
1784.8136833795165
1809.1144128464
1483.8749594656526
947.1839331823031
1119.960911867363
1317.7206587581586
1745.3030867699756
2242.320165387638
3105.8238288878733
3277.9432656875765
3053.948990813998
2314.8944859186972
1771.591602805768
1310.3097315692773
982.4128653828628
875.9832537291632
1075.6325449643277
1601.4901649590097
1737.5024412921134
2709.009285765283
3050.0396370068493
3660.9478314194885
3394.534930009014
2683.7301713359952
2036.4612764837477
1977.310164477246
1703.5076324724812
1118.7971736775514
1088.6502398450962
1492.9149061315472
1891.5664049253023
2240.2464085325587
2670.3479041346804
2685.1932949176517
2697.07151943954
2126.336567624125
2359.349650385586
1965.6647959328604
1026.0515929923006
781.9577062416048
1188.8089883471946
1349.7397161194708
1716.9728315154466
2443.1577382862456
2738.303415607457
3639.144487578252
3009.655745527256
2396.8801164795946
2494.362782431529
2369.6068914333573
1756.099847821083
919.1927430874644
1207.345034235704
1531.729401690366
2016.9467301260406
2331.5334642138578
2911.020566580896
3349.280550716912
3037.729546668386
2089.1599450636663
1535.4037709803972
1186.8469492889062
881.5536739292367
740.3710875698821
904.2381717782434
983.7336407845083
1558.738507321155
1738.5828411594252
2495.5731635457287
2620.3612879259936
2474.3653189040238
2056.0987745652974
1469.6678935923594
1075.6489661570017
791.0044944956352
807.7027281086152
936.7568172403911
1161.9793859866977
1232.1083459412941
1981.7880199360188
2815.995457909833
2776.645802364322
2403.4475909332396
2054.4566296862336
1518.8489801081735
965.5450986312773
636.7986002158942
746.4939085668451
727.0668744334671
1458.0700593620468
1569.0909337083876
2358.404827303079
2837.3756228177313
3910.5388147377757
3084.0724410493954
1878.9194361150842
1648.2765018250311
1013.9824410160893
734.2606781043221
648.8847714305359
837.1202634902365
923.7674470337556
1078.3557742612884
2277.706190799559
3206.3389925022816
3700.5328967374267
3009.703186465365
2206.4475455661786
2260.2648321154147
942.6782745735677
796.3588837512353
736.0291552552039
705.2673235912839
776.1573855726989
1350.5490737518908
2001.242618528334
2967.413768768097
3505.8295500425475
3015.4625720286026
2198.7175478514564
1608.0393364936851
913.429106343414
508.79145628886437
620.8277448567238
646.7101285457856
986.4309281467572
1585.1731162334997
2051.962673706547
2767.683969845372
3797.613137757854
3542.550742973357
2235.0252351286777
1436.4259483430337
887.4363932940576
688.1463806954067
705.8525036069047
797.871221648362
1114.4008153252844
1309.8803608909063
2566.2357602899965
3168.5098112793157
3830.1092020363094
4066.25595959507
2618.4585407571767
1623.9860739407188
1406.2824606163308
1183.6917251253246
1020.146298750727
1526.9443401524163
1560.008018310404
1906.4420852607554
3006.647295089585
3842.8358518896107
4295.215250324345
3753.54524769378
3442.8156655747093
2108.858613669235
2020.2815506888721
2313.051189556145
2039.2254881890044
1727.5039864387388
1966.3086159451316
2185.0518540866397
2956.172598518258
3858.9040418963386
4288.8479394407495
4819.556968059845
3442.0753397733024
3212.791921247277
2005.5097138860415
1538.9968774004356
1432.737951551947
1473.715244848815
1984.4377949993973
1976.5635640327687
2652.6949012204022
4078.897352722315
3802.1082106548956
3819.2137563159017
2901.9820227933787
