22.977449223416965
20.443697729988056
5.838747013142175
5.328741039426523
5.115695937873357
12.39531063321386
20.50922192353644
68.15710872162485
156.59498207885306
168.67458183990442
89.35073178016727
41.53580495818399
13.083744026284348
14.444183094384707
6.491935483870966
5.071441905615293
2.866644265232975
4.62320788530466
27.840539127837516
74.47132616487455
135.21393369175627
101.18876941457587
99.55085125448029
36.91610663082438
22.333930704898446
12.041255973715652
5.351030465949821
3.5126381421744326
3.286786887694145
8.69955943847073
6.58546146953405
113.31205197132617
233.77090800477902
263.96020011947434
150.03696236559142
64.5493578255675
17.86462066905615
13.419429510155314
2.1500261350059735
3.905058990442054
2.2497386499402627
7.222595579450418
29.618615591397848
86.74395161290322
232.11992234169654
192.07922640382316
124.19130824372758
31.01851851851852
7.42193100358423
12.70131421744325
5.789314516129032
4.836282855436081
2.721736857825567
7.030465949820789
30.249439964157705
128.5032108721625
208.70967741935485
208.79256272401435
110.13664874551971
43.74701314217443
13.598080943847073
12.643667861409797
7.648372162485067
9.436790621266427
3.7325866188769417
4.91084229390681
34.52908452807647
84.49223416965353
259.76590501792117
242.28681302270013
105.32556750298689
40.365890083632024
32.29312275985663
10.817764336917563
3.7072954002389484
4.299077807646356
0.8393529719235363
15.879741636798089
38.87552270011947
93.9150238948626
135.89456391875746
205.00784050179212
150.6798835125448
31.993354241338114
27.15344982078853
4.321796594982079
6.3909423536439665
4.4291405316606935
2.604652031063321
8.789799880525688
32.827994324970135
61.47905465949821
162.03143667861409
215.0242682198327
73.06787634408602
38.1146953405018
26.193623058542414
8.599425029868579
2.904771505376344
3.8247759856630825
5.270609318996415
13.89236111111111
30.599798387096776
65.50925925925925
192.55114994026286
199.3395310633214
109.97461170848267
38.76732377538829
23.747013142174435
8.439740143369175
6.892547789725209
4.005152329749104
5.017779271206691
15.018742532855436
37.2772550776583
55.170624253285546
192.47386499402631
197.37753882915172
85.89680406212665
67.15539127837513
24.634707287933093
7.98715651135006
5.079263739545999
4.6970654121863795
1.767469384707288
6.920885603345281
27.490218040621265
77.00044802867383
231.413903823178
269.52807646356035
238.769041218638
66.01553166069296
30.75298685782557
15.876680107526884
2.4000298685782555
3.0977449223416964
2.9825007467144564
4.700044802867383
33.79237604540024
135.84080047789726
245.13739545997612
272.2883064516129
107.32340203106332
42.80689964157706
26.794429510155318
6.762395459976105
10.456205197132617
1.2662298387096773
3.0356518817204297
8.395422640382318
27.260304659498207
96.230958781362
210.445788530466
160.8015979689367
81.1865292712067
42.43858273596176
6.650836320191159
6.729428016726404
6.068473715651136
2.6769451911589006
5.586656212664277
5.651769713261648
8.946983273596176
101.79622162485066
162.32153524492233
169.6057347670251
100.8445340501792
53.400164277180416
26.110737753882916
14.788903823178016
5.649081541218639
5.309139784946236
3.251202210274791
3.9910394265232974
26.74626642771804
110.97744922341697
219.69384707287932
224.29696833930706
106.377688172043
48.35237455197132
25.240330047789726
9.526993727598567
5.510902031063321
3.3089269713261658
3.553662634408602
10.366935483870968
25.259147252090802
76.89142771804063
183.57340203106332
187.72177419354838
81.2679211469534
33.05648894862605
27.38399790919953
22.02550029868578
5.209991039426523
3.9201650238948624
4.052508960573476
10.411887694145758
39.12948028673834
105.23110812425328
222.3390830346475
183.34229390681003
144.5571983273596
43.454301075268816
16.150350955794504
8.668421445639188
6.387806152927121
3.5359505675029874
4.412910692951016
18.19310035842294
60.89680406212664
107.33945639187574
243.5032108721625
268.09774492234175
157.36596475507767
40.28035394265233
24.20082885304659
5.586768219832737
5.884445937873358
3.799667712066905
1.4038157108721625
6.84561678614098
54.93802270011948
144.10095579450422
312.9073327359618
274.48103345280765
191.99074074074076
58.20265830346475
28.20501045400239
10.573252688172042
9.563097371565112
4.251471027479092
1.1639299581839904
5.722483572281959
31.984206989247312
96.46878733572282
177.29988052568697
227.47610513739542
180.51149940262843
45.03808243727599
