0.0
1.1200899790919951
0.0
0.0
0.0
0.0
0.0
65.71221624850656
141.50141875746715
159.7959229390681
47.043944145758665
14.187481332138592
0.3733557347670251
0.0
0.0
0.0
0.0
0.0
0.0
76.1667413381123
126.1951164874552
116.11402329749106
34.34897700119474
10.827396953405017
0.7467278972520908
0.0
4.480283004778973
0.0
0.0
0.0
0.0
46.29678166069295
132.54084528076464
118.72849462365589
47.043944145758665
19.41442652329749
1.1200899790919951
0.0
0.0
0.0
0.0
0.0
0.0
0.0
114.99309289127838
123.20687724014337
116.11402329749106
8.960569743130227
0.0
0.0
0.0
0.0
0.7467278972520908
0.0
0.0
76.90972222222223
102.30167264038232
122.0863201911589
120.96957138590203
10.827396953405017
1.1200899790919951
0.0
1.1200899790919951
0.0
0.0
0.0
0.7467278972520908
53.01627837514934
126.1951164874552
139.63369922341695
39.57579151732378
0.7467278972520908
0.0
0.0
0.0
0.0
0.0
0.0
0.0
38.08262395459976
111.262208781362
151.20911738351253
34.72207287933094
6.3471139486260455
0.7467278972520908
4.853823178016726
0.0
0.0
0.0
0.0
0.0
0.0
72.80510752688173
150.0885976702509
84.00675776583033
8.587029569892474
0.0
0.0
0.0
0.0
0.0
0.0
0.0
9.707194593787337
93.71449372759857
84.75392025089606
40.69593787335723
5.973573775388291
0.0
0.0
0.0
0.0
1.1200899790919951
0.0
0.0
5.226911589008363
145.98394563918757
97.44571385902032
63.0973715651135
29.12205047789725
0.0
0.0
0.0
0.0
0.0
0.0
0.0
6.3471139486260455
99.68679062126643
148.22087813620075
132.91423984468338
25.761540471923535
0.0
0.0
0.3733557347670251
0.0
0.7467278972520908
0.0
0.0
57.87219982078853
147.85129181600954
200.86790621266428
78.77740442054959
21.654760304659497
0.0
0.0
0.0
0.0
0.0
0.0
0.0
54.8839605734767
121.71255227001194
162.78416218637992
51.895721326164875
0.0
2.6135043309438473
0.0
0.0
0.0
0.0
0.7467278972520908
3.3602337216248506
54.8839605734767
120.96957138590203
126.1951164874552
7.467278972520908
20.534595280764634
1.8667764336917563
0.0
0.0
0.0
0.0
0.0
7.467278972520908
53.390008960573475
111.262208781362
118.35510005973715
121.71255227001194
11.200899790919951
3.3602337216248506
0.0
0.0
0.3733557347670251
0.0
0.0
0.0
89.97909199522103
123.20687724014337
172.49189814814815
166.14202508960574
26.881705495818398
0.3733557347670251
0.0
0.0
0.0
0.0
0.0
0.0
48.911626344086024
141.12802419354838
169.13026433691758
89.97909199522103
1.493414351851852
2.240142249103943
0.0
0.0
0.0
0.0
0.0
4.480283004778973
76.90972222222223
145.98394563918757
210.5752688172043
98.5662709080048
6.7206541218638005
0.0
0.0
0.0
0.3733557347670251
0.0
0.0
0.0
87.36458333333333
120.96957138590203
179.21139486260455
152.70306899641574
11.574025537634409
0.0
0.0
0.0
0.0
0.0
0.0
0.0
53.76340352449223
125.0745594384707
114.24630376344086
130.67312574671445
21.654760304659497
