251.11686902628443
239.60472296893658
133.81426224611707
130.0876303390084
130.2316948178016
247.8920758661888
541.7516502389485
2255.954939516129
5436.786622610514
3933.790998357228
1803.2058803763448
589.7190849014338
166.2475754181601
327.39694668458793
144.30433583482676
125.52595788530462
92.78667844235363
178.7720153823178
590.7497871863801
1135.158512544803
3249.1282631421745
2968.3715949820794
1490.988511798088
609.4433228793312
388.81698812724
202.58552680704904
207.16603942652335
247.88196725657102
140.86864583333335
155.16412298387098
624.6422024342892
1795.63455421147
6460.426332885305
3329.98214979092
1628.916517323775
566.5638466995221
368.3366050627241
325.2799899193548
221.47695601851848
124.25836398596178
111.85732385005976
246.39134595280768
652.3211170848267
2964.0427680704897
7490.210412933095
3946.459535543608
1495.0202135603342
741.1392555256872
440.3849227150537
173.46467704599755
151.85430630227003
88.10351512096773
121.26552456690561
207.82085573476698
714.6448454301071
2122.206276135006
5113.917999551972
4298.228177270012
2223.035401732376
637.0054510155315
598.8070280764637
358.45975470430113
186.64395609318996
99.45185263590206
144.00704118130224
299.74812499999996
765.7299208482674
1933.2608721624854
6096.051123805257
4498.190699671444
2564.9833557347665
1233.5709080047795
437.6041808542414
154.85148857526886
159.50100059737156
161.35935267323782
78.27095848267622
192.54678487156508
584.6597662783751
1106.9630992383513
4122.12220355436
4353.146288829153
1720.9700791517316
736.5752236409796
357.4033844832737
317.48711432198326
182.4907851702508
148.54960558542413
94.95141543458782
186.98744362305848
574.3631059587811
3740.8541741338113
6949.583968040622
4496.6892921146955
3895.244929808842
676.0629554958185
427.16145086618866
482.6741453853046
119.0962529495221
117.41682892771803
145.92347379032253
206.01515979689376
568.2234352598567
3263.2873021206697
5035.218776135004
5253.92192727001
2321.952031063322
918.6252669504183
438.16978905316614
347.81134333930703
159.46455271804064
137.15383859767024
54.55722054211469
306.80240180704897
541.5027363351254
2891.628121266428
6778.210502538827
6383.301631571085
2480.3492346176827
1364.1772326762243
429.47239658004787
255.3092181899642
106.52512619474312
94.8700374589307
101.51771385902032
279.81992010155324
579.1207504480287
2451.208396804062
6324.473028673834
3930.515251642772
2188.2288754480282
522.9654147998804
247.86987305854237
303.222971176822
106.0451985887097
103.22594578853051
78.64307168458782
69.19336652479092
354.8148110812427
1989.0167338709673
5064.892432048985
3290.457825567504
1100.2270347968936
504.59840501792104
294.70909087514946
206.04780316606937
124.56481145459978
187.92389135304666
144.53762850955795
183.61101217144562
573.3292600059741
3921.3066532258063
6284.339262246119
5195.503748506571
2030.3844683393067
706.017279345878
249.27288119773004
188.71980361409794
167.56696161887692
164.38499906660695
89.99790274044206
229.98082885304663
487.54372461170857
2594.4390419653528
4411.429353345282
3907.5433766427705
2027.0239284647555
672.4956350806452
309.39317054958167
317.6086413530466
168.75095161290326
229.36379114396655
126.61971893667858
265.65822319295097
364.15173984468333
2596.581783900835
6319.433098118279
5370.726351553166
2882.746456839904
720.5518940412186
589.4958157855436
234.1574118876941
127.01102747909204
138.11319858870965
157.08349716248503
379.65252389486255
345.2455626493428
3131.0107153524486
6555.042913679806
4350.450866188768
2665.4959117383514
889.1172069145757
368.65831615890073
240.50196535244922
191.52248207885307
149.98302897252094
77.62222173685784
120.37373655913979
471.2668048088413
2777.1885864695346
6720.438123506569
4861.123894862604
1907.3984879032262
1078.9943809737158
271.9093947879331
225.29185110513734
153.855045922939
206.48065535394264
200.30183109319
262.7271337365592
431.7275451762247
3214.5158079450416
8189.217547789726
6324.27410020908
2605.67192353644
1477.8575716845876
557.1227273745523
607.6196945937875
374.7030309139785
99.82351620370369
92.90529749103943
222.24167114695337
765.0704528823179
2413.648226553167
6479.893511051372
4774.88481556153
2476.61853718638
1047.6464344384706
514.614102075866
449.2031858572281
138.60474387694143
178.54550645908006
137.78057048984468
694.8354401881718
1417.4324335424133
2326.1883960573473
5397.31657332736
4087.3153001792107
2367.768806003584
894.461133139188
