0
0
0
0
0
0
228.62882897167094
703.6432218569621
870.7053580659668
461.58132153960014
136.89337741264063
0
0
0
0
0.08268165570449781
0
0
515.2265183049873
1579.4885848006727
1799.0824804602612
824.3183616502007
153.225131609639
0
6.449496169576015
0
0
0
0
4.351171543922085
410.4131872612901
1316.8846214309751
1782.9700216465276
803.6073125152241
216.69275102797275
0
0
0
0
0
0
39.515071468229436
374.2003936588456
1350.1405112908967
1569.4134946601032
456.88007853852736
124.85803675343067
32.79402205953069
0
0
0
0
0
0
0
728.0808065824256
572.1288030837713
366.9407909217232
4.212515290171908
0
0
0
0
0
0
12.360123112415664
414.92159165346357
1169.174240217061
787.7365598503451
425.41936181781585
105.43908713122025
0
0
0
0
0
7.0113703407745795
43.155649947423846
598.6150653025423
1409.4395649258229
1864.4859520389891
1055.9972905714956
274.5011842860311
0
0
0
0
13.908166399416153
0
58.87651384242967
569.9014571103853
1933.8340685899307
1820.7030680331738
1207.6133086648854
109.39135134092727
0
0
7.835495360374203
0
0
0
9.53800991975615
473.697037029176
1011.3413129844294
1271.8805777211967
458.14692191106246
0
0
0
0
0
0
0
20.89011719103062
0
761.6616950983592
744.6330787618812
166.15459601236603
61.18979535803979
0
0
0
0
2.594602726826512
0
41.15290012027534
401.96608340639744
1358.7171512225486
1225.6061465497833
716.0933973113471
91.95202764512896
0
0
0
0
0
0
0
365.23746899328285
1059.5594601968205
1192.652782622953
483.4542810879204
77.24042079659782
0
0
0
0
0
0
45.41383981500306
503.16473181400863
1370.707235422262
1712.0429425167504
1266.404489768221
152.22242529974605
0
0
0
0
0
0
16.753290446428572
421.62511426390887
1121.5953720661914
1377.7011400767626
547.4542193485318
84.41154599809457
0
0
0
0
0
0
20.7530963987263
307.29259265432444
505.03390286474325
758.5798791268045
261.829939040162
91.4254063983432
0
0
0
0
0
0
96.04146776517153
499.0219122493464
1046.554996095276
1702.954008071348
528.6872419726975
135.92567527899828
0
0
0
0
0
0
0
373.7241097535926
958.3522474508732
894.3164036449609
567.626301925652
31.162047954231696
0
0
0
0
0
0
61.79280792250215
440.9688876475891
1155.8577407272503
2124.2337801049575
1106.0776257538903
281.0953045943199
0
0
0
0
0
0
1.1122819124934296
290.43458409827093
487.43141435899963
1354.3228687894937
692.5045247444759
51.63558658226367
0
0
0
0
0
0
43.11384953401689
283.4990478829843
890.0611059675655
997.398864695749
535.9740148809425
51.3665972983773
0
