370.03591547192354
494.71225321087223
243.27823364695348
153.0199937649343
145.74156847371563
116.76040098566304
681.5256022252092
2327.7434251792115
5346.72936827957
4461.039590800477
2641.0047789725213
822.5641502389483
582.234517622461
214.4663500597372
140.91550612305858
205.46642562724014
95.30821815262844
67.69395310633215
413.3937470131423
2659.4239359318995
6084.609543010753
4250.136887694146
2352.3195788530475
776.8016394115888
751.316459453405
310.69128360215063
184.718715651135
176.11098726851853
155.21617510454004
258.8089766278375
706.0254174133811
3507.06284348865
7645.162668010754
5780.807911439665
3574.1115404719235
1233.7369586320194
478.55023334826774
218.83607937574666
162.27459266726402
192.5826289202509
114.12808254928314
224.31459005376354
734.9512854689366
2959.207702359618
7146.605144862605
4932.640083632018
2739.594097222223
1246.1785730286738
381.9843223566308
223.03137022102743
145.38465352449225
123.19601777180408
50.680318697729994
134.31709192054961
567.673489770012
1962.2583557347677
5041.2584154719225
3759.978901583034
1853.4835536140984
1007.4150836320185
400.45492458183975
192.44681376941455
110.601394937276
120.06567137096772
130.26427393219834
114.59664239844683
494.4994448178014
2227.3634819295094
5739.339307048987
3921.818119026285
1798.1127314814821
400.09282258064513
176.0080290471924
206.88797976403814
185.06479838709674
245.35020990143363
180.3586143219833
413.7309240591397
972.0985439068095
4751.484938769416
8639.715729540021
7225.31894414576
3661.2932646356026
1305.0366151433695
422.17261238052566
279.1574634109916
129.33060528673838
103.4273987455197
143.8508757093787
247.20122013142174
561.0817084826763
3303.565483124253
6777.76760752688
5023.110726553168
1867.504316009558
767.0661630077659
383.12382616487446
493.8904274940262
180.49637395459976
175.66753823178016
138.19416461320193
133.75649753584233
548.5726751045402
2730.730566756273
6075.2158527479105
4720.810849761051
1884.866726403823
780.284564665472
447.81897700119475
138.1983628285544
138.93981418010753
100.25557295400242
63.74340729540024
123.5475873655914
580.6802337216247
2010.595426373955
5929.671221624849
4449.20544728196
2080.1416106630836
640.7805036589007
254.34700044802867
235.1898140681003
257.5825425627241
427.92062201314207
148.78916595728793
400.3423745519713
847.8066610663083
3462.82835274791
7032.627202807646
4865.354610961768
2187.218970280765
787.7228580495819
657.2426400089605
209.10034796893672
345.50949970131427
167.84560308393074
199.07795213560337
121.93594843936681
559.7077296146956
2049.7066748805255
5663.347617980883
3809.4709080047805
1720.9895758661887
647.9537847222218
299.8637305854242
219.8199973864994
166.18350059737153
124.92418847072877
95.18806059587813
150.02004480286735
464.30313508064506
2260.302333482676
5911.012880824374
3664.665091099163
1849.655062724014
655.5447442502987
218.8318787335723
338.8416371714455
173.51848342293906
161.92780458482673
152.30820135155318
235.43112380525687
527.2387399193549
2723.1951388888892
6671.1115218040595
4661.83108945639
2015.6576650238942
674.2889706541217
473.8931354540023
251.49387507467145
119.1952161738351
109.83777822580645
86.47003169802869
426.3721901135008
410.34799581839894
1061.1990628733572
4374.2607116188765
2981.0803614097968
1598.5348752986858
570.8462298387094
281.630646281362
135.77565240442055
104.44038384856634
74.84194870071687
177.34359169653527
123.02762768817205
435.4315834080049
1983.8122797192345
5259.084109916368
3147.792558990442
1809.7944220430109
1061.239340651135
310.9233154121864
231.80331989247316
162.28728509557945
120.86760528673837
110.90812275985665
165.33994324970126
380.4757601553166
2491.2175589904423
5409.303505824374
3644.428763440861
1402.4283116786144
369.4642144563919
449.24341024492236
340.54748170549584
221.65646766726408
197.14268634259258
226.61611223118274
243.10944705794512
1090.5804920848263
4531.753072729989
9217.39392921147
6812.119492980883
4319.443525985664
1122.0297565710873
355.4504849910395
209.8599768518518
132.23237537335726
117.43032829301076
96.09178666367981
169.34271860065718
534.9245721326166
2352.34798760454
5715.680163157107
3880.7127688172045
2015.4690300179218
701.0200944593786
182.95384333930704
214.9241095430108
102.62814994026284
176.3662907706093
141.5086948178016
432.80250186678586
804.4490987156515
3178.2820676523297
7344.303121266429
5303.291270908007
2682.779080794504
878.5859737156514
