7.682594086021505
4.146132019120379
2.863575268821692
3.1056227598611184
2.068884408606638
0.3997162485110588
4.487753882915173e-12
34.348678315412194
279.27120669056154
266.91905615292706
49.876605436081235
40.462141577060926
5.815785543612612
4.146132019120379
2.863575268821692
3.1056227598611184
2.068884408606638
0.3997162485110588
16.801224611708484
93.33818697729988
348.713784348865
174.70056750298687
101.02561230585424
15.447281959378731
15.149604241338112
4.146132019120379
2.863575268821692
3.1056227598611184
2.068884408606638
0.3997162485110588
2.986872759856631
163.15710872162484
423.7597072879331
490.2053464755078
157.40292712066903
14.32709826762246
5.815785543612612
4.146132019120379
2.863575268821692
3.1056227598611184
2.068884408606638
0.3997162485110588
4.487753882915173e-12
190.03994922341695
572.3603643966547
485.69071087216247
111.4796146953405
32.248543906810035
13.65628733572282
4.146132019120379
2.863575268821692
3.1056227598611184
2.068884408606638
0.3997162485110588
4.487753882915173e-12
137.0221027479092
484.6397102747909
300.148596176822
71.15938620071685
30.754778972520914
24.856966845878134
4.146132019120379
2.863575268821692
3.1056227598611184
2.068884408606638
0.3997162485110588
4.487753882915173e-12
136.27389486260455
319.21931003584234
169.47356630824373
111.4796146953405
24.034460872162484
5.815785543612612
4.146132019120379
2.863575268821692
3.1056227598611184
2.068884408606638
0.3997162485110588
4.487753882915173e-12
163.15710872162484
423.7597072879331
483.834005376344
258.58385603345283
27.021505376344088
5.815785543612612
4.146132019120379
2.863575268821692
3.1056227598611184
3.562320788530465
0.3997162485110588
4.487753882915173e-12
4.487753882915173e-12
311.3810483870967
419.62178912783753
98.03800776583036
22.541143966547192
12.163007765830345
4.146132019120379
2.863575268821692
4.599059139784946
2.068884408606638
0.3997162485110588
4.487753882915173e-12
139.26149940262843
515.2199074074074
505.47715053763443
101.02561230585424
7.606780167268525
17.016465053763437
4.146132019120379
2.863575268821692
3.1056227598611184
2.068884408606638
0.3997162485110588
4.487753882915173e-12
78.77688172043011
171.74320489844683
168.72573178016725
117.45445041816009
7.606780167268525
10.296158154121864
4.146132019120379
2.863575268821692
3.1056227598611184
2.068884408606638
0.3997162485110588
41.81608422939068
69.44257765830346
338.6361260454002
335.2464157706093
150.68436379928315
35.60868428912784
11.042801672640383
4.146132019120379
2.863575268821692
3.1056227598611184
2.068884408606638
0.3997162485110588
4.487753882915173e-12
81.01627837514935
387.1706989247312
435.3031660692952
220.49917861409796
47.18245967741935
24.856966845878134
4.146132019120379
2.863575268821692
3.1056227598611184
2.068884408606638
0.3997162485110588
4.487753882915173e-12
93.33818697729988
366.2623207885305
276.62522401433694
181.67002688172045
20.674320489844682
14.029868578255678
4.146132019120379
2.863575268821692
5.719127090800478
2.068884408606638
0.3997162485110588
4.487753882915173e-12
91.84662485065711
397.6243279569892
526.7633661887693
121.93361708482676
13.207325268817204
5.815785543612612
4.146132019120379
2.863575268821692
5.345758661887693
2.068884408606638
0.3997162485110588
4.487753882915173e-12
150.8352001194743
268.0689964157706
306.4956690561529
96.91830943847073
14.700642174432497
5.815785543612612
4.146132019120379
2.863575268821692
3.1056227598611184
2.068884408606638
0.3997162485110588
4.487753882915173e-12
113.50283751493428
297.5679510155317
169.47356630824373
135.00336021505376
10.593652927120667
5.815785543612612
4.146132019120379
2.863575268821692
3.1056227598611184
5.055757168458781
0.3997162485110588
4.487753882915173e-12
137.76993727598565
353.568921744325
435.3031660692952
115.586917562724
11.340352449223417
16.64333183990442
4.146132019120379
2.863575268821692
3.1056227598611184
5.802456690561529
0.3997162485110588
4.487753882915173e-12
135.15419653524492
148.96766726403823
253.10558542413378
91.31981780167264
14.700642174432497
5.815785543612612
4.146132019120379
2.863575268821692
3.1056227598611184
2.068884408606638
0.3997162485110588
4.487753882915173e-12
149.34363799283153
316.9799133811231
322.9245071684587
33.07579151732378
19.554099462365592
8.055921445639187
7.87970430107527
2.863575268821692
3.1056227598611184
2.068884408606638
0.3997162485110588
4.487753882915173e-12
104.91188769414576
276.65994623655916
239.66435185185182
18.14142771804511
7.606780167268525
