16.732302867383513
9.673573775388292
8.905615292712069
4.629484020310633
3.6162298387096774
26.139971624850656
47.45743727598566
61.75477897252091
175.9942502986858
190.53987455197134
128.03576762246118
49.70467443249701
17.973939665471924
12.511574074074076
9.687350657108722
2.2121490442054963
7.043944145758662
8.347744922341699
24.86491935483871
100.34722222222223
160.34386200716847
263.36656212664275
106.74208482676225
77.99955197132617
27.709154719235364
18.67200567502987
6.242234169653525
4.082974910394265
5.521318697729988
11.627874850657108
62.53546893667861
72.85580943847074
154.82676224611708
181.671146953405
99.96527777777777
40.90490591397849
29.99189814814815
12.690710872162486
4.320430107526882
2.3419840203106332
3.721057347670251
14.53136200716846
29.003285543608126
109.04196535244922
211.26269414575867
189.12223715651132
110.20161290322581
48.140307646356035
14.486671146953407
8.77292413381123
7.157519414575866
3.858908303464755
2.2242420848267623
3.517962216248506
23.655913978494624
107.36297789725211
232.8509557945042
228.37514934289132
81.39262246117084
48.01187275985663
21.875149342891277
6.721774193548389
6.668010752688172
2.714407855436081
3.633852299880526
15.662895758661888
28.706578554360814
118.8321385902031
285.7377538829151
208.63612604540023
151.51060334528077
34.958893369175634
14.793645459976105
8.447132616487455
7.733945639187574
5.500896057347671
4.530387544802868
11.650985663082437
35.36488201911589
82.59781959378735
145.25836320191158
185.1108870967742
107.24089008363204
34.22610513739546
15.213149641577061
9.196161887694146
5.374103942652329
6.096251493428913
4.237977897252091
9.821199223416963
27.19653524492234
95.12358124253286
174.31451612903226
231.0719086021505
140.80794504181603
49.84729689366786
21.26288082437276
9.989433990442054
13.563246714456392
2.114803614097969
8.94489247311828
4.909348864994026
27.507989844683394
98.89150238948625
227.59781959378734
207.4533303464755
120.78479689366786
34.09494474313023
14.327994324970131
12.192652329749103
8.407668757467144
4.103606630824372
3.676933990442055
6.116188769414575
14.774268219832738
118.62417861409797
206.044280167264
197.2315561529271
108.94003882915173
37.14755077658303
20.843077956989248
9.042861409796892
2.2229353345280765
2.462925627240143
2.0666143966547197
3.563687275985663
46.36872759856631
135.2676971326165
189.375
269.7087813620072
138.02120669056154
43.01911589008364
20.641987753882916
9.558243727598565
5.65076164874552
1.9112604540023899
10.333183990442055
11.77863649940263
22.955197132616487
80.92555256869773
211.70549581839904
147.7598566308244
76.93511051373956
25.192652329749105
9.838224313022701
11.697020609318997
5.669504181600956
3.2558393070489853
2.2495706391875747
18.895609318996417
37.25914725209079
96.30861708482678
210.3311678614098
239.38209378733572
136.51919056152929
44.00500298685782
13.85834826762246
8.49454898446834
4.158684289127837
4.901120071684588
3.0534722222222217
6.574335424133811
41.115404719235364
58.95609318996417
273.13956093189967
271.3138440860215
228.54129330943846
48.717144563918765
18.491338112305854
9.305331541218639
2.0679584826762247
4.312768817204301
2.4078068996415776
2.089060633213859
34.838933691756274
92.74268219832736
270.9808094384707
228.6122311827957
162.0019414575866
58.4005376344086
37.94485513739546
6.160842293906809
6.042562724014337
3.335909498207885
4.037649342891278
6.949036738351254
34.44041218637993
104.75806451612904
194.66173835125446
221.46430704898447
160.68735065710874
37.64097968936679
22.29297341696535
7.911290322580645
6.87668010752688
4.017947281959379
6.544877538829151
6.02662037037037
39.238799283154115
126.53151135005976
192.49215949820788
264.08788829151734
211.564366786141
54.3014486260454
25.45743727598566
16.070079151732376
4.103012992831541
3.5979913381123056
4.570833333333333
1.9015979689366787
20.041442652329746
34.669653524492226
170.88074970131422
189.9156212664277
104.13343787335722
20.190860215053764
18.075866188769414
4.472950268817204
14.283452807646356
3.242913679808841
5.051821983273596
1.394929808841099
26.28673835125448
70.74372759856631
141.5188172043011
146.19997013142174
63.225433094384705
38.24891726403824
34.827060931899645
8.327844982078854
2.0273633512544804
1.8958400537634408
4.398738052568698
9.36488201911589
23.445303166069294
77.13709677419354
181.40793010752688
209.97237156511355
92.30846774193547
38.025126941457586
