6.017622461170848
3.458669354865921
2.4842293906810036
2.757780764635603
1.912873357228196
6.7854091995221015
65.72207287933094
201.25448028673836
189.2659796893668
83.2814366786141
35.520833333333336
14.859991039426523
4.851403823205228
3.458669354865921
2.5395534647550777
2.5906137993103657
1.87665770609319
6.379569892473119
16.690934886499402
98.61111111111111
79.89097968936679
72.76396356033453
32.68966547192354
13.35946833930705
4.851403823205228
3.458669354865921
2.4312910692951015
2.755790770609319
1.7258064516401148
10.585065710872161
42.86514336917563
135.27105734767025
63.810483870967744
73.82803166069296
18.718339307048986
10.958781362007167
7.351067801672641
3.753207138590203
2.3887022103020024
2.5906137993103657
1.7258064516401148
4.791308243727598
47.64411589008363
119.9260752688172
161.67861409796893
64.98319892473118
31.69952210274791
7.343824671445639
5.297192353643966
5.512470131421744
3.2309214456391877
2.5906137993103657
1.7258064516401148
7.7762992831541204
64.71027479091995
178.19967144563918
317.07362604540026
120.19153225806451
40.217293906810035
10.803464755077659
5.729838709677419
3.8805630227001187
2.4842293906810036
2.5906137993103657
3.990554062126643
10.593652927120669
41.5621266427718
141.4986559139785
140.19563918757467
115.86058841099161
45.24044205495819
11.006944444444443
5.429323476702509
3.7404756571087217
2.3887022103020024
2.91341472520908
1.7258064516401148
0.3334229390953121
47.046744324970135
161.9586320191159
141.67040023894862
98.38747013142175
25.95206093189964
10.604465352449223
5.058370669056153
3.5430518219832736
2.3887022103020024
2.5906137993103657
1.7990442054958184
8.284438470728793
43.43264635603345
137.17891278375149
211.3500597371565
121.51321684587813
35.022401433691755
6.345579450445371
6.197916666666667
6.670026881720432
2.882243130227001
2.5906137993103657
1.7258064516401148
5.370758661887694
47.046744324970135
54.60722819593787
119.8439366786141
85.8090651135006
35.22326762246117
7.019041218637992
6.204711768219833
3.458669354865921
2.8360961768219832
2.5906137993103657
1.7258064516401148
2.607728494623656
47.136350059737154
189.44519115890083
134.21445639187576
60.08848566308244
27.487679211469533
7.735476403823178
4.93578629032258
3.458669354865921
2.3887022103020024
3.1319444444444446
1.7258064516401148
10.427508960573476
35.74223416965352
116.819743130227
177.24761051373955
104.39852150537637
32.68966547192354
8.691569593787335
5.122061678614098
3.458669354865921
2.3887022103020024
2.5906137993103657
2.3108945639187572
10.626508363201912
44.784199522102746
146.8563321385902
119.63485663082437
95.699298088411
30.067204301075275
6.345579450445371
4.851403823205228
3.458669354865921
2.3887022103020024
2.6972856929510156
1.9168533452807646
4.496356033452807
63.67607526881721
148.1070788530466
140.7706093189964
91.57370071684588
35.03061529271206
11.042040023894863
4.851403823205228
3.6457362604540022
3.2850582437275984
2.5906137993103657
1.7258064516401148
12.820355436081243
54.778972520908006
148.1070788530466
189.44519115890083
76.33699223416964
48.424432497013136
10.78853046594982
6.523073476702509
3.458669354865921
2.3887022103020024
2.5906137993103657
1.7258064516401148
2.8999178614097967
67.06242532855435
174.82078853046596
207.77329749103941
130.83968040621266
48.037634408602145
13.907930107526882
8.518481182795698
3.5733012246117086
2.3887022103020024
3.3309438470728794
2.1540845280764636
16.846266427718042
41.39411589008363
97.12888291517322
141.81600955794505
94.75843787335722
35.27180406212665
13.907930107526882
4.851403823205228
5.719384707287933
2.3887022103020024
2.5906137993103657
1.7258064516401148
0.3334229390953121
65.72207287933094
132.1423237753883
214.94175627240142
124.55981182795699
44.790919952210274
12.398820191158903
5.022550776583034
3.458669354865921
2.977785244922342
2.8453517025089607
4.822431302270012
0.5204898446833931
34.52247610513739
98.61111111111111
106.20146356033453
87.91479988052569
32.68966547192354
6.345579450445371
4.851403823205228
3.458669354865921
2.3887022103020024
2.809535543608124
1.7855100059737157
10.4528972520908
37.73521505376344
66.50985663082437
79.33467741935483
25.367756869773
15.133288530493163
7.0142622461170845
4.911107377538829
3.458669354865921
2.3887022103020024
2.5906137993103657
1.7258064516401148
9.320131421744325
61.12231182795699
119.63485663082437
123.08841099163679
74.2648596176822
20.355436081242534
6.345579450445371
