21.107153524492233
5.047603046594982
9.018667861409797
3.212048237753883
5.954521356033453
15.450604838709678
45.62387992831541
123.47520908004779
217.24985065710877
279.1390382317802
207.6022998805257
73.26724910394265
22.10666816009558
10.038119772998806
17.659348864994026
4.609262992831542
2.841707735961768
3.3892771804062125
30.537410394265237
94.19429510155317
206.90412186379928
192.65083632019122
132.98200418160096
51.72827060931898
21.781137992831543
9.930480884109917
5.548461768219833
3.6690822879330938
3.6694071087216247
8.615516726403824
44.98245221027479
105.40322580645162
208.73991935483872
231.3840352449223
148.8213112305854
59.45153823178017
16.758811230585422
8.611409796893668
5.677494026284349
4.738265382317802
1.0837552270011948
2.9939030764635604
21.015307646356035
74.00574970131422
116.12604540023895
126.8115292712067
57.638888888888886
31.9007243130227
9.971923536439666
7.744660991636798
4.198670848267622
4.265061230585424
2.713160842293907
7.494623655913978
38.361484468339306
74.64008363201913
216.53935185185182
219.3380376344086
99.02703106332137
46.193249701314215
27.998655913978496
10.50735513739546
4.44575119474313
2.669866338112306
2.2881085722819594
6.569108422939068
40.37903225806452
79.03748506571088
204.13791816009558
214.19616188769413
117.45445041816009
49.204749103942646
23.21490442054958
16.194145758661886
3.9467667264038226
4.15514486260454
3.001060334528076
9.588037634408602
27.15326314217443
112.58997909199522
186.305256869773
209.58706690561533
80.11536738351255
51.21415770609319
9.704077060931901
20.669205495818403
6.830421146953406
4.518507317801672
1.518399044205496
5.485551075268817
13.010528673835125
74.11327658303465
126.12940561529271
132.84684886499403
84.63298984468338
30.860028375149344
25.966360513739545
8.491450119474313
6.360588410991635
2.748144414575866
4.280305406212665
9.365927419354838
34.74529569892473
86.40867682198326
186.38851553166066
149.872311827957
70.55555555555557
34.99850657108722
20.231854838709676
7.257317801672642
5.460125448028674
2.1845168757467146
2.648891129032258
6.027367084826763
32.05996117084827
72.73110812425328
191.90412186379928
164.34363799283153
87.43876941457587
20.849014336917563
15.06350806451613
8.115255376344086
4.205932646356033
6.942652329749105
2.8753098864994024
7.11760752688172
24.566494922341693
103.26127538829152
190.06981780167263
183.8959826762246
76.1402329749104
35.33411738351254
25.295848267622468
7.670586917562724
4.741935483870968
3.437623207885305
3.825802718040621
4.802643369175628
25.637096774193548
82.66353046594982
169.58034647550775
167.65830346475508
74.57885304659499
31.930406212664277
26.3902329749104
9.419504181600956
3.4099089008363204
4.1210013440860225
2.19815188172043
21.301224611708484
35.97214755077658
80.62350657108722
148.87619474313024
101.06742831541219
88.36581541218638
41.204973118279575
33.16371714456392
10.68085424133811
8.695452508960573
4.524775985663083
5.908378136200717
24.288530465949822
38.606033452807644
96.61813022700119
223.04696833930706
236.4411589008363
147.88642473118279
52.3073476702509
21.342443249701315
17.397326762246117
8.597744922341697
4.235808691756272
2.2593301971326163
10.670250896057349
42.89687873357228
103.3180256869773
225.55704898446834
261.8492383512544
165.30241935483872
68.56929510155315
16.546221624850656
7.171706989247312
4.359050179211469
5.669802867383513
3.777195340501793
7.635566009557945
16.7574298088411
66.22535842293907
181.8361708482676
206.14956690561533
92.02396953405018
30.833632019115885
32.83505077658303
7.3022700119474315
4.25346848864994
2.482459677419355
4.485853494623656
5.149074074074074
29.695975209080046
76.83057048984469
145.4961917562724
158.59543010752688
86.95937873357228
30.156586021505383
9.363351254480287
10.070527180406215
3.1156249999999996
2.938127240143369
3.4866226105137397
5.245855734767026
24.393854540023895
88.8896356033453
193.89150238948628
215.3304211469534
67.242756869773
44.52856182795699
26.372535842293907
15.343376642771805
7.155428614097969
4.85260976702509
2.9792712066905613
7.338747013142176
29.675104540023895
82.35588410991637
228.32959976105138
216.3698476702509
99.5781063321386
36.46744324970131
12.460610812425328
13.255637694145758
5.975022401433691
4.843354241338112
3.2411140979689366
10.086730884109917
44.88985961768219
98.99193548387096
222.71468040621266
252.10834826762246
124.19130824372758
51.51396356033453
