4.851403823205228
4.058094384707288
2.6418384109916366
2.777680704898447
1.7258064516401148
13.432661290322581
60.77882317801673
232.05645161290323
211.52927120669057
124.54487753882916
56.21005077658303
14.252165471923536
5.223562574671446
4.405988649940263
5.600059737156512
2.5906137993103657
2.216173835125448
8.453195937873357
2.7211768219832733e-11
70.45250896057348
108.68428912783752
48.74589307048984
35.22140083632019
7.735476403823178
4.851403823205228
3.458669354865921
2.3887022103020024
2.5906137993103657
3.990554062126643
8.055197132616486
41.91308243727599
129.15919952210274
117.36111111111111
64.47916666666667
36.04988052568698
11.923163082437275
5.770833333333333
3.458669354865921
2.3887022103020024
2.5906137993103657
5.204562425328555
2.0258139187574673
30.96326164874552
106.2313321385902
95.05301672640383
64.91226105137396
15.133288530493163
8.29584826762246
5.057575418160096
3.6457362604540022
2.3887022103020024
2.7816606929510157
1.7258064516401148
8.453195937873357
60.67054958183991
142.648596176822
181.01478494623655
97.40554062126644
30.843413978494624
13.19668458781362
7.946908602150538
3.458669354865921
2.3887022103020024
2.5906137993103657
1.7258064516401148
8.811992234169654
54.64083034647551
124.46236559139786
181.01478494623655
75.35132915173237
32.912933094384705
11.967219235364395
5.908564814814815
7.331503882915172
2.3887022103020024
2.5906137993103657
2.4311155913978495
12.035185185185183
57.433542413381126
167.49178614097968
173.4281660692951
97.9506421744325
29.06810035842294
9.312798685782555
6.293869474313023
6.674693847072878
3.342368578255675
2.5906137993103657
1.7258064516401148
9.945131421744325
65.42712066905615
111.8839605734767
122.75238948626045
59.54338410991637
30.58057048984469
9.930630227001195
5.790733273596177
3.458669354865921
4.653449820788531
2.674996266427718
1.7258064516401148
0.3334229390953121
2.7211768219832733e-11
64.70280764635604
92.51045400238948
14.962664277180407
15.159956317204301
6.345579450445371
4.93578629032258
3.458669354865921
2.3887022103020024
2.6065348715651133
1.7258064516401148
7.4473715651134995
50.38829151732377
132.9786439665472
157.69862604540023
93.31727897252091
30.608198924731184
6.345579450445371
5.002255077658304
3.5541965352449223
4.888366188769415
2.5906137993103657
2.3108945639187572
7.899507168458781
42.93981481481482
92.46191756272401
138.61260454002388
59.54338410991637
30.067204301075275
6.345579450445371
5.610849761051374
3.458669354865921
2.487414127837515
3.011312724014337
1.7258064516401148
0.3334229390953121
45.452508960573475
88.32138590203107
136.96983273596177
98.38747013142175
33.55361409796894
6.345579450445371
4.851403823205228
3.7707287933094387
2.9332063918757467
2.5906137993103657
1.7258064516401148
3.5447804659498208
52.172939068100355
80.42861409796893
103.65516726403823
74.2648596176822
32.130002986857825
11.392622461170848
8.69959677419355
3.458669354865921
2.3887022103020024
2.5906137993103657
1.7258064516401148
11.90787037037037
54.53629032258065
130.7347670250896
117.80540621266428
62.60491338112305
34.21856332138591
11.678987455197133
4.851403823205228
3.458669354865921
2.5256235065710873
2.7816606929510157
1.7258064516401148
14.971639784946236
75.40322580645162
199.41009557945043
222.52837514934288
113.62791218637993
31.647998805256865
12.497386499402628
5.77482825567503
4.624887992831542
2.3887022103020024
5.121975806451613
1.7258064516401148
15.611200716845879
62.58960573476703
140.7706093189964
189.2659796893668
87.91479988052569
36.6274641577061
10.803464755077659
7.417898745519714
3.458669354865921
2.4173599910394263
2.5906137993103657
1.7258064516401148
11.932511947431303
35.30540621266428
111.08870967741936
111.8839605734767
57.17629928315412
29.140531660692957
9.556936977299879
5.432534348864994
3.458669354865921
4.892249103942652
2.5906137993103657
1.7258064516401148
8.262037037037038
62.58960573476703
145.15755675029868
191.11036439665472
129.01396356033453
19.829749103942653
10.958781362007167
7.125709378733572
3.531907108721625
2.4241255973715647
2.5906137993103657
1.7258064516401148
9.886140979689365
73.65218040621266
222.52837514934288
317.07362604540026
152.88269115890083
44.790919952210274
10.445415173237752
5.344944743130227
3.7404756571087217
3.089232377538829
2.5906137993103657
4.473006272401434
10.626508363201912
51.65023894862605
123.08841099163679
106.20146356033453
68.67943548387096
33.55361409796894
12.673984468339308
