2518.30042171439
1690.1968516901095
1141.9034850566622
1094.7399582979906
1215.164278778273
1676.8939075496216
2092.100993126315
2797.9295813203858
4178.325691116641
4723.228313946008
4520.660379507996
2979.6179642763304
2159.921443589536
1331.5351071976274
1031.843777204032
741.3616724131734
740.593033813218
1125.1689424807828
1477.8877765043737
2007.7396647329351
2934.9997064324034
3040.0669856610093
2849.947196715838
1985.0569394519398
1221.3238673836686
553.2213780393101
636.5474724912431
613.9009791141252
584.7565298688132
1028.8239141470053
1728.7251276139116
2461.5015111189914
2877.6191390317804
3655.796217399319
3623.8540199810986
1992.2509635456383
926.3538849045799
902.722610632951
747.6038052295986
839.6115728451532
634.9874058813625
878.1529231199094
1048.3555660980896
1927.0294656991966
3137.2076332968845
3354.7651801284314
3028.1081672863374
2214.345521347018
1231.843756136125
916.1278909444757
737.9879044823382
649.1138215511602
744.9032032752741
1237.0518598379826
1569.572727427518
2368.0556456643167
3428.9623949084603
3957.9694069687534
3425.410943684631
2202.5062615977336
1705.014512232562
989.8336332765068
748.7129929931324
647.5600517605588
776.9849930352249
1140.004008145853
1510.6689805871795
2549.3586883864423
3382.698000034826
4004.2789138357252
3665.8453841831765
2420.875146014276
1641.85548049394
2002.485246802253
961.1802974318476
1131.9055012276697
802.5300673657612
1377.9299271304549
1422.6887005513727
2376.6739736386403
3614.1127627535625
4286.681142351387
3194.1560097581178
2914.3884748007504
2456.8726676127803
2040.814353545346
1225.325094390043
1049.1850959445765
910.368256944857
1149.2611983209142
1493.338556209653
2033.416185264937
2657.79312889573
3738.889456805347
3268.690769738226
2390.6806827674936
2683.4124341370793
1826.2002275338161
1446.6953877951676
1084.1372066896329
927.4313528185215
1381.8164843393029
1374.6617428057693
1921.0152054308107
2648.2544386062627
2723.859795224607
2653.792580951389
1799.2462455118532
1305.482428488876
1168.136827215914
1030.7670483885854
1004.2384420121946
949.1290836682012
1388.473885710677
1515.9985416553138
2273.382235868578
3086.762322853298
3158.9846277778443
2780.7182339443716
2239.185658175973
1855.37838268888
1636.0343596831717
1416.1469759005627
1468.328901936668
1460.1863692095455
1567.802942979849
1920.9202277512632
2312.92121481534
2721.8023862159794
2960.466163971393
3471.6292451286354
2595.851873430293
2084.6755175469593
2074.3907620052696
1201.690183713078
1161.694010217337
1264.324988536688
1404.8600569096366
1559.6836147584986
2442.749926298027
3165.418158029307
3210.513671241263
2756.113622892616
2281.876593097225
1501.2272171153422
1061.2392966599518
817.7161928084867
753.7214436624249
860.5289323785081
1418.7457575400633
1438.0319843356283
1979.9974534978226
2456.9877195919253
2410.770557569315
2831.482088600171
1887.6997153862899
1478.4523568130846
778.9073290089207
699.5541630206899
643.6002732226507
687.2340310380263
1285.6770755433142
1216.8505032039418
1471.936361797169
2055.6487707280885
1810.8642512774527
1813.4846604797015
1471.5967652495717
932.7607214523335
1160.1846440478807
784.3784439364204
825.9416776566375
575.283784911475
1228.8429254472505
1236.2392283217835
2070.2632427816197
2438.5778928720406
3311.405304224148
3071.0061054814096
1851.954517684193
1227.8624398389663
1186.798778535768
710.4737404883865
796.6695160634142
784.6661022614369
989.615474853747
1099.8941922490317
2086.0476796802627
3139.914297653018
3736.9223895499686
3292.351034191996
1933.2667935217478
2035.0645945497254
978.2152762092315
720.7094257969595
682.0677701839656
703.3106313705845
883.466700555272
1267.4481360551838
1804.4465727153256
2227.057067103688
2201.482820614564
2195.0412791888575
1700.8068046460658
1410.2979952370147
1328.569900879174
1041.2148471384664
808.5073699126149
797.5180640174098
984.4331937883009
1458.83878851643
2036.3539221803833
2993.8320921823215
3554.699382642147
3205.828230071321
2539.7129288662272
2338.369526901015
2020.3193120389321
1030.7013239647479
926.6643233144515
913.946966949491
1238.9920844337805
1657.1320400185386
1944.6063761466924
2653.588476633495
3341.366532630714
2859.3510988842154
2109.5426971508396
2231.1209049689032
1633.3696787904632
1228.9692004291082
1016.0191526421507
711.3248143679313
1181.6207019587766
1608.3127799825893
2318.264319529841
2790.3843188214814
3724.5258480503544
3003.293542755567
2181.8580681936173
