27.991076762246117
6.531586021505376
3.567443249701314
5.661290322580645
4.729372013142174
21.559102449223417
41.288231780167266
74.08490143369174
139.35707885304657
184.49484767025086
75.9094982078853
30.635752688172044
24.185894563918758
9.550515232974911
5.144265232974911
6.7555555555555555
6.4138291517323776
15.286364994026284
44.616935483870975
92.28531959378735
215.31548685782556
194.29472819593786
142.82407407407405
38.732825567502985
7.489284647550776
13.243988948626043
3.736114844683393
3.273290023894863
4.952165471923536
7.88881421744325
39.65856481481482
95.77770310633214
182.978270609319
171.54345878136203
109.8252688172043
36.653524492234176
21.923723118279568
8.748581242532856
6.756123058542412
1.943298237753883
3.3044354838709675
8.294130824372761
29.35304659498208
83.29413082437276
231.0849761051374
168.95497311827958
110.47267025089607
37.2183766427718
11.538941158900837
15.786887694145758
10.544317502986857
5.711693548387098
8.105697431302271
14.06701762246117
37.92028823178017
114.9555704898447
222.5440561529271
233.99529569892474
200.9333930704899
47.41375448028674
28.48312425328555
14.842293906810037
8.35834826762246
3.1759371266427716
1.5443514784946237
14.393854540023892
44.508661887694146
87.94765531660693
195.70041816009558
264.6161887694146
108.32623954599761
57.27859916367981
22.54304808841099
6.22244623655914
6.09834229390681
3.673237753882915
8.482116188769414
14.348043608124254
42.545736260454
102.71580047789728
241.65957287933094
295.54547491039426
194.80212066905617
71.83019713261649
34.76045400238949
16.168645459976105
6.795400238948626
3.4924283154121865
2.4261611409796893
11.752240143369177
29.591435185185187
99.10506272401433
201.30675029868578
204.5023148148148
161.09991039426524
72.0669056152927
22.97468637992831
11.03498357228196
5.07179659498208
4.1599499701314215
3.2504853643966554
15.09621415770609
66.38515531660693
120.03397550776583
283.6939964157706
297.8237007168459
210.0261350059737
64.45116487455196
32.36320191158901
10.688358721624851
6.644302568697731
2.5448812724014336
2.1268443847072884
5.573103345280765
41.59106182795699
81.4161439665472
233.77090800477902
271.15516726403825
146.33885902031062
52.511574074074076
19.023036140979688
13.811977299880528
5.6544205495818405
2.6084528076463562
3.4738537933094387
5.412634408602151
33.184065113500594
82.1146953405018
171.6909348864994
202.26179808841098
136.64053166069291
49.434363799283155
16.92880077658303
6.937425328554361
3.1100470430107525
3.540225507765831
2.58420325567503
8.973491636798089
22.9115890083632
98.16420250896057
178.73618578255676
161.55241935483872
105.61715949820788
27.546520310633213
7.647550776583035
9.530951314217443
5.524566905615293
3.660297192353644
3.4662970430107527
6.3627538829151735
22.057497013142175
71.48185483870968
146.30114994026283
138.67346176821982
33.75459229390681
24.303278076463563
20.598155615292715
11.74544504181601
4.025395758661888
4.850582437275985
1.9214867084826763
3.2743914277180406
25.969123357228195
84.08751493428912
200.7399940262843
198.1907108721625
115.9651284348865
41.408751493428916
22.26056600955794
10.254928315412187
4.500709378733571
3.5343301971326166
2.5865964755077657
11.321423237753883
31.22267025089606
111.32765830346473
200.9938769414576
199.91711469534047
137.30772102747912
36.595280764635596
21.330234468339306
14.626082735961768
4.846363500597373
3.2602411887694154
2.4712664277180405
10.121639784946234
41.68092891278375
111.23357228195938
242.75873655913978
263.53345280764637
199.5691457586619
61.61589008363202
22.532631421744323
6.166069295101553
13.228121266427719
4.473383363201911
5.747330495818399
20.99869324970131
42.1143219832736
99.23648446833931
226.4295848267622
255.50925925925927
143.1063321385902
54.47804659498208
13.98435633213859
5.344496714456391
5.4941009557945035
3.0588560334528077
1.4177158004778971
5.137163978494623
23.197692652329753
46.83269862604539
113.36544205495818
156.37768817204304
65.75119474313021
23.79308542413381
7.141577060931899
14.005861708482673
2.0991898148148143
3.971258960573476
6.79226403823178
9.940076164874553
33.60864695340502
98.28293010752688
241.2768817204301
209.7308094384707
92.20430107526882
50.94310035842294
23.158042114695345
5.512544802867383
5.690486857825568
4.3151919056152925
1.0281223864994027
3.659158452807646
26.966733870967747
84.88873954599761
206.04465352449225
175.31362007168457
101.89105436081242
44.44295101553167
