11.184961170848268
12.134296594982077
3.5301037933094386
3.4370594384707287
3.8685147849462367
7.928688769414576
23.82915173237754
76.91308243727599
158.17876344086022
183.288903823178
81.67936081242533
33.86715949820788
19.483684289127837
10.603046594982079
5.2330122461170845
4.923566308243728
4.598711917562724
7.735849761051376
37.48062275985663
118.56854838709677
228.23962066905617
260.941233572282
164.70168757467144
74.39740143369177
29.997498506571088
8.901396356033453
4.102221475507767
3.5776097670250895
4.1800813918757465
6.217480585424133
31.841621863799283
94.1636798088411
203.12089307048984
231.9776732377539
181.20183691756273
39.08590949820788
41.8216472520908
19.038269115890085
5.638702210274791
2.1742868876941452
7.436715949820787
10.00074671445639
45.442428315412194
100.03882915173239
239.7509707287933
253.29935782556754
201.74432497013143
69.1341845878136
28.16733870967742
12.083109318996415
7.508475209080046
4.3283191457586625
4.1367756869773
15.69119623655914
56.896281362007166
108.44795400238951
276.6457586618877
279.57362604540026
254.24096475507767
50.67502986857826
35.910879629629626
8.864284647550777
5.800888590203106
6.5609692353643965
2.1543570788530464
12.807235663082437
37.92428315412186
123.41584528076461
237.81137992831546
257.82556750298687
194.50380824372758
72.0325567502987
26.661887694145758
10.165807945041816
4.89929435483871
3.5186753285543606
2.631447879330944
3.257915173237754
28.4834229390681
72.81100657108722
227.32265531660693
228.32997311827958
153.7761350059737
45.20964008363201
23.250112007168457
9.997050477897252
9.77856182795699
4.836939964157706
5.218204898446834
12.03125
66.84438470728793
126.17458183990439
236.1040173237754
267.9386947431302
172.3622311827957
70.91509856630826
25.82892771804062
11.70680256869773
7.98349761051374
5.838859020310633
2.743477449223417
6.097968936678614
57.49850657108722
142.85020908004776
239.72147550776583
270.97222222222223
228.16196236559136
64.66248506571087
23.37705346475508
9.533639486260453
8.049731182795698
1.756533751493429
1.4331429211469533
2.7079487753882914
30.167861409796895
113.22729988052569
202.93608124253285
233.12238649940264
104.65091099163678
58.85192652329749
25.162074372759857
8.757915173237755
6.382019115890084
2.408202658303465
2.748715651135006
4.512619474313022
24.007840501792113
62.128882915173236
129.4955943847073
145.21692054958183
85.32668757467144
22.39997759856631
11.179398148148149
6.428614097968938
5.778860513739547
3.93820564516129
2.676877986857826
3.61739844683393
29.026022998805256
65.6347072879331
163.13172043010752
191.82907706093187
92.74044205495818
38.44575119474313
19.59169653524492
7.291143966547192
5.95135155316607
1.0443660394265235
4.498876194743131
12.364359318996415
39.89889486260454
77.80913978494624
203.76269414575867
204.38582735961768
126.6084229390681
38.685222520908006
24.888142174432495
7.2867756869772995
8.903897849462366
3.8677045997610513
4.29005376344086
18.648334826762248
27.280951314217443
74.82825567502988
157.89127837514934
193.4072580645161
73.69586320191159
31.191606929510154
13.311230585424134
18.65169504181601
9.070639187574672
2.525384557945042
5.606780167264038
21.950455495818403
25.215651135005974
85.4771505376344
232.42532855436082
335.9270459976105
197.8300477897252
55.021281362007166
23.80077658303465
9.31530017921147
4.00274417562724
13.832698626045401
3.1181190262843486
7.144451911589008
33.369810334528076
95.71833930704898
171.2406660692951
180.3942652329749
91.52404420549581
48.78957586618877
23.27318548387097
13.780988649940262
5.196983273596177
1.7627240143369176
3.281978046594982
13.69115890083632
44.889486260454
90.05264336917563
218.21348566308248
190.2766577060932
93.79032258064517
43.896169354838705
25.948700716845877
12.393406511350062
4.54409348864994
3.7208408004778972
2.2913343787335725
3.1055966248506572
22.489732676224612
34.10297192353644
114.64979091995224
113.52747909199522
70.05077658303465
23.264635603345283
14.37682945041816
6.941569593787334
3.5986633811230586
4.95396505376344
4.967965949820789
8.26743578255675
22.176933990442055
81.52591099163679
151.47625448028674
184.02143070489845
79.54861111111113
24.06720430107527
17.91718936678614
11.914090501792115
5.143443847072879
7.030092592592593
2.9114844683393075
7.88056302270012
28.29144265232975
89.1267174432497
172.14456391875746
193.92137096774192
104.32945041816009
41.30271804062126
