28.816606929510154
12.553166069295102
5.781362007168458
4.646654719235365
4.675459229390681
5.227187873357227
41.96811529271207
88.39269713261649
234.17413381123058
220.39165173237754
121.56063321385899
57.078479689366795
25.598379629629623
7.892174432497011
5.738612604540023
3.569384707287933
1.2434628882915173
12.941868279569896
52.10050776583034
83.2978643966547
227.4731182795699
229.4758064516129
159.60685483870967
48.80077658303465
12.376418757467144
8.418682795698924
5.43384109916368
2.4630899044205496
1.8988201911589009
12.92558990442055
32.279233870967744
82.0209826762246
216.873133213859
206.2063172043011
91.18242234169654
39.52445489844683
23.285954301075268
9.979801373954599
3.019937275985663
4.643854540023895
5.702255077658304
18.381123058542414
38.99425029868578
89.31488948626045
198.76381421744324
193.83997909199525
109.15695937873357
61.40120967741935
22.701948924731184
8.69769265232975
5.406212664277181
8.99081541218638
4.132709826762246
5.250560035842294
16.653748506571088
77.94130824372759
136.67264038231778
93.25567502986858
95.586917562724
19.91629330943847
10.605510752688172
9.414202508960575
5.219496714456392
2.4226441158900838
6.942652329749105
28.20803464755077
33.78173536439665
106.78166069295102
208.38597670250897
234.43324372759858
143.751866786141
37.45650388291517
22.41569593787336
12.668794802867383
3.2706466547192354
3.60091472520908
15.18462514934289
7.696609916367981
30.091099163679807
70.1280615292712
169.87268518518516
164.8823924731183
94.23125746714456
38.176597968936676
18.006347072879333
15.61577807646356
4.302774044205496
3.193395310633214
3.5145908004778974
22.109655017921146
32.71725657108721
92.51530764635605
174.2738201911589
192.4996266427718
90.26097670250896
20.20015681003584
17.113388590203105
17.56970579450418
6.13336320191159
5.442353643966547
2.9900164277180403
5.5680256869773
42.48588709677419
111.62373058542413
230.79823775388292
246.8111559139785
181.15218040621266
66.61962365591398
31.543608124253286
8.076874253285544
7.864583333333333
3.8896505376344086
1.5565337514934288
9.80241935483871
18.809811827956988
74.4765531660693
195.29047192353647
184.3365442054958
113.70258363201914
58.5476403823178
15.775537634408606
14.289799880525687
4.303800776583034
5.643182497013142
3.4016203703703702
7.468189964157706
38.190748207885306
134.24096475507767
203.3113052568698
242.1916069295101
91.20706391875748
56.55913978494624
17.753994922341697
5.3933318399044206
6.654047192353644
2.796878733572282
3.31028972520908
7.988313918757467
31.084789426523297
74.41756272401433
203.27434289127834
188.12948028673833
115.98416965352449
34.036066308243726
32.9211096176822
13.28274342891278
7.331989247311828
4.830719832735962
2.0508885902031064
6.374514635603346
33.335834826762245
93.51030465949822
192.39321983273598
196.8656660692951
98.78546893667861
49.79390681003584
22.09076314217443
14.372087813620071
13.351665173237754
3.0418682795698926
6.172416367980886
21.597670250896055
76.83281063321385
98.15860215053765
226.65210573476702
203.72871863799284
118.10707885304657
36.87339456391876
16.847184886499402
10.426933990442055
5.31989247311828
2.7833557347670252
3.4011163381123057
13.117719534050176
43.12219982078853
93.49910394265231
192.06205197132616
200.34162186379925
177.49663978494624
55.59289127837515
28.40438321385902
9.753770908004778
8.888104838709678
3.5279943249701313
3.4102411887694144
9.421931003584229
37.41453853046595
110.01568100358423
203.63239247311827
241.25746714456392
132.94877538829155
50.43085424133811
13.08195191158901
16.707101254480285
5.08546146953405
2.6517771804062127
2.3617794205495817
13.784684886499402
33.28461021505376
85.24865591397848
216.2376792114695
208.11230585424133
151.7275238948626
61.696908602150536
22.262320788530463
5.807534348864993
8.06615890083632
2.842256571087216
2.1883773894862606
8.189030764635604
31.808318399044204
87.16995221027479
153.7425328554361
193.8134707287933
183.66263440860214
61.90934886499403
13.022588112305854
7.26556899641577
3.1277740442054958
1.8575306152927125
5.308019713261649
5.691270908004779
19.71781660692951
79.38022700119474
173.29338410991636
182.2244623655914
86.97169952210275
39.231444145758665
11.950082138590203
6.784274193548387
5.455085125448028
3.398517771804063
4.771647252090801
12.623805256869773
39.550664575866186
124.19541517323775
273.62156511350054
241.47886798088408
141.10252389486263
67.54442951015531
