21.715277777777775
5.996751792114696
10.235887096774192
3.671975806451613
2.2381309737156516
7.017771804062127
20.77841248506571
52.08930704898448
159.19578853046596
163.36842891278377
102.83975507765828
68.29898446833931
17.148745519713266
15.05981182795699
3.493343040621266
2.6792749402628435
2.02555256869773
17.435222520908006
25.039799880525685
89.67592592592592
197.10946833930706
217.87970430107526
127.14307048984466
50.846774193548384
14.00455495818399
10.23808990442055
5.566830943847074
2.8460050776583032
3.4858236260454003
5.82082586618877
18.774454898446834
108.89038231780167
223.85528673835125
264.36118578255673
184.40860215053763
55.78591696535245
22.056264934289125
16.118802270011948
8.424021804062127
3.1728569295101554
4.995034348864994
10.978569295101552
30.41476254480287
85.73850059737157
203.9590800477897
242.96072281959383
90.32407407407406
54.19504181600956
15.007616487455197
5.049544504181601
4.1961506869773
5.239583333333333
2.4319332437275984
3.5843936678614092
24.246751792114694
106.8552120669056
176.17532855436082
193.57974910394267
129.0927419354839
24.889859617682195
11.769489247311828
11.065636200716845
9.583370669056155
3.0904345878136197
1.7275910991636798
7.900201612903226
29.824074074074073
79.76889187574673
196.81190262843486
258.72610513739545
124.16255973715651
37.47547043010752
24.911140979689364
14.451538231780168
5.429734169653525
3.122211021505376
2.623644713261649
7.2813620071684575
26.761574074074073
80.2023596176822
213.96094683393076
188.72087813620072
76.98812724014337
25.628136200716845
27.108198924731187
6.55790770609319
4.811659946236559
3.1188769414575868
4.028707437275986
5.015718339307049
26.80141129032258
65.10379330943847
132.61424731182794
141.90673536439667
81.97954002389486
22.019899940262846
13.497087813620075
5.104502688172043
7.892062425328553
6.590602598566307
2.3275350955794503
9.05981182795699
39.28953853046595
79.10730286738351
189.25701911589007
224.40337514934285
154.1435185185185
31.420213560334524
23.065972222222225
8.403599163679807
6.9948103345280765
3.861226851851852
3.40333408004779
12.937724014336917
38.57194593787336
104.09983572281958
235.50477897252094
280.1112604540024
218.56033452807642
69.58482676224612
12.786252986857829
7.4487380525686975
4.334188321385902
3.6844870071684586
5.365554062126643
7.47883064516129
40.795698924731184
156.1480734767025
211.79622162485066
234.84393667861409
195.62836021505376
43.00097072879331
48.21572580645161
22.832325268817208
6.915583930704899
5.424768518518519
5.965352449223417
5.823551373954601
29.31776433691757
99.93988948626047
201.83505077658305
220.03322879330943
188.12761350059736
71.1126045400239
30.37111708482676
19.436155913978496
6.814702807646356
6.417025089605735
3.4813620071684594
9.440076164874553
29.68212365591398
110.55182198327361
206.7458183990442
118.39419056152927
117.3248954599761
34.913381123058535
26.622311827956988
8.634893966547192
3.9584042712066907
3.333523745519713
3.1124850657108722
19.905764635603344
33.92947281959379
112.42308841099164
205.3774641577061
277.79868578255673
182.14605734767025
73.25268817204301
12.340912485065711
9.26191009557945
3.9736633811230586
3.6499215949820787
4.663926224611709
12.25563769414576
32.074783452807644
93.65330047789725
160.20198626045402
231.4165173237754
94.57922640382317
47.89015830346475
19.412223715651137
13.198626045400239
10.33273596176822
3.9649417562724008
4.383437873357227
7.508960573476703
16.054510155316606
78.9064366786141
112.07623954599761
229.92420848267622
87.99059139784946
34.44974611708483
16.77482825567503
7.679398148148148
5.135341995221027
3.2901433691756274
4.705921445639187
5.794242831541219
29.208333333333332
73.14553464755078
173.01149940262843
153.16270908004782
73.35461469534049
34.6021505376344
13.596102150537634
10.40882616487455
7.833146654719235
3.888481929510155
5.18014486260454
12.322132616487455
68.90456989247312
97.43167562724014
229.05129928315412
215.53651433691758
93.37738948626045
47.563844086021504
12.398670848267624
14.680742234169653
5.27288679808841
3.5430667562724016
1.599574372759857
12.056862305854242
44.745370370370374
80.61902628434886
123.95273297491039
167.52986857825567
97.7299880525687
28.454301075268813
15.950044802867387
20.897588112305854
4.646785394265233
2.9780279271206687
3.355044056152927
13.370295698924732
29.11111111111111
99.13007765830346
143.11006571087216
149.75806451612902
65.3207138590203
40.554136798088415
