0.0
0.0
0.0
0.0
0.0
0.0
0.0
40.32254330943847
102.30167264038232
146.7307347670251
111.262208781362
21.654760304659497
0.0
0.0
0.0
0.0
0.3733557347670251
0.0
0.0
53.01627837514934
139.63369922341695
136.27624701314218
31.735513739545997
11.574025537634409
0.0
0.0
0.0
0.0
0.0
0.0
0.7467278972520908
70.19026284348865
125.44795400238948
243.42928614097968
175.475993130227
12.320687724014338
0.0
0.0
0.0
0.0
0.0
0.0
0.0
43.30854241338112
138.51732377538832
160.91685334528077
38.08262395459976
14.93414351851852
0.0
0.0
0.0
0.0
0.0
0.0
0.0
50.775164277180416
166.14202508960574
126.1951164874552
135.90247909199522
17.5475993130227
0.0
0.0
0.0
0.0
0.0
0.0
0.0
67.94914874551971
155.6913082437276
243.42928614097968
85.87029569892474
0.0
8.2139075567503
0.0
0.0
0.0
4.106933243727599
0.7467278972520908
3.3602337216248506
35.842293906810035
118.72849462365589
136.64964157706092
38.08262395459976
4.106933243727599
0.0
0.0
0.0
0.0
0.0
0.0
2.240142249103943
63.0973715651135
114.24630376344086
98.5662709080048
4.853823178016726
0.7467278972520908
0.0
0.0
0.0
0.0
0.3733557347670251
0.0
0.0
29.12205047789725
86.99085274790922
141.87481332138591
129.55675029868578
10.080734767025088
0.0
2.240142249103943
0.0
0.0
0.0
0.0
0.0
34.72207287933094
107.15344982078852
166.14202508960574
126.56851105137396
11.947565710872162
3.3602337216248506
0.0
0.0
0.0
0.0
0.0
0.0
42.93514784946237
103.79144265232975
121.71255227001194
61.97681451612903
10.080734767025088
8.960569743130227
0.0
1.493414351851852
0.0
0.0
0.7467278972520908
0.0
26.881705495818398
130.67312574671445
116.11402329749106
84.75392025089606
17.921139486260454
0.3733557347670251
0.0
0.0
0.0
0.0
0.0
0.0
52.64288381123058
148.96766726403823
102.30167264038232
21.281257467144563
4.853823178016726
4.853823178016726
0.0
0.0
0.0
0.0
0.0
0.0
69.44347371565114
111.262208781362
159.7959229390681
125.44795400238948
26.508169056152923
0.0
0.0
0.0
0.0
0.0
0.0
0.0
20.534595280764634
121.33919504181601
162.78416218637992
49.28539426523297
8.960569743130227
0.0
0.0
0.7467278972520908
0.0
0.0
0.0
0.0
19.041304510155317
142.24854390681006
126.56851105137396
91.47337962962963
11.947565710872162
0.0
7.093738799283154
1.493414351851852
0.0
0.0
0.0
0.0
32.85528673835125
99.68679062126643
64.21792861409797
76.1667413381123
14.187481332138592
1.1200899790919951
0.0
0.0
0.0
0.0
0.0
0.0
38.455607825567505
103.79144265232975
91.84677419354838
23.14804734169654
14.561017771804062
0.0
0.0
0.0
0.0
0.0
0.0
0.0
17.174473566308244
107.52684438470726
120.2227822580645
67.206541218638
4.853823178016726
0.0
2.240142249103943
0.7467278972520908
2.240142249103943
0.0
0.0
11.200899790919951
37.70911738351254
76.90972222222223
82.51280615292713
35.842293906810035
0.0
