2978.482399760984
2169.7221813645415
1221.2478697639497
1413.1195311773213
1057.9079970429098
1772.718661133853
1707.3481941119787
2502.5361972104697
3257.6667865467475
4687.642479119246
3983.2779123634327
2743.6171055547047
2068.1063226217966
1128.9578446528244
1021.9884605971029
1014.3929634824686
996.0870152946993
1220.8884690638172
1686.7182685892003
2355.351220139147
2872.3511849270267
3606.1565913957756
2989.7809034063994
2065.9358970385606
1623.5385403227376
951.9468074001222
881.248028793513
726.40013532679
713.9708742535204
886.542582008415
1304.2128889639714
1626.9887945717985
2422.5594093424143
2969.3804467900013
3553.0687750587567
1712.3265683843488
1135.8149848149744
1032.0688990887463
465.879861830554
610.3301160052491
671.1325989369183
989.1613893684157
1354.249490455915
1752.9240258843813
2724.789798022092
3383.6710194354773
2304.827477322179
1903.5680758571734
1292.2854937406646
933.0169179755392
795.2888042732587
1006.3600954460235
796.5468591892529
1108.6214771468237
1127.6620613582234
1924.6436534301445
2327.4673792274575
2648.23090637138
2147.7657077228646
1559.9510719322623
1200.6951909960035
779.2327484198762
699.9395286114116
864.030328791622
839.967343692333
1178.6616571153866
1616.2353747030704
2275.010420763982
3000.022753619055
3863.2731641344108
3357.4672106467356
2293.878954258004
1545.476347429424
1541.22972858242
963.2326047795177
1259.8602241966062
1037.4089935903728
1227.0351862403716
1635.8598289115878
2450.261384032906
3025.538263052249
3407.0744368555697
2737.0307857437806
2446.2614213359952
1784.954892075146
1192.1063760214518
990.6449009909985
1347.4621904786268
1082.3210358427061
1435.9592717976159
1601.1609464426272
2338.7632170749735
3223.0940958909514
3124.9112608674714
2589.405636823052
2435.0993737770527
2187.1783055528504
1828.2992866736015
1180.9622934104596
1345.61084393575
1240.3160772808862
1560.9674998709631
1968.8583452549926
2187.312203638695
3346.366113486788
3607.2996100394216
3260.3628094460128
2431.238703695842
1741.7641153168329
1409.6632385062373
971.4854100970683
963.857723299531
749.8734989907815
1384.2170510332578
1787.0386581427679
2430.890677475508
3796.0970674769546
4286.5116588411665
3530.5251335859484
2230.737547363547
1402.4438322109831
1223.3397136258234
859.3554906855087
1049.330148949811
954.4431639377411
1256.9157248645558
1707.474009859984
2622.7179815417435
3287.474111873089
3217.7839283083117
3174.877975714058
2468.874872235548
2175.866041740507
1870.0182463242666
1250.0337769030427
1947.2040908624977
1246.373920735015
1530.325996276423
2107.243292177854
2722.9962935321964
3532.9340593136576
3537.680636593713
4277.237204135152
2769.8498868546926
2575.709605854888
2677.0203413134764
1343.0258403592634
1622.4265026528667
1381.8256703564061
1691.2300429343295
1960.8308157275032
3054.479733963772
3307.444544562055
4051.6700124677614
3983.1217988749595
3131.1128351592897
2198.262235845343
2152.6920064282754
1746.4171110493642
1525.2703934436774
1758.9689108169994
1981.2391387153566
2261.5190926603327
2685.4745711759037
3409.7813424126743
4246.025653607201
4459.55003533036
3071.989454915043
3188.3102547557987
2298.698857757557
1745.6552696532651
1815.0101177701383
1494.1868400936733
1639.3550035535832
2031.467622138987
2537.6121861806637
3586.512338809913
4404.41023253956
3984.100042160023
2700.29677425528
1716.6856178556927
1508.639679820117
1134.0142796162238
1155.5504076404754
997.4620976691427
1349.7873584782988
1389.8613868428195
2299.169756293166
2490.2041946064223
3579.7626673277477
2548.5066868204285
2027.4554173270046
1165.3623656070724
893.2791688316917
725.2603853250359
742.6492329975856
812.3746561615043
935.2500051400986
1290.094704902256
1547.7394397254807
1978.287641327105
1901.1758239001076
2281.791099977387
1605.1007562589687
1022.5248657567287
578.6120768797715
508.8508985124209
413.9350144391982
550.7622837008036
862.1042171604636
1504.7536668019738
2005.949012532835
2537.1830218418195
2890.709687301646
2726.6443367021448
1722.9874808375537
1172.2418835318392
829.6674303185019
679.1627748309369
560.4989708652283
630.3233670390969
843.8233568352143
1307.265347216866
1555.4835042828918
2150.302641806733
1870.5910211313117
1727.340719553272
1160.0917264220461
1136.1505383321062
1336.479912512088
739.0600233084398
682.4040690101315
782.4251653237262
928.9553849784897
1061.7457100901163
1290.644247845253
1780.8637281703463
1717.2832778591953
1298.9483403959498
1034.3619585759354
