4.853823178016726
0.0
0.0
0.0
0.0
0.0
0.0
71.3111559139785
166.14202508960574
131.0468936678614
120.96957138590203
32.1086096176822
0.7467278972520908
0.0
0.0
0.0
0.0
0.0
8.587029569892474
48.53823178016727
178.83800029868578
205.34595280764637
84.00675776583033
0.3733557347670251
0.0
0.0
0.0
0.0
0.0
0.0
0.0
30.615330047789726
148.96766726403823
155.6913082437276
121.71255227001194
13.814392921146954
0.0
0.0
0.0
0.0
0.0
1.493414351851852
0.0
40.69593787335723
99.68679062126643
172.49189814814815
171.3713410991637
29.12205047789725
6.7206541218638005
0.0
1.1200899790919951
0.0
0.0
0.3733557347670251
0.0
65.71221624850656
148.96766726403823
224.76138739545996
126.56851105137396
6.3471139486260455
1.1200899790919951
0.0
0.0
0.0
0.0
0.0
0.0
46.67054958183991
130.67312574671445
135.90247909199522
54.8839605734767
0.0
0.0
0.0
0.0
0.0
0.0
0.0
0.3733557347670251
61.97681451612903
92.5939366786141
96.32515681003584
0.0
21.654760304659497
0.7467278972520908
0.0
0.0
0.0
0.0
0.0
0.0
70.93738799283155
157.554846176822
141.50141875746715
92.5939366786141
7.093738799283154
0.3733557347670251
0.0
0.7467278972520908
1.493414351851852
0.0
0.0
0.0
54.8839605734767
112.3786215651135
114.24630376344086
93.71449372759857
11.574025537634409
0.0
5.226911589008363
0.0
0.0
0.3733557347670251
0.0
0.0
47.79110663082438
85.12731481481482
94.83086917562724
38.82937574671445
1.1200899790919951
0.0
0.0
0.0
0.0
0.0
0.0
0.0
40.69593787335723
114.61969832735961
139.26030465949822
62.35058243727599
8.960569743130227
0.0
0.0
0.0
0.0
1.1200899790919951
0.0
4.480283004778973
33.22883064516129
120.96957138590203
84.38052568697731
19.041304510155317
0.0
1.493414351851852
0.0
2.9868690262843485
0.0
0.0
0.0
0.0
40.69593787335723
190.0396505376344
102.30167264038232
68.69631123058544
14.187481332138592
1.493414351851852
0.0
0.0
0.0
0.0
0.0
0.0
34.72207287933094
134.78192204301072
170.25082138590204
121.71255227001194
25.761540471923535
3.3602337216248506
0.0
0.0
0.0
0.0
0.0
0.0
38.08262395459976
147.85129181600954
135.15568996415772
4.480283004778973
17.174473566308244
0.0
0.0
0.0
0.0
0.0
0.0
0.0
10.080734767025088
126.1951164874552
128.06283602150538
99.68679062126643
0.0
1.493414351851852
0.0
0.0
0.0
0.0
0.0
0.0
21.281257467144563
126.94190561529271
132.54084528076464
101.18111559139787
32.85528673835125
10.080734767025088
4.480283004778973
0.0
0.0
0.0
0.0
0.0
86.24406362007169
94.83086917562724
84.00675776583033
70.19026284348865
11.947565710872162
0.0
0.0
1.1200899790919951
0.7467278972520908
0.0
0.0
0.0
48.164463859020316
131.7936827956989
126.56851105137396
98.5662709080048
0.0
0.0
0.0
0.0
0.0
0.0
4.480283004778973
0.0
65.71221624850656
123.20687724014337
172.49189814814815
159.7959229390681
0.0
