2317.8282741636117
2079.885617371113
1543.4159029180719
1729.2197611653746
1463.4611978344267
2119.7429353273997
1939.6263590163985
3138.4983537218195
3583.9069971202266
4798.903007793082
4003.758684466179
2918.6470861401294
2193.6232021020824
1495.806248177316
1020.6554644053463
1100.2453932913106
1478.7168670718795
1853.2079097746891
2133.9603310145285
2594.997456698287
3426.3767225614356
4500.682241037353
4028.3879822594454
3071.8446485319882
1803.6397873358794
1098.5281992758692
883.953939038435
849.8190234689642
744.7714230886461
1094.7308697921665
1522.2303322136734
2697.715777098681
3536.5292308776584
3900.6381006131787
4041.517662454216
2537.4407410247304
1775.1202939547602
1046.4702394411954
739.5705241662769
839.4132342848183
782.0171755498218
840.6316966414147
1505.3069538669074
2092.8621307230915
3214.4710554892376
3422.064530486852
3175.6765289948194
2061.8230415083085
1361.3768131851089
1012.525374516757
648.1257778395667
672.0392393378985
860.2065130871025
956.8952883774087
1359.357867809836
2549.5565491888087
3422.0997380984263
3798.289262106148
3288.995957125492
2456.8836137482704
1705.2574781823832
1109.070345492756
1071.345774504482
717.9152227581691
733.2134730979482
907.5881960938822
1764.5561482992468
1687.6502841152367
2805.371069777956
3371.2037196899655
2667.0875623492448
1792.3462257633803
1168.2776721008702
665.4672248488472
646.6382088715135
795.6327301703216
799.2474225031563
990.9234766376234
1368.4734504767011
2233.7675742957485
2952.7910482971733
3406.4088529248656
1918.84592164581
1544.9838115689702
1251.7812510954561
817.4229668966011
649.3930416720023
862.4340430771935
716.9456987011291
1257.0996877175685
1536.940251251468
1846.0609619973147
2290.227276147822
2235.2126721577956
1552.380920574546
1155.588845103217
1155.3795973688589
1139.3145084477947
773.6091870783214
489.33452971830695
620.0480418866215
1038.0583563524456
1248.9964164915511
1830.5146528621112
2287.453053450946
3108.9572414611666
3281.3470537709823
1859.9597311749344
1283.3555243670123
815.8874693903465
892.4778216114061
620.0944978664364
691.4638230648554
951.2369696413822
953.4999126230549
1486.7693662449217
1950.498142745771
1886.3943873357894
1668.4692793446102
1200.697071706438
1215.374835795213
725.1801444800649
507.1144340845532
766.7127766379823
571.7261052459855
939.1224975646753
1218.0266308277262
1717.0542457293184
2456.0359435636487
2476.447645452875
2700.473741843092
1523.0626335856084
880.2451225350125
607.9326168439791
585.5727591312382
998.9642723141109
648.2654739010842
966.8358827758254
1083.6333571420112
1846.3885165011327
2163.1601644510524
2629.7671061277633
2169.024054493573
1358.4193798355766
1046.4053010460468
1050.4363060685534
725.6557014703748
650.8961673780756
611.6304295409935
721.5469056135405
1738.5272202973965
1968.2001902063055
2786.5135111092486
3178.4880008190166
2872.327705386311
2095.694749735155
1372.4703040950442
1056.7589904485856
661.3006758641786
723.2659318248009
638.9363122506905
723.1529764543061
1029.7169346555545
1801.7614439357592
2169.4766306444544
2482.812018601227
2399.5063525346604
1587.1416913248402
1338.2019400903262
1007.183199155407
820.9237683838513
686.623805419481
721.4015757940912
1098.2799001336305
1319.6958233038624
1483.997207088668
2503.877657656987
2296.6991363627385
2267.539408946165
1619.149242146558
1332.962932670508
1257.2109313135447
857.2908253151486
671.1155920789461
934.9248089519982
1088.0815341055388
1463.8681998655193
2002.6358890589963
2552.891041231273
3161.9214934926226
2193.41951537479
2010.5830308276024
1270.3433318555788
1097.06149410051
779.1899962868048
713.8550312353398
966.7789725444194
1210.7764500325725
1642.2022915211337
2256.0407072732705
2974.867308292458
3610.8236957639074
3139.858591763528
2517.184533887404
2423.833303630085
2049.652155210118
893.0517609676181
822.0120854144068
1171.7539951703375
918.5405993289229
1486.2411817362624
1904.1902722401212
3100.175237343611
3147.2630400495573
3066.5247503819523
2281.3180139916753
2390.4053505270595
2367.001566369874
1247.215083336015
1243.7370383682146
900.8426546735051
1515.2686525341394
1575.1144212909394
2422.3938089423905
3317.3580032165296
4012.622469010642
3215.923903543715
2498.293791087517
2359.297458134973
1504.251697906353
986.6293146764207
1003.9490921582793
1048.045490891229
1592.8502935059682
1870.044519080558
2372.470349249076
2938.9793681046353
2824.5423504398395
3371.5329394102873
2200.386693492304
