4.851403823205228
3.7118055555555554
2.3887022103020024
2.5906137993103657
1.8165546594982078
7.259199522102748
52.70683990442055
143.2534348864994
201.25448028673836
120.7179659498208
34.6777927120669
7.431376941457587
5.63788082437276
3.595590651135006
6.763702210274791
2.5906137993103657
1.7258064516401148
3.294668458781362
2.7211768219832733e-11
75.40322580645162
109.61768219832736
56.676000597371576
21.585274790919954
8.347595579450417
5.004245071684587
3.649716248506571
2.3887022103020024
2.5906137993103657
1.7258064516401148
12.958870967741936
65.42712066905615
139.45265830346474
185.59587813620072
98.38747013142175
50.31063321385902
10.125074671445638
5.137981630824372
3.458669354865921
2.3887022103020024
2.6256391875746714
4.3089531063321385
6.879495221027479
71.65098566308244
148.86126045400238
224.19354838709677
128.87582138590204
31.369474313022707
15.130301672640382
5.556712962962962
3.458669354865921
2.3887022103020024
2.5906137993103657
1.7258064516401148
0.3334229390953121
42.86514336917563
73.60737753882916
123.08841099163679
83.23663381123059
23.81011051373954
6.773857526881719
7.858086917562724
3.474590427120669
2.3887022103020024
2.5906137993103657
1.7258064516401148
4.644952210274791
34.52247610513739
109.61768219832736
136.32392473118279
78.19257765830345
37.35364396654719
6.345579450445371
5.298797789725209
4.6527404420549585
2.3887022103020024
2.60971848864994
1.7258064516401148
11.90787037037037
9.3932945041816
76.02673237753883
82.49701314217444
50.81055854241338
26.793608124253293
6.52945788530466
5.106141726403823
3.458669354865921
2.3887022103020024
2.87719160692951
1.8531735364396655
3.7843637992831543
45.411439665471924
52.990591397849464
129.15919952210274
72.3980734767025
20.60371863799283
6.971288829151731
4.851403823205228
3.7890232974910396
2.3887022103020024
3.3309438470728794
1.7258064516401148
8.00442054958184
35.30540621266428
109.61768219832736
145.58318399044205
89.52023596176822
35.34460872162485
7.431376941457587
4.851403823205228
3.7890232974910396
2.4750746714456393
2.5906137993103657
1.7258064516401148
7.458198924731182
14.638216845878135
76.17980884109916
81.34707287933094
61.27949522102748
22.69937275985663
6.345579450445371
4.851403823205228
3.458669354865921
3.0215427120669056
2.5906137993103657
1.7258064516401148
3.5447804659498208
54.84991039426523
115.4868578255675
124.54450418160096
50.94870071684588
27.551896654719236
6.632157258064515
6.029943249701314
3.458669354865921
2.3887022103020024
2.5906137993103657
1.7258064516401148
12.70573476702509
73.60737753882916
124.46236559139786
178.19967144563918
95.699298088411
44.790919952210274
6.978419952210275
4.886429211469534
3.458669354865921
2.3887022103020024
2.5906137993103657
4.937163978494624
3.8121789127837515
65.15830346475508
119.60125448028674
190.54659498207886
120.7179659498208
44.790919952210274
10.125074671445638
6.017622461170848
3.67759109916368
3.1242532855436083
2.5906137993103657
1.7258064516401148
10.46297789725209
43.82467144563919
15.74074074074074
183.21759259259258
87.76172341696535
35.27180406212665
6.418817204301074
5.610849761051374
4.132131123058542
2.3887022103020024
3.469048685782557
1.7258064516401148
7.072147550776583
20.2113201911589
143.2534348864994
232.76956391875746
81.43331839904421
30.193399044205496
6.425186678614098
6.109169653524492
4.466472520908005
2.3887022103020024
3.937126642771804
1.7258064516401148
8.240008960573476
34.42204301075269
76.02673237753883
82.02284946236558
64.23648446833931
39.002389486260455
7.019041218637992
4.851403823205228
3.6457362604540022
2.3887022103020024
2.5906137993103657
1.7258064516401148
10.46297789725209
27.073999402628434
104.16293309438471
79.33467741935483
43.61932497013142
31.824223416965353
6.345579450445371
6.029569892473118
3.6791778673835127
2.3887022103020024
3.5984169653524494
1.7560562275985663
7.095669056152926
19.544504181600956
141.81600955794505
107.37380525686977
73.75709378733572
35.03061529271206
11.042040023894863
5.064743876941457
3.458669354865921
2.3887022103020024
2.897883064516129
1.9391465053763441
9.945131421744325
61.510603345280764
82.49701314217444
215.3935185185185
121.51321684587813
38.256421744324975
9.598640979689366
5.181757765830347
4.159199522102748
2.3887022103020024
2.5906137993103657
2.7845355436081243
10.598879928315412
44.14202508960574
94.76926523297492
103.9986559139785
51.6543458781362
20.228121266427717
12.586618876941458
