2.7308990442054957
2.3618951612903225
1.0590531660692953e-09
1.0590531660692953e-09
1.0590531660692953e-09
73.57974910394265
609.5683990442055
1421.0734020310633
1872.021729390681
860.6638291517323
217.66838410991636
54.86786887694146
1.5499454898446836
1.0590531660692953e-09
1.0590531660692953e-09
1.0590531660692953e-09
18.00006720430107
1.0590531660692953e-09
184.89624402628434
39.132231929510155
599.192054958184
259.0765008960573
55.283490143369164
8.323569295101553
1.0590531660692953e-09
7.080291442652329
1.2030704898446836
1.0590531660692953e-09
1.0590531660692953e-09
47.34177120669056
555.4017323775388
1168.0350209080048
1706.044280167264
456.9829002389486
173.52150537634407
71.201986260454
1.0590531660692953e-09
1.0590531660692953e-09
1.0590531660692953e-09
1.0590531660692953e-09
31.33547640382318
83.9760304659498
679.864844683393
1489.384333930705
1978.3325866188773
1489.384333930705
316.5114247311828
114.91233572281958
26.83952359617683
22.806940710872166
1.0590531660692953e-09
0.8857086320191159
4.373066009557946
150.75862455197134
780.7026583034649
1788.8627538829153
1515.4323476702507
1120.9348864994024
313.68798536439664
71.50063470728794
20.602949522102747
1.0590531660692953e-09
1.0590531660692953e-09
1.0590531660692953e-09
1.0590531660692953e-09
97.28222072879329
544.2114695340501
1656.2201314217443
2323.9762544802866
989.2260304659499
347.25593637992836
65.5215427120669
1.0590531660692953e-09
1.0590531660692953e-09
1.0590531660692953e-09
4.982078853046596
1.0590531660692953e-09
121.39930555555556
534.0027628434888
1869.3171296296296
2169.829749103943
1430.0944593787335
342.9068473715651
11.458964307048985
22.906664426523296
0.7971258960573476
12.993357974910397
1.0590531660692953e-09
0.8930828106332138
120.67245370370371
555.6029719235364
1051.3340053763443
1757.4320489844683
1252.035170250896
163.57272998805257
5.048551373954599
9.741618130227
3.690427120669056
1.0590531660692953e-09
1.0590531660692953e-09
1.0590531660692953e-09
27.84739023297491
203.33561081242533
795.0138142174434
861.0300925925926
568.9049432497013
5.233023446833931
37.45720952807646
11.621083482676223
5.048551373954599
1.0590531660692953e-09
1.0590531660692953e-09
1.0590531660692953e-09
140.71471774193546
544.2114695340501
977.4686379928314
2244.7095280764634
552.606780167264
145.4841696535245
5.019003882915173
3.900735513739545
1.0590531660692953e-09
1.0590531660692953e-09
1.0590531660692953e-09
0.5535569743130226
75.2425328554361
569.6624850657108
1403.8168309438468
1784.4758064516132
965.6347072879331
210.29950716845877
23.564206242532855
1.0590531660692953e-09
0.287846848864994
1.0590531660692953e-09
1.0590531660692953e-09
1.0590531660692953e-09
0.1476160394265233
358.7656810035842
1205.6757765830348
1226.1592741935483
675.1149940262843
113.747722520908
32.745172491039426
0.5535569743130226
2.0297987604540024
0.1476160394265233
1.0590531660692953e-09
1.0590531660692953e-09
62.385379330943856
637.6937724014338
1415.0526433691757
1878.2743428912784
977.4686379928314
173.3862753882915
23.564206242532855
4.982078853046596
13.109823028673835
23.003016726403825
1.0590531660692953e-09
22.54837589605735
78.73655913978494
502.4652777777777
1244.9649044205496
1388.4330197132617
705.0959528076463
155.16603195937873
1.0628378882915175
23.564206242532855
9.109493727598567
36.067708333333336
1.0590531660692953e-09
3.4506011051373955
43.640008960573475
265.1789127837515
1196.732377538829
1087.373431899642
631.2051971326165
254.66659199522098
65.59539277180406
1.0590531660692953e-09
1.0590531660692953e-09
1.0590531660692953e-09
1.0590531660692953e-09
31.33547640382318
47.84371266427718
477.6840651135006
1281.5927419354837
888.5147849462365
721.9489247311828
203.33561081242533
27.84739023297491
1.0590531660692953e-09
1.0590531660692953e-09
10.207267025089605
1.0590531660692953e-09
5.233023446833931
1.033315785543608
1.0590531660692953e-09
636.611783154122
898.3352001194743
788.0200866188768
5.048551373954599
1.0590531660692953e-09
1.0590531660692953e-09
2.804700567502987
1.0590531660692953e-09
6.539396654719235
0.1476160394265233
126.55600358422937
388.7787485065711
1547.6332885304657
1348.4935035842293
618.5267323775388
173.3862753882915
62.18656660692951
1.0590531660692953e-09
1.4023603643966547
1.0590531660692953e-09
1.0590531660692953e-09
1.0590531660692953e-09
131.0476403823178
630.2912186379929
1783.1197729988048
2244.7095280764634
793.4248058542413
281.9974238351254
6.310659348864994
1.0590531660692953e-09
0.7823652180406213
1.0590531660692953e-09
0.2952318548387097
1.712400313620072
6.089191308243728
429.36230585424136
1438.628285543608
1489.4380973715647
1000.3849313022698
366.65807945041814
16.79331317204301
