2169.318974014337
1167.6625220280766
943.2304398148148
1000.7962787485068
1016.2853061529271
1433.308210013441
1719.2884061379928
2632.841804808842
3541.993055555557
4019.408788829152
3482.605436081244
2397.796314964158
1952.9826575567506
1182.0133587216253
923.9686753285547
975.9351777180407
977.6922901732378
1617.4911103643967
1896.7095430107531
2577.6419765531664
3196.2966845878145
3611.0156436678612
3042.5541741338106
2310.291158900836
1970.783094384708
1493.7157855436083
896.1590240442055
895.4179808841097
793.1153169802867
1200.6839381720429
1459.0399678912784
2451.179215203106
3107.4860439068098
3861.4137918160095
3050.307048984469
2127.541629330943
1486.3443996415776
1018.5921632317799
631.5286327658303
593.61027479092
801.1622647849463
1047.3853793309436
1690.6714344384714
2160.2151657706095
3058.3349761051363
3914.589456391875
3517.897214755077
2270.2801672640376
1554.8461768219836
940.7140942353644
760.301612903226
758.0915695937872
575.4108870967742
1102.894626269414
1585.1449186081238
2318.817398446835
3563.8357228195932
3694.783303464755
3655.7330869175626
2032.868540919953
1084.8520870669056
1214.0864097968936
949.1070303166069
1080.572143817204
1035.4287373058542
1715.7900948327353
2204.8683281063313
3107.4736297789723
3573.394142025089
3976.7674357825567
4101.186006571089
2661.080346475507
1682.628472222222
1631.8179323476695
1397.3018708930701
1307.6535984169657
1513.4753983721623
1860.1281037186372
2060.898230286738
2771.3330122461166
4430.080159796895
4667.27531362007
4328.1392995818405
2663.6583781362015
2092.240632467145
1705.4676224611712
1522.481100657109
1619.1483818697736
1542.7668458781363
1851.1587421594986
2066.6276097670248
2936.98707437276
3420.707063918758
4205.67648596177
3495.6720430107525
2387.013254181601
1971.2563657407416
1413.1306712962962
985.757107228196
1168.359613948626
1192.1962869623655
1849.7922005675034
2118.3624701314225
2598.014486260454
3824.262309587813
4487.714307048985
3882.5915098566306
3137.0346848864997
1917.615356182796
1084.9678561827952
899.5732022849462
885.4986335125448
808.4429625896056
1273.7630790770609
1515.380895310633
2393.0006907108723
3200.861704749105
3622.849126344086
3326.9605884109915
2129.3890942353646
1488.666760005974
999.8443249701314
866.942965949821
892.3305742234171
840.9971251493431
1155.401465053763
1526.3706839904423
2018.210282258064
2726.321423237755
2894.8458781362
2187.3816457586613
1714.0336394862616
1296.3312798685783
1332.568260902031
1004.7299641577059
1038.5222349163682
1043.1529099462364
1571.1693365442052
1791.8243242234169
2301.6286514336916
3112.4224873058547
3692.960984169653
3164.8884408602153
2187.837671744325
1761.4238612604543
1651.0302755376338
1533.994941009558
1546.049331690562
1745.7313257915187
1728.6572334229384
2308.0599346624854
2783.663493130227
3413.3043160095567
3903.6591995221033
3049.848304958183
2574.086443399044
2385.521016278375
2415.5514000896055
2052.769660991637
2011.613063769415
1941.3703498357231
2082.8588810483875
2173.2400026583036
2871.8423088410973
4009.328117532855
4355.010528673836
4552.641763739547
3674.748506571087
3068.800724313023
2164.156989247312
2130.696987007169
2068.0294280167273
1686.3357564217442
2195.257847968937
2656.2654159199524
3273.4426859318996
4308.155088859021
5093.127688172042
4845.975731780168
3383.1603569295094
2484.377538829152
1733.0080271804072
1386.093115292712
1537.4020609318995
1426.9464475059738
1814.2782444743123
1931.7170362903223
2896.842805406212
3725.706996714455
4421.589680406211
3639.350134408602
2704.873730585423
2071.3937051971316
1833.768611857825
985.0372207287928
1529.780221774194
1572.3178546893669
1882.9934057646356
2389.8003770908
2866.072128882915
3457.7544840203104
4147.307982377541
4463.981108124253
3048.381795101554
2122.1282818100362
2766.0440225507764
2451.0720542114686
2161.3446199223417
1708.5497495146353
2225.6550589904414
2333.0591465053767
3363.0050851254487
4865.182564217443
5591.113164575867
5043.136910095582
3489.0521580047784
3227.072543309439
3168.4825156810043
2193.28494997013
1559.2630745967735
1745.6323252688169
2081.485054510156
2505.352316308244
3379.4129218936687
4222.763530465948
5185.347894265233
4779.453330346473
3487.443936678614
2776.0691270908
2204.7603419952216
1965.7557646356033
1950.793496117084
1954.1473782855433
2117.0125709378735
2566.797248357228
3273.903834378734
4746.206503882917
5906.354838709679
5508.886275388292
3481.57284199522
