5.532034050179211
4.6527404420549585
2.3887022103020024
2.5906137993103657
2.146505376344086
7.7762992831541204
10.245295698924732
34.52247610513739
78.65890083632019
53.77128136200718
28.619698327359618
8.017249103942651
5.814628136200717
3.649716248506571
2.969832735961768
2.861271654719235
1.7258064516401148
5.955062724014337
54.53629032258065
50.75044802867384
214.94175627240142
62.6198476702509
48.424432497013136
10.445415173237752
6.535058243727598
4.058094384707288
2.4046232825567504
2.5906137993103657
4.590464456391876
1.1135528673835124
12.46602449223417
66.70773596176822
83.94190561529271
80.35058243727597
30.063844086021504
8.409722222222221
4.851403823205228
3.5940001493428912
2.3887022103020024
2.5906137993103657
2.0203442353643966
1.670004480286738
6.046146953405017
89.22117682198328
41.5621266427718
56.36611409796894
22.222968936678615
7.431376941457587
4.851403823205228
3.458669354865921
2.3887022103020024
2.5906137993103657
1.7258064516401148
7.259199522102748
43.43264635603345
73.65218040621266
138.35125448028674
60.82399940262844
24.005376344086024
7.265008960573475
7.116151433691757
3.5733012246117086
2.3887022103020024
2.5906137993103657
1.7258064516401148
7.895773596176822
32.50336021505376
83.52747909199522
106.61589008363202
61.39523596176822
30.067204301075275
6.345579450445371
4.851403823205228
3.5940001493428912
2.3887022103020024
2.5906137993103657
1.8340688470728794
11.993742532855435
55.35394265232975
119.9260752688172
171.7928614097969
79.40598864994026
29.06810035842294
10.172864396654719
4.851403823205228
3.458669354865921
2.3887022103020024
2.5906137993103657
4.086021505376343
7.7762992831541204
53.263142174432495
141.4986559139785
140.5428614097969
76.1391129032258
21.486708482676224
6.345579450445371
4.851403823205228
3.512402927120669
2.485024641577061
2.5906137993103657
1.7258064516401148
3.5447804659498208
35.74223416965352
120.15382317801672
92.51045400238948
60.08848566308244
24.744997013142175
9.442204301075268
7.828666367980884
3.7181824970131423
2.3887022103020024
2.5906137993103657
1.7258064516401148
13.884050179211467
54.99178614097969
177.24761051373955
190.54659498207886
112.50784050179212
34.859244324970135
16.465053763440856
4.851403823205228
3.485337141577061
2.3887022103020024
2.705245669056153
1.7258064516401148
1.0347371565113501
72.08408004778973
129.15919952210274
261.6636798088411
152.27411887694146
43.537186379928315
10.19377240143369
4.851403823205228
3.9681526284348867
2.3887022103020024
2.5906137993103657
1.7258064516401148
6.323566308243728
44.784199522102746
95.05301672640383
104.16293309438471
76.33699223416964
25.393518518518523
9.56160394265233
4.851403823205228
3.5836506869773
3.396505376344086
2.5906137993103657
1.8627277479091993
11.90787037037037
73.65218040621266
172.50597371565112
170.75866188769413
129.01396356033453
30.87178912783752
14.296594982078853
5.910132915173237
3.458669354865921
2.3887022103020024
2.5906137993103657
1.7258064516401148
9.970519713261648
57.433542413381126
114.91562126642772
141.81600955794505
54.41345579450418
21.18652927120669
12.497386499402628
4.851403823205228
4.039799880525687
2.3887022103020024
2.5906137993103657
2.314889486260454
16.18915770609319
46.736857825567505
130.7347670250896
124.46236559139786
85.1370221027479
30.843413978494624
9.638440860215052
9.309289127837513
3.611510603345281
2.774006869772999
2.5906137993103657
1.761229838709677
7.520176224611707
40.70340501792115
174.82078853046596
134.45340501792114
93.15673536439665
33.92734468339307
10.934513142174433
4.929416816009558
3.7118055555555554
2.3887022103020024
2.5906137993103657
1.7795400238948622
5.467084826762246
51.76597968936679
75.50776583034647
158.61335125448028
86.99260752688173
29.117756869773
10.218413978494624
5.63788082437276
3.458669354865921
2.3887022103020024
2.5906137993103657
1.7258064516401148
0.3334229390953121
58.43040621266428
119.60125448028674
116.819743130227
87.91479988052569
34.859244324970135
7.210088112305854
9.11028972520908
3.458669354865921
2.3887022103020024
2.5906137993103657
1.7258064516401148
12.752031063321386
51.40755675029869
110.03584229390681
121.44937275985663
47.36447132616487
23.81011051373954
6.345579450445371
5.524865591397849
3.458669354865921
2.3887022103020024
2.5906137993103657
1.823719384707288
6.379569892473119
53.580495818399044
136.1036439665472
207.77329749103941
80.08176523297492
27.59931302270012
8.845243428912784
