0.0
0.0
0.0
0.0
0.0
0.3733557347670251
0.0
45.54999253285544
107.52684438470726
106.77968189964157
102.30167264038232
10.080734767025088
0.0
0.0
0.0
0.0
1.1200899790919951
0.0
0.0
40.69593787335723
136.64964157706092
153.82362604540023
109.7679211469534
15.307683691756269
0.0
0.7467278972520908
0.0
0.0
0.0
0.0
0.0
21.654760304659497
118.72849462365589
116.11402329749106
102.30167264038232
18.29467965949821
0.7467278972520908
0.0
0.0
3.3602337216248506
0.0
0.0
0.3733557347670251
48.53823178016727
116.48738052568697
75.04618428912784
49.28539426523297
0.0
0.0
0.0
0.0
0.0
0.0
0.0
0.0
40.69593787335723
96.32515681003584
126.94190561529271
91.09961170848267
0.0
0.0
0.0
0.0
0.0
0.0
0.0
0.0
51.52232676224612
205.34595280764637
173.23906063321385
152.70306899641574
10.080734767025088
0.0
0.0
0.0
0.0
0.0
0.0
0.0
62.35058243727599
118.35510005973715
125.44795400238948
107.9002016129032
12.694190561529268
0.0
0.0
0.0
0.0
0.0
0.0
0.0
47.417712066905615
118.72849462365589
177.71706989247312
99.68679062126643
38.455607825567505
1.1200899790919951
0.0
0.0
0.0
0.0
0.0
0.0
18.667764336917564
113.12574671445641
169.13026433691758
151.95627986857826
22.401422491039426
5.973573775388291
0.0
0.0
0.0
0.0
0.0
0.0
40.32254330943847
138.89071833930706
131.7936827956989
120.96957138590203
0.0
0.7467278972520908
0.7467278972520908
0.0
0.0
0.0
0.0
0.0
20.908131720430106
123.20687724014337
163.53132467144565
100.06018518518518
8.2139075567503
0.3733557347670251
1.1200899790919951
0.0
0.0
0.0
0.0
0.0
18.667764336917564
94.45747461170848
106.03251941457587
92.5939366786141
10.080734767025088
0.0
0.0
0.0
0.0
0.0
0.0
0.0
40.32254330943847
159.7959229390681
85.87029569892474
15.307683691756269
1.8667764336917563
0.0
0.0
0.0
0.0
0.0
0.0
0.0
51.148558841099174
101.92790471923539
63.0973715651135
86.99085274790922
17.921139486260454
0.0
0.0
0.0
0.0
0.0
0.0
0.0
13.814392921146954
138.1439292114695
178.83800029868578
146.35734020310636
11.574025537634409
0.0
0.0
0.0
0.0
3.733557347670251
1.8667764336917563
0.0
48.164463859020316
139.26030465949822
143.36910095579452
150.0885976702509
7.093738799283154
4.853823178016726
0.0
0.0
0.7467278972520908
0.0
0.0
0.0
42.93514784946237
87.36458333333333
131.0468936678614
70.19026284348865
6.3471139486260455
0.0
0.0
0.0
0.0
0.0
0.0
0.0
43.682310334528076
123.20687724014337
134.78192204301072
85.12731481481482
20.161469534050177
8.2139075567503
2.6135043309438473
0.0
0.0
5.600451762246117
0.0
0.0
6.7206541218638005
132.91423984468338
92.96733124253285
54.8839605734767
1.493414351851852
0.0
0.7467278972520908
0.0
0.0
0.7467278972520908
0.0
0.0
84.00675776583033
148.96766726403823
141.87481332138591
10.080734767025088
10.080734767025088
