2.6135043309438473
0.0
0.0
0.0
0.0
0.0
4.106933243727599
45.54999253285544
89.97909199522103
70.93738799283155
103.79144265232975
17.174473566308244
0.0
0.0
0.0
0.0
0.0
0.0
0.0
46.67054958183991
105.28573028673836
84.00675776583033
0.0
0.0
0.0
0.0
1.8667764336917563
1.493414351851852
0.0
10.080734767025088
0.0
29.12205047789725
118.72849462365589
141.50141875746715
106.77968189964157
23.14804734169654
0.0
0.7467278972520908
0.0
0.0
0.0
0.0
0.0
12.320687724014338
94.08788829151733
90.35285991636798
84.38052568697731
25.761540471923535
0.0
0.0
0.0
0.0
1.493414351851852
0.0
8.960569743130227
46.29678166069295
126.1951164874552
84.75392025089606
92.5939366786141
29.12205047789725
0.0
0.0
0.0
0.0
0.0
8.960569743130227
0.0
79.52456690561529
139.63369922341695
160.91685334528077
140.00709378733572
0.0
1.493414351851852
0.0
0.0
0.0
0.0
0.0
0.0
50.028001792114694
177.71706989247312
126.1951164874552
29.12205047789725
25.761540471923535
0.0
0.0
0.0
0.0
0.0
8.960569743130227
0.0
27.25524566905615
109.7679211469534
97.44571385902032
52.64288381123058
12.694190561529268
0.0
0.0
1.1200899790919951
0.0
0.0
1.8667764336917563
0.0
40.69593787335723
123.20687724014337
123.20687724014337
40.32254330943847
10.827396953405017
0.0
0.0
0.0
0.0
0.0
0.0
0.0
60.109132317801674
125.0745594384707
175.10259856630825
49.28539426523297
0.0
0.0
0.0
0.3733557347670251
0.0
0.0
0.0
0.0
40.32254330943847
136.64964157706092
148.96766726403823
109.7679211469534
0.0
10.080734767025088
0.0
0.0
0.0
0.0
0.0
0.0
33.975433094384705
148.96766726403823
105.28573028673836
96.32515681003584
29.12205047789725
7.840404719235366
0.0
0.0
0.0
0.7467278972520908
0.0
0.0
68.32291666666666
122.45971475507764
178.83800029868578
113.12574671445641
14.93414351851852
0.7467278972520908
0.0
0.0
0.0
0.0
0.0
0.3733557347670251
17.174473566308244
126.56851105137396
199.37361857825567
120.96957138590203
18.667764336917564
0.0
5.973573775388291
0.0
0.0
0.0
0.0
0.0
38.82937574671445
96.32515681003584
93.71449372759857
92.5939366786141
0.0
3.733557347670251
0.0
0.0
0.0
0.0
0.0
7.093738799283154
72.05794504181601
53.76340352449223
142.6219384707288
116.48738052568697
30.615330047789726
0.0
0.0
7.093738799283154
0.0
0.0
2.9868690262843485
0.0
43.682310334528076
95.57803166069296
117.98133213859022
110.88847819593788
0.7467278972520908
0.0
0.0
0.0
0.0
0.0
0.0
0.0
69.44347371565114
138.51732377538832
88.11137246117084
33.975433094384705
11.947565710872162
0.0
0.7467278972520908
0.7467278972520908
0.0
0.0
0.0
0.0
37.70911738351254
111.262208781362
102.30167264038232
138.1439292114695
13.814392921146954
0.0
0.0
0.0
0.0
0.0
0.3733557347670251
0.0
14.561017771804062
141.87481332138591
123.95366636798086
72.80510752688173
0.0
