507.8626538231781
187.95943399044202
146.32354540023894
154.58571408303465
67.14006223864995
123.92367308841104
557.5714523596176
1768.6257317801676
4809.15515606332
3112.195333034648
1754.697767323775
575.9715860215052
312.2009823028674
370.33894974611724
194.8910834826762
270.3113964307048
216.92340987156513
531.7900937126642
1026.6327064665475
4493.480645161289
7722.114792413379
5767.492331242533
3687.412111708482
1180.4751530764636
381.46617831541215
275.65739433990433
166.45436529271208
176.7376372834528
320.13108534946235
166.7434707287933
695.6187981630824
3199.2513067502987
6808.187854689364
4610.366046893667
2528.0595840800474
1326.0627426821984
336.762920400239
348.71119063620074
174.87863575268815
174.0139487380526
124.05267446983278
203.71510790023896
791.6204939516127
3371.7388926224617
7055.6544578853045
6958.541801075269
4169.546389635602
1430.7760827359618
646.0055492084825
218.6577490292712
97.6512111708483
201.45597479838707
128.8536638664875
433.88386238052584
990.5530055256864
3288.8925664575872
7158.284315262844
5045.552187873358
2147.710446535245
871.811403823178
604.1455585424136
336.39560483870963
95.75636652479093
178.05237156511345
171.69073450567507
226.78480734767024
624.4351411290322
3154.562201314218
6835.661316457588
4641.081436678614
1696.1000037335727
859.5037387992828
429.8177131869776
331.179113276583
363.0897901732378
219.25881474014335
223.81794138291514
326.33810782556753
1441.5006272401438
4251.539348118279
8866.618033154118
7345.764695340505
4247.447890531661
1114.1148558841098
358.9518563321386
330.14587962962975
178.07326836917565
210.80082661290328
133.73820191158904
190.05466704002384
782.3075123207883
3171.0046221624852
7451.38835125448
5278.455772102749
2993.098958333333
1163.8767025089605
736.4570430107526
321.35795325567494
214.7104864844683
94.27784942502988
119.3225927792712
396.48707586618883
585.653618951613
2563.405675029869
6389.067032556751
3987.1096774193547
1734.5775313620074
710.9723827658302
423.2589456391874
183.18288231780167
102.69538575268817
95.5596336992234
107.13349033004783
91.7477902105735
419.2614456391877
2559.559729689366
5564.4214717741925
3587.423629778971
981.4828543160094
414.5505264336917
434.4024566905616
156.30570303166067
144.6308370669056
80.22987335722819
49.133264486260465
98.97168850806449
175.12394899940261
1432.3835521206688
4550.242898745519
2692.9244511648753
1401.2440748207885
456.8069582586618
438.51944071087223
209.72055816905612
126.15941872013141
134.72915050029863
308.71797677718047
136.90600952060933
621.1241054360812
2799.3093525985673
6407.499018070491
4251.437305854242
1790.2661589008367
781.386634557945
306.98062313321384
270.8139064366787
165.44670885603344
180.20861454599762
157.91678972520901
200.92477284946239
702.2485931899643
3764.215714605734
7924.143988948627
5376.3542301373955
2356.1557011648747
820.2131866039426
429.4015318847072
239.47724761051384
131.18854838709677
105.87124305555557
111.58425810185186
177.71996453106325
694.3091905615291
2914.809326463559
6452.831238799283
4224.217383512546
1996.1590277777782
1045.2996677120668
464.89859841696517
239.3142476851852
208.79782407407404
154.98121326164872
88.70197028076464
143.92299529569894
599.1585229988052
2556.0390008960576
5783.079741636799
4593.535435334529
2547.0998543906812
792.611204450418
296.77341957885307
333.18271281362
270.9794623655914
173.10399551971324
112.68647196087217
564.5453080197134
603.7994153225808
2887.8225843787336
6092.884774492232
4279.68586469534
2270.86459453405
1093.2155951314217
409.4923820191159
272.6989639336917
107.28799544504182
96.99351616636798
157.1342110961768
124.45503584229395
525.6598021206694
2347.769668458781
4899.298088410991
3414.2789986559155
1889.057198327359
788.5847420101552
236.8609949970132
167.11017547789723
96.03854756571087
80.83652557497012
78.54124074074075
100.65672453703704
369.8019560185184
1522.1065389784949
4352.429864844685
3103.202998058542
1432.214221176822
423.7418708930705
268.8909669952211
157.1650907258065
126.26668406511355
81.68853151135004
70.1325845654122
104.84781660692948
508.1094022550774
2161.3108348267624
4799.85150462963
3867.028128733574
1430.88146281362
639.3281653225806
95.88229271206689
192.74600582437276
108.84465841547188
95.07730271804061
92.38641591995223
358.75953068996415
528.704643443847
2248.0215150836316
4853.698640979689
4379.466659199521
1703.9766801075268
784.1880245669053
