26.730212066905615
6.683691756272402
6.428651433691757
4.278225806451613
2.4857900238948627
7.381347072879333
30.074074074074073
76.22797192353644
139.26709976105138
134.24096475507767
83.59655017921148
33.277255077658296
15.95777329749104
15.94578853046595
7.056862305854241
5.413000298685783
6.527255077658302
23.484020310633216
45.86880227001195
119.5952807646356
210.54808841099162
215.03696236559136
191.69242831541217
55.66606929510155
17.28856780167264
8.495631720430108
5.389224910394265
3.3449970131421742
7.883101851851852
7.574596774193547
35.33628285543608
88.01336618876941
180.99163679808842
195.901284348865
121.10551075268818
72.04226403823179
14.208520011947432
16.19478046594982
7.6292189366786145
3.957993578255676
4.14100582437276
7.977859916367981
43.102225209080046
106.49566905615293
216.3638739545997
324.07668757467144
217.90135902031062
72.0415173237754
31.52120669056153
7.324858124253286
3.219597520908005
5.312107974910395
4.358113052568698
18.753210872162484
51.193249701314215
88.77314814814814
202.80503285543608
206.34445937873357
100.45586917562724
43.697729988052565
30.21580047789725
14.71441905615293
2.9322431302270013
3.4116300776583035
4.280103793309438
9.140195639187574
31.162261051373953
99.07668757467144
201.27128136200716
185.85797491039423
87.35177718040622
42.45751194743131
18.938769414575866
14.372349163679809
15.260454002389487
2.9355921445639193
5.638242980884109
13.277292413381122
70.39911887694146
105.25350955794504
251.97393966547193
330.5693697729988
219.6538978494623
54.18608124253284
16.17002688172043
13.470654121863799
7.530801971326164
6.539239844683393
2.0907370071684586
4.777561230585425
43.02494026284349
103.22095280764636
245.94384707287932
224.7558243727599
153.80451015531662
60.88971027479093
39.86525537634409
12.63877688172043
9.06522550776583
2.272188620071685
3.2292861409796894
21.67096027479092
30.27083333333334
76.25634707287934
191.35454002389486
161.968339307049
90.77807646356034
37.676784647550775
21.875149342891277
7.678166069295101
4.324286887694146
2.2072431302270012
2.506358273596177
3.134009109916368
24.486148446833933
80.3210872162485
155.59998506571085
145.20086618876942
55.13138440860215
21.27587365591398
22.731780167264038
7.241860812425329
5.506981780167263
2.1770795997610515
1.5859244324970128
4.1436081242532845
9.763478195937873
48.49014336917563
137.84087514934288
132.68929211469538
80.72356630824373
26.10655615292712
23.49701314217443
7.1285468936678615
3.37721027479092
3.6749738649940262
12.587440262843488
4.068425179211469
34.64997759856631
77.63403524492234
162.02919653524492
168.97252090800478
86.93063022700119
37.33646953405018
12.28942652329749
9.37208781362007
5.778337813620072
2.688877688172043
4.07145683990442
5.372013142174432
33.06279868578255
95.87888291517325
209.7890531660693
202.09117383512546
107.36596475507766
41.60058243727599
21.610177718040624
9.753808243727597
5.077284946236558
2.3216584528076463
2.763481929510155
8.953405017921147
37.02299880525686
96.39112903225808
189.85663082437276
176.2697879330944
101.08870967741936
50.958781362007166
24.606444145758662
9.606817502986857
8.297005675029869
4.924507168458781
2.268365442054958
6.897550776583035
29.68962813620071
77.65195639187576
180.55070191158904
198.92025089605735
130.63993428912784
41.047453703703695
13.879853643966547
12.620930406212665
12.512320788530467
5.016427718040621
2.981037186379928
22.072767323775388
33.2385752688172
84.40598864994026
158.92137096774192
171.06742831541217
110.42152031063321
56.43593189964159
18.938806750298685
11.27568697729988
3.1292674731182797
3.191991487455198
6.355846774193548
5.042450716845878
27.457063918757466
84.02105734767024
154.6057347670251
151.31085722819594
99.1360513739546
40.21232825567503
11.973006272401435
6.722819593787337
3.540042562724014
2.150082138590203
2.990770609318996
4.415057497013142
21.744885005973714
72.95512246117086
138.28367682198328
134.85551075268816
77.97453703703702
22.18417712066905
15.030876642771805
6.00548835125448
4.671072281959379
1.966782407407407
1.3683169056152926
4.71173835125448
28.71875
59.861484468339306
137.30436081242533
147.13410991636798
77.67697132616486
32.93503584229391
4.729372013142174
9.286364994026284
3.308635752688172
3.460009707287933
3.5425067204301075
21.635454002389487
33.12257317801673
114.10282258064517
171.57220728793308
201.7084826762246
96.46617383512545
45.54435483870967
