27.046296296296298
5.855324074074074
4.918346774193549
4.908665621266428
1.8096624850657108
2.7670362903225807
57.49850657108722
71.60319593787335
239.94100955794505
265.63134707287935
161.73499103942655
45.884483273596175
23.23163082437276
8.062574671445638
4.0077620967741945
4.779980585424134
3.7784460872162486
11.036364994026286
35.1097670250896
85.01754778972521
224.28987455197134
172.0127688172043
74.86447132616489
15.453218339307051
17.722558243727597
16.464568399044207
5.1855958781362
3.4223640979689365
4.01507243130227
6.019227897252091
29.528599163679807
123.05555555555556
166.92390979689367
221.10551075268816
87.34879032258064
42.89650537634408
21.07216995221027
9.54043458781362
2.0642697132616488
3.0692353643966546
3.678031660692951
12.781586021505376
44.626642771804065
156.1645011947431
270.14523596176815
262.7643369175627
210.58169056152929
75.89941756272401
15.301896654719235
7.4897326762246115
6.6352673237753885
3.8237044504181608
2.426646505376344
7.554883512544803
31.677419354838708
95.63470728793311
220.45885603345286
205.36402329749103
127.08482676224612
40.666218637992834
22.036402329749105
11.412447729988054
3.10687724014337
8.664949223416965
2.966674133811231
5.195415173237754
39.48192951015532
85.38717144563918
241.28546893667863
257.57728494623655
131.09169653524492
57.713186977299884
23.243242234169653
7.961805555555555
11.622162485065711
3.823540173237754
2.215878882915173
7.943399044205497
18.81339605734767
98.70743727598567
165.40733273596177
180.22700119474314
133.6495669056153
31.825903524492233
10.633101851851851
9.806227598566307
4.542730734767025
3.874335424133811
4.09933169056153
11.128472222222221
41.92857676224611
132.21736857825567
217.5197879330944
230.93675328554357
177.54442951015528
49.92756869772999
9.857862903225806
8.257131123058542
3.200168010752688
2.658923237753883
2.811809289127837
5.523222819593787
26.85849761051374
115.26545698924734
175.5432347670251
270.8322132616487
81.55727299880526
37.459789426523294
28.765046296296298
12.482788231780168
7.859879032258065
3.0512843488649946
5.878136200716846
4.75093339307049
35.871677120669055
108.21871266427718
240.29009856630825
197.14605734767028
91.00022401433692
50.0459229390681
33.265942353643965
13.790210573476703
10.952882317801672
3.6145683990442055
6.132168458781361
12.730361409796894
35.69313769414576
62.09378733572282
151.14060633213856
145.28860513739545
140.34124850657108
36.00795250896057
34.42839008363202
12.549021804062127
3.336969832735962
2.828068996415771
2.391356780167264
8.378173536439666
19.382019115890085
84.97871863799283
97.83004778972521
172.42047491039426
90.15232974910394
39.10356929510155
17.458034647550775
14.844496714456392
6.501941457586619
3.167458183990442
3.556253733572282
10.443809737156512
32.554958183990436
72.01724910394266
153.64807347670254
221.10551075268816
103.71191756272401
58.408751493428916
24.253024193548388
8.688620071684587
8.604353345280765
4.656466547192353
3.724738649940263
13.928800776583037
39.98525238948626
114.99215949820788
299.6695788530466
251.69018817204307
258.64172640382316
66.69765531660693
17.496677120669055
6.050104540023895
3.8035431600955794
2.623431899641577
2.8845280764635604
27.43929211469534
33.591659199522105
81.4071833930705
202.4985065710872
242.82258064516128
109.37126642771804
68.47035543608125
15.245295698924732
10.940001493428914
4.032937574671446
4.256261200716846
2.827049731182796
12.90807945041816
36.56410543608124
78.74402628434886
205.07467144563918
235.97446236559145
104.67480585424131
25.30966248506571
23.82116188769415
7.112044504181602
5.544056152927121
3.345131421744325
3.913694743130227
8.070191158900837
35.86256720430108
59.09348864994026
111.93735065710872
122.40442054958184
70.89195041816009
39.90964755077658
20.949596774193544
8.838037634408602
10.128360215053764
5.550813918757467
2.8367271505376346
8.537559737156512
30.114209976105137
80.23782855436082
178.59468339307045
218.82541816009558
114.73902329749102
58.607377538829155
17.17827807646356
9.685521206690561
7.173349761051374
2.9154719235364395
3.1156249999999996
9.873282556750299
32.81492682198327
98.83512544802866
202.724761051374
242.3898596176822
192.04338410991636
71.5348715651135
13.649828255675029
8.487641875746714
9.666741338112306
3.70533527479092
2.149003136200717
10.153151135005974
25.599723715651134
80.77060931899642
201.2776284348865
198.39195041816006
97.08930704898445
39.19444444444444
