26.723827658303463
4.146132019120379
2.863575268821692
3.1056227598611184
2.068884408606638
0.3997162485110588
11.200679510155314
29.86872759856631
402.85170250896056
372.20691457586616
101.02561230585424
64.35595878136199
5.815785543612612
4.146132019120379
2.863575268821692
3.1056227598611184
2.068884408606638
3.386589008363202
5.600545101553165
78.033527479092
513.7604540023895
749.6520310633214
395.97744922341695
44.19586320191159
12.909647550776583
4.146132019120379
2.863575268821692
3.1056227598611184
2.068884408606638
0.3997162485110588
32.10868428912784
148.96766726403823
471.18391577060925
555.1329151732377
254.4765531660693
20.674320489844682
5.815785543612612
4.146132019120379
2.863575268821692
3.1056227598611184
2.068884408606638
0.3997162485110588
4.487753882915173e-12
228.12089307048984
557.0452508960573
543.1862305854241
78.24970131421745
7.606780167268525
5.815785543612612
4.146132019120379
2.863575268821692
3.1056227598611184
2.068884408606638
0.3997162485110588
4.487753882915173e-12
192.65158303464753
514.47020609319
521.9399641577061
156.28322879330943
39.34195788530466
7.682594086021505
4.146132019120379
2.863575268821692
3.1056227598611184
2.068884408606638
0.3997162485110588
4.487753882915173e-12
139.26149940262843
426.37432795698925
431.9436977299881
120.06608422939068
37.47550776583035
10.296158154121864
4.146132019120379
2.863575268821692
3.1056227598611184
2.068884408606638
0.3997162485110588
4.487753882915173e-12
173.23924731182797
542.8800776583034
526.013664874552
199.96714456391877
10.966984020310633
6.189142771804061
4.146132019120379
2.863575268821692
3.1056227598611184
2.068884408606638
0.3997162485110588
4.487753882915173e-12
94.83422939068102
353.19705794504176
233.68914277180406
75.63881421744325
16.940598864994026
10.669242831541217
4.146132019120379
2.863575268821692
3.1056227598611184
2.068884408606638
0.3997162485110588
4.487753882915173e-12
123.58049581839907
399.4922341696535
389.3794802867383
49.876605436081235
7.606780167268525
5.815785543612612
7.133004778972523
2.863575268821692
3.1056227598611184
2.068884408606638
0.3997162485110588
4.487753882915173e-12
109.01919056152927
282.6303016726404
293.80189665471926
50.623693249701326
67.71505376344086
5.815785543612612
4.146132019120379
2.863575268821692
3.1056227598611184
2.068884408606638
0.3997162485110588
2.240135902031063
135.15419653524492
358.7959229390681
435.3031660692952
379.55309139784947
7.606780167268525
16.269825268817204
4.146132019120379
2.863575268821692
3.1056227598611184
2.068884408606638
0.3997162485110588
4.487753882915173e-12
165.3968787335723
471.18391577060925
526.7633661887693
94.6789127837515
8.72684811827957
9.922726254480285
6.759636350059737
2.863575268821692
3.1056227598611184
2.068884408606638
0.3997162485110588
4.487753882915173e-12
173.23924731182797
359.5437574671446
303.50806451612897
75.2665770609319
10.966984020310633
13.282780764635604
5.639568399044205
2.863575268821692
3.1056227598611184
2.068884408606638
0.3997162485110588
11.947319295101552
116.86193249701317
315.86021505376345
345.7000448028674
71.15938620071685
12.087152777777776
5.815785543612612
7.506335872162485
2.863575268821692
3.1056227598611184
2.068884408606638
0.3997162485110588
4.487753882915173e-12
85.87141577060933
430.8531212664277
537.6090203106331
297.4126344086022
14.32709826762246
5.815785543612612
5.639568399044205
2.863575268821692
3.1056227598611184
2.068884408606638
0.3997162485110588
14.934363799283155
352.8210872162485
436.0812425328554
580.1851851851851
76.0103046594982
7.606780167268525
5.815785543612612
4.146132019120379
2.863575268821692
3.1056227598611184
2.068884408606638
0.3997162485110588
1.1200679510155316
134.0344982078853
423.7597072879331
485.69071087216247
117.45445041816009
12.087152777777776
5.815785543612612
4.146132019120379
2.863575268821692
3.1056227598611184
2.068884408606638
0.3997162485110588
4.487753882915173e-12
85.87141577060933
256.49529569892474
24.61099910394265
49.129928315412194
21.794504181600953
5.815785543612612
4.146132019120379
2.863575268821692
3.1056227598611184
2.068884408606638
0.3997162485110588
4.487753882915173e-12
123.2086320191159
320.3393817204301
261.69168160095586
92.43914277180406
8.72684811827957
5.815785543612612
4.146132019120379
2.863575268821692
3.1056227598611184
2.068884408606638
0.3997162485110588
29.121639784946243
139.26149940262843
474.14725209080046
409.16778673835125
270.90576463560336
7.606780167268525
