1933.513534020242
1187.1788558717108
712.7664778882036
694.3439726349081
657.6948903374135
943.1372405095985
1541.0964307009867
1990.271938697925
2606.38912077614
3594.284914901802
3171.406608599992
2274.966381241683
1813.6503489061429
849.9618582430275
587.0689601490739
751.5780777297808
635.3700984786897
1060.7347280243907
1487.3703183203831
2221.5032213338905
3183.1387446641843
3757.7411568079624
2885.3350775402128
2040.2444394519412
1431.1981804063691
859.2575264861439
651.3858312128677
552.2761620591672
663.8953216848225
1284.778764057399
1661.0116718194067
2171.1337131799223
3015.6842712002385
4018.1084933849825
3540.7003834816974
1909.4833112158906
1447.38788281378
1245.1936900086982
836.8138074697417
1156.5366661844605
808.8647748628446
967.2055612620838
1243.469616277301
2168.4849988533188
2862.416440793897
3565.1621708691705
2118.933286760649
1812.2926614306486
1497.9732700250133
870.9525586565424
656.2905590522311
719.8899080206943
668.9329803810089
1048.9141451575765
1460.047932773994
2505.790860718079
3411.8039383672417
3661.796841257878
3253.238191295145
2377.6125227984508
1643.2898893233632
1115.5870830972958
683.3467616609937
854.9557581524339
707.7066996511141
1500.4887845048734
1720.3518173553994
2399.7745747365034
3612.7750983024494
4210.07983976165
4270.681181674216
3027.184584485004
2159.478718247823
2238.5445471308058
1115.0513809145234
1231.3191511679327
1168.6029676047099
1679.8956271752577
2040.2037297479085
3108.3602751619383
3790.3270474011133
4208.228260033587
4091.6271865801
3164.329913719509
2351.7927243630784
1894.2556468547837
1554.7990601905208
1578.893436745054
1177.7379074824917
1676.3475509941513
1834.4628879002146
2774.689796376048
3104.729926984143
4044.138523412274
4106.866210299755
2800.1736419968847
2258.903089005657
1311.8393512644016
976.3135075681662
1378.286754927387
968.0234057605761
1681.4824733626006
1656.9223476444786
2529.268987539531
3374.766863934816
4370.180210397844
3050.6019447506715
2757.0385095500833
2129.77440130847
1637.2823431956037
1320.6683663396009
1612.7194381292788
1303.4314108411397
2018.451902437081
2003.9195385191124
3132.7214570454003
3974.863271180658
4643.973091039493
4658.2079666205955
3179.9210897769285
2543.98977008434
2324.778064880304
2295.768630619799
2050.730526040611
1459.0924295440736
2143.617716352011
2583.9248797823257
2990.1218271211933
3939.5467933246996
4965.505553158969
4510.217954806055
2820.9418898580107
1920.6311776425396
1916.6868283135132
1278.0200672256235
1605.0098816331079
1197.3016499763537
1842.547628594225
2354.530418820625
3274.530552791456
4429.8342982622835
4195.336625243655
3419.2785721160344
2972.3002303433436
2464.1798679516623
1781.226512908458
933.3303542481518
1318.7805983816604
953.781871073252
1578.3470564498607
1898.5837204467387
2432.4429881453725
3406.031424789056
4025.1434294331134
3342.3947603444954
2551.434221061321
2297.7760201942074
1598.7774305620867
874.9287933970339
1055.1237947280267
894.4411472267958
1303.7368575026928
2060.011199888529
2526.768306241614
3296.2056479682306
4071.759487239221
3355.363655402045
2985.311662202977
1964.51082972593
1161.544687357319
1104.455239784688
965.7732823460042
876.3197168111162
1452.603142367801
1711.4571158665863
2131.5285205593964
3041.8916436187565
3882.118043172775
3288.5116685041103
2542.000403287539
1972.9204931543784
1860.395074832063
853.4479228360566
1064.0644496058276
814.944436341484
1511.633848920353
1638.61190804951
2431.8624720936446
2899.37051778444
3109.9922820230877
2709.490408445281
1960.4237454333372
1768.1129368436307
1500.0788552116203
1282.851998228262
963.3412991564867
835.2722020844433
1153.3631114722375
1704.0152768855296
1792.8014412935804
2728.409721673582
3336.1122635655793
3053.070811745607
2349.580949658013
1682.602460589464
1094.3254340332962
746.3467542471875
908.1471025888397
755.6254930795371
1531.0747260463656
1460.8639143378166
2266.890093028652
2919.5448087295144
2520.6672365848017
3152.1757360450365
2255.112406166108
1606.768108143548
1686.3947413997464
1300.9164001296226
1455.4708010623606
1202.4698761490135
2277.449252892562
1780.7271639731384
2702.3028031180174
3234.1413290827177
4385.448708556639
3219.7087751088284
2641.6591584710295
2014.040651832703
1473.8248647223636
1021.7956154530037
1411.6262576302033
1616.049553017871
1597.8110648620018
2383.4603568941798
3136.265607612279
3828.0446981524265
4415.524839985838
4522.7039370207995
2821.5806003023386
