29.22416367980884
11.66636798088411
3.5580757168458783
3.5751381421744326
2.2910282258064516
4.496990740740741
22.275388291517324
101.14545997610514
152.16248506571088
130.4215203106332
87.47573178016727
34.83669354838709
15.225993130227002
13.002352150537638
2.942499253285544
4.237918160095579
3.7211842891278377
5.367159498207886
31.90367383512545
80.10229988052569
228.62044504181605
226.526284348865
133.53345280764637
46.94295101553166
29.996565113500598
16.502576164874554
6.35383064516129
3.290871415770609
2.9868354241338113
3.7124775985663083
24.50377090800478
102.81810035842294
180.80122461170848
201.29928315412187
124.16218637992831
48.64695340501792
22.786327658303463
8.875522700119474
6.510043309438472
4.567249103942651
6.26937724014337
9.849574372759855
21.810222520908006
41.90344982078853
142.2345430107527
161.29218936678615
95.87664277180406
26.63246714456392
43.68104091995221
10.549917861409797
4.2251232078853045
4.793570788530466
5.135700418160097
9.136835424133812
33.99899193548387
103.09923835125446
160.80122461170848
194.17450716845877
124.70094086021503
65.0728046594982
17.051299283154123
9.642398446833932
7.9810334528076465
3.158090651135006
2.7374514635603346
8.35020908004779
31.81660692951015
73.5009707287933
224.37201314217447
254.58034647550772
129.4392174432497
32.20822132616488
13.651172341696535
11.47061678614098
4.576388888888889
3.9255376344086024
4.4737865890083635
11.273148148148149
39.49783452807647
125.34348864994027
268.285170250896
251.3388590203106
189.1834677419355
37.95015681003584
23.526807048984466
13.758176523297491
4.983348267622461
3.43250821385902
5.1950791517323776
15.720915471923536
10.34386200716846
73.0428614097969
173.51142473118279
121.38216845878136
79.0912485065711
35.2189366786141
15.156063321385902
9.93473715651135
2.9059998506571083
4.10201986260454
2.911219384707288
6.916965352449224
40.25907258064517
87.94205495818399
167.62880824372763
213.10931899641577
181.45011947431303
36.58497610513739
14.27374551971326
8.066569593787335
6.637768817204301
2.537010902031063
2.5712626941457586
16.634333930704898
28.394601254480285
98.46176821983272
151.35827359617682
210.16203703703704
75.98902329749104
49.87977897252092
11.556824970131421
8.756085722819593
9.026172341696535
2.5293010752688176
3.759389934289128
19.23540173237754
65.7631421744325
109.76329151732378
215.15905017921148
224.86260454002388
123.35722819593788
65.87552270011948
17.50280017921147
8.65438321385902
6.577172939068101
3.468637992831541
1.473386350059737
4.44582586618877
36.050739247311824
47.52520161290322
171.5094832735962
186.19922341696534
118.98110812425328
70.27479091995221
13.566644265232975
9.299432497013143
8.370109020310633
2.833329599761051
6.389859617682198
7.564068100358423
47.72588112305855
76.99410095579451
192.1889934289128
247.81810035842295
104.16181302270012
69.81966845878136
10.238687275985663
5.979838709677419
4.389187574671445
4.651627837514934
6.499365292712067
26.51037933094385
51.7278972520908
130.90912485065712
225.1247013142174
211.23394563918757
108.19108422939068
56.92390979689365
28.83751493428913
14.497423835125447
5.550963261648746
7.174137544802868
2.7490255376344086
29.501941457586618
45.247909199522105
106.95303166069296
178.21124551971326
146.05100059737157
102.48021206690562
37.80032855436082
16.982190860215052
6.382019115890084
6.02206541218638
2.5306563620071683
4.641151433691756
12.491002090800478
34.25130675029869
99.37163978494623
204.043458781362
172.97416367980884
183.89896953405017
32.41073028673836
13.751157407407407
9.429510155316606
5.550627240143369
4.163780615292712
3.2857974910394265
4.368354241338111
31.060857228195943
109.47281959378734
168.0988649940263
252.8494623655914
167.01500896057345
44.43891875746714
15.402964456391876
8.174021804062125
3.461484468339307
2.2577471624850656
4.151149940262844
11.252352150537634
21.11697281959379
87.30473416965353
187.69563918757464
171.38403524492233
72.37268518518519
39.16345579450419
27.4980958781362
12.112156511350062
18.47688918757467
3.7056563620071685
3.2345243428912784
7.593563321385903
50.369623655913976
114.16293309438471
212.70609318996415
265.16539725209077
220.6104390681003
43.95441308243727
24.367868876941454
10.036103643966548
7.0727673237753885
3.9632765830346477
2.2904009856630823
9.661178315412187
34.337216248506564
91.4893219832736
215.38306451612902
195.98864994026286
130.77882317801672
55.82362604540024
