5.758885902031063
3.458669354865921
2.4046232825567504
2.7744922341696534
1.7258064516401148
12.79944743130227
51.40755675029869
73.65218040621266
119.9260752688172
60.82399940262844
24.522849462365592
7.253061529271207
4.946931003584229
4.805182198327359
2.461939964157706
4.874141278375149
1.7258064516401148
12.059080047789724
57.80689964157706
168.30197132616487
215.41218637992833
106.63866487455198
52.42868876941458
15.030615292712064
8.144265232974911
3.458669354865921
2.3887022103020024
2.5906137993103657
1.7990442054958184
3.4658154121863793
49.44369772998805
140.7706093189964
124.54450418160096
91.57370071684588
38.88254181600956
7.595392771804062
4.851403823205228
3.458669354865921
3.069332437275986
2.5906137993103657
5.469459378733572
7.7762992831541204
41.31944444444444
72.08408004778973
121.6995221027479
19.181974313022696
33.13284050179212
6.345579450445371
11.777180406212665
3.458669354865921
3.2802792712066906
2.5906137993103657
1.7258064516401148
11.932511947431303
62.58960573476703
138.61260454002388
145.58318399044205
81.71333632019116
38.256421744324975
11.042040023894863
4.93578629032258
3.487327135603345
2.3887022103020024
3.036402329749104
1.7258064516401148
8.811992234169654
55.5331541218638
129.15919952210274
158.59468339307048
80.3132467144564
30.608198924731184
11.718936678614096
5.285244922341696
3.906063321385902
2.3887022103020024
2.6869362305854243
1.9168533452807646
3.187216248506571
65.72207287933094
178.19967144563918
261.6636798088411
94.75843787335722
49.58109318996416
12.335722819593787
5.057575418160096
3.458669354865921
2.3887022103020024
2.5906137993103657
4.473006272401434
5.746729390681003
42.86514336917563
100.73924731182795
118.89187574671446
19.880899044205492
32.912933094384705
6.345579450445371
4.9660356929510145
3.458669354865921
2.3887022103020024
2.8501269414575865
1.7258064516401148
17.889799880525686
70.45250896057348
128.61783154121864
111.8839605734767
86.58564814814815
33.55361409796894
8.150238948626045
7.125709378733572
3.458669354865921
2.3887022103020024
2.5906137993103657
1.7258064516401148
10.4528972520908
64.71027479091995
154.11439665471923
138.61260454002388
88.96393369175627
36.44638590203106
8.807385005973716
4.9791704002389485
3.5430518219832736
2.3887022103020024
2.5906137993103657
2.220952807646356
9.258527479091995
49.91412783751493
141.67040023894862
199.41009557945043
128.4389934289128
46.09655017921147
16.590875149342892
7.828666367980884
3.458669354865921
2.7262246117084827
2.5906137993103657
4.009333930704899
15.393533452807647
54.778972520908006
117.36111111111111
135.52867383512546
102.13971027479091
34.6777927120669
12.952882317801672
4.946931003584229
4.039799880525687
2.5240330047789725
3.139896953405018
1.7258064516401148
4.22231182795699
57.433542413381126
167.49178614097968
211.52927120669057
64.62104241338112
41.80107526881721
11.042040023894863
4.88165359916368
3.458669354865921
3.396505376344086
2.5906137993103657
5.325567502986858
9.945131421744325
49.316756272401435
141.67040023894862
116.1215651135006
113.62791218637993
49.58109318996416
9.930630227001195
4.851403823205228
3.477774044205496
2.3887022103020024
3.011312724014337
2.0203442353643966
11.414292114695339
52.990591397849464
67.54778972520909
179.00985663082437
81.28024193548387
42.445116487455195
6.345579450445371
4.870508512544803
3.458669354865921
2.461939964157706
2.5906137993103657
2.123842592592592
9.7267174432497
54.88724611708483
114.93055555555556
141.4986559139785
92.12626941457587
49.123357228195935
10.125074671445638
6.204711768219833
3.458669354865921
2.3887022103020024
2.5906137993103657
2.5071311230585422
2.6936379928315413
42.02508960573477
114.63186977299881
78.65890083632019
90.97632915173237
30.87178912783752
6.345579450445371
4.911107377538829
3.5637470131421742
2.3887022103020024
2.5906137993103657
1.7258064516401148
1.8176672640382319
19.889112903225808
100.71311230585424
128.61783154121864
35.89904420549582
22.69563918757467
10.4413082437276
4.851403823205228
3.458669354865921
4.580981182795699
2.5906137993103657
2.056160394265233
4.160707885304658
11.701762246117084
82.02284946236558
181.01478494623655
93.31727897252091
56.034572879330945
6.49842069892473
5.79872311827957
5.018929211469534
2.774006869772999
2.5906137993103657
1.7258064516401148
4.994787933094384
49.87679211469534
122.78972520908005
158.61335125448028
97.9506421744325
27.18637992831541
8.682833034647551
