1778.264941576993
1579.7684840079114
868.9759648953724
1223.2219800273815
984.9513751791096
1574.2713814146166
2043.0536028933407
2713.7880079930264
3768.3070979266768
4029.930337542185
3259.6183768198225
2333.1113931891136
1763.2184903338623
1656.6731522991815
1766.6129042948319
1640.697671517116
1362.5052649960137
1799.1327492310816
2434.7644006083165
2769.7449664055753
3591.6854889891533
4035.5638494602945
3819.6982421160774
2313.638405999133
2238.5068497612083
2108.17582845747
1266.0783532409441
1616.42392564937
1545.9850506274756
1724.6226133704229
1817.5620339759191
2641.7748608800425
3194.7314224845886
3782.2011979847466
3163.25153342196
2470.4904572732376
2743.4840036321784
1603.722938813954
980.1156182522981
1078.552881088881
1201.6971434410993
1204.9373324687742
1798.3393799421756
2187.8624331424467
2979.1414557281855
4073.046280785537
3291.8436063544373
2441.3266257376995
2371.184145921071
2715.3419851798394
1267.9220069315616
1525.896109484255
919.6335939189422
1499.3143001008261
1747.5325355219038
2519.6097003238137
2931.9214114855226
4161.48620804402
3454.5072325137835
2404.33307238029
1820.858165159683
832.3800415799718
730.2525800600373
515.7098998041672
516.7505444838505
970.4193516345028
1011.0861438189595
1697.816435548928
2325.475195375328
2371.989449976706
1916.6651609155515
1327.7940714921735
1153.273349370882
959.3441327042834
763.3438727006645
841.7205165353158
763.6198769535746
1102.2973442451505
1510.1633175615284
2325.753913154769
2426.577185543287
3156.909916992966
3036.3474673447363
1817.5825832236887
1403.378073825444
2011.6693303971983
914.8184150292298
903.2183960491161
1035.982761873172
873.4829437659554
1086.09284944442
1831.6406961669686
2500.177201476376
3410.3827363752375
2287.438395186254
1612.446446656383
1520.979731777462
795.1972406759908
793.9840265347133
694.4419901424407
831.647332507888
998.596527648742
1361.6705353684927
1885.7507602396508
2663.9002308702998
3412.4688528709635
2578.6240474985807
2033.6725447950062
1271.369226577287
638.0806518873597
732.0832509722177
656.1303028246203
362.2588189579259
1036.9767545876182
1677.7923767807617
2039.6607939629623
2706.0518165808962
3028.6565587814284
2739.0788223553623
1734.9965079370245
1231.858609690075
609.164291732156
734.4007505421401
506.9840654671343
580.3092444335599
846.8866011339708
1111.788925481251
1726.3352007771086
2210.346838127569
2199.7288207814295
2076.379140588612
1367.3569958914627
1010.8819504920015
751.2561868857955
995.6907362817763
667.3145433714592
637.49806201339
859.4667668857421
999.8463798421304
1564.3657865130804
1590.1383230532022
1861.0276833380385
1709.804397235509
1573.0071075834858
1480.0539158907302
1462.848720196391
901.2092595647596
702.3216079396049
835.8457633223553
1478.3817491768625
1351.8350421313269
1894.4669427451345
2239.692214812951
3367.8330202335924
2504.969148038642
1747.8246631162797
1061.08480902336
867.8723641045003
753.4234581222433
574.711342517752
654.6991695535576
793.8155324578902
978.3084183771794
1843.3436347959753
2262.7429575560445
2289.927684670523
1927.7741990101672
1681.4205891743022
863.5504018585457
987.3301488268532
809.41472231157
1049.0792336602224
818.5313282209137
892.6655695631414
1279.4800855499793
1887.436678414834
2255.8127644371534
2557.55344117158
2099.63545882669
1780.0241488072515
1673.4521575809017
1324.4922970542862
1026.7872112171801
983.7212185723749
1408.2343668970398
1529.3928132274032
1787.552525582364
2335.694218658757
2620.5047994451315
3048.6004062763727
2814.5551112529256
2032.3335908634451
1877.6847558400482
991.4824021052883
843.1430018124911
843.7512939294857
860.2526545934043
1178.483006185499
1331.3571339643827
1807.3784387547526
2532.478710622207
3063.2233000052465
2335.308229607016
1876.7841082601633
1367.5963412644935
1226.7701846306668
582.1293098774147
584.2919726605246
585.847394214543
891.3336623516224
1130.053532393372
2240.5148652807434
3246.6744346255714
3488.011098591969
3192.4867799518456
2111.7633918291904
1829.743559905794
1373.4617552886336
751.8702220008888
838.0278687146908
703.4021637087508
1152.0568992485948
1342.864854385324
2391.230920650875
3164.832293837795
3665.407228568588
3524.3466185974767
2386.990214325272
1718.326187973682
1432.8850685754092
1131.3999911997175
1249.1195110650897
1175.487258364347
1600.06695270549
1996.4021953051702
2895.7087341057063
3583.2210870413137
4159.696248289301
3461.014196877432
2702.094477990512
