4.851403823205228
3.629816308243728
2.3887022103020024
2.5906137993103657
1.7258064516401148
10.585065710872161
55.5331541218638
217.79047192353644
224.081541218638
104.65240442054959
43.537186379928315
11.121938470728791
5.693623058542413
3.458669354865921
2.3887022103020024
2.84375
1.7258064516401148
6.686842891278375
87.77628434886499
134.45340501792114
158.59468339307048
76.69168160095579
33.48230286738351
7.655092592592593
4.851403823205228
4.218115292712067
2.4484057646356034
2.5906137993103657
1.7258064516401148
9.258527479091995
59.02777777777778
121.21042413381123
110.56227598566308
77.1770459976105
19.676672640382318
6.444291367980883
8.302344683393072
3.649716248506571
2.3887022103020024
2.5906137993103657
2.263142174432497
12.834916367980885
59.28539426523297
140.5428614097969
161.67861409796893
117.17480585424134
57.15837813620073
13.47035543608124
5.4006869772998805
3.458669354865921
2.3887022103020024
2.5906137993103657
2.7558990442054956
6.701777180406212
39.03076463560335
110.03584229390681
135.52867383512546
77.1770459976105
30.063844086021504
10.929286140979688
4.981160394265233
3.541457586618877
2.3887022103020024
2.5906137993103657
3.4149492234169654
11.152195340501793
63.12724014336918
103.96505376344086
118.80973715651135
81.43331839904421
29.159572879330945
6.517517921146952
7.434550477897252
3.5669317502986857
2.3887022103020024
2.913803016726404
1.7258064516401148
11.223506571087217
39.33691756272401
129.15919952210274
142.64486260454004
115.86058841099161
31.647998805256865
12.698999402628434
6.905204599761051
3.458669354865921
2.3887022103020024
2.5906137993103657
1.7258064516401148
8.784363799283154
64.19877538829152
186.08124253285544
317.07362604540026
129.78307945041817
56.034572879330945
10.934513142174433
4.921456839904421
3.458669354865921
2.5733908303464754
2.5906137993103657
1.7258064516401148
7.895773596176822
49.316756272401435
137.78375149342892
199.41009557945043
84.4388440860215
24.058393070489846
13.907930107526882
6.197916666666667
3.458669354865921
2.878248207885304
2.5906137993103657
1.7258064516401148
2.0170773596176823
20.08997909199522
82.93757467144565
81.8847072879331
29.17376045400239
18.094534050179213
10.125074671445638
7.818623058542413
4.4887619474313025
2.3887022103020024
2.5906137993103657
3.779607228195938
6.323566308243728
46.33736559139785
131.47774790919954
135.52867383512546
74.33953106332139
35.22140083632019
7.026209677419355
5.758885902031063
3.506432945041816
2.3887022103020024
2.5906137993103657
1.7258064516401148
12.70573476702509
54.0621266427718
137.17891278375149
136.32392473118279
83.2814366786141
34.29136798088411
13.084304062126643
4.851403823205228
3.906063321385902
2.3887022103020024
2.5906137993103657
4.70306899641577
11.414292114695339
39.03076463560335
121.23282556750299
95.05301672640383
64.62104241338112
24.526583034647555
6.345579450445371
4.880061603942653
3.458669354865921
2.3887022103020024
2.5906137993103657
1.7258064516401148
10.626508363201912
54.64083034647551
104.40188172043011
115.4868578255675
72.76396356033453
26.023372162485067
10.929286140979688
5.610849761051374
3.458669354865921
2.3887022103020024
2.5906137993103657
1.7258064516401148
1.2727523894862605
11.660319593787335
82.46341099163679
117.36111111111111
51.6543458781362
32.72214755077658
6.909983572281959
4.851403823205228
4.981108124253286
2.3887022103020024
2.5906137993103657
3.3497610513739544
10.593652927120669
61.12231182795699
168.81720430107526
168.30197132616487
131.3063769414576
40.013440860215056
11.671146953405017
5.137981630824372
3.458669354865921
2.3887022103020024
2.5906137993103657
1.7258064516401148
0.3334229390953121
15.738500597371566
53.263142174432495
92.51045400238948
24.89433990442055
23.918010752688172
6.345579450445371
5.048823924731183
3.458669354865921
2.3887022103020024
3.3719384707287934
1.7576482228195938
11.993742532855435
42.86514336917563
164.060633213859
186.08124253285544
86.58564814814815
26.70773596176822
6.345579450445371
7.197393966547192
3.8889262246117084
2.4173599910394263
2.5906137993103657
1.7258064516401148
12.834916367980885
41.076762246117084
119.9260752688172
138.35125448028674
90.05787037037035
26.118951612903224
9.945340501792115
5.876717443249701
3.458669354865921
3.948962066905615
2.7744922341696534
1.7258064516401148
5.4282556750298685
41.5621266427718
90.33004778972521
98.45430107526882
76.1391129032258
26.76560633213859
6.945004480286737
