0
0
0
0
0
0
472.95495651050027
828.1470301006897
1702.2693514948799
851.4200312170194
169.00691534573502
37.99279976804282
0
0
0
2.5198755027773814
0
0.17186653110172045
259.2520186036731
1092.6669748843042
1933.9659930050639
912.1719309453024
84.25317073747651
0
0
0
0
0
0
79.90340422014668
443.8645014787334
1408.5643556006287
1424.3424828173759
720.6622706992143
38.87972832785328
0
0
1.2615641830078985
0
0
0
28.437637179101586
381.70188708775856
1569.630131959953
1720.1964247676303
714.52643457198
37.74162396967916
8.177086575659757
11.755927872771927
0
0
0
0
0
480.9660622249736
1414.981568231171
1381.7031758436278
746.9430310650924
313.3506948003271
0
2.578423969056523
0
0
0
0
0
0
761.3221643508722
771.6269421681468
354.9608791415912
91.68751903086184
29.826873400198096
0
0
0
0
0
101.17215233691013
861.7762809536772
1689.949944256767
1280.2994974392277
1197.4272487554863
51.3210394234265
0
0
0
0
0
0
18.174751596312596
494.09799235530767
1369.284710764363
1621.597631951931
611.9517196565222
185.68585552252824
0
0
0
0
0
0
3.63411207029381
427.6314754999048
1537.68427893425
1462.4155986292014
1037.128403392544
184.42929634862992
0
0
0
0
0
0
16.205454705964904
0
602.9699388259578
463.8378278658236
500.0803725954006
141.65421441419267
0
0
0
0
0
0
20.877287814421102
453.9224752821441
754.3850873037912
1250.137209871169
530.6479821381092
92.08456946113847
0
0
0
0
0
0
5.94515988492698
322.0852139156245
353.22172124819446
955.7150586086162
440.1015331787208
100.76498770221309
0
0
0
0
0
0
10.43407577677128
458.6392688510458
1169.8309660076866
854.4574437114932
890.6771898876955
298.6256884419205
0
0
0
0
0
0
31.190193074863465
262.14213935351455
1221.350823081723
1286.6150438999407
479.0790700056405
0
0
0
0
0
0
0
55.764819815691695
389.8889188191991
1321.67779474049
1185.5497118627663
795.0784082755265
115.02498077110306
0
0
0
0
0
2.0814322961646106
0
385.15579815137744
790.5473049363751
1348.5726609984683
582.7082993203678
59.056835673263464
0
0
0
0
0
0
0
557.941553003294
1406.5661064711835
1355.4760511957375
277.7808718181252
209.39304407131655
0
0
0
0
0
0
62.661572856791295
496.6909605269202
1180.9436128897353
1336.2581229962354
539.636466853054
180.70006863255173
0
0
0
0
0
0
5.033876894572288
389.7143780050809
1048.3991562944836
1237.4624297213932
797.4500145891593
6.888312090029515
0
0
0
0
0
0
66.19669750295357
299.96335493196875
1341.615018751317
1359.0263288534552
781.8066014998192
167.5819124118779
0
