2572.552027150471
1586.5112147426773
1379.6908021116203
1941.9289965297708
1311.9023649491226
1721.3570183620482
2182.2678950080353
2747.627826541413
3107.0957553340854
3913.8199358098072
3826.432108898677
2779.354000715996
1983.4430908416277
1676.526475178512
1481.1456029208782
1415.7543385944762
1470.2582380396216
1926.0109851181787
1874.7750754515064
2537.7155719909997
3617.710194036944
4057.898526879647
3850.32712503125
2754.191273382646
2522.368752389643
1542.1096695566332
1005.6157893968584
1424.1427913901111
1221.0826768222184
1679.465451258714
1576.7556346330282
2601.996086238466
3302.170516719952
3658.247344938148
3120.143931868794
2111.9572434142174
2055.8407837994423
1557.754494966882
1241.469952929718
1315.0336569252013
1233.358472592832
1639.1460238516895
1687.577387708006
2366.502079946508
2916.098489778366
3143.086566030461
3014.5009017546763
2752.979776872705
1935.4417400070927
1846.9369971272715
1420.9330471047992
1402.6131383074332
1817.5684463308303
1675.4408331056054
1929.0409547273996
2643.4954642127022
3424.48125691563
4729.029368139601
4604.488153959422
3195.870292362367
2327.6381121429563
2115.7238961199955
2363.9871492057964
2247.747271742637
1854.387852578235
1880.165997393165
2277.054975210837
3104.9826131176264
4330.253563057524
4727.718056607529
4550.862857301456
3367.667111366727
3241.6634852729126
2534.15028189783
1831.991927509506
1653.8360343817922
1975.6825991011253
1928.9459893317699
2386.979118039425
2576.3844351081743
2730.7724775086417
3750.852363976239
3305.5304123865517
2731.988945230858
2419.9259942256836
2259.8312292920614
1739.7418155668647
1591.206560251626
1069.103554137211
1707.0775439003633
1942.8413190531423
2638.1220432398472
3978.4135291346774
4778.7568776536145
4095.0532249353582
2295.8727832752606
2052.496712064199
2229.0199258611747
1159.180393768883
1398.8789778963232
1087.4465529379952
1502.2452776487419
1834.2689448667008
2728.282585209782
3800.384617071017
4693.097325093185
4658.789930115068
2984.4440128356287
1702.228302891505
1154.2087246173478
954.2784693861955
888.6377886370461
857.6419764400049
1415.617920955599
1916.1421751678579
2141.3863950681007
3246.1428970767142
4329.352459319063
3897.462782928842
2420.8662436001046
1378.4863650664195
861.6371673295275
840.7647589053419
866.127479445629
732.7230138481359
923.9048340342098
1424.4253427452888
2483.166096087741
3184.850676239875
3372.5438596105814
3277.3257430378353
1585.722318472108
1250.875480211237
831.8204229969069
808.4166286055515
705.2180693571223
833.9766137607018
1151.509918058084
1523.6265396390243
2397.910432570428
3028.8251286087575
3999.500155709603
3009.404878866333
2170.1157918726144
1544.9895789731672
1537.6241943600708
766.8416931071727
1322.416171858362
1152.1815007028815
1374.5169190544007
2176.2325705064763
2437.383762488264
3443.5515524772304
4420.141525311247
4646.004490033862
2982.140799615681
2005.5489816637423
1745.8482526947025
1621.7549806730192
1478.3951193994726
1168.4808250195076
1754.7145232733017
2045.3331420928293
3131.4633368569066
3910.3941485656032
4790.852453189043
3521.5066138847196
2887.811692071555
2339.3370394033495
1903.9383850873064
1196.611609259001
1005.6968971906874
1373.528642662371
1542.6518561521498
1700.45620487495
2231.952505027735
2661.027590452686
3803.455483435619
2689.470972566237
1923.7351217761889
1437.618521828214
1086.5280273410247
812.9585859184942
828.0370339845616
849.9174217058812
940.6614863158134
1437.1207379479567
1925.3484077268577
2826.881531822671
3210.044402692143
3117.7420138813623
2379.218932858666
1811.9054958340735
1029.5619271948945
755.2841308447489
889.0811673613849
809.2880003221968
1455.7539627267179
1846.3972661328423
2404.8977749255996
3205.6657551263893
3874.994432024363
3172.228032474402
2331.256069132326
1969.8477525548171
1203.0868662316232
919.6641601611658
839.0328261551481
812.2061117324645
1168.1298305863897
1265.3420553921771
2323.2222689545783
3550.7526529648776
3681.7529967401188
3880.191865077293
2469.088399296335
1945.5761838603935
1590.7570211189795
946.8581564020236
929.3148975005333
885.1591171137685
923.8534199325857
1640.0482474558153
2549.630442753621
3334.07197797758
3858.2199525829237
2743.402547510261
2207.71661814845
1628.2275917968607
1148.3145749971536
770.5679235473879
790.0792780901794
851.156295849413
1089.259317550174
1238.7145422287065
2155.4682323135935
3271.1369845920904
3576.9075311447396
3940.3723211307156
2278.5434400574172
