0
0
0
0
12.742795022357441
58.26666758794498
662.0891410983138
1872.3319912715383
1648.3498473132786
825.6132062468878
299.55795327882936
156.08341356732595
33.55583174495177
0
0
0
0
0
405.87167959531
1192.8592538568257
862.414320364682
363.3252314231997
0
0
0
0
0
44.90258625954738
0
103.31872680079186
624.340158587455
1529.4790808097089
1426.3653322797416
813.1465896956304
164.90422056202297
0
0
0
0
27.784429054033435
0
0
434.9564420459423
1266.8523541821748
1407.0915860579528
933.082288813318
133.54557408915346
12.003848821776828
0
0
21.73146243911819
0
0
35.86172669090345
578.8438997399081
1125.9702181714342
1199.9080742904619
1011.9926875764424
54.54353380869041
0
0
0
0
0
0
146.39394927729023
408.0988616654111
1298.320372236177
1214.716473231468
663.7153594283296
149.91123468199683
0
0
0
0
0
3.7187254781700396
141.53303943368437
453.5198592093525
1427.7908194061097
1080.5197782038633
744.1118365691067
132.69689814505134
6.069097098787488
0
0
0
0
0
33.92561031793742
421.9269200733483
1345.7090685899307
1212.0146719758256
746.541773419963
159.2006778044876
0
0
0
0
0
0
25.60961983612414
499.44225805665525
1370.1040071301882
1361.3354761680307
902.149684754551
272.012704353409
13.22525749851998
0
0
0
0
0
0
364.5010255594849
1270.3000612871283
1318.8322275074008
579.1305518068701
39.933000256486665
0
0
0
0
21.31985660974167
0
0
534.1360356166722
1635.3337880206366
2357.128323969138
912.9803447426494
140.3468902496689
0
0
0
0
11.041958640383346
0
0
293.4599152298419
925.3252158718501
1190.1595030530607
33.24889727668973
29.23328967353926
0
0
0
0
0
0
0
0
486.26913805069705
661.1715267461409
53.229683913979784
0
0
0
0
0
0
0
83.2641551417691
530.154086784817
1402.6579467376366
1732.650736850956
1198.2308023831795
58.846320490328765
0
0
0
0
46.97063830473044
0
0
0
1321.67779474049
1628.9984125796118
1001.9474345598755
151.532858608618
0
0
0
0
0
0
0
243.68693614420906
549.958147230282
883.592822288791
768.9108829523869
249.01524367804242
0
0
0
0
0
0
7.691273374955287
379.6227806018602
276.1632540219604
787.812894087016
384.68238018132706
134.45341593511588
0
0
0
0
0
0
0
378.45021978617945
966.8045746579554
786.1498494000587
392.5759083106406
28.014286075801394
0
0
0
0
0
0
28.847683644870955
413.93779497043334
1641.6350433912576
1244.4035139507835
571.9273144696849
95.40283568620632
0
0
0
0
0
0
0
347.99949591165813
715.182073709501
800.2729686384016
538.6756277841682
13.350878959070243
0
