5.815785543612612
4.146132019120379
4.730383811230586
3.1056227598611184
2.068884408606638
0.3997162485110588
21.28113799283154
226.62933094384704
738.1085722819594
644.7573178016727
397.84535543608126
60.62473864994026
36.8042861409797
4.146132019120379
2.863575268821692
3.1056227598611184
2.068884408606638
0.3997162485110588
4.487753882915173e-12
57.12514934289128
288.60513739545996
380.0455495818399
94.6789127837515
30.381645758661886
15.896244026284347
4.146132019120379
2.863575268821692
3.1056227598611184
2.068884408606638
0.3997162485110588
5.227016129032258
173.23924731182797
417.7844982078854
574.2114695340501
161.51022998805257
22.167637395459977
5.815785543612612
4.146132019120379
2.863575268821692
3.1056227598611184
2.068884408606638
0.3997162485110588
11.947319295101552
154.57063918757467
355.80869175627237
350.17958482676227
39.04946983273596
21.42096027479092
5.815785543612612
4.146132019120379
2.863575268821692
3.1056227598611184
2.068884408606638
0.3997162485110588
4.487753882915173e-12
124.70019414575866
356.55615292712065
243.77165471923536
37.182609020310636
21.42096027479092
5.815785543612612
4.146132019120379
2.863575268821692
3.1056227598611184
2.068884408606638
0.3997162485110588
10.827546296296296
74.29771505376344
379.70392771804063
151.92465651135007
41.28942652329749
17.31414277180406
5.815785543612612
4.146132019120379
4.3570116487455195
3.1056227598611184
2.068884408606638
6.746938470728792
4.487753882915173e-12
4.487753882915173e-12
378.584229390681
261.69168160095586
130.89605734767025
14.700642174432497
5.815785543612612
4.146132019120379
2.863575268821692
3.1056227598611184
2.068884408606638
0.3997162485110588
4.487753882915173e-12
57.49738649940263
319.21931003584234
367.3521505376344
76.0103046594982
7.606780167268525
5.815785543612612
4.146132019120379
2.863575268821692
3.1056227598611184
2.068884408606638
0.3997162485110588
4.487753882915173e-12
163.15710872162484
472.29054659498206
501.40382317801675
326.53487156511346
50.169504181600956
8.055921445639187
4.146132019120379
5.850448028673835
3.1056227598611184
2.068884408606638
0.3997162485110588
4.487753882915173e-12
250.14822281959383
384.55906511350054
371.0872162485066
104.01284348864993
7.606780167268525
5.815785543612612
4.146132019120379
2.863575268821692
3.1056227598611184
2.068884408606638
0.3997162485110588
4.487753882915173e-12
115.74223416965353
424.1356780167264
371.0872162485066
95.0548835125448
21.04786439665472
12.909647550776583
4.146132019120379
2.863575268821692
3.1056227598611184
2.068884408606638
0.3997162485110588
4.487753882915173e-12
32.85536140979689
224.76142473118279
88.4569145758662
22.62180032855436
14.32709826762246
5.815785543612612
4.146132019120379
2.863575268821692
3.1056227598611184
2.068884408606638
0.3997162485110588
4.487753882915173e-12
26.50817652329749
353.568921744325
144.08639486260455
36.4359692353644
9.100216547192353
18.88332586618877
6.0129405615292715
2.863575268821692
3.1056227598611184
2.068884408606638
0.3997162485110588
4.487753882915173e-12
198.62641875746715
542.8800776583034
408.0480884109916
86.09244324970132
37.47550776583035
5.815785543612612
4.146132019120379
2.863575268821692
3.1056227598611184
2.068884408606638
5.2531735364396654
4.487753882915173e-12
157.55824372759858
467.8199671445639
426.7166965352449
150.68436379928315
40.089045698924735
19.256869772998808
4.146132019120379
2.863575268821692
3.1056227598611184
2.068884408606638
0.3997162485110588
36.58908303464755
134.0344982078853
368.50209080047796
431.9436977299881
199.5952807646356
32.248543906810035
17.016465053763437
4.146132019120379
2.863575268821692
3.1056227598611184
2.068884408606638
0.3997162485110588
4.487753882915173e-12
157.93010752688173
377.8360215053764
281.4799880525687
152.1759259259259
30.754778972520914
5.815785543612612
8.626504629629629
2.863575268821692
3.1056227598611184
2.068884408606638
4.88008885902031
4.487753882915173e-12
67.20318100358423
311.3810483870967
222.11506869772998
71.15938620071685
20.674320489844682
5.815785543612612
7.506335872162485
2.863575268821692
3.1056227598611184
2.068884408606638
0.3997162485110588
4.487753882915173e-12
76.53748506571087
406.95900537634407
435.3031660692952
95.0548835125448
15.820863201911589
5.815785543612612
6.3862679211469535
2.863575268821692
3.1056227598611184
2.068884408606638
0.3997162485110588
4.487753882915173e-12
150.8352001194743
336.3963560334528
290.81466547192355
62.19739396654719
21.42096027479092
