0
0
0
0
0
17.34716340634401
153.6518277769278
1139.3197451544534
1690.4387810050353
1094.9758854583579
311.96256050702533
11.416896243550589
0
0
0
0
0
0
522.2747560588703
1204.1376290061683
1186.8860198867847
575.7240516143586
142.74648764309183
0
0
0
0
0
0
32.129173336036786
418.49263767945024
1895.2478233425636
1457.0608967958703
787.8927067804572
186.622335854735
0
0
0
0
0
0
0
512.2697634318446
784.9530859623424
1469.1058483040697
625.2903234608688
173.2475230138847
0
0
0
0
0
0
37.93173117119022
511.89460165149694
1379.2221596290206
1575.4987254254681
1015.561609320767
114.31731666412648
0
0
0
0
0
0
47.20820405626276
500.00410360089495
1802.6662503723776
3244.8060789662345
1252.4933612204445
372.9767962112681
0
0
0
0
30.381869364573905
0
0
773.7050443945376
1465.4013331456554
1232.0819048466349
601.4919888988557
110.08268816894622
0
0
0
0
0
0
10.638797295237303
477.43020561695636
1371.4908786257731
1731.8007382840697
1268.0766449850762
149.31395438752224
0
0
0
0
0
0
1.2765478528505483
471.472948020813
1647.8265280381922
1789.8961840533352
814.4995951488161
55.98425453262038
0
0
0
0
0
0
101.36260076331263
419.45024897645015
1372.4211037005098
1753.14935713703
709.5255637543015
195.83939959937788
0
0
0
0
0
0
34.50658142254536
455.15567420687523
814.9268286419035
1070.5023532403445
520.2716380520877
86.46236964034995
0
0
0
0
0
0
28.52334088851123
136.97847108408325
936.4676889901299
1580.707218106824
418.8903623304532
92.80923053375429
0
0
0
0
0
0
16.138115501980366
596.7108787674135
1352.9985287317006
2172.7896569731415
757.3046540454015
126.12606179914869
0
0
0
0
0
0
0
356.70949299748116
1437.5776749335746
1417.4185086550185
928.8864176758912
283.498986260938
0
0
0
0
15.89902838836245
3.533444265103874
0
541.9035544225444
1146.5053037010634
1852.7764143717272
735.4842475825753
73.31459397301467
0
0
0
0
0
0
0
111.0742569327395
640.7018748288483
1166.8358031729008
428.56328737293643
55.98783925749288
0
0
0
0
0
0
23.27064912166975
262.8335780928997
586.2203776778745
1062.3824132029063
368.1056926066557
1.8207994476606473
0
0
0
0
0
0
0
263.98688346598817
1145.353708469186
1024.1807633785531
551.1063742604614
110.6076253828504
0
0
0
0
0
0
51.8918891406894
350.2180369059172
965.394750679191
1671.4222564836396
838.8094082570206
111.98295814737722
0
0
0
0
0
0
3.4108925447695952
165.77958850425074
810.3907804000625
1108.490561230994
588.3691014998193
0
0
