7.705197132616488
5.719384707287933
2.3887022103020024
2.5906137993103657
1.7258064516401148
9.320131421744325
53.580495818399044
117.44698327359617
141.81600955794505
72.21886200716845
33.48230286738351
9.43186230585424
5.436491935483871
4.159983572281959
2.719056152927121
2.6817614994026284
2.837514934289128
5.370758661887694
20.916591995221026
83.68802270011948
77.36335125448029
35.093339307048986
29.64531063321386
6.345579450445371
4.851403823205228
5.369138291517324
4.390718339307049
2.5906137993103657
1.7258064516401148
9.064381720430108
55.5331541218638
137.78375149342892
148.58124253285544
65.16241039426524
15.133288530493163
9.945340501792115
7.125709378733572
4.194220430107527
2.3887022103020024
2.5906137993103657
1.7258064516401148
0.3334229390953121
7.186753285543608
60.66308243727599
78.13246714456392
72.76396356033453
34.859244324970135
6.632157258064515
4.851403823205228
5.958333333333333
4.580981182795699
2.674996266427718
1.7258064516401148
5.109781959378733
6.28397550776583
87.3618578255675
148.58124253285544
86.58564814814815
29.117756869773
10.171370967741936
7.125709378733572
4.515830346475508
2.4241255973715647
2.72753509557945
1.7258064516401148
5.6668309438470725
36.235439068100355
66.70773596176822
115.4868578255675
57.17629928315412
32.48730585424134
6.345579450445371
4.851403823205228
3.458669354865921
2.3887022103020024
2.5906137993103657
1.7258064516401148
1.5832362604540025
42.93981481481482
95.02314814814815
97.12888291517322
63.20975209080048
26.21415770609319
6.345579450445371
5.64426523297491
3.458669354865921
2.3887022103020024
3.2592965949820787
1.7258064516401148
0.8285692951015532
52.97565710872163
75.05227001194743
119.8439366786141
19.74873058542413
22.69563918757467
6.345579450445371
7.948028673835125
3.458669354865921
2.9531063321385904
2.7816606929510157
2.7240516726403823
7.4473715651134995
47.64411589008363
163.3811230585424
164.060633213859
117.66390382317802
38.256421744324975
6.345579450445371
4.851403823205228
3.458669354865921
2.3887022103020024
3.0841547192353644
5.325567502986858
4.206257467144563
41.39411589008363
132.1423237753883
165.17697132616487
106.75813918757467
37.04002389486261
8.682833034647551
4.981160394265233
3.5565822879330944
2.3887022103020024
2.5906137993103657
1.7258064516401148
8.055197132616486
20.088112305854242
54.88724611708483
97.12888291517322
51.54233870967743
20.170624253285546
8.87694145758662
4.851403823205228
3.458669354865921
2.4683094384707287
2.5906137993103657
1.7258064516401148
12.70573476702509
60.67054958183991
105.8355734767025
126.8107825567503
25.104166666666668
19.829749103942653
6.640117234169652
5.508139187574671
3.458669354865921
2.3887022103020024
2.95680256869773
1.7258064516401148
8.284438470728793
37.53360215053763
93.19369772998806
60.412933094384705
40.00672043010753
22.85506272401434
14.055779569892474
4.851403823205228
3.458669354865921
2.487414127837515
2.5906137993103657
2.097965203106332
11.414292114695339
54.53629032258065
126.8107825567503
157.1609916367981
94.0527927120669
21.740591397849464
10.19377240143369
7.417898745519714
3.458669354865921
2.3887022103020024
2.6503173536439664
2.904345878136201
7.259199522102748
34.42204301075269
95.05301672640383
81.94444444444444
55.08176523297491
26.793608124253293
9.21023745519713
5.610849761051374
3.458669354865921
2.4241255973715647
2.5906137993103657
1.7258064516401148
15.073192951015532
61.510603345280764
145.13515531660693
214.94175627240142
131.07862903225808
38.88254181600956
6.383393070489843
4.949316756272402
3.95221027479092
2.3887022103020024
2.95680256869773
1.7258064516401148
7.230451015531661
54.53629032258065
114.63186977299881
199.41009557945043
104.65240442054959
30.87178912783752
7.5921818996415755
4.851403823205228
3.458669354865921
2.3887022103020024
2.5906137993103657
2.4311155913978495
4.206257467144563
21.906735364396656
124.54450418160096
154.0359916367981
92.56683094384707
30.87402927120669
6.345579450445371
4.851403823205228
3.458669354865921
3.2850582437275984
2.902673237753883
1.7258064516401148
12.528763440860216
71.65098566308244
171.30749701314218
261.6636798088411
125.75082138590203
47.14493727598566
14.859991039426523
5.429323476702509
3.458669354865921
4.338971027479093
2.5906137993103657
1.7258064516401148
5.109781959378733
51.65023894862605
104.40188172043011
135.52867383512546
92.56683094384707
35.022401433691755
7.358161589008363
