445.65715613799284
441.65366636798086
149.4686671146953
150.97663608870968
149.35284655017924
168.3833426672641
647.2514773745518
2983.7560334528075
6609.504905913978
5549.978199671446
3019.962436529271
964.7577729241343
476.47140046296306
275.7814844683393
200.66563732078856
160.40905536887695
168.23366450119477
246.7883527479092
611.1755630227
3325.923095878137
7202.575235215052
5901.480327807646
2948.5920624253276
744.2498207885303
327.33851665173233
240.54488127240143
124.81674395161292
105.38419186827959
102.09295187425327
326.3592527255078
455.5028446087216
3062.0873879928326
6139.155133661889
4475.89650164277
2151.7292413381133
519.5998633512546
388.4463325119475
183.55550291218637
126.95320153823181
293.0470695191159
101.75894668458781
191.0047199820788
578.5078285543607
1946.9120967741933
5555.860050776584
3942.1327060931935
1905.678472222222
820.9561544205492
408.66199970131424
188.86229353345274
110.5786921296296
248.14257806899647
90.60618611857821
146.1143589456392
429.4238201911588
2084.0421296296295
5475.618451314219
3779.901836917562
707.8407694892474
491.96263478195937
418.36651545698913
385.29719720728787
166.6951123805257
176.42587496266427
137.53227949522105
249.44550403225801
1126.266457586619
3433.3794690860213
8098.173331093191
5452.320564516129
2919.1206541218635
1160.2438172043014
776.2412414127839
193.90650761648746
106.58896277628436
69.71741080495819
60.56091517323776
156.04316532258068
392.2388959826763
1725.3139747610514
3608.7414874551955
3625.069862604541
1349.2348977001193
578.2635110513738
407.5376780913978
139.2581810782557
101.02397748655912
85.93666659199522
120.87737309587814
219.57205346475504
604.7000377090799
2540.7958034647563
6187.228718637993
5112.080260603344
2116.7929659498213
655.7193387843486
456.3488332586619
273.60144227897246
182.09784908900835
188.63417842741933
156.72159270459974
177.28166181302265
915.7739672939068
3792.000560035841
7572.56633064516
7230.259281660693
2636.1470579450415
778.9748469235365
577.6032743428915
327.0238381123058
248.62961544205493
111.90935969235365
96.33397420101551
130.0027340576464
633.8869511648745
2434.744044952209
5887.184102449224
4391.917398446835
2412.2483460274793
626.7173655913979
540.7498446833932
181.0554737903226
146.03064329450416
83.7896201090203
64.27405156063323
127.89319631123061
422.88402852449224
2453.8276956391883
5611.903378882915
3352.1695788530465
1619.1398484169654
495.8324495967742
365.12985588410993
188.2861297789725
246.02694220430106
133.88377837514932
69.60862791218638
152.08294761798086
380.9373125746714
2567.218596923536
5531.9083109319
3499.053670101554
2124.826004330945
461.3078046594983
205.9142745669057
233.2655787037037
279.2487466397849
153.61662716547193
349.5477613500597
389.1463358721624
722.600549955197
3622.559009109917
7112.516599462366
6427.813750746716
3032.70428614098
1360.9455159796892
698.784159199522
254.75375149342884
168.32306040919954
169.01430928912782
177.77773428166068
231.31664613201917
857.8506376941461
3479.056197729987
7364.26653972521
6399.508202658306
4776.799604241335
1483.593753733572
343.003373655914
372.2132063918758
134.18663739545997
170.239166218638
183.47532594086027
358.9436432198327
875.0562302120671
4337.965188172042
9520.530148596179
6961.554984318997
3893.2689217443244
1602.192334976105
551.99504442951
194.2580981182796
227.4530103793309
166.14476082735962
146.73331261200718
253.5378775862455
661.4579196535245
3275.2785991636806
6872.129170400238
5565.5531287335725
3505.135674283154
839.5374738649944
690.9517219235363
214.78211693548388
113.43168455047787
118.22188590203106
110.30491972819591
202.83532519414575
651.2943481182796
1979.0181003584232
5122.092794205494
4140.472491039426
2274.169597520908
813.0129330943847
270.12373655913996
252.13729278673839
145.82608908303467
169.84785678016726
140.1334287261051
288.6844899940263
989.4941819743128
3181.126157407407
7479.262063172043
5679.612925627239
2529.4057646356027
1432.9543608124259
397.9120228494623
213.1143245967742
132.9742413007766
191.6360793010753
122.69534255525689
458.80424768518543
814.2245672789725
3714.930477150539
7156.71099537037
4984.773902329751
2496.8902031063326
824.955630227001
236.3481347072879
248.4296244026285
119.84137055704898
82.2129003136201
101.55721270161288
412.7153363948627
1046.4846774193543
2363.680126194743
5644.557750896058
3554.864426523297
1803.015722072879
546.6280678763441
