23.93548387096774
18.44578853046595
5.7357004181600955
3.7429510155316614
3.9662709080047795
5.651583034647551
36.31515083632019
86.53748506571087
195.85237455197134
232.1871266427718
156.98775388291517
48.23812724014337
24.478494623655916
12.746079749103943
8.200866188769414
3.0545960274790915
7.13679808841099
10.682833034647551
29.635155316606934
100.98528972520909
227.70049283154117
256.70736260454004
155.66569593787335
39.31208930704899
15.695228494623656
8.886387395459977
4.635834826762246
1.36671146953405
3.84925701911589
16.267361111111107
22.66181302270012
120.6164127837515
182.53658900836317
186.42137096774195
113.68316905615295
26.938956093189965
23.159012843488654
6.357228195937873
5.529719235364397
7.462029569892473
3.1454114396654713
10.36137246117085
30.760678016726406
72.27710573476703
189.34475806451613
186.80107526881721
103.8515531660693
48.988201911589016
21.0036215651135
6.470803464755078
3.6025238948626046
4.78689142771804
4.732078853046595
5.692577658303465
21.811193249701315
76.78651433691756
175.63769414575867
157.44885005973717
35.13982228195938
26.330383811230586
20.73450567502987
16.158564814814813
5.996005077658305
5.333352001194743
4.19239844683393
14.249514635603346
56.115218040621265
128.73581242532856
297.5548835125448
242.09229390681003
157.223715651135
62.59557945041815
43.01594235364397
8.327508960573475
4.737380525686977
2.150082138590203
3.456925776583035
8.22625448028674
20.78625298685782
84.82340203106331
162.36671146953404
190.53800776583034
71.08833632019116
30.877240143369175
23.537634408602152
3.5191345579450424
3.445299432497013
3.009277927120669
2.4409983572281964
9.86671146953405
29.876941457586618
76.4979091995221
187.701986260454
220.55630227001194
106.3870221027479
31.99354091995221
23.846923536439665
9.764486260454003
5.842219235364397
4.57833408004779
3.9143518518518516
7.00283751493429
44.39217443249701
105.41778673835125
218.59132317801672
338.0589157706093
129.02703106332137
40.26937724014337
30.622685185185187
14.257653823178016
10.983012246117084
4.105514486260454
2.860256123058542
6.4994772998805255
35.55910244922342
96.36350059737156
200.81541218637992
188.05032855436082
131.75067204301075
36.39228643966547
27.3988201911589
8.051261947431302
6.930331541218638
2.934389934289128
2.5804734169653525
7.490292712066906
23.993578255675033
94.97349163679809
181.17644862604539
163.3247461170848
88.72087813620071
28.035468936678615
18.51851851851852
7.211954898446833
10.728307945041816
5.4846923536439665
0.7955906511350059
4.118189964157706
17.341323178016726
81.24551971326164
144.68264635603344
136.06033452807645
106.42286439665472
22.473491636798087
8.629816308243726
8.116338112305854
11.070975209080046
4.4072692652329755
11.630973715651136
16.099798387096776
37.60121714456391
108.35610812425327
215.31548685782556
275.53614097968943
148.07758363201913
74.34475806451613
36.618018219832734
10.73069743130227
6.237679211469534
5.202396953405017
5.56911215651135
12.726926523297491
45.3121266427718
111.9675925925926
248.18511051373955
291.4445191158901
260.3961320191159
76.08796296296295
15.413343787335725
13.769078554360812
3.516524790919952
2.5955234468339308
6.560857228195938
14.722110215053764
43.76978793309438
135.62275985663084
316.8537186379928
297.608646953405
208.86424731182797
85.2318548387097
29.79330943847073
5.4733049581839905
9.653711170848267
2.4179846176821984
2.8111633811230585
9.876717443249701
33.63130973715651
97.18600657108722
201.02523894862605
216.5162037037037
174.10468936678615
42.985289725209086
38.77766577060932
8.332810633213859
3.8027180406212664
4.003890382317802
5.56152927120669
10.369063620071683
38.03875448028674
86.63007765830346
222.23080943847071
210.7631421744325
124.42689665471923
47.83938172043011
14.916554659498209
9.282818100358424
5.381309737156512
3.6258811230585426
4.564198775388291
13.290173237753883
46.31933243727599
84.09983572281959
237.45781063321385
237.4992532855436
130.1026732377539
76.9298835125448
20.942652329749105
9.173499103942651
4.704887246117085
4.192839008363202
2.3420810931899636
19.88410991636798
41.692801672640385
101.9575119474313
203.61335125448034
208.2702359617682
129.09460872162487
39.348678315412194
10.586730884109917
10.44037485065711
3.484341397849463
2.549891726403823
3.672703853046595
21.17297640382318
57.08370669056153
85.95355436081242
198.24634109916366
159.95445041816006
92.48133213859019
28.166069295101554
