4.851403823205228
3.458669354865921
2.466715203106332
3.0841547192353644
3.2100507765830346
0.5173013739545997
20.138515531660694
108.13918757467144
134.21445639187576
67.4361559139785
49.45191158900836
6.419212962962963
5.110916965352449
4.784087514934289
3.089232377538829
2.706836170848267
1.7258064516401148
1.175642174432497
24.457885304659495
134.45340501792114
163.65740740740742
89.52023596176822
38.256421744324975
9.556936977299879
9.226403823178016
3.458669354865921
2.4173599910394263
2.5906137993103657
2.3944892473118276
4.946624850657108
54.64083034647551
121.21042413381123
178.19967144563918
115.46482974910394
37.04002389486261
8.537858422939069
5.14594160692951
3.458669354865921
2.3887022103020024
2.5906137993103657
1.7258064516401148
3.8121789127837515
35.17734468339307
65.77434289127838
95.83706690561529
48.96617383512545
28.232526881720432
6.345579450445371
4.851403823205228
3.458669354865921
2.3887022103020024
4.074858124253286
1.7258064516401148
4.429151732377539
55.28300477897252
111.08870967741936
185.59587813620072
118.3546146953405
47.14493727598566
6.993540919952209
4.851403823205228
4.091509856630824
2.3887022103020024
2.5906137993103657
1.7795400238948622
9.722983870967742
53.2444743130227
140.9199522102748
165.17697132616487
79.40598864994026
29.159572879330945
10.125074671445638
6.335648148148148
3.458669354865921
6.700231481481482
2.743455047789725
1.7560562275985663
11.458721624850655
64.63560334528077
211.52927120669057
245.17995818399044
106.05249402628435
58.073103345280764
13.62940561529271
8.302344683393072
3.458669354865921
2.4750746714456393
2.5906137993103657
1.8038194444444444
8.811992234169654
25.46408303464755
98.61111111111111
114.91562126642772
70.29233870967742
25.25276284348865
6.376625224014336
4.867324895459976
3.474590427120669
3.0454375746714457
2.5906137993103657
3.3497610513739544
4.160707885304658
21.313097371565114
100.71311230585424
78.13246714456392
50.19825268817204
25.42637395459976
6.345579450445371
5.79872311827957
3.7961917562724015
2.3887022103020024
2.5906137993103657
1.7258064516401148
8.863888888888889
42.04002389486261
66.50985663082437
139.45265830346474
59.07295400238949
25.95206093189964
7.457287933094383
5.115688470728793
3.494092741935484
2.3887022103020024
2.5906137993103657
1.7258064516401148
4.159214456391875
23.12313321385902
18.79405615292712
105.8355734767025
56.676000597371576
24.744997013142175
8.494997013142175
4.851403823205228
3.5549917861409797
2.3887022103020024
2.5906137993103657
3.3417712066905616
1.0220056750298685
53.95385304659498
106.2313321385902
154.0359916367981
85.8090651135006
25.2942054958184
6.345579450445371
5.758885902031063
4.6527404420549585
3.1242532855436083
2.8931115591397845
1.7795400238948622
0.39312649342891276
11.125298685782557
12.625448028673835
70.72132616487455
27.408900836320193
15.25826986260454
6.345579450445371
4.851403823205228
3.458669354865921
2.3887022103020024
2.5906137993103657
1.7258064516401148
8.930719832735962
42.86514336917563
137.78375149342892
126.17234169653524
60.01754778972521
35.022401433691755
7.539650537634409
4.851403823205228
3.458669354865921
2.4173599910394263
2.5906137993103657
3.0723192951015528
10.593652927120669
60.49880525686977
171.7928614097969
207.77329749103941
128.87582138590204
49.45191158900836
6.345579450445371
6.853419952210275
3.458669354865921
2.3887022103020024
2.5906137993103657
1.7258064516401148
1.0387320788530465
59.02777777777778
121.44937275985663
152.49402628434888
76.69168160095579
27.620221027479097
13.35946833930705
9.90628733572282
3.458669354865921
3.4140158303464756
2.705245669056153
2.903972520908005
20.05937873357228
95.05301672640383
157.69862604540023
245.17995818399044
138.24708781362008
51.656959378733575
16.597222222222218
4.880061603942653
3.5733012246117086
2.3887022103020024
2.5906137993103657
1.7258064516401148
16.593876941457587
55.35394265232975
179.00985663082437
185.59587813620072
129.23051075268816
37.04002389486261
15.217667264038232
11.94108422939068
4.115404719235364
2.5256235065710873
2.674996266427718
6.168757467144564
18.75374850657109
58.43040621266428
148.58124253285544
173.4281660692951
88.96393369175627
26.70773596176822
14.859991039426523
4.988325119474313
3.458669354865921
2.3887022103020024
2.5906137993103657
3.990554062126643
8.811992234169654
63.12724014336918
137.17891278375149
232.05645161290323
130.86208183990442
51.36872759856631
15.735140382317798
