16.269825268817204
4.146132019120379
2.863575268821692
7.212563470728792
2.068884408606638
0.3997162485110588
7.093862007168458
150.8352001194743
402.85170250896056
370.3393817204301
18.14142771804511
51.6627464157706
5.815785543612612
4.146132019120379
2.863575268821692
3.1056227598611184
2.068884408606638
0.3997162485110588
4.487753882915173e-12
4.487753882915173e-12
187.42420848267622
216.88844086021504
18.14142771804511
37.47550776583035
5.815785543612612
4.146132019120379
2.863575268821692
3.1056227598611184
7.295900537634409
4.13328853046595
4.487753882915173e-12
177.34655017921148
320.7153524492234
284.83982974910396
88.33183990442056
7.606780167268525
12.536103643966547
4.146132019120379
2.863575268821692
3.1056227598611184
2.068884408606638
0.3997162485110588
4.487753882915173e-12
165.3968787335723
398.0006720430108
273.6420997610514
94.6789127837515
13.954002389486257
5.815785543612612
4.146132019120379
2.863575268821692
3.1056227598611184
2.068884408606638
0.3997162485110588
4.487753882915173e-12
228.12089307048984
311.3810483870967
354.28651433691755
175.69967144563918
17.687238649940262
5.815785543612612
4.519489247311827
2.863575268821692
3.1056227598611184
2.068884408606638
2.6398521505376342
4.487753882915173e-12
132.54293608124254
359.5437574671446
259.8241487455197
106.25261350059738
7.606780167268525
6.189142771804061
4.146132019120379
2.863575268821692
6.465826612903226
2.068884408606638
0.3997162485110588
4.487753882915173e-12
75.0459229390681
266.20594384707294
175.07205794504182
76.38664874551971
7.606780167268525
5.815785543612612
4.146132019120379
2.863575268821692
3.1056227598611184
2.068884408606638
0.3997162485110588
4.487753882915173e-12
82.88418458781362
373.7287186379928
347.9398148148148
93.55921445639187
41.95545848267623
5.815785543612612
4.146132019120379
2.863575268821692
3.1056227598611184
2.068884408606638
0.3997162485110588
4.487753882915173e-12
73.17839008363202
397.6243279569892
390.12768817204307
240.6634557945042
18.434326463560335
25.230510752688172
4.146132019120379
2.863575268821692
3.1056227598611184
2.068884408606638
0.3997162485110588
4.487753882915173e-12
92.21848864994027
320.7153524492234
257.96109617682197
110.73588709677419
7.606780167268525
8.429289874551971
4.146132019120379
2.863575268821692
3.1056227598611184
2.068884408606638
0.3997162485110588
4.487753882915173e-12
76.53748506571087
385.6791367980884
160.51112604540023
150.68436379928315
20.674320489844682
13.65628733572282
4.146132019120379
2.863575268821692
3.1056227598611184
2.068884408606638
0.3997162485110588
4.487753882915173e-12
70.19041218637993
259.85439068100357
331.8828405017921
167.10909498207886
7.606780167268525
5.815785543612612
4.146132019120379
2.863575268821692
3.1056227598611184
8.416106630824373
3.386589008363202
4.487753882915173e-12
205.34498207885304
413.30533154121866
370.3393817204301
33.07579151732378
30.754778972520914
25.230510752688172
4.519489247311827
2.863575268821692
3.1056227598611184
2.068884408606638
0.3997162485110588
4.487753882915173e-12
173.9829749103943
427.1199223416965
398.71415770609315
18.14142771804511
7.606780167268525
5.815785543612612
6.0129405615292715
2.863575268821692
3.1056227598611184
2.068884408606638
0.3997162485110588
21.28113799283154
143.74029271206692
428.988201911589
335.2464157706093
110.73588709677419
7.606780167268525
15.149604241338112
4.146132019120379
2.863575268821692
4.972431302270011
2.068884408606638
1.8931526284348865
4.487753882915173e-12
92.21848864994027
256.49529569892474
330.7627688172043
94.30704898446834
7.606780167268525
5.815785543612612
4.146132019120379
2.863575268821692
10.946124551971327
2.068884408606638
0.3997162485110588
4.487753882915173e-12
210.57160991636798
542.8800776583034
447.6247013142174
294.80137395459974
7.606780167268525
27.09692353643966
4.146132019120379
2.863575268821692
3.1056227598611184
2.068884408606638
0.3997162485110588
4.487753882915173e-12
86.24365292712066
471.93399044205495
236.3048835125448
18.14142771804511
65.10416666666667
5.815785543612612
4.146132019120379
2.863575268821692
3.1056227598611184
2.068884408606638
0.3997162485110588
4.487753882915173e-12
69.44257765830346
210.57160991636798
201.58340800477896
92.43914277180406
60.62473864994026
14.029868578255678
4.146132019120379
2.863575268821692
3.1056227598611184
2.068884408606638
0.3997162485110588
4.487753882915173e-12
114.2461917562724
320.3393817204301
537.6090203106331
161.51022998805257
7.606780167268525
