5.815785543612612
4.146132019120379
2.863575268821692
3.1056227598611184
2.068884408606638
0.3997162485110588
4.487753882915173e-12
112.75462962962963
327.43391577060925
290.81466547192355
52.49010603345282
15.447281959378731
5.815785543612612
4.146132019120379
2.863575268821692
3.1056227598611184
2.068884408606638
0.3997162485110588
11.947319295101552
236.33512544802866
471.18391577060925
364.7405167264038
167.10909498207886
28.51482228195938
12.536103643966547
4.146132019120379
2.863575268821692
3.1056227598611184
2.068884408606638
0.3997162485110588
4.487753882915173e-12
132.54293608124254
384.55906511350054
541.3257915173238
179.05876642771804
20.674320489844682
5.815785543612612
4.146132019120379
2.863575268821692
3.1056227598611184
2.068884408606638
0.3997162485110588
4.487753882915173e-12
129.1838410991637
424.1356780167264
340.8449074074074
168.97662783751494
60.62473864994026
5.815785543612612
4.146132019120379
2.863575268821692
3.1056227598611184
2.068884408606638
0.3997162485110588
4.487753882915173e-12
48.534572879330945
255.3755973715651
236.3048835125448
112.22744922341698
7.606780167268525
5.815785543612612
4.146132019120379
2.863575268821692
3.1056227598611184
2.068884408606638
0.3997162485110588
4.487753882915173e-12
92.96632317801672
288.60513739545996
482.7273745519713
150.68436379928315
40.089045698924735
15.523148148148149
4.146132019120379
2.863575268821692
3.1056227598611184
2.068884408606638
3.759920101553166
4.487753882915173e-12
85.87141577060933
366.2623207885305
246.7588859020311
116.70661589008363
7.606780167268525
15.523148148148149
4.146132019120379
2.863575268821692
3.1056227598611184
2.068884408606638
1.5197841995221024
4.487753882915173e-12
45.55152329749104
297.19160692951016
501.40382317801675
129.77635902031062
12.087152777777776
28.963784348864994
4.146132019120379
2.863575268821692
3.1056227598611184
2.068884408606638
3.0132205794504183
4.487753882915173e-12
137.76993727598565
272.9241338112306
396.8458781362007
184.65763142174433
74.06660692951016
21.123282556750297
4.146132019120379
2.863575268821692
3.1056227598611184
2.068884408606638
0.3997162485110588
4.487753882915173e-12
4.487753882915173e-12
572.3603643966547
525.6571087216248
366.8552120669056
32.248543906810035
12.163007765830345
4.146132019120379
2.863575268821692
3.1056227598611184
2.068884408606638
0.3997162485110588
2.986872759856631
160.9173387096774
557.0452508960573
638.7836021505377
241.40681003584234
30.754778972520914
5.815785543612612
4.146132019120379
2.863575268821692
3.1056227598611184
2.068884408606638
0.3997162485110588
4.487753882915173e-12
202.35775089605735
328.55361409796893
485.69071087216247
161.8817204301075
14.700642174432497
14.776508363201911
9.37314814814815
2.863575268821692
3.1056227598611184
2.068884408606638
0.3997162485110588
4.487753882915173e-12
73.17839008363202
202.35775089605735
259.8241487455197
25.981929510155318
23.287783751493425
5.815785543612612
4.146132019120379
2.863575268821692
3.1056227598611184
2.068884408606638
0.3997162485110588
4.487753882915173e-12
78.033527479092
444.67331242532856
264.30779569892474
120.06608422939068
7.606780167268525
5.815785543612612
4.146132019120379
2.863575268821692
3.1056227598611184
2.068884408606638
0.3997162485110588
4.487753882915173e-12
188.1724163679809
472.29054659498206
363.9926821983274
395.97744922341695
19.554099462365592
20.75014934289128
4.146132019120379
2.863575268821692
4.225690710872162
2.068884408606638
0.3997162485110588
4.487753882915173e-12
81.01627837514935
513.7604540023895
554.4235364396653
291.4377986857826
7.606780167268525
5.815785543612612
4.146132019120379
2.863575268821692
3.1056227598611184
3.562320788530465
3.386589008363202
4.487753882915173e-12
239.32272998805257
312.12477598566306
389.3794802867383
152.55227001194743
15.073775388291514
7.309221923536438
4.146132019120379
2.863575268821692
3.1056227598611184
6.549257019115888
0.3997162485110588
4.487753882915173e-12
273.296370967742
467.8199671445639
582.7949522102748
303.38747013142176
51.6627464157706
5.815785543612612
4.146132019120379
2.863575268821692
3.1056227598611184
2.068884408606638
0.3997162485110588
4.487753882915173e-12
82.88418458781362
408.0783303464755
438.66338112305857
132.38761947431303
34.48846326164874
5.815785543612612
4.146132019120379
2.863575268821692
3.1056227598611184
2.068884408606638
0.3997162485110588
6.347222222222222
112.75462962962963
255.3755973715651
348.6831690561529
30.08874701314218
7.606780167268525
