0.0
0.0
0.0
0.0
0.0
0.7467278972520908
0.0
38.08262395459976
126.94190561529271
121.71255227001194
47.417712066905615
11.574025537634409
0.0
0.0
0.0
0.0
0.0
0.0
0.0
34.72207287933094
130.67312574671445
121.71255227001194
107.15344982078852
14.93414351851852
0.0
0.0
0.0
0.0
0.0
0.0
0.0
35.46875000000001
118.72849462365589
107.9002016129032
130.67312574671445
17.174473566308244
0.7467278972520908
0.0
0.0
0.0
0.0
0.0
0.0
44.42947281959379
126.56851105137396
116.11402329749106
87.73797789725211
38.08262395459976
0.0
0.0
0.0
0.0
0.0
0.0
0.0
29.86869026284349
67.94914874551971
138.1439292114695
85.12731481481482
1.493414351851852
0.0
0.0
0.0
0.0
0.0
0.0
0.0
40.69593787335723
130.67312574671445
153.82362604540023
85.12731481481482
8.960569743130227
2.240142249103943
0.7467278972520908
0.0
0.0
0.0
0.0
0.0
32.1086096176822
152.70306899641574
107.15344982078852
110.88847819593788
0.0
7.093738799283154
0.0
0.0
0.0
0.0
1.8667764336917563
0.0
13.814392921146954
96.32515681003584
167.63597670250897
52.64288381123058
11.574025537634409
4.106933243727599
0.0
1.493414351851852
1.1200899790919951
0.0
0.0
0.0
40.32254330943847
86.24406362007169
141.87481332138591
136.27624701314218
10.453856780167264
8.587029569892474
0.0
0.0
0.0
0.0
0.0
0.0
12.320687724014338
148.22087813620075
148.96766726403823
169.13026433691758
15.307683691756269
0.0
0.0
0.0
0.0
0.7467278972520908
0.0
0.0
40.32254330943847
178.83800029868578
172.49189814814815
130.67312574671445
12.694190561529268
0.7467278972520908
0.0
0.0
0.0
0.0
0.0
0.0
85.12731481481482
123.20687724014337
210.5752688172043
89.97909199522103
1.8667764336917563
0.0
0.0
0.0
1.1200899790919951
0.0
0.3733557347670251
0.0
21.654760304659497
94.08788829151733
111.262208781362
29.12205047789725
15.307683691756269
0.0
0.0
0.0
0.0
0.0
2.9868690262843485
0.0
44.802830047789726
107.52684438470726
90.35285991636798
45.54999253285544
10.827396953405017
0.7467278972520908
0.0
0.0
0.0
0.0
0.0
0.0
53.76340352449223
135.90247909199522
109.0207586618877
107.52684438470726
3.3602337216248506
2.240142249103943
3.733557347670251
0.0
0.0
0.7467278972520908
0.0
0.0
33.22883064516129
160.16969086021504
152.70306899641574
130.67312574671445
0.0
0.7467278972520908
0.0
0.0
0.0
0.0
0.0
0.0
85.12731481481482
110.51508363201911
200.86790621266428
124.7008288530466
7.467278972520908
0.0
0.0
0.0
0.0
0.0
0.0
0.0
60.109132317801674
139.26030465949822
156.06507616487454
100.06018518518518
12.320687724014338
0.0
0.0
0.0
0.0
0.0
0.0
4.853823178016726
39.57579151732378
143.36910095579452
135.90247909199522
53.76340352449223
0.7467278972520908
0.0
0.0
0.7467278972520908
0.0
0.0
0.0
0.0
52.64288381123058
94.08788829151733
128.06283602150538
82.51280615292713
0.7467278972520908
