1281.124208303397
731.0279448800738
730.4307177328869
572.4770326707505
480.7737191157889
743.1285719014744
875.6575884817519
1318.4881685366342
1899.5242686256015
2294.3708617357333
1894.3002391256784
1917.569166486605
957.3363965465259
600.6456097364565
538.527368153853
632.5734294322895
647.6176119195501
978.9771615668038
1447.173286510347
2016.8425806528867
2056.923619962868
2761.4159999979283
2502.437974792302
1659.7020634065402
1195.0789599762618
847.6687160022725
446.0997686381964
597.4751166589283
339.817959826997
1229.702311697782
1299.508684961582
2081.453400306566
2421.498384103464
2550.5373688330114
2067.335501462581
1464.3833597523296
1465.7129313502198
2120.1244882464516
714.1663134434573
1032.0757305512461
943.971842515174
1366.9156157722389
1640.9148391715662
2214.090845627512
3689.6158658237655
3862.0584484976034
3110.2034853866944
1891.7788733482132
1616.0902092424576
1205.3840961416083
597.4780963879538
643.4865328713515
586.0007626390733
835.1108219048882
1157.5064001127034
1750.871117587852
2693.407179107983
2541.3995891670793
2109.636712800522
2087.2691909585456
1551.5775349326825
1399.309626406734
1252.834468500898
675.3362315693998
585.7455855531455
1135.0985520899987
1631.2775640698558
1999.1575533804687
2916.1963721973107
3184.6270321152956
2776.460340873736
2504.3759300644556
1659.3360957866516
1862.4530970113315
1158.5817572586097
785.6649247641093
627.373390245092
759.7160554159984
1348.1946497001184
1576.2122614223908
2594.3272602147335
2449.6999222199665
2110.710855934938
1352.1655805355172
1585.3576847872118
925.2423889396118
761.603244404977
815.5935711536567
710.8175550332677
1234.388374993554
1806.846934345853
2125.8524494525122
2670.405322742803
3323.141659612992
3048.494271829026
2057.572604063791
1469.234820636482
1204.1104052518572
783.1511449636262
852.1274023288205
772.6609514595009
1040.0198064719195
1494.757262519031
2264.1870132265085
3168.8188912645655
4023.1453761684534
3469.229707594161
2234.129048677921
1982.144409522328
1647.7512500056391
720.905810336017
791.7909397720521
1007.9348565176635
1290.2250856808084
1855.5205951200685
2234.258087123058
3826.174165744576
4410.95475919959
4365.523080121194
2799.6445067422806
1631.3708558071605
1500.4035838468515
858.7359282601806
873.1818029223316
1124.723942387563
1531.7687042552368
2206.092237159865
2801.8946205799757
4217.9159801526575
4859.948056145828
4586.553266932696
2853.1623573012603
2124.157600133578
1869.5398077041932
1291.2530309353008
1551.5703606504314
1476.6303984829242
1863.9707692752286
1958.8432137728348
2771.7616235799865
4048.4866130770965
4230.869406008287
4601.035591231925
2735.205349070941
2557.779998626692
1767.9652935237493
1068.3545082953444
1549.5180334175031
1006.0813166377679
1689.0633512527281
1889.1341236725461
2504.5243650868306
3439.4072835106813
4424.37576963622
4001.566504669464
2473.244738534439
1993.172637577719
1574.7252240208682
1091.6852076742152
1875.6262962214562
1376.7367098761383
1695.2614680911042
2273.851795019951
2357.8965171137766
3437.3739088702623
3629.275429592864
3002.0243446194872
2566.5053039293816
1822.801021631544
1639.2232081159812
1120.5546722817003
1307.0129963543677
1454.8650442454057
1563.1646966539415
1803.8751378199906
2292.934583880782
3190.5062605542394
3986.5721575694283
3720.094665815939
2788.0201165491867
1996.5052377780348
1114.038496277703
933.7190914068453
1036.2058735902965
866.4808013355106
1130.332366692158
1459.722302314742
2210.2485794711815
3138.591205508453
3339.602870434078
2844.8449111334526
1910.1353166325607
1723.6413679965592
1104.7316964601273
736.9015815615952
697.094004129605
564.9281250235114
994.9952560361565
987.8901954936538
2152.094549119149
2789.6242452697566
3217.1241363254376
3096.7504712438144
2485.3242441621946
1524.4276771366567
853.291577999843
695.1845155972475
782.3736146856136
681.7724539516997
1017.6310018080138
1156.0656926382942
1913.2507971803839
2570.5659743507804
3287.015392200092
2795.517357908835
2090.0318132748303
1299.7424024983857
823.7533771524323
670.537644155907
788.0843725976055
631.0596554948913
1024.2076735914864
1317.8675201559342
1724.0103934704666
1908.741385086302
2770.594541889973
2071.42226077191
1866.1448588891917
1320.7655323583901
1079.0600760425536
628.7126218747479
865.3208924868336
599.2169178625551
940.9571606654661
1477.5799394807982
2245.6362243984186
2796.9550326805024
3615.5610183012504
2720.306983615784
1976.7259744062817
