2274.0663192651646
2070.0872825443503
1944.7663584138909
2082.140925293213
2036.8381176372939
2212.7301590430525
2121.550073547463
2733.0333559619626
3769.6636204774545
3943.3278136473227
2656.441230015762
2797.1224072273467
2987.52356052502
2414.003103016027
2087.2577056687874
2105.33997289107
2008.919563943146
2735.549946065013
2360.4165265043744
3293.044047946793
3316.509492125355
3831.4154399620866
3885.7953934004254
3093.5893431257755
2605.027287335879
2322.0015453033484
1861.6290398448862
1789.3097231404097
1844.7891714085386
1739.1218046786655
2661.7656480738874
2959.5935698107473
3969.510092586142
5117.7319252846255
4050.271620040838
3391.427225493071
2767.170226750459
1533.03999377214
2367.951464279778
1385.6090784455116
1451.2162794924736
1723.7988169371147
1962.8788587354861
2279.0461809023027
3238.980094467731
3467.597692075861
3022.567060655511
2232.131983413926
1969.4994236988493
1345.0650959922657
961.071543968599
1141.2456875905868
1086.2406330841154
1417.451275907278
1616.1236574603736
2613.246035449263
2842.0471918021285
2767.82824060077
2850.210846611754
2074.9182314304703
1599.158967877725
1196.0554224043447
1047.4222597195358
1066.445673773701
832.3585074468132
1316.3008215419104
1447.3999057663914
1929.2812167615923
2382.323716880704
3205.522566762846
2497.3956231318
1830.845501450358
1501.4629663063656
914.2902796576883
713.7098273750975
721.4741802897967
827.5566638412695
979.8609027128922
1162.2100428452798
1522.4705686207183
2462.602409557625
2650.4967412163833
1981.372071586074
1941.0283344184327
1546.1616647752646
1177.8047993338769
722.1349920901619
783.9335726470856
703.5991157112846
1165.894372604068
1394.4904640650884
2298.8861449423575
2493.7729265361136
2936.1036145114385
2504.4137760106255
1594.6172463875655
1157.7984295074496
755.0789827608179
718.8345492348332
779.3423504321655
688.1321637504207
1585.9018674038196
1463.7705876385048
1874.3296058191013
2505.7759402490346
2432.8503866224573
1939.3949032333485
1065.2330211988303
1121.9988039369043
941.6045766185424
811.8733095893025
878.2596487027569
988.3413555469342
1188.4459096802111
1583.4122879217407
2179.3779870633207
2939.2023206131553
3836.883634647617
2868.049401805781
2547.0133612823047
1731.3314815538747
1700.3774451073057
960.9389673880181
1135.1363130776476
1141.3114957776454
1525.9513804798482
1735.5869504215138
2267.6051753888164
2726.0244516281664
3040.380142466017
2878.7650724882524
2337.9615284482124
2233.5869870810106
1743.5729954282085
1307.7843556067457
969.0512608147086
1019.3514744984557
1363.719978019254
1983.601289489682
2448.069572355373
3414.6691586266793
4113.917942447954
3462.834127671591
2826.337073234622
2379.374943369822
2712.0546528427467
1336.2976854906851
1257.6421201857222
1493.898332020085
1676.1208407987253
2292.8435546761298
2895.755637488264
2857.2766495501082
4323.315995143986
4398.368737345691
2948.9774558283466
2443.7654168489275
1719.9935819957782
1477.4008662763654
1644.1717561975613
1593.551787534443
1872.894882816313
2257.0073804440854
2417.970751731458
3637.867957556045
3863.807575650212
3579.114103430715
2677.073098134877
2396.9021043675075
1635.3909761864697
1883.5747140977107
1149.4957360497083
1030.861876309324
1460.5105016121256
1805.0574406873752
2017.566845678871
2984.7808871970105
2913.370992694876
3035.432591443178
2239.2663829769053
1439.8312533096964
1138.3820147962213
869.9577383975859
796.0430301016461
1102.6346879842563
1305.9275093146186
1544.6217012096051
2245.604967613357
3186.641384719922
3394.0424985702793
2883.3871751716833
2327.8510117117125
1481.7352934744558
1288.396548610664
1430.1020967945701
1304.5889096702256
802.19540026246
665.7386871890836
1166.940030469759
1493.7262956842624
1691.962137294848
2235.363159622927
1436.5507139260135
1062.9766000463048
832.2358671008145
548.7646477429732
646.9024330106288
448.0129628038933
463.91923561239264
887.6802760015628
1051.2574825128456
2031.8092686558923
2300.2947452587846
2926.098352176198
2131.3456509195867
1066.4764070621652
1002.1646172534639
719.4280224630658
687.760075458177
747.5805755545947
578.4454660534338
891.7912615544499
1256.3537283399255
2036.7865098085806
2866.77431519383
2709.801643144453
2506.4464169845746
1868.6559700003017
1757.5244854647221
1051.874946860953
687.9911164984043
701.3682267162245
898.8854849175136
1021.5538628010704
1520.928546858336
2519.4063707544533
2554.933937997109
3187.7130867002943
2698.4329543445756
2564.2484243764134
