22.626082735961766
13.688358721624851
2.6346774193548383
8.461320191158899
8.849947729988052
8.511238052568698
19.173573775388288
99.71662186379929
124.19541517323775
148.77389486260455
88.82840501792114
27.263552867383513
8.681376941457586
9.239321983273596
6.473491636798088
3.9611745818399045
2.1606593488649937
8.800141875746716
33.5106780167264
116.82534348864993
178.54129330943846
208.12948028673839
133.46326164874552
26.769115890083633
26.132243130227007
12.990143369175627
3.0390344982078847
3.635748954599762
4.448991935483871
13.454823775388292
11.79696833930705
83.09513142174433
187.4369026284349
213.43824671445643
95.67839008363202
20.656362007168457
33.09233124253286
17.199148745519715
8.851217144563918
3.268003285543608
2.7299469832735963
9.26377688172043
12.716547192353644
71.92502986857825
108.89523596176822
155.47379032258067
90.14374253285544
72.07362604540023
35.60860961768219
21.546594982078854
6.081093189964158
6.356481481481482
5.981854838709677
5.953517025089607
27.685745221027478
103.11006571087216
212.32153524492233
192.56907108721626
195.57310334528077
73.41136499402629
24.826500896057347
12.71957138590203
7.432459677419355
3.3176224611708474
5.014560931899641
17.28251941457587
44.37126642771804
88.07086320191159
233.77090800477902
248.4632616487455
165.1198476702509
38.083109318996414
14.18238500597372
9.975321087216248
5.629405615292712
2.1437425328554363
3.186305256869773
7.3658527479092
33.05551821983274
93.25492831541219
277.14456391875746
226.38403524492233
100.26321684587813
48.182123655913976
21.903039127837516
8.83378136200717
4.872087813620071
8.82396953405018
4.437582138590204
15.64340651135006
35.0293458781362
94.33131720430106
204.21221624850656
167.55899044205495
73.35760155316608
33.55592891278375
12.556152927120669
16.858833632019117
9.364135304659499
2.97296146953405
3.8819332437275986
8.344384707287933
34.835274790919954
101.14545997610514
185.7571684587814
264.4612455197133
95.94048685782558
26.164650537634408
25.863313918757466
7.545437574671444
6.291143966547192
3.8433169056152936
2.2544914874551973
11.26381421744325
39.748170549581836
95.61790621266428
179.2562724014337
125.95878136200717
64.83796296296296
40.82325268817205
22.568623058542414
8.468824671445638
4.723528972520907
3.975769115890083
3.3294056152927127
12.499663978494626
24.631235065710868
98.30458482676224
167.1733124253286
145.90427120669057
80.15083632019116
39.41203703703703
26.372535842293907
11.049768518518519
1.6981742831541216
1.5909834229390685
3.065031362007168
16.145945340501793
42.481332138590204
97.90023894862604
213.58198924731187
202.501866786141
109.97125149342891
52.359617682198326
21.083183990442055
9.193175029868579
5.203890382317803
4.716293309438471
2.4912410394265234
9.097819593787335
26.241972819593787
53.98782855436081
209.7965203106332
213.7959229390681
166.1043906810036
67.66278375149342
18.202807646356035
6.9514262246117084
7.169765531660693
3.6884333930704907
5.291554659498208
8.118242234169653
21.841696535244925
83.23663381123059
186.12604540023895
255.14934289127834
184.57586618876942
47.40703405017921
22.872461170848265
8.353307945041816
4.863313918757467
3.4519787933094386
3.8284460872162485
9.351590501792115
25.731892174432495
83.80787037037037
200.131421744325
224.96303763440855
100.7325268817204
49.110663082437284
17.465464456391874
6.7324148745519725
7.963896356033453
3.344709528076463
4.587970430107527
7.78864247311828
36.309550477897254
89.91114097968936
277.8647700119475
214.53666367980884
94.33841099163679
49.2928614097969
11.888440860215054
9.583370669056155
6.160842293906809
3.5401359020310634
2.537059438470729
7.9185334528076465
34.30245669056153
91.67226702508961
167.2875597371565
158.57862903225808
103.9788679808841
49.37948028673836
13.669280167264036
16.015830346475507
6.96139486260454
4.2706989247311835
3.600448028673835
8.259072580645162
10.141278375149342
64.56317204301077
147.1412037037037
135.32780764635604
97.45631720430107
32.448215352449225
10.127240143369175
9.623431899641576
3.6599649044205496
7.0963261648745535
12.84557945041816
5.377837514934289
45.181451612903224
101.33997909199522
198.9142771804062
325.2714307048984
89.97535842293907
42.67951015531661
22.733198924731184
7.439889486260454
6.512432795698925
4.317809139784947
2.31343339307049
7.414725209080048
28.02497759856631
81.545325567503
147.78412485065712
167.15837813620072
44.94769265232975
27.821199223416965
