20.00350955794504
4.146132019120379
2.863575268821692
6.092495519713261
2.068884408606638
0.3997162485110588
4.487753882915173e-12
212.0676523297491
574.9738649940263
580.1851851851851
422.4887992831541
54.278113799283155
10.669242831541217
4.146132019120379
2.863575268821692
3.1056227598611184
2.068884408606638
0.3997162485110588
4.487753882915173e-12
92.21848864994027
282.6303016726404
276.62522401433694
109.98805256869773
7.606780167268525
21.123282556750297
4.146132019120379
2.863575268821692
3.1056227598611184
2.068884408606638
0.3997162485110588
4.487753882915173e-12
157.93010752688173
455.86805555555554
485.69071087216247
176.07153524492233
34.862044504181604
8.802658303464753
7.87970430107527
2.863575268821692
3.1056227598611184
2.068884408606638
0.3997162485110588
4.487753882915173e-12
76.53748506571087
347.22222222222223
288.20340501792117
198.47110215053766
40.089045698924735
5.815785543612612
4.146132019120379
2.863575268821692
3.1056227598611184
2.068884408606638
0.3997162485110588
4.487753882915173e-12
134.0344982078853
361.4116636798089
377.8057795698925
157.40292712066903
27.021505376344088
18.88332586618877
4.146132019120379
2.863575268821692
3.1056227598611184
2.068884408606638
0.3997162485110588
4.487753882915173e-12
157.55824372759858
467.8199671445639
281.4799880525687
96.17495519713263
22.91427718040621
5.815785543612612
4.146132019120379
2.863575268821692
3.1056227598611184
2.068884408606638
0.3997162485110588
4.487753882915173e-12
97.82183393070491
325.1941457586619
341.21677120669057
84.60125448028674
12.460237455197133
9.175989396654721
7.133004778972523
2.863575268821692
16.173163082437277
2.068884408606638
3.386589008363202
4.487753882915173e-12
85.87141577060933
352.44922341696537
362.12477598566306
66.67600059737157
34.48846326164874
11.042801672640383
4.146132019120379
5.103711170848268
3.1056227598611184
2.068884408606638
7.120034348864994
4.487753882915173e-12
4.487753882915173e-12
237.82706093189964
277.7494026284349
49.50347222222222
16.56750298685782
5.815785543612612
4.146132019120379
2.863575268821692
3.1056227598611184
2.068884408606638
0.3997162485110588
4.487753882915173e-12
46.67133363201911
222.52202807646353
209.798013739546
18.14142771804511
7.606780167268525
5.815785543612612
4.146132019120379
2.863575268821692
3.1056227598611184
2.068884408606638
0.3997162485110588
4.487753882915173e-12
57.49738649940263
339.3839605734767
238.17278972520907
25.235289725209086
7.606780167268525
5.815785543612612
4.146132019120379
2.863575268821692
3.1056227598611184
2.068884408606638
0.3997162485110588
4.487753882915173e-12
143.74029271206692
374.84879032258067
496.18316905615285
349.3107825567503
53.15830346475508
11.41633064516129
4.146132019120379
2.863575268821692
5.345758661887693
2.068884408606638
0.3997162485110588
13.067540322580642
181.82571684587813
502.16509856630813
485.69071087216247
241.40681003584234
59.50526433691756
5.815785543612612
4.146132019120379
2.863575268821692
3.1056227598611184
2.068884408606638
0.3997162485110588
14.560857228195937
113.50283751493428
413.30533154121866
354.28651433691755
176.07153524492233
20.674320489844682
5.815785543612612
4.146132019120379
2.863575268821692
3.1056227598611184
2.068884408606638
3.386589008363202
4.487753882915173e-12
142.6205943847073
294.9522102747909
396.1025238948626
157.40292712066903
7.606780167268525
5.815785543612612
4.146132019120379
2.863575268821692
3.1056227598611184
2.068884408606638
7.120034348864994
4.487753882915173e-12
67.20318100358423
413.30533154121866
482.7273745519713
97.29465352449223
7.606780167268525
5.815785543612612
4.146132019120379
2.863575268821692
5.345758661887693
2.068884408606638
0.3997162485110588
4.487753882915173e-12
78.033527479092
159.04980585424133
249.37051971326164
18.14142771804511
24.40800477897252
5.815785543612612
4.146132019120379
2.863575268821692
3.1056227598611184
2.068884408606638
0.3997162485110588
4.487753882915173e-12
138.14180107526883
272.9241338112306
291.9343637992831
104.38508064516131
12.833796296296295
9.175989396654721
4.146132019120379
8.090591397849462
6.8391950418160095
2.068884408606638
0.3997162485110588
4.487753882915173e-12
78.033527479092
338.6361260454002
263.5599611708483
101.02561230585424
7.606780167268525
12.536103643966547
4.519489247311827
2.863575268821692
6.465826612903226
2.068884408606638
0.3997162485110588
4.487753882915173e-12
97.4454898446834
426.37432795698925
531.6349313022699
199.5952807646356
38.96882467144564
