29.672864396654713
17.69881272401434
7.917376045400239
4.956615890083632
2.058986708482676
25.694220430107528
29.428091397849464
96.57930107526882
207.6022998805257
156.98999402628434
143.7223715651135
72.62694145758663
13.90438321385902
9.548499103942653
7.66371714456392
2.883673088410992
1.873484169653524
6.7552270011947435
25.53498357228196
102.5100806451613
161.3175776583035
181.63829151732375
149.71624850657108
37.06866039426523
26.414426523297486
14.260566009557945
4.369526583034648
3.4444183094384706
3.4803016726403824
12.507803166069294
23.644675925925927
70.1653972520908
239.93652927120672
178.4106182795699
71.60506272401433
50.35282258064516
16.770646654719236
11.688022700119474
6.146953405017922
4.287432795698924
1.4281660692951015
8.530353942652331
28.17013888888889
72.86103643966545
154.57362604540026
281.18279569892474
154.81406810035844
40.407258064516135
18.28498357228196
6.540061230585424
7.161364994026284
3.917047491039427
3.0644675925925924
13.53307945041816
41.16868279569893
97.68518518518519
167.16659199522104
226.66591995221023
97.13672341696535
41.5478270609319
7.429584826762246
9.192764336917564
3.2754181600955796
5.100433094384708
3.6085237455197134
7.639598267622462
66.50276284348864
94.92122162485067
179.8383363201912
190.00560035842295
63.36768219832736
36.660879629629626
23.58800029868578
7.666778673835125
4.65625
2.573077210274791
4.2963448327359615
4.080768369175627
27.980436081242534
88.45243428912784
238.6633811230586
222.8539426523297
121.88284050179209
60.99910394265233
26.245258363201913
6.320415173237754
6.514598267622461
4.765946087216248
2.9197543309438476
15.90348715651135
43.44347371565114
126.20855734767025
235.47976403823182
263.5386798088411
221.89777479091995
43.00078405017921
16.048200418160096
13.706951911589009
7.198140681003585
5.226381421744325
4.38334453405018
9.042189366786141
23.789090501792113
122.91405316606927
216.39112903225808
209.0442054958184
137.774417562724
28.72151284348865
30.04218936678614
12.72815860215054
6.203890382317801
3.403278076463561
3.5757392473118275
5.045661589008363
29.755376344086027
74.85103046594982
179.27083333333334
187.82930107526883
79.7054211469534
41.58527479091995
14.074708781362007
14.005861708482673
4.810521206690561
3.590710872162485
5.424432497013142
9.234318996415771
25.666778673835125
60.08549880525687
180.30951314217444
157.32937574671445
89.99962664277179
41.151247013142175
39.144489247311824
7.598267622461172
3.196061081242533
3.368451314217443
3.1976702508960573
13.69944743130227
25.12313321385902
80.7631421744325
225.79413082437273
216.38142174432497
157.80204599761055
80.24641577060932
26.74074074074074
20.09916367980884
3.6519489247311827
2.523148148148148
4.462111708482675
13.901209677419354
32.54778972520907
100.0634707287933
155.901284348865
227.8550627240143
115.7993578255675
39.266054360812426
28.229465352449225
18.262320788530467
6.119100955794505
3.107672491039426
3.953666367980885
5.860924432497012
14.816046893667862
86.85035842293907
246.83243727598565
276.0902031063321
191.1406063321386
61.63119772998805
22.519489247311824
8.923648446833932
4.173924731182796
4.889736409796893
3.612593339307049
11.435185185185185
48.888142174432495
106.91868279569893
279.55981182795705
329.2290173237754
173.05331541218638
55.054510155316606
23.097595579450417
11.721176821983274
7.848603643966547
4.1360513739546
2.253356481481482
12.075194145758662
44.619175627240146
123.48230286738351
214.82340203106332
262.888664874552
184.7879330943847
57.39508661887694
24.94198028673835
17.007728494623656
8.689292114695341
4.50397998805257
3.3187163978494625
7.0804958183990445
28.00929659498208
95.0276284348865
219.44033751493424
235.87066905615296
146.64314516129033
59.00910991636798
25.85043309438471
5.497722520908005
7.3479316009557945
5.357515681003584
3.00826986260454
9.717629928315413
28.3824298088411
143.57190860215053
223.93219832735966
264.3544653524492
186.96572580645162
66.11671146953407
13.857526881720434
7.07814366786141
6.517249103942652
4.048652180406213
1.843570788530466
6.305742234169654
22.226739844683394
74.12597072879332
157.84236857825567
174.74649044205498
139.33393070489845
40.97651583034648
14.269825268817204
17.272065412186382
5.674133811230585
2.6997311827956993
6.733534946236559
5.706791367980884
31.356854838709676
100.0634707287933
194.21893667861409
213.73207885304654
183.73805256869773
59.04756571087216
