0
0
0
0
0
23.58555199654714
305.6666500588872
570.8374422870696
897.6400952224786
144.2899535587159
81.30440638516156
0
0
0
0
0
0
114.72159771389741
530.2519065965046
1727.2876439404574
1453.6490127183256
717.1943323789941
166.0200091484682
0
0
0
0
0
0
0
139.96851880250887
1328.414639352122
827.3364344302788
680.3441703407916
0
0
0
0
0
0
0
0
596.397974304007
1425.3215895465719
1190.1549821153008
847.4572888133182
141.2527500150794
0
0
0
0
0
0
69.78522579484611
536.3491267411027
1892.710436212055
1613.9485462139983
888.132920551353
184.3233650512233
0
0
0
0
0
1.018079904570854
1.9657458722723078
351.18652594259135
944.8765251632975
1020.4971631956262
527.7114018417108
58.59948139645325
0
0
0
0
0
0
116.50249881241785
492.6432164375484
938.5196127155477
1412.5362805933494
798.884088659907
129.24920549272161
0
0
0
0
0
0
55.549602253421305
569.9014571103853
1230.9521241454859
1577.0833697058142
689.6425052001302
284.1200699789201
7.373555504323583
0
0
0
0
0
0
496.3975298607174
841.1228990059346
907.239374017493
731.5116172515643
0
0
0
0
0
0
0
0
572.8313720349927
1584.0750762214177
1805.8853189052502
1193.2206802417568
126.22268812984386
3.294462469278905
0
0
0
0
0
38.832074254086585
108.33025604677964
721.4258579131103
904.1687212212286
0
211.0807612174109
0
0
0
0
0
0
0
449.3406649311561
806.0693168276448
1533.1011846540164
552.4114943495692
104.21230699731464
0
0
0
0
0
0
23.20811998226708
566.4282473456693
1801.7134331522502
1918.929516590824
704.7897197562737
206.42336615996103
0
0
0
0
0
0
0
130.2581041085923
1011.7760769646383
1670.6278873885906
1001.8897032194992
134.4744566910456
9.680993275220828
22.87582034137006
0
0
0
0
57.10349215738823
98.60613805456343
1120.0335295075154
846.5182005127065
347.9390713579637
0
0
0
0
0
0
0
0
149.9823363831577
687.3536072063871
1118.320271512208
583.6379588185757
10.363063271829759
0
0
0
0
0
0
54.89531310016437
400.7536796460657
815.463209219093
1432.2801133223802
1228.4506746855086
112.10932991361045
0
0
0
0
0
0
66.36643396790244
630.1127795233359
1853.5836218503086
1672.6167699496405
1194.4341072353718
256.9906152275338
19.0570768629658
0
0
0
0
0
82.324087468049
561.4702770492866
1429.4497835346267
1593.0019309161362
1207.8278521040934
179.1683300111765
0
0
0
0
0
0
0
485.08208253053505
773.0856728731808
1260.2516872763943
601.7341701975492
43.965051599452536
0
