9.175989396654721
4.146132019120379
2.863575268821692
3.1056227598611184
2.068884408606638
0.3997162485110588
0.37335722819593786
236.33512544802866
395.3853046594982
419.62178912783753
293.30533154121866
53.15830346475508
5.815785543612612
4.146132019120379
2.863575268821692
3.1056227598611184
2.068884408606638
0.3997162485110588
4.487753882915173e-12
109.01919056152927
323.3266129032258
322.9245071684587
112.97565710872165
17.31414277180406
5.815785543612612
4.146132019120379
2.863575268821692
3.1056227598611184
2.068884408606638
0.3997162485110588
4.487753882915173e-12
132.54293608124254
360.66345579450416
533.138440860215
37.182609020310636
15.820863201911589
19.629965651135006
4.146132019120379
2.863575268821692
3.1056227598611184
2.068884408606638
0.3997162485110588
4.487753882915173e-12
73.92622461170848
320.3393817204301
259.8241487455197
181.29853643966547
22.91427718040621
16.269825268817204
6.0129405615292715
2.863575268821692
3.1056227598611184
2.068884408606638
0.3997162485110588
4.487753882915173e-12
85.87141577060933
308.3934438470729
223.61111111111111
52.11697281959379
11.340352449223417
13.282780764635604
4.146132019120379
2.863575268821692
3.1056227598611184
2.068884408606638
0.3997162485110588
4.487753882915173e-12
98.565188172043
340.127688172043
429.3279569892473
33.07579151732378
28.88791816009558
5.815785543612612
4.146132019120379
2.863575268821692
3.478979988052568
2.068884408606638
0.3997162485110588
4.106940710872162
24.641763739545997
163.52859916367981
294.17376045400243
86.09244324970132
12.460237455197133
5.815785543612612
4.146132019120379
2.863575268821692
3.1056227598611184
2.068884408606638
0.3997162485110588
4.487753882915173e-12
118.72983870967742
334.1565860215054
367.3521505376344
161.51022998805257
53.15830346475508
11.042801672640383
4.519489247311827
2.863575268821692
3.1056227598611184
2.068884408606638
3.759920101553166
4.487753882915173e-12
67.20318100358423
328.55361409796893
249.37051971326164
414.64605734767025
27.021505376344088
11.042801672640383
4.146132019120379
2.863575268821692
3.1056227598611184
2.068884408606638
0.3997162485110588
2.240135902031063
148.96766726403823
347.9700567502987
335.2464157706093
96.17495519713263
9.8469160692951
9.922726254480285
4.146132019120379
2.863575268821692
3.1056227598611184
2.068884408606638
0.3997162485110588
4.487753882915173e-12
92.59445937873357
239.32272998805257
241.53188470728793
86.09244324970132
13.207325268817204
5.815785543612612
4.146132019120379
2.863575268821692
4.599059139784946
2.068884408606638
0.3997162485110588
4.487753882915173e-12
2.240135902031063
288.60513739545996
240.7836768219833
87.9603494623656
12.833796296296295
5.815785543612612
4.146132019120379
2.863575268821692
3.1056227598611184
2.068884408606638
0.3997162485110588
29.86872759856631
100.43309438470729
310.6332138590203
483.47744922341695
149.56466547192355
37.47550776583035
5.815785543612612
4.146132019120379
2.863575268821692
3.1056227598611184
2.068884408606638
0.3997162485110588
4.487753882915173e-12
76.53748506571087
279.6426971326165
568.5887096774194
127.16061827956989
24.40800477897252
10.669242831541217
4.519489247311827
2.863575268821692
3.1056227598611184
2.068884408606638
0.3997162485110588
4.487753882915173e-12
187.80055256869773
458.12537335722817
554.4235364396653
315.3330346475508
64.73192951015531
5.815785543612612
4.146132019120379
2.863575268821692
3.1056227598611184
2.068884408606638
0.3997162485110588
4.487753882915173e-12
154.57063918757467
374.84879032258067
354.28651433691755
115.96326164874552
14.700642174432497
8.055921445639187
4.146132019120379
2.863575268821692
3.1056227598611184
2.068884408606638
0.3997162485110588
4.487753882915173e-12
192.65158303464753
474.14725209080046
322.1766726403823
120.44205495818399
20.674320489844682
5.815785543612612
4.146132019120379
2.863575268821692
3.1056227598611184
3.562320788530465
0.3997162485110588
4.487753882915173e-12
297.19160692951016
502.16509856630813
435.6791367980884
240.6634557945042
13.954002389486257
13.65628733572282
4.146132019120379
2.863575268821692
3.1056227598611184
2.068884408606638
3.0132205794504183
4.487753882915173e-12
157.55824372759858
395.3853046594982
360.257243130227
95.0548835125448
7.606780167268525
5.815785543612612
4.146132019120379
2.863575268821692
3.1056227598611184
2.068884408606638
0.3997162485110588
4.487753882915173e-12
125.82026583034646
272.9241338112306
243.77165471923536
118.57452210274793
34.11495669056153
