0.0
0.0
0.0
0.0
0.0
0.0
0.0
69.81686827956989
178.83800029868578
158.67540322580646
148.96766726403823
12.694190561529268
0.0
0.0
0.0
0.0
0.0
0.7467278972520908
0.0
22.401422491039426
118.72849462365589
118.72849462365589
67.94914874551971
14.93414351851852
0.0
0.0
0.0
0.7467278972520908
0.0
0.0
0.3733557347670251
38.08262395459976
97.81910842293907
137.7701612903226
86.24406362007169
20.534595280764634
0.0
0.0
0.0
0.0
0.0
0.0
0.7467278972520908
38.08262395459976
120.2227822580645
92.96733124253285
110.51508363201911
20.534595280764634
0.0
0.3733557347670251
0.0
0.0
0.0
1.1200899790919951
0.0
25.761540471923535
97.81910842293907
91.47337962962963
48.164463859020316
0.0
2.6135043309438473
0.0
0.0
0.0
0.0
0.0
0.0
37.70911738351254
67.94914874551971
153.82362604540023
67.94914874551971
14.187481332138592
0.0
0.0
0.0
0.7467278972520908
0.0
0.0
0.0
33.22883064516129
97.07194593787335
95.57803166069296
0.0
8.587029569892474
0.0
0.0
0.0
0.7467278972520908
7.093738799283154
0.0
0.0
65.71221624850656
120.96957138590203
148.96766726403823
111.262208781362
31.735513739545997
5.973573775388291
0.7467278972520908
0.0
0.0
0.0
0.0
0.0
37.33557347670251
105.28573028673836
88.11137246117084
96.32515681003584
24.64175627240143
0.0
0.0
0.0
0.0
0.0
1.493414351851852
0.0
37.33557347670251
126.56851105137396
91.47337962962963
0.0
8.587029569892474
4.853823178016726
0.0
0.0
0.0
0.0
0.7467278972520908
0.0
50.775164277180416
113.12574671445641
121.71255227001194
32.1086096176822
11.574025537634409
0.0
0.7467278972520908
0.0
0.0
0.0
4.480283004778973
0.0
9.707194593787337
111.262208781362
120.96957138590203
96.32515681003584
10.827396953405017
6.7206541218638005
0.0
0.0
1.8667764336917563
0.0
0.0
7.093738799283154
34.34897700119474
99.68679062126643
133.6613649940263
92.5939366786141
16.427848715651137
7.467278972520908
1.1200899790919951
0.7467278972520908
0.0
0.0
0.0
0.0
15.681186529271207
128.06283602150538
243.42928614097968
50.775164277180416
10.453856780167264
2.240142249103943
1.1200899790919951
0.0
0.0
0.0
0.0
0.0
37.70911738351254
126.1951164874552
103.04842443249701
107.9002016129032
20.534595280764634
0.0
0.0
0.0
0.0
0.0
0.0
6.3471139486260455
52.64288381123058
120.96957138590203
155.6913082437276
111.262208781362
0.0
0.0
0.0
0.0
0.0
0.0
0.0
0.0
68.69631123058544
92.5939366786141
138.1439292114695
76.90972222222223
10.080734767025088
0.0
0.0
0.0
0.7467278972520908
0.0
0.0
0.0
85.12731481481482
179.21139486260455
120.2227822580645
172.49189814814815
11.574025537634409
0.0
0.0
0.0
0.0
0.0
0.0
0.0
77.28349014336916
126.94190561529271
113.12574671445641
50.775164277180416
0.0
0.0
0.0
0.0
0.0
0.0
0.0
0.0
47.417712066905615
126.94190561529271
113.12574671445641
86.24406362007169
0.0
