6.104390681003585
3.458669354865921
2.3887022103020024
2.5906137993103657
1.7258064516401148
6.379569892473119
54.778972520908006
137.9965651135006
211.52927120669057
113.79218936678615
49.58109318996416
13.107825567502987
6.211469534050179
3.458669354865921
2.3887022103020024
2.920967741935484
4.826500896057347
8.863888888888889
18.420325567502985
19.889112903225808
97.00940860215053
49.503808243727605
33.48230286738351
6.345579450445371
4.883245594384707
3.458669354865921
2.4730846774193544
2.7625522700119474
5.392883811230584
8.043623058542414
39.03076463560335
132.9786439665472
168.81720430107526
68.91465053763442
36.6274641577061
6.345579450445371
4.851403823205228
3.458669354865921
2.3887022103020024
2.87719160692951
2.4064366786140976
11.223506571087217
71.80406212664278
232.05645161290323
232.05645161290323
158.49051672640383
42.207287933094385
12.62955495818399
6.001680107526882
3.458669354865921
2.3887022103020024
2.5906137993103657
1.7258064516401148
4.317517921146953
43.458781362007166
93.71266427718041
135.27105734767025
60.01754778972521
42.207287933094385
10.4413082437276
4.911107377538829
4.636835424133811
2.3887022103020024
3.740890083632019
1.830884109916368
9.333572281959379
41.076762246117084
95.05301672640383
137.9965651135006
68.91465053763442
39.591173835125446
11.382915173237754
7.858086917562724
4.995855734767025
2.3887022103020024
3.9160319593787336
1.7258064516401148
4.181615890083632
49.87679211469534
82.49701314217444
85.30465949820788
44.8066009557945
30.063844086021504
8.87694145758662
5.158673088410992
3.487327135603345
2.3887022103020024
2.5906137993103657
5.0676896654719235
8.863888888888889
17.354017323775388
60.49880525686977
114.85215053763442
42.53360215053763
28.683915770609318
6.668380376344086
5.814628136200717
4.159199522102748
2.3887022103020024
4.202620967741935
3.3497610513739544
13.432661290322581
82.46341099163679
189.2659796893668
189.2659796893668
127.07623954599761
30.41106630824373
11.967219235364395
4.851403823205228
3.458669354865921
2.3887022103020024
2.674996266427718
3.409460872162485
8.847834528076463
47.046744324970135
148.58124253285544
201.25448028673836
75.05637694145759
26.357526881720432
6.345579450445371
4.8991674133811225
3.458669354865921
4.971848864994027
3.264075567502987
1.7258064516401148
0.3334229390953121
54.0621266427718
121.21042413381123
145.13515531660693
61.39523596176822
31.6819743130227
13.62940561529271
5.016580794504182
3.458669354865921
2.3887022103020024
2.5906137993103657
2.3108945639187572
13.819832735961768
66.70773596176822
140.7706093189964
164.060633213859
115.46482974910394
32.912933094384705
11.81600955794504
8.056264934289128
3.7404756571087217
2.541543458781362
2.5906137993103657
1.7258064516401148
12.386514336917562
54.53629032258065
140.9199522102748
148.86126045400238
73.75709378733572
26.102897252090802
11.615516726403822
5.484244324970131
4.159983572281959
2.4746751792114696
2.5906137993103657
1.7258064516401148
7.988366188769414
36.52367084826762
98.45430107526882
136.32392473118279
92.12626941457587
24.526583034647555
10.888963560334528
5.532034050179211
3.458669354865921
3.1481481481481484
2.5906137993103657
2.1732004181600955
10.4528972520908
54.99178614097969
117.36111111111111
164.57959976105138
109.3753733572282
49.58109318996416
13.107825567502987
8.677195340501791
6.80055256869773
2.3887022103020024
2.5906137993103657
1.7258064516401148
12.059080047789724
86.07004181600956
168.30197132616487
232.05645161290323
129.2006421744325
52.868503584229394
17.56981780167264
6.187985364396654
3.565341248506571
2.461939964157706
2.5906137993103657
1.7417275238948626
0.3334229390953121
37.29540023894862
134.45340501792114
146.8563321385902
85.03248207885305
32.130002986857825
12.89165173237754
4.851403823205228
4.0031735364396654
2.3887022103020024
3.264075567502987
1.7258064516401148
6.701777180406212
45.452508960573475
83.52747909199522
121.6995221027479
87.33236260454002
22.75164277180406
12.586618876941458
4.851403823205228
3.95221027479092
2.3887022103020024
2.5906137993103657
3.0623879928315407
8.373670848267622
37.29540023894862
148.1070788530466
211.3500597371565
117.66390382317802
36.6274641577061
10.23446833930705
5.6792861409796895
3.458669354865921
2.3887022103020024
2.5906137993103657
1.7258064516401148
7.899507168458781
34.42204301075269
115.4868578255675
111.08870967741936
55.08176523297491
25.123581242532854
10.888963560334528
