0
0
0
0
0
0
465.6098997602015
637.2435056084554
1281.8732194757638
485.0438364738892
71.86048464083657
9.37997121368197
0
0
0
0
0
50.95281784531916
555.132432283482
1138.1123900575424
2182.9261931245383
773.3763813634625
102.96867252959119
0
0
0
0
0
0
95.63331760126977
381.49517650860207
1726.0561417416084
1797.8468137612228
822.5600454901344
369.5363143493585
0
0
0
0
0
0
29.850570273486298
612.4571887603989
1893.9916910997374
2275.9181242897334
1345.4982834369741
219.7109713412443
0
0
0
0
0
0
0
624.7504110899677
985.9900061045286
1867.1347767994228
1064.9466899659287
234.84296630570358
0
0
0
0
0
0
76.69868344694378
455.436824628374
1365.6542282696298
2356.6493436018386
745.5414496314361
108.38371825427879
0
0
0
0
0
0
0.8250047861335261
469.2624667362343
1757.554484280661
1803.807935312585
918.9904954699431
101.99894414266186
0
0
0
0
0
0
38.084025789860966
97.45436182962072
908.865430597099
785.0347585947029
60.970014160703684
0
0
0
0
0
0
0
0
368.30575865402665
1308.960787297452
714.0027402062624
848.3418143841807
157.50505053023096
0
0
0
0
0
0
63.40949443117399
383.6844933014204
1417.2392787303784
1905.943562632849
1265.07215873638
290.49445485624767
0
0
0
0
0
0
0
95.76021423077007
1191.8850873037911
1446.2430939810852
552.2847802265202
56.97256229267967
0
3.800305221161402
0
0
0
0
0
280.5908889454931
790.5548305671908
836.539804725701
386.523277503691
155.6954312506002
0
0
0
0
0
0
12.700503494811898
360.59715415570525
866.2799654103147
1386.996646220454
374.874098489846
59.51834823881407
0
0
0
0
0
0
70.68653417402714
502.38190936546215
1601.421387597852
2128.8234519047196
1363.5171673772056
260.4256215655975
31.08903538991615
0
0
0
0
0
0
60.628912845483356
1106.935411227945
1268.5899597719658
492.0273330067091
10.04338728245314
0
0
0
0
0
0
6.235837538170372
381.0593226436116
379.06059645369896
1357.1064871633428
598.6405723191731
95.15902354662069
20.596658091711788
0
0
0
0
0
0
211.2146264799964
1168.3339529466916
669.0692411598953
526.9445516269662
0
0
0
0
0
0
0
0
594.3634515663466
943.2024241203209
2255.382226938888
657.0472344755152
0
0
0
0
0
0
0
0
376.6629293790356
1278.7512321606723
1569.7085468062198
1016.1940408735081
187.06024309361376
0
0
0
0
0
0
23.320166738317965
405.48269483638927
783.8499351192978
1356.3243425930013
420.0428619538218
0
0
