8.055921445639187
4.146132019120379
3.983643219832736
3.1056227598611184
2.068884408606638
0.3997162485110588
13.44108422939068
123.2086320191159
389.0382317801673
435.3031660692952
284.3473715651135
60.62473864994026
8.055921445639187
4.146132019120379
2.863575268821692
3.1056227598611184
2.068884408606638
0.3997162485110588
4.487753882915173e-12
125.82026583034646
356.55615292712065
251.9858870967742
76.38664874551971
48.67618727598566
5.815785543612612
4.146132019120379
2.863575268821692
3.1056227598611184
5.4290882616487455
0.3997162485110588
1.4934363799283155
215.7989844683393
542.8800776583034
638.7836021505377
396.7256571087216
34.48846326164874
9.175989396654721
4.146132019120379
2.863575268821692
3.1056227598611184
2.068884408606638
0.3997162485110588
4.487753882915173e-12
171.74320489844683
510.39650537634407
543.1862305854241
183.5383064516129
39.34195788530466
15.523148148148149
4.146132019120379
2.863575268821692
3.1056227598611184
2.068884408606638
0.3997162485110588
4.487753882915173e-12
188.1724163679809
474.14725209080046
470.37821087216247
290.69407108721623
40.462141577060926
5.815785543612612
4.146132019120379
2.863575268821692
3.1056227598611184
8.416106630824373
0.3997162485110588
4.487753882915173e-12
224.76142473118279
415.1732377538829
568.5887096774194
183.5383064516129
12.833796296296295
33.071049880525685
4.146132019120379
2.863575268821692
3.478979988052568
2.4422416367980886
2.6398521505376342
4.487753882915173e-12
134.0344982078853
448.03726105137395
348.6831690561529
94.6789127837515
7.606780167268525
5.815785543612612
4.146132019120379
2.863575268821692
3.1056227598611184
2.068884408606638
7.120034348864994
4.487753882915173e-12
79.15322580645163
331.1693548387097
340.8449074074074
101.02561230585424
21.794504181600953
10.669242831541217
4.146132019120379
2.863575268821692
3.1056227598611184
2.068884408606638
4.506656959378733
4.487753882915173e-12
93.33818697729988
337.1397102747909
485.69071087216247
396.7256571087216
39.71546445639187
5.815785543612612
4.146132019120379
2.863575268821692
3.1056227598611184
2.068884408606638
0.3997162485110588
4.487753882915173e-12
148.96766726403823
389.0382317801673
638.7836021505377
416.1420997610514
34.48846326164874
12.536103643966547
4.146132019120379
2.863575268821692
3.1056227598611184
2.068884408606638
0.3997162485110588
4.487753882915173e-12
188.1724163679809
363.27508960573476
328.5233721624851
120.44205495818399
12.460237455197133
33.071049880525685
4.146132019120379
2.863575268821692
3.1056227598611184
2.068884408606638
0.3997162485110588
4.487753882915173e-12
136.65023894862605
480.52195340501794
470.775462962963
226.84998506571088
24.034460872162484
5.815785543612612
4.146132019120379
2.863575268821692
3.1056227598611184
2.068884408606638
0.3997162485110588
4.487753882915173e-12
138.14180107526883
448.03726105137395
368.09961170848266
18.14142771804511
34.862044504181604
5.815785543612612
4.146132019120379
2.863575268821692
3.1056227598611184
2.068884408606638
0.3997162485110588
4.487753882915173e-12
170.6235065710872
408.0783303464755
526.013664874552
181.67002688172045
44.19586320191159
5.815785543612612
4.146132019120379
2.863575268821692
3.1056227598611184
2.068884408606638
0.3997162485110588
4.487753882915173e-12
85.87141577060933
568.6417264038232
554.4235364396653
129.77635902031062
44.19586320191159
5.815785543612612
4.146132019120379
2.863575268821692
3.1056227598611184
2.068884408606638
0.3997162485110588
4.487753882915173e-12
115.74223416965353
342.7430555555555
583.9038231780168
216.3959826762246
54.278113799283155
5.815785543612612
4.146132019120379
2.863575268821692
3.1056227598611184
11.776247013142175
0.3997162485110588
4.487753882915173e-12
15.307497013142175
248.28068996415772
206.4340651135006
18.14142771804511
7.606780167268525
5.815785543612612
4.146132019120379
2.863575268821692
3.1056227598611184
2.068884408606638
0.3997162485110588
7.840501792114695
165.3968787335723
562.6680107526881
334.87007168458774
94.30704898446834
41.95545848267623
8.055921445639187
4.146132019120379
2.863575268821692
3.1056227598611184
3.9356929510155325
8.240218040621267
4.487753882915173e-12
4.487753882915173e-12
337.1397102747909
363.9926821983274
34.56910842293907
7.606780167268525
8.055921445639187
4.146132019120379
2.863575268821692
3.1056227598611184
2.068884408606638
0.3997162485110588
6.720318100358422
93.33818697729988
276.65994623655916
250.86618876941463
18.14142771804511
18.06081989247312
