5.018570788530466
3.5446423237753883
2.3887022103020024
2.8548984468339307
1.7258064516401148
0.4070564516129032
49.75731780167265
66.8570788530466
128.57676224611708
62.336096176821975
27.328629032258064
12.391726403823176
6.677568697729988
3.458669354865921
2.3887022103020024
2.5906137993103657
1.7258064516401148
9.970519713261648
58.43040621266428
114.91562126642772
214.94175627240142
90.05787037037035
30.41106630824373
6.345579450445371
5.346550179211469
3.906063321385902
2.3887022103020024
2.5906137993103657
1.7258064516401148
14.340666069295102
41.91308243727599
171.30749701314218
178.19967144563918
94.89284647550777
56.034572879330945
11.440412186379929
8.144265232974911
3.474590427120669
2.423727598566308
2.6503173536439664
1.8054136798088412
8.13957586618877
64.12783751493428
187.50373357228196
224.081541218638
145.07579151732375
41.80107526881721
7.125709378733572
4.851403823205228
3.458669354865921
2.3887022103020024
3.4328330346475506
1.7258064516401148
4.994787933094384
65.41218637992831
100.71311230585424
185.07691158900838
118.3546146953405
43.36058841099164
6.345579450445371
4.942152031063322
3.458669354865921
2.487414127837515
2.5906137993103657
1.7683953106332138
12.820355436081243
49.316756272401435
137.17891278375149
232.05645161290323
87.91479988052569
31.369474313022707
8.537858422939069
8.45116487455197
4.127352150537634
2.3887022103020024
2.5906137993103657
1.7258064516401148
5.658990442054957
50.75044802867384
174.82078853046596
179.26747311827958
104.65240442054959
30.87402927120669
6.711768219832734
4.851403823205228
3.458669354865921
2.3887022103020024
2.5906137993103657
1.7258064516401148
9.328718637992832
15.277777777777779
93.71266427718041
81.8847072879331
22.6653972520908
15.539277180406213
6.345579450445371
4.851403823205228
3.458669354865921
2.3887022103020024
3.521990740740741
3.6760752688172045
4.112918160095579
41.31944444444444
132.1423237753883
75.21654719235364
98.17465651135007
36.425104540023895
9.82433542413381
6.467368578255675
3.458669354865921
2.3887022103020024
2.688526732377539
2.3069369772998805
11.96574074074074
42.9136798088411
142.64486260454004
189.44519115890083
138.2060185185185
49.27718040621266
9.851366487455197
5.64426523297491
4.132131123058542
2.3887022103020024
2.853311678614098
1.7258064516401148
1.8156884707287932
15.474910394265233
121.21042413381123
145.58318399044205
70.1280615292712
27.050104540023895
7.8298237753882916
11.179808841099163
7.043720131421744
2.883848566308244
3.223454301075269
3.0791143966547194
0.4607900238948625
33.29114396654719
82.93757467144565
87.3618578255675
54.41345579450418
36.6274641577061
10.803464755077659
4.851403823205228
3.753207138590203
2.3887022103020024
2.5906137993103657
2.505936379928315
7.4473715651134995
41.076762246117084
90.33004778972521
140.19563918757467
53.453927718040624
27.551896654719236
6.345579450445371
4.851403823205228
3.458669354865921
2.3887022103020024
2.5906137993103657
2.427120669056153
13.114187574671446
54.778972520908006
160.84229390681003
211.3500597371565
148.24186081242533
46.91494922341697
15.957287933094381
6.104390681003585
4.390046296296297
2.4842293906810036
2.775302419354839
1.7258064516401148
1.7233198924731183
12.625448028673835
113.66114097968936
129.15919952210274
64.98319892473118
23.08430406212664
9.235289725209078
4.851403823205228
3.458669354865921
2.5399529569892474
2.5906137993103657
1.7258064516401148
7.18452807646356
43.43264635603345
44.14202508960574
137.78375149342892
75.35132915173237
31.369474313022707
15.217667264038232
4.851403823205228
3.458669354865921
2.3887022103020024
3.521990740740741
2.358646953405018
5.603360215053764
27.311827956989248
119.8439366786141
72.08408004778973
68.6570340501792
15.427826314217443
6.425186678614098
4.851403823205228
3.458669354865921
2.3887022103020024
2.6172815860215053
1.7258064516401148
2.1380824372759855
64.12783751493428
98.45430107526882
224.081541218638
81.28024193548387
16.4798013739546
10.172864396654719
5.849649044205496
3.6457362604540022
2.3887022103020024
2.5906137993103657
1.7258064516401148
5.109781959378733
43.43264635603345
130.7347670250896
158.61335125448028
115.83071983273597
40.5973715651135
6.441106630824371
6.656063321385902
3.8248581242532858
2.3887022103020024
2.5906137993103657
1.7258064516401148
9.328718637992832
46.33736559139785
83.52747909199522
138.35125448028674
58.94601254480287
22.804286140979688
12.395459976105139
