5.815785543612612
4.146132019120379
2.863575268821692
3.1056227598611184
2.068884408606638
0.3997162485110588
4.487753882915173e-12
125.82026583034646
215.7989844683393
174.70056750298687
18.14142771804511
40.462141577060926
5.815785543612612
6.759636350059737
2.863575268821692
3.1056227598611184
2.068884408606638
5.626732377538829
4.487753882915173e-12
124.32870370370371
411.4377986857826
281.1084976105137
96.91830943847073
18.807459677419352
17.763104838709676
4.146132019120379
2.863575268821692
3.1056227598611184
4.682388739545997
0.3997162485110588
31.73517771804062
137.0221027479092
387.1706989247312
342.7128136200717
240.28711170848268
53.15830346475508
26.723827658303463
4.146132019120379
2.863575268821692
3.1056227598611184
2.068884408606638
0.3997162485110588
4.487753882915173e-12
92.21848864994027
226.62933094384704
200.08773894862603
96.91830943847073
21.42096027479092
5.815785543612612
4.146132019120379
2.863575268821692
3.1056227598611184
2.068884408606638
0.3997162485110588
4.487753882915173e-12
173.23924731182797
311.3810483870967
391.2473864994026
170.09632616487454
47.556003584229394
5.815785543612612
4.146132019120379
2.863575268821692
3.1056227598611184
3.562320788530465
0.3997162485110588
4.487753882915173e-12
57.49738649940263
266.20594384707294
277.7494026284349
233.94041218637992
7.606780167268525
31.950828853046595
4.146132019120379
5.477079599761052
3.1056227598611184
2.068884408606638
6.746938470728792
4.487753882915173e-12
273.296370967742
514.47020609319
246.7588859020311
101.02561230585424
7.606780167268525
5.815785543612612
4.146132019120379
2.863575268821692
3.1056227598611184
2.068884408606638
0.3997162485110588
4.487753882915173e-12
76.53748506571087
424.8790322580645
291.9343637992831
90.57160991636799
7.606780167268525
5.815785543612612
12.360215053763442
2.863575268821692
7.212563470728792
2.068884408606638
0.3997162485110588
4.487753882915173e-12
180.329674432497
363.27508960573476
411.0356929510156
123.80114994026285
30.754778972520914
5.815785543612612
4.146132019120379
2.863575268821692
3.1056227598611184
2.068884408606638
0.3997162485110588
16.801224611708484
163.52859916367981
352.8210872162485
239.29211469534056
18.14142771804511
44.19586320191159
8.055921445639187
4.146132019120379
2.863575268821692
3.1056227598611184
2.068884408606638
0.3997162485110588
13.814180107526882
101.92465651135007
223.26538231780168
398.71415770609315
241.40681003584234
53.15830346475508
5.815785543612612
4.146132019120379
2.863575268821692
3.1056227598611184
2.068884408606638
0.3997162485110588
4.487753882915173e-12
112.75462962962963
363.27508960573476
263.5599611708483
153.29562425328555
15.820863201911589
5.815785543612612
4.146132019120379
2.863575268821692
3.1056227598611184
2.068884408606638
0.3997162485110588
4.487753882915173e-12
73.92622461170848
241.5621266427718
238.17278972520907
101.02561230585424
7.606780167268525
5.815785543612612
4.146132019120379
2.863575268821692
3.1056227598611184
2.068884408606638
4.13328853046595
4.487753882915173e-12
140.38119772998806
407.33049581839913
306.4956690561529
54.730510752688176
7.606780167268525
35.31100657108722
7.133004778972523
5.103711170848268
3.1056227598611184
2.068884408606638
0.3997162485110588
4.487753882915173e-12
145.23633512544802
276.65994623655916
281.4799880525687
161.8817204301075
24.40800477897252
5.815785543612612
4.146132019120379
2.863575268821692
3.1056227598611184
2.068884408606638
0.3997162485110588
4.487753882915173e-12
237.82706093189964
486.4964157706094
574.2114695340501
189.88463261648747
60.62473864994026
17.763104838709676
4.146132019120379
2.863575268821692
3.1056227598611184
2.4422416367980886
0.3997162485110588
4.487753882915173e-12
125.82026583034646
423.7597072879331
193.3691756272401
87.58400537634408
13.207325268817204
5.815785543612612
4.146132019120379
2.863575268821692
3.1056227598611184
2.068884408606638
0.3997162485110588
4.487753882915173e-12
157.55824372759858
568.6417264038232
463.694743130227
287.70646654719235
55.76963859020311
5.815785543612612
4.146132019120379
2.863575268821692
3.1056227598611184
2.068884408606638
0.3997162485110588
4.487753882915173e-12
91.84662485065711
337.1397102747909
288.20340501792117
181.29853643966547
32.248543906810035
5.815785543612612
4.146132019120379
2.863575268821692
3.1056227598611184
2.068884408606638
2.6398521505376342
4.487753882915173e-12
85.87141577060933
264.3380376344086
242.28009259259258
96.17495519713263
33.74182347670251
