1699.5933951313534
1654.6975797367045
1770.280601992147
1711.874874665973
1444.4862881868758
1373.6671811457995
1821.1155577917884
2694.157474838904
3435.34273860768
3386.3717204573586
3499.7179138568617
3066.3817038223274
3312.9525517137895
1909.1910771797059
1442.9213608360512
1205.2990678731505
1070.0988693866943
1289.1663719162666
1326.4705707098701
2075.2083773972117
3368.147451354744
4154.708861407724
3676.9643711483354
2517.3437562082136
1548.4845868430468
1486.9066266952236
1474.4396805258905
1243.9816765454275
884.6429146507725
1247.9845361601474
1618.7616307501125
2002.5973108501744
2820.7256167796895
2772.3835083192726
2642.669618846093
2099.925060021147
1554.2147010634812
963.291502135341
942.2322139810918
644.4491101808762
726.7432526854252
1065.2302065727167
1409.9905052408612
1936.3304625629955
3066.498758595571
3297.6725502001145
2857.666635028271
2104.3901338022147
1322.8483969664708
1317.3742357772117
658.233330856293
796.418018086405
807.3204467788587
1142.9574937985567
1732.6219844466339
2304.130630730026
2939.254517070947
4424.721796455013
3359.5164917730435
2219.8357978880554
1631.203094968524
1278.5682845608562
943.7729840325585
860.1010799863652
813.8534458428703
1290.8198440926874
1659.28815621442
2494.8413758117713
4052.6873593538235
4005.1992767389515
4391.8611398582025
2726.6927983440255
1692.9867827639523
1703.7882635286562
1516.2504773900318
1498.2232058274303
1656.19411530483
2179.368047276811
2550.1399379318987
3062.7842222945537
4164.363811887374
4379.920987034782
3918.4644028286066
3021.5739213359952
2110.210309488528
1801.654661191702
1462.3813369228985
1448.5413870138718
1394.3677954753227
1756.7265914660734
1847.9161551493173
2700.302341178916
2960.3138016854573
3363.0154648698617
2781.042957611581
2065.365988173707
1784.4930942326573
1532.3787146903267
919.1914959194208
1374.4181583772067
1110.5985698137417
1092.0569368482634
1699.2490680745864
2328.3553637342748
3421.4492974772284
3579.4066515567447
3403.9953512620236
2616.187927112808
1952.7815548329622
1603.8350836376585
1173.6800524208436
1157.9229476872254
976.2932298002195
1313.2701610989684
1906.8249335310604
2654.211992439665
3211.2049677159034
3302.3673189367446
3093.5367076600232
2620.4293036359472
1784.5592145287856
1602.4907851610697
1258.7748656855097
1261.2437242186274
1110.9535582029746
2014.0641791656308
2037.3423939699019
2657.4058548989724
3366.295964471654
3806.741402920021
3963.5137657379555
2476.6968181734233
1980.333626865956
1996.8949824353776
1373.1116330858383
1463.3621964479225
1379.5262646716944
1820.2368307298277
2449.8800155948193
3059.537982600297
3483.4678780113854
5276.2277916116345
4411.262480419503
3065.1687227268544
2146.402429928962
2048.560148661146
2059.3006835492274
1820.9890661235952
1860.8500651443396
2308.053253433134
2291.6732925793553
3203.797326556366
3809.924155523826
4320.1749781188955
3990.165257656324
2872.8657846813917
2670.8370902360243
2738.096105890641
2312.574477387476
1534.1086961617189
1468.7584627883246
1833.0993993187026
1914.3593219016727
2662.415715142452
3474.3523288224733
3522.020015913056
2892.726558627851
2906.073926987923
2952.191616762967
2542.6342632235082
1984.9058408898247
1857.218902865718
1434.6685108672696
1713.4713491330328
1991.317868554759
2613.744306103005
3089.7631153929483
3847.1864048812563
3713.1325615745995
2566.7445042433333
2122.852807222479
1683.605140542936
1447.2861322147908
1326.1748476046328
1189.3214562040891
1728.8327064472358
2084.5696141426993
2918.8379537244664
3866.78693056819
3657.404729753075
3674.5021691979696
2639.9102411023923
2087.5898372319234
1208.4725006715964
1007.6308901040085
1012.2649991266185
1110.0571004566054
1507.449508574985
1654.2599976143233
2861.800970863473
3031.110543059484
3182.8997859670144
2948.121024559227
2154.455441892183
1575.7037860076236
790.2536120500221
774.6916467203062
837.8934996915879
896.4874834469204
1184.634451628803
1400.482549717147
2224.3761630704676
2780.095226889609
3214.3164301331885
3205.1608390916313
1868.5241071816383
949.908419523476
1109.2792545419193
862.5433826565036
877.3831442523251
843.6190510295389
1263.3978154672332
1764.5504390627452
2316.670806403562
3345.9095302475935
3619.1526736104033
2891.6507553955666
2131.018850824674
1443.4340956797755
979.8604195312051
823.0456826573045
811.2490316744086
806.1129755835825
961.2299600979636
1661.6436416910722
2191.3907420208793
2715.4894226147903
2916.67993257843
2760.873814559629
2269.486465744394
