4.851403823205228
3.458669354865921
2.3887022103020024
2.5906137993103657
1.7258064516401148
0.3334229390953121
42.9136798088411
69.77673237753883
109.61768219832736
81.43331839904421
28.619698327359618
11.758885902031063
4.986734617682198
5.460685483870968
3.175179211469534
2.5906137993103657
2.8760827359617687
0.8269638590203107
32.9043458781362
105.8355734767025
135.27105734767025
58.94601254480287
25.227374551971327
6.835125448028674
5.729838709677419
3.9044578853046596
2.3887022103020024
2.5906137993103657
1.7683953106332138
0.3334229390953121
69.77673237753883
119.3847072879331
163.90008960573476
84.68152628434886
22.57616487455197
6.609864097968937
5.018570788530466
3.458669354865921
2.3887022103020024
3.9001269414575868
1.7258064516401148
11.000612305854242
52.97565710872163
130.7347670250896
152.49402628434888
64.16554659498208
21.740591397849464
13.788455794504182
5.484244324970131
3.458669354865921
3.069332437275986
2.5906137993103657
4.187612007168458
15.611200716845879
47.64411589008363
124.58183990442055
148.1070788530466
94.93391577060932
32.68966547192354
7.265008960573475
4.851403823205228
5.742196833930705
3.0573850059737158
2.5906137993103657
1.7258064516401148
15.611200716845879
54.88724611708483
135.52867383512546
189.2659796893668
105.46632317801672
30.41106630824373
9.312798685782555
5.332213261648746
3.458669354865921
2.6482153524492236
2.5906137993103657
2.5696311230585422
11.319086021505376
50.75044802867384
121.44937275985663
134.45340501792114
92.56683094384707
30.87402927120669
6.839120370370369
11.9761798088411
5.130339008363202
2.5733908303464754
2.72753509557945
1.7258064516401148
9.722983870967742
62.76881720430107
178.19967144563918
191.82347670250897
113.79218936678615
36.44638590203106
11.392622461170848
5.395908004778972
3.643357974910394
2.3887022103020024
3.080159796893668
1.7683953106332138
12.687813620071685
54.4578853046595
157.69862604540023
185.59587813620072
91.51396356033453
30.608198924731184
10.171370967741936
4.851403823205228
8.383997909199522
2.3887022103020024
4.501082735961768
4.937163978494624
14.31789127837515
51.40755675029869
138.35125448028674
261.6636798088411
102.82295400238948
41.613649940262846
14.274193548387096
4.851403823205228
6.312462664277181
2.6529868578255673
3.937126642771804
5.821535244922343
9.118145161290322
50.38829151732377
60.77882317801673
101.23581242532856
33.378509557945044
33.55361409796894
6.934662485065711
4.851403823205228
6.312462664277181
2.479849910394265
2.7816606929510157
1.7258064516401148
9.722983870967742
63.1347072879331
191.11036439665472
179.00985663082437
124.55981182795699
39.84206989247313
8.39146505376344
5.429323476702509
4.46326164874552
2.50333408004779
3.7846848864994027
1.8121789127837515
12.79944743130227
64.70280764635604
154.0359916367981
137.78375149342892
96.99111409796893
34.29136798088411
10.803464755077659
8.357190860215054
10.065972222222221
2.8094011350059738
2.861271654719235
1.7258064516401148
20.222535842293908
80.34274193548387
185.59587813620072
190.54659498207886
147.62582138590204
47.636648745519715
13.435259856630825
7.197393966547192
4.039799880525687
2.3887022103020024
3.0841547192353644
7.34744623655914
15.263978494623656
87.77628434886499
141.7749402628435
191.82347670250897
105.60073178016727
47.636648745519715
13.242607526881718
5.048823924731183
3.496482974910394
2.3887022103020024
2.78803390083632
1.7258064516401148
7.4473715651134995
41.91308243727599
108.72535842293907
108.03464755077658
62.336096176821975
22.939441457586618
6.345579450445371
4.851403823205228
3.458669354865921
2.3887022103020024
2.7816606929510157
1.7258064516401148
0.7808169056152926
42.02508960573477
37.130376344086024
64.70280764635604
29.719235364396656
15.133288530493163
6.345579450445371
4.851403823205228
3.458669354865921
3.402852449223417
2.913803016726404
1.8213336320191158
1.2807422341696535
49.245818399044204
104.40188172043011
114.85215053763442
81.71333632019116
19.84206989247312
6.345579450445371
4.851403823205228
7.996079749103942
2.3887022103020024
2.5906137993103657
1.7258064516401148
11.804450418160096
0.3228009259259259
92.51045400238948
118.89187574671446
56.36611409796894
31.64613201911589
8.845243428912784
6.656063321385902
6.55417413381123
2.3887022103020024
5.55783303464755
1.8213336320191158
14.340666069295102
47.54704301075269
121.67712066905615
136.1036439665472
84.68152628434886
26.21415770609319
6.345579450445371
