15.782631421744327
6.086245519713261
5.504032258064516
4.0500858721624855
3.4192540322580647
7.508475209080046
46.04390681003584
101.33997909199522
132.3155615292712
192.21512843488648
154.35222520908005
51.31533751493429
15.018817204301076
8.138888888888891
4.428390083632018
3.7330869175627246
6.147214755077658
2.7492532855436083
30.76108870967742
68.89336917562723
209.75209080047793
327.6198476702509
126.8929211469534
40.424245818399044
30.529569892473123
11.403897849462364
4.695900537634409
2.9974051672640383
2.9607937574671443
9.766801075268816
14.226553166069294
72.90919952210275
145.7452210274791
197.60491338112305
90.30913978494624
36.470467443249696
20.612604540023895
16.043757467144562
5.7444743130227005
4.316024492234169
2.99249178614098
3.3983908303464756
44.28390083632019
84.16069295101553
218.8325119474313
231.60282258064515
182.6653972520908
54.87716547192353
16.659498207885303
6.47057945041816
6.375560035842294
2.957724761051374
4.776303016726404
9.52016129032258
32.42237903225806
88.0051523297491
240.23558841099162
248.99380227001194
163.92286439665475
39.76396356033453
26.730212066905615
8.276135005973718
4.727374551971326
4.606406810035843
3.56343339307049
8.315785543608124
8.020945340501791
87.43876941457587
207.51157407407408
220.83856033452804
165.45773596176824
82.70422640382318
29.43301971326165
8.673013739545997
5.250261350059737
3.581511350059737
3.5786439665471925
8.9557945041816
32.49245818399044
91.26978793309438
214.8708183990442
182.9603494623656
73.22879330943846
35.10050776583034
14.774380227001195
11.174133811230586
4.910991636798088
4.24066233572282
2.9758027180406215
5.3741412783751485
68.09065113500597
101.28509557945041
222.10349462365596
214.39180107526883
113.89075567502987
43.346214157706086
16.010528673835125
7.435110513739545
10.667824074074073
6.243018219832736
6.377128136200717
16.706690561529268
34.62877090800478
87.45445041816009
171.88620071684588
196.6819743130227
93.39904420549583
25.835834826762245
27.9544504181601
12.203890382317802
2.2225171744324967
7.357153524492234
4.225944593787336
21.542525388291516
44.67293906810036
76.24813321385902
213.65479390681003
226.61701015531662
74.0983422939068
39.9941009557945
24.377090800477898
13.592293906810033
0.8799171146953405
2.2722483572281957
2.9853867980884115
11.47330495818399
30.227449223416965
92.61200716845879
214.2547789725209
225.6899641577061
186.52964456391877
78.05368876941456
27.422267025089607
5.867196833930705
10.175328554360812
5.612343189964157
3.230693697729988
26.16031959378733
35.04879778972521
124.2555256869773
226.93324372759858
265.68772401433694
186.78128733572285
54.76179808841099
39.91633064516129
9.960946833930706
3.026747311827957
2.7673573775388287
3.5439740143369183
5.31067054958184
40.12294653524492
109.34774492234168
137.06317204301075
191.61402329749103
133.8971027479092
31.03666367980884
19.151471027479094
6.151060334528076
9.829114396654719
4.4339979091995225
3.143077956989248
7.35207586618877
36.405913978494624
136.1025238948626
251.16263440860214
250.70265830346474
222.64075567502982
52.84722222222222
20.776060334528076
11.613836618876942
2.4402777777777778
3.4610961768219832
2.3317465651135008
7.191308243727598
20.677307347670247
74.74163679808841
200.53987455197134
243.29599761051375
94.83646953405018
17.642286439665472
10.64153972520908
9.114732676224612
4.341677867383512
4.404640830346476
2.139908154121864
3.966267174432497
31.200156810035843
80.24492234169654
174.06996714456395
157.88679808841098
74.45676523297492
35.40027628434886
16.69306302270012
14.367756869772998
7.841696535244922
5.688321385902031
2.0196908602150536
12.786477001194744
31.000485364396656
69.63112305854241
160.41106630824373
158.49985065710874
65.06421744324972
38.58814964157706
20.479988052568697
6.853195937873357
5.297491039426522
1.3275089605734764
3.708094384707288
6.475918458781362
44.75321087216248
107.01239545997608
189.21034946236557
217.50298685782556
106.19623655913979
44.42278972520908
15.692727001194744
16.490479390681003
6.5677270011947435
5.787040770609319
2.9690486857825564
10.24369026284349
31.044018817204297
120.02912186379929
209.0311379928315
219.31750298685782
123.88142174432497
50.19227897252091
31.57500746714457
15.040919952210276
5.529159199522103
3.56875
3.31028972520908
6.6450119474313025
5.291957885304659
72.40367383512545
162.41487455197134
94.18085424133812
59.52583632019116
43.386536738351246
