11.865890083632019
10.023521505376342
3.8567689665471923
3.7336917562724006
7.183318399044207
15.181078255675029
35.94366039426523
115.73327359617682
227.5358422939068
115.25089605734767
90.17398446833931
29.28009259259259
24.76291816009558
5.818249701314217
5.419832735961768
7.2226702508960585
6.720392771804062
33.012395459976105
55.45848267622461
137.0859468339307
237.07026583034644
247.25843787335722
173.12051971326164
49.89135304659498
25.279495221027474
9.847147550776583
4.237600806451613
4.494324970131422
4.251863052568698
5.210648148148148
62.835648148148145
100.35767622461171
207.91181302270013
198.57900238948625
90.459229390681
34.151993727598565
28.789127837514933
12.360215053763442
6.613799283154121
2.6649454898446834
0.8835939366786141
4.1711992234169655
29.267062425328554
87.4992532855436
147.461917562724
151.0203853046595
145.87813620071685
40.36682347670251
26.873506571087216
13.689926821983274
9.028935185185183
2.7006533751493427
1.4123431899641576
5.183206391875746
21.5182945041816
88.75
93.21311230585424
113.31205197132617
123.41547192353644
48.90270310633214
16.6655839307049
5.4917861409796895
4.213343787335723
3.904831242532855
2.9527516427718044
14.451426224611708
30.63325119474313
115.23110812425328
199.43100358422936
212.9543757467145
75.58579749103943
53.37066905615293
30.635043309438476
17.01758512544803
4.392573924731183
2.5067204301075265
3.7250448028673837
5.664874551971326
32.75907258064516
99.73080943847071
230.28151135005973
234.504554958184
213.85603345280765
75.94198028673836
31.078442353643972
15.132243130227002
6.157071385902032
3.815001493428913
2.9490628733572284
8.35834826762246
40.0489844683393
65.83445340501794
234.05391278375149
222.7736708482676
117.60939366786141
31.817278972520906
19.0423013739546
10.28864247311828
2.9199858124253284
3.6382168458781363
4.294444444444444
8.847968936678614
19.218451314217443
94.03225806451614
212.29278673835125
141.27613500597374
107.22558243727599
28.232153524492233
13.090651135005974
10.687537335722821
7.622759856630824
4.8423013739546
5.637432795698925
8.500560035842293
37.500037335722816
89.75358422939068
155.34386200716847
158.6219384707288
122.75500298685785
23.5308766427718
17.16394115890084
8.067577658303465
4.528826911589008
3.16526284348865
2.890789277180406
5.9827135603345285
40.92936081242533
72.26478494623656
228.4113649940263
213.38747013142174
139.78681302270013
63.05592891278375
18.99533303464755
7.4759557945041815
8.683505077658303
2.3611783154121864
5.610961768219833
6.6295922939068115
28.769227897252097
78.30122461170848
246.69354838709677
187.39396654719235
131.2238649940263
49.587066905615295
11.853569295101552
7.47883064516129
11.145086618876944
3.309539277180406
2.2497386499402627
8.484916367980885
37.00545101553166
102.42756869772998
221.09206989247312
190.82399940262846
86.48596176821984
35.67275238948626
16.15692204301075
6.56432945041816
3.8726851851851847
2.604790173237754
1.2508281063321387
5.175067204301075
16.49148745519713
27.6269041218638
107.44772998805257
108.03464755077655
71.50574970131423
31.810334528076464
11.250224014336917
9.95329301075269
4.7572057945041815
2.2276284348864994
3.8209864097968937
12.274790919952212
41.218339307048986
69.66584528076464
200.80570489844683
177.317054958184
42.54245071684587
19.31418010752688
18.62111708482676
14.480809438470725
5.823178016726405
1.8521468040621263
2.9333146654719235
4.08430032855436
26.95206093189964
82.62283452807647
170.42749402628434
241.27613500597366
143.78061529271207
64.37798685782556
10.394974611708482
9.325791517323777
6.234879032258065
5.151097670250896
3.8926261947431304
7.967293906810035
48.77538829151732
64.27755376344086
190.14262246117084
173.38373655913978
132.848715651135
40.26956391875746
15.057721027479092
21.037821087216248
3.009681152927121
2.3779607228195934
9.570191158900837
1.2627654569892472
25.616151433691755
79.87604540023895
186.54308542413378
220.48536439665472
73.57302867383513
34.218787335722816
22.742719534050178
7.382056451612903
7.779121863799283
4.378192204301076
4.250242682198327
4.599033004778972
31.081989247311828
95.06608422939068
162.87597072879328
222.50298685782556
81.13388590203107
45.00373357228196
12.812612007168456
9.96960872162485
12.030801971326165
3.891991487455198
2.6355436081242534
14.764896953405017
15.901209677419358
68.23850059737156
208.4371266427718
216.74693847072885
100.4140531660693
39.22535842293907
