0
0
0
0
0
11.859185509091944
438.22302700034464
1209.969760088742
1191.463273239205
728.6825760198867
154.31904198850685
0
0
0
0
0
0
22.627250342332317
461.2618378987746
1286.9183936417714
1547.4512827302733
741.3303837529489
94.96919522971068
0
0
0
0
0
0
22.572609715965086
322.1866340952209
509.35923313945784
1316.6722319213186
462.0063567207199
35.486023130720646
0
0
0
0
0
0
156.08824948495584
799.4102204210919
1879.1231128440631
2259.696872796304
1016.5952069734138
217.74718699237926
0
0
0
0
0
0
0
303.4791297279605
1063.5635574784824
1373.0633162259455
488.8482730005762
54.711693904269865
0
0
0
0
0
0
0
195.74335091272278
549.1708800020072
823.0415927057811
427.90853445819823
3.0284315159275437
0
0
0
0
0
0
37.87484797609769
555.7200533551111
1089.656858832633
1611.2997214535646
602.2047278474816
111.92546744015289
0
0
0
0
0
0
33.22776832271639
412.2558477913889
1230.0993762362868
1484.7637012470327
921.9468660125556
0
0
0
0
0
0
0
6.0464104573905715
579.2313112227246
1444.7019013954207
2178.467719298258
916.0449207163194
142.85160070944238
0
0
0
0
0
0
0
362.66112113893513
849.7329316574989
1157.4941152015467
564.3881682943254
39.608254139401836
0
0
0
0
4.715969960996166
0
0
364.3062865127295
1191.8850873037911
1406.9132702056968
485.0326894260423
6.90621671322927
0
0
0
0
0
0
0
371.83133100045126
1380.997632239831
1735.6934038893808
753.3079250544674
96.79015197939353
8.415228540970844
0
0
0
0
0
52.14916687593495
356.70938533850097
1164.6790096158106
1188.8929275824612
604.2113894097982
37.31307643475198
0
0
0
0
0
0
9.517366013931571
616.7371214323678
1468.39196704827
1627.6880725737758
1107.5632396591652
194.42442682246735
0
0
0
0
0
0
47.366036960255585
449.7929660115526
1416.120745756022
2164.786196331105
1068.8160874869957
335.6548717507924
0
0
0
0
0
0
48.429684611049694
282.42637013465105
713.7667643151088
1159.7181209745736
565.898636835302
208.38445664100536
0
0
0
0
0
0
0
358.33096459230234
1129.4443173433463
1289.5934347082825
922.6501967882566
70.16219729712302
0
0
0
0
0
0
54.557368854401815
647.2200077192738
2256.855724598218
3226.867068635422
1158.014603053771
310.468027115228
13.983338810397115
0
0
0
0
0
97.39282253375985
482.7038493312459
1403.218078038808
1826.7564112028745
1075.5671740873672
119.62304177939629
0
0
0
0
0
0
0
260.9678352187071
793.1846125386527
1302.979435185594
166.88840406851713
0
0
