4.851403823205228
3.458669354865921
2.3887022103020024
2.5906137993103657
1.7258064516401148
6.136514336917562
47.136350059737154
121.67712066905615
119.9260752688172
85.65598864994027
35.22140083632019
6.835125448028674
7.091397849462366
3.549817054958184
2.3887022103020024
2.5906137993103657
1.7258064516401148
7.259199522102748
49.44369772998805
129.15919952210274
154.11439665471923
86.99260752688173
29.64531063321386
8.849126344086022
6.370258363201912
3.458669354865921
2.3887022103020024
2.8931115591397845
1.7258064516401148
7.34731182795699
36.235439068100355
54.84991039426523
132.1423237753883
60.37970430107527
24.058393070489846
6.345579450445371
6.535058243727598
3.5287223715651135
2.3887022103020024
2.5906137993103657
2.2193473715651133
20.222535842293908
82.02284946236558
186.08124253285544
222.52837514934288
113.5943100358423
41.613649940262846
10.445415173237752
5.344944743130227
3.8889262246117084
2.969832735961768
2.5906137993103657
1.7258064516401148
3.3106854838709676
34.6598715651135
108.13918757467144
137.78375149342892
63.20975209080048
26.118951612903224
9.82433542413381
4.851403823205228
3.5549917861409797
2.4364658004778974
2.5906137993103657
1.7258064516401148
1.252852449223417
24.457885304659495
59.02777777777778
85.26359020310633
57.51232078853047
21.28509557945042
7.905839307048983
4.851403823205228
3.458669354865921
2.834490740740741
2.5906137993103657
1.7258064516401148
9.205510752688172
59.02777777777778
110.89083034647551
160.84229390681003
74.33206391875747
31.824223416965353
9.996303763440858
4.851403823205228
3.458669354865921
2.3887022103020024
2.755790770609319
1.7258064516401148
8.863888888888889
45.411439665471924
124.46236559139786
148.86126045400238
105.07803166069297
18.66737604540024
6.345579450445371
5.249439964157706
3.458669354865921
2.3887022103020024
2.5906137993103657
1.7258064516401148
6.367622461170848
61.510603345280764
145.13515531660693
215.3935185185185
104.65240442054959
35.022401433691755
10.172864396654719
5.610849761051374
4.4712514934289125
2.487414127837515
2.5906137993103657
1.7258064516401148
1.3587365591397849
40.90128434886499
88.32138590203107
117.80540621266428
71.1398596176822
25.262843488649942
6.4964307048984455
7.313209378733571
3.458669354865921
2.3887022103020024
5.444407108721625
1.7258064516401148
4.994787933094384
41.18130227001195
121.21042413381123
141.81600955794505
63.691382915173236
22.258064516129032
10.72057945041816
5.114101702508961
3.5323028673835126
2.3887022103020024
2.5906137993103657
1.7544642323775388
5.094847670250896
42.02508960573477
139.45265830346474
173.4281660692951
89.52023596176822
30.98902329749104
13.532332735961768
5.25739247311828
4.159199522102748
2.711503136200717
2.6686267921146953
1.912873357228196
11.223506571087217
40.70340501792115
118.89187574671446
121.23282556750299
75.4035991636798
25.42637395459976
10.934513142174433
4.851403823205228
3.6457362604540022
2.3887022103020024
2.803953853046595
1.7258064516401148
7.259199522102748
65.72207287933094
148.1070788530466
163.3811230585424
123.74215949820788
40.5973715651135
6.345579450445371
4.851403823205228
4.245146356033453
2.3887022103020024
2.686140979689367
4.063060035842294
11.000612305854242
49.87679211469534
143.2534348864994
214.94175627240142
120.19153225806451
54.24992532855436
11.400462962962962
6.76187275985663
4.6527404420549585
2.3887022103020024
2.5906137993103657
4.3089531063321385
11.223506571087217
33.99006869772999
76.17980884109916
118.89187574671446
72.21886200716845
42.207287933094385
11.923163082437275
4.851403823205228
3.458669354865921
4.442502986857826
2.5906137993103657
1.7258064516401148
1.161305256869773
41.39411589008363
116.1215651135006
131.47774790919954
106.53412485065711
29.117756869773
10.604465352449223
4.851403823205228
3.493694743130227
3.069332437275986
2.5906137993103657
1.810188918757467
12.059080047789724
69.18682795698925
224.19354838709677
317.07362604540026
129.23051075268816
52.26366487455197
14.859991039426523
5.181757765830347
3.458669354865921
2.3887022103020024
2.5906137993103657
1.912873357228196
16.287724014336916
53.580495818399044
142.648596176822
183.21759259259258
121.51321684587813
34.14239844683393
11.615516726403822
7.818623058542413
3.458669354865921
2.3887022103020024
2.5906137993103657
1.7258064516401148
6.686842891278375
32.50336021505376
84.42353643966547
133.24746117084825
34.71326164874552
16.95945340501792
6.743615591397848
