0
0
0
0
0
0
190.15895889998643
1062.3491657040352
332.8043724028846
566.4629672982619
108.89946313546024
0
0
0
0
0
0
0.17186653110172045
516.413047576194
613.622396031258
1546.6313902571549
1038.796781602411
143.50664295969875
0
0
0
0
0
0
13.565851950134757
547.5543909649938
1484.8266763891588
1694.413047333505
1006.5833429811739
127.99102611757846
0
0
0
0
0
0
40.98714434756039
336.741089596719
1777.2025632622228
1374.3489038596251
770.7084835564484
113.61927480599934
0
0
0
0
0
0
41.167095567844925
151.24667751768573
737.7824941570971
1398.2514882689566
888.132920551353
5.143854895906685
0
0
0
0
0
12.342385460126408
0
779.5799697896643
2493.941638663895
2364.088859730871
1177.5426443745662
120.0622950165249
0
0
0
0
0
0
25.325340807638888
608.9906626741075
1935.1937465267786
2664.6468690043416
1054.891779818808
145.42438470419108
0
0
0
0
0
0
38.13409299416205
597.4130311844594
1279.1697167380787
1933.5995734095177
1403.0549902658413
66.05753264319726
0
0
0
0
0
0
19.102376705897157
547.0385842215298
1730.6483619688977
2098.860117745092
623.9152910866895
282.86351080502186
0.1692912500133943
0
0
0
0
0
111.76190631886817
432.11975315805114
1036.516832493819
2251.5872304942586
1470.2603307793909
273.34959225170763
0
0
0
0
0
0
23.34155752768276
125.04560849600311
1441.8443913659175
601.2781895605356
328.0005060329717
89.81041324847422
0
0
0
0
0
0
32.2586306137203
473.608511406664
693.0790987870234
1867.8723166731327
588.5935433340373
108.70890944653806
0
0
0
0
0
1.296750078078535
16.138115501980366
63.36335785940888
1172.4623877520112
1410.5416731021744
86.6631889916381
47.043213830211954
0
0
0
0
0
0
0
492.9341047059639
1562.9715668093218
2654.504455488949
1264.7425258001447
355.68704629678024
0
0
0
0
6.888492247382754
0
0
289.3983274213495
909.572059973465
1202.0584484219062
1154.3320671763624
93.65778393717235
35.13293751348512
0
0
0
0
0
40.811815734108265
319.45276649068444
1219.4496346854792
1382.2946592063538
400.28446419491974
32.56878310456574
0
0
0
0
0
0
0
499.305800315122
1296.8192426719008
1526.082383334328
903.0235540164527
0
0
0
0
0
0
0
0
421.1712472652714
1873.5250047654815
1404.5690548958771
525.1670074743204
92.18505967197824
0
0
0
0
0
0
0
296.3313881603975
469.1817130447821
1212.9313664000074
562.4462810168775
94.10064034570453
0
0
0
0
0
0
45.10910789721879
145.95446902993768
889.5242182734196
483.9240289729298
123.35118035286601
0
0
