751.6435905764633
405.2845310633215
190.03565934886498
125.07233228793308
71.61175123207886
117.26067809139786
563.311233198925
2040.8106892174421
3690.8984132317787
4546.5549656511375
3229.9104428016703
1004.0588448327361
411.50126530764646
329.5033926971326
105.38548752986858
254.63308583482683
91.15677124402629
190.73150649641573
687.907719160693
2973.4587626941466
6872.033437873357
4951.804204002389
2589.3493876941457
795.9061917562723
287.3812268518518
145.9820934139785
87.26788720878137
118.268130114994
76.20516804808841
134.72349432497012
577.703825044803
3106.3130675029865
6298.949503434887
5346.7107153524485
3021.569358572282
564.4062037037036
263.66147886798086
176.7387037037037
218.28385155316607
126.9919593787336
223.17180290471921
485.0853106332137
734.3346292562724
3587.087858422939
6070.28169056153
5736.395993876943
2891.6082661290316
699.7473988201917
653.3147894265234
235.8730577956989
157.7771844758065
95.76896796594981
153.6692682198328
125.33037167712071
571.7407564217443
2525.1937051971336
5889.934165919955
5713.134375
1815.7742906212668
507.3807653823179
413.4935360663083
324.0617241636799
229.2749940262844
181.5949305928913
99.04722233422936
185.31571236559137
793.5862018369176
3684.0986335125453
7166.75815038829
4633.840109767025
2548.9535058243728
1138.1395534647552
534.6690509259257
227.01940262843493
122.840829338411
192.8896989620669
82.73826258213856
206.71340987156506
551.9605839307053
3870.701597968937
6966.562473864994
6352.9529793906795
2870.942402180407
713.8356918309435
337.98970728793313
192.63537485065717
119.62306264934288
137.18545769862607
244.65416397849464
187.0210894563919
622.8772838261651
3168.4015270310642
7148.270008213857
5123.020624253284
896.9923872461166
1218.32372311828
461.75129032258053
229.68928203405028
221.22926747311823
79.8590158676822
117.75984711021508
311.60664127837526
1208.1154345878142
2668.741487455197
7369.959363799286
4010.4939553464756
3272.132022849461
1153.13167562724
341.85903636499404
215.93763142174433
164.51340875149342
220.91112716547198
138.4088118652927
267.9340516726403
687.2673383363202
3321.097696385902
7146.959498207885
6274.648842592591
3534.7400014934283
953.8922043010751
304.04120407706097
186.05258960573474
173.08491450119482
134.4766239545998
98.37837537335724
194.26026284348862
450.47183729091984
1511.0643630525685
4763.6807571684585
3576.0918197431315
1935.455790770609
939.7468376642772
313.94011462066914
211.00193100358422
198.97046706989244
130.66424533303464
135.64421673387093
300.46886200716835
462.5123786589009
1394.933303464755
5821.473566308244
4364.018712664277
1739.2409759557945
497.77268443847083
347.32335834826756
233.41024268219832
145.68870183691757
84.48201571833928
95.12726265681005
105.08881421744324
853.5197931600958
2484.901508363201
5961.815236708482
5656.482956242532
3256.8134296594976
1253.787406660693
604.4257556750299
298.5420392771803
177.15571087216247
177.92478643966547
207.81217473118284
201.77712514934302
1055.4704749103944
3279.6253808243728
9190.782015382316
5835.5937873357225
3513.7693623058544
816.6958034647553
609.9867992084825
200.9587272252091
124.93218974014339
195.95619100955795
123.35566655465948
303.0604536290323
425.51460349462366
2733.7368802270016
7167.127049731182
6172.402102001192
3266.9770049283147
1595.6606145459966
576.4853057795697
193.28598454301078
168.87705645161284
177.91918940412188
182.02771434438472
124.07189773745516
330.55206541218627
1717.9696199223417
4888.547927867382
3286.9504816308236
1384.9330197132613
931.7842629928317
259.922344683393
236.8214784946237
224.08231108124252
141.25699204749105
125.73418862753883
305.7250858721626
804.5169526583035
2798.530062724015
8777.138250448028
4500.586028972522
1769.6749103942657
1364.7501194743131
493.9941905615291
294.5496792861408
158.43529121863799
95.48207385005972
91.10470075418164
427.03118802269995
696.0865008960573
3879.206597222222
7143.899074074073
4045.3649604241346
3279.4646953405004
1090.479562425328
247.84993466248505
389.94047379032247
255.7956761499403
151.22952191606922
128.83437570937875
122.55204823775391
1033.2727411887695
3262.678879181601
7740.140412186379
4777.436047640382
3061.9965240442057
875.3775974462363
315.69770086618877
239.09716397849462
124.09881395609324
139.74675948327356
94.38224891726405
144.71060782556748
584.5397539575865
2994.4387246117085
6321.997853195937
3504.789041965352
1642.6444108422936
275.00804248805264
