0.7467278972520908
0.0
0.0
0.0
0.0
0.0
0.0
76.1667413381123
100.80734767025089
114.24630376344086
153.82362604540023
21.654760304659497
14.561017771804062
0.0
0.0
0.0
0.0
0.0
0.0
70.56399342891278
170.25082138590204
178.83800029868578
123.20687724014337
22.774962664277183
0.0
0.0
0.0
0.0
0.0
0.0
0.7467278972520908
69.81686827956989
125.0745594384707
153.82362604540023
110.88847819593788
1.8667764336917563
0.0
0.0
0.3733557347670251
0.0
0.0
0.0
0.0
56.37828554360812
135.90247909199522
153.4502314814815
85.12731481481482
36.21580047789726
0.0
0.0
0.0
0.0
0.0
9.707194593787337
0.0
13.440852747909199
119.84901433691756
153.82362604540023
37.70911738351254
2.240142249103943
0.0
0.0
0.0
0.0
0.0
0.0
0.0
1.493414351851852
100.43395310633214
96.32515681003584
72.80510752688173
0.0
0.0
0.0
0.0
0.0
0.3733557347670251
0.0
0.0
67.206541218638
109.7679211469534
110.51508363201911
79.52456690561529
7.467278972520908
0.0
2.9868690262843485
0.0
0.0
0.0
9.707194593787337
0.0
19.041304510155317
156.4384707287933
125.44795400238948
86.24406362007169
0.0
0.0
0.0
0.0
0.0
0.0
0.0
0.0
70.93738799283155
138.89071833930706
173.98622311827958
112.75201612903226
0.0
0.0
0.3733557347670251
0.0
0.0
0.0
0.7467278972520908
0.0
44.42947281959379
125.44795400238948
163.53132467144565
76.1667413381123
10.080734767025088
0.0
0.0
0.0
0.0
0.0
0.0
0.0
38.455607825567505
163.53132467144565
142.6219384707288
0.0
6.3471139486260455
0.0
0.0
0.0
0.0
1.1200899790919951
0.7467278972520908
0.0
50.775164277180416
148.22087813620075
167.63597670250897
126.56851105137396
20.161469534050177
0.0
0.0
5.973573775388291
0.0
0.0
0.3733557347670251
0.0
14.187481332138592
113.12574671445641
107.52684438470726
45.54999253285544
0.3733557347670251
0.0
0.0
0.0
0.0
0.0
0.0
5.973573775388291
52.64288381123058
106.40628733572282
116.48738052568697
70.56399342891278
11.574025537634409
0.0
0.0
0.0
0.0
0.0
0.0
0.7467278972520908
48.53823178016727
148.96766726403823
134.78192204301072
184.06317204301075
0.0
0.0
0.7467278972520908
1.1200899790919951
0.0
0.0
0.0
0.3733557347670251
12.320687724014338
110.51508363201911
155.6913082437276
142.6219384707288
19.41442652329749
0.0
0.3733557347670251
0.0
0.0
0.0
0.0
0.0
54.8839605734767
123.20687724014337
141.12802419354838
148.96766726403823
0.0
0.3733557347670251
0.0
9.707194593787337
0.0
3.3602337216248506
0.0
0.0
42.93514784946237
153.82362604540023
154.57075119474314
110.51508363201911
11.200899790919951
5.973573775388291
0.0
0.0
0.0
0.0
0.0
0.0
66.45937873357228
122.0863201911589
153.82362604540023
100.80734767025089
8.960569743130227
0.0
0.7467278972520908
0.0
0.3733557347670251
0.0
1.8667764336917563
0.0
45.54999253285544
122.0863201911589
70.93738799283155
99.68679062126643
20.161469534050177
