0.0
2.240142249103943
0.7467278972520908
0.0
0.3733557347670251
0.3733557347670251
0.0
38.455607825567505
100.43395310633214
147.10450268817203
106.03251941457587
16.427848715651137
1.8667764336917563
0.0
0.0
0.0
0.0
0.0
1.1200899790919951
47.79110663082438
172.49189814814815
121.71255227001194
66.45937873357228
7.467278972520908
0.0
0.0
0.7467278972520908
0.0
1.1200899790919951
0.0
0.0
38.08262395459976
116.48738052568697
34.72207287933094
25.761540471923535
0.0
0.0
0.0
0.0
0.0
0.0
1.1200899790919951
0.0
79.52456690561529
134.78192204301072
175.10259856630825
70.93738799283155
0.0
1.1200899790919951
0.0
0.0
0.0
0.0
0.0
0.0
22.774962664277183
131.7936827956989
156.06507616487454
91.47337962962963
19.041304510155317
0.0
0.0
0.0
0.0
0.0
0.0
0.0
11.947565710872162
109.7679211469534
106.03251941457587
35.09561678614098
0.0
0.0
0.0
0.0
0.0
0.0
3.3602337216248506
0.0
48.164463859020316
110.88847819593788
96.32515681003584
91.09961170848267
0.0
0.7467278972520908
5.600451762246117
0.3733557347670251
0.0
0.0
0.0
0.0
61.6034572879331
86.24406362007169
97.07194593787335
92.96733124253285
7.093738799283154
3.3602337216248506
0.0
0.0
0.0
0.0
0.0
0.0
32.1086096176822
116.48738052568697
175.10259856630825
88.11137246117084
19.41442652329749
0.0
0.0
0.0
0.0
0.0
7.093738799283154
1.8667764336917563
90.35285991636798
112.75201612903226
177.34367532855435
121.33919504181601
10.080734767025088
0.0
0.0
0.0
0.0
0.0
0.0
1.493414351851852
37.70911738351254
114.61969832735961
49.28539426523297
25.761540471923535
0.0
0.7467278972520908
0.0
0.0
0.0
0.0
0.0
0.0
48.164463859020316
170.25082138590204
199.37361857825567
116.48738052568697
37.70911738351254
0.0
0.0
0.0
0.0
0.0
0.0
0.0
40.32254330943847
137.7701612903226
141.50141875746715
104.91196236559139
17.174473566308244
0.3733557347670251
3.3602337216248506
0.0
0.0
0.0
0.0
0.0
92.5939366786141
128.80958781362008
175.10259856630825
138.51732377538832
7.467278972520908
0.0
0.0
0.0
0.0
0.7467278972520908
0.0
0.0
38.08262395459976
160.91685334528077
121.33919504181601
91.09961170848267
11.947565710872162
1.1200899790919951
0.0
0.0
0.0
0.0
0.0
0.0
85.12731481481482
150.0885976702509
132.54084528076464
44.42947281959379
7.093738799283154
0.0
0.0
0.0
0.7467278972520908
0.0
0.0
0.0
35.842293906810035
111.262208781362
120.2227822580645
48.53823178016727
12.694190561529268
0.0
0.0
0.0
0.0
0.0
0.0
0.0
66.45937873357228
111.262208781362
92.96733124253285
9.707194593787337
7.467278972520908
0.0
0.0
0.0
0.0
0.0
1.493414351851852
0.0
15.681186529271207
125.44795400238948
159.7959229390681
99.68679062126643
10.827396953405017
0.0
0.0
0.0
0.0
0.0
0.0
0.0
40.32254330943847
104.91196236559139
134.408527479092
49.28539426523297
11.200899790919951
