0
0
0
0
3.2120378538986643
72.7573709929629
579.6242366777642
788.6480755009286
1420.1781776597543
565.5489888036383
305.12153601479116
4.223721213681991
0
0
0
5.014719439455998
0
0
114.33602398001719
726.4449766764191
794.2620652870237
550.0348341711089
117.73207605408341
0
0
0
0
0
0
0
142.21702537359602
1452.6257355289438
1279.8312074290843
740.0096422643281
148.32372474362387
10.52582705370159
0
0
0
0
0
0
184.08722908297955
1184.9605531069062
1451.3904211834006
855.4926830785512
329.0116359171105
0
0
0
0
0
0
0
399.2150168247347
1640.7002808954485
1735.8138389260653
548.4476606947219
254.48379665217905
14.20625853417414
0
0
0
0
0
29.077902383622373
623.7630641743715
1639.3934009100121
1721.9864851788996
559.7245440161432
72.28153038092157
0
0
0
0
0
0
17.241820795691474
142.05084785929273
749.0382059055123
1161.6693451094789
954.8215886599071
162.10639635293666
0
0
0
0
0
0
27.17359418890519
391.58268470895166
1121.9706426640048
1160.3050692279169
352.0730607556857
102.99940092276718
0
0
0
0
14.153748484871624
0
43.42096242871672
623.2452747830591
1253.2435680620877
1330.3621338741239
621.755419521576
31.700428367745843
0
0
0
0
0
0
30.46359389353956
433.1196038151598
1147.454332493819
1193.084019622096
500.0803725954006
243.6220310211222
0
0
0
0
0
0
0
389.28463179349416
1291.3832951890959
1177.3691393813242
759.5827939660662
181.84028182672986
13.66790025510413
0
0
0
0
0
93.5595192039234
390.62576051060654
1029.774140603033
2199.14135789177
402.73183485136116
263.17310448835406
0
0
0
0
0
0
0
423.9073393408902
1913.2688393649141
1400.603650402055
1062.2303559569905
261.81296442758344
0
0
0
0
0
0
44.69695084069381
451.17372537501996
1723.286680309919
2263.0289477231186
1405.6333561466204
49.571940263327576
0
0
0
0
0
0
66.53132220517791
507.034602809641
1139.9454172016608
841.9546551124673
196.57142649535902
21.00388608771
18.425612244667875
0
0
0
0
0
118.41396627174267
844.3351589638029
1681.5941986042365
2163.1877296961984
803.2209187946806
125.68310508783935
0
0
0
0
0
0
0
601.1386109483358
1396.3372384902996
1165.2053672052955
722.0390110056996
14.794552434518451
0
0
0
0
0
0
0
261.3683052103132
1263.9838607989348
1891.6591086593178
747.8484590872237
14.337016063854009
0
0
0
0
0
0
0
296.3313881603975
596.466285924113
844.7656704621336
298.812021757618
9.317187538058192
0
0
0
0
0
0
0
627.0937312760548
1432.135478727422
2342.7233121270515
1014.6788386563306
148.33109102597592
11.937102869782777
