5.815785543612612
4.146132019120379
2.863575268821692
3.1056227598611184
2.068884408606638
0.3997162485110588
13.814180107526882
150.0918458781362
529.7823327359617
525.3039127837515
286.2104241338112
81.90449522102747
12.536103643966547
4.146132019120379
2.863575268821692
3.1056227598611184
2.068884408606638
0.3997162485110588
4.487753882915173e-12
97.4454898446834
377.8360215053764
364.7405167264038
157.40292712066903
22.541143966547192
8.429289874551971
4.146132019120379
2.863575268821692
3.1056227598611184
2.068884408606638
0.3997162485110588
4.487753882915173e-12
82.88418458781362
526.4183841099164
418.8739545997611
115.586917562724
37.10200119474313
8.802658303464753
6.0129405615292715
2.863575268821692
3.1056227598611184
2.068884408606638
0.3997162485110588
4.487753882915173e-12
112.75462962962963
467.8199671445639
543.1862305854241
169.7248357228196
30.381645758661886
5.815785543612612
4.146132019120379
2.863575268821692
3.1056227598611184
2.068884408606638
0.3997162485110588
15.68100358422939
143.36880227001194
387.1706989247312
390.12768817204307
104.38508064516131
9.8469160692951
5.815785543612612
4.146132019120379
8.090591397849462
3.1056227598611184
2.068884408606638
0.3997162485110588
4.487753882915173e-12
222.52202807646353
472.29054659498206
275.8814964157706
101.02561230585424
21.794504181600953
5.815785543612612
4.146132019120379
2.863575268821692
3.1056227598611184
2.068884408606638
1.8931526284348865
4.487753882915173e-12
125.82026583034646
510.39650537634407
638.7836021505377
338.4808094384707
22.91427718040621
10.296158154121864
4.146132019120379
2.863575268821692
3.1056227598611184
2.068884408606638
0.3997162485110588
4.487753882915173e-12
157.93010752688173
347.22222222222223
328.5233721624851
191.3806750298686
47.18245967741935
9.922726254480285
8.999589307048984
2.863575268821692
3.1056227598611184
2.068884408606638
0.3997162485110588
4.487753882915173e-12
132.54293608124254
272.5526433691756
271.39784946236557
268.28965053763443
30.754778972520914
5.815785543612612
4.146132019120379
2.863575268821692
3.1056227598611184
2.068884408606638
0.3997162485110588
4.487753882915173e-12
113.12649342891278
338.6361260454002
277.7494026284349
268.28965053763443
19.554099462365592
5.815785543612612
4.146132019120379
2.863575268821692
3.1056227598611184
2.068884408606638
3.0132205794504183
4.487753882915173e-12
132.54293608124254
297.19160692951016
281.85185185185185
248.12985364396656
49.42286439665472
17.763104838709676
4.146132019120379
2.863575268821692
3.1056227598611184
2.068884408606638
0.3997162485110588
3.360203853046596
137.39396654719235
568.6417264038232
381.913082437276
283.2231929510155
13.207325268817204
5.815785543612612
4.146132019120379
2.863575268821692
3.1056227598611184
2.068884408606638
0.3997162485110588
7.093862007168458
212.0676523297491
319.21931003584234
371.0872162485066
246.26232078853047
16.940598864994026
10.296158154121864
4.146132019120379
2.863575268821692
3.1056227598611184
2.068884408606638
0.3997162485110588
4.487753882915173e-12
134.0344982078853
500.3050328554361
644.7573178016727
130.89605734767025
44.19586320191159
9.922726254480285
4.146132019120379
2.863575268821692
3.1056227598611184
2.068884408606638
0.3997162485110588
4.487753882915173e-12
82.88418458781362
238.57452210274786
205.6907108721625
101.02561230585424
38.96882467144564
5.815785543612612
4.146132019120379
2.863575268821692
3.1056227598611184
2.068884408606638
0.3997162485110588
4.487753882915173e-12
82.88418458781362
420.40023894862605
334.87007168458774
202.57840501792114
19.554099462365592
5.815785543612612
4.146132019120379
2.863575268821692
3.1056227598611184
2.068884408606638
0.3997162485110588
4.487753882915173e-12
69.44257765830346
467.8199671445639
409.16778673835125
49.50347222222222
22.91427718040621
5.815785543612612
4.146132019120379
2.863575268821692
3.1056227598611184
2.068884408606638
3.0132205794504183
4.487753882915173e-12
79.89658004778973
320.3393817204301
338.9773745519713
18.14142771804511
7.606780167268525
14.029868578255678
4.146132019120379
2.863575268821692
3.1056227598611184
2.068884408606638
0.3997162485110588
4.487753882915173e-12
4.487753882915173e-12
352.44922341696537
219.50418160095583
18.14142771804511
7.606780167268525
5.815785543612612
4.146132019120379
6.597147550776584
3.1056227598611184
2.068884408606638
0.3997162485110588
6.347222222222222
159.04980585424133
413.30533154121866
644.7573178016727
270.90576463560336
17.687238649940262
