14.4483646953405
13.667637395459979
13.167562724014337
5.007467144563918
2.6403151135005976
23.00836320191159
48.426672640382314
102.22334229390681
228.74178614097968
260.77770310633207
137.05047789725208
81.67077359617682
21.529047192353644
7.0727299880525685
3.3856033452807646
8.210648148148149
6.139101702508961
5.111521804062128
13.918384109916367
66.55801971326164
157.32004181600956
183.59468339307045
110.68025686977298
24.04129330943847
27.60506272401434
24.287895758661886
12.934438470728793
4.046919802867383
3.595105286738352
9.555966248506573
41.48390830346475
79.43996415770609
253.58049581839904
224.47879330943843
167.59744623655914
58.263142174432495
18.246938470728793
8.429696833930706
6.1032706093189955
6.228595430107526
2.1856108124253284
12.039837216248507
45.26919056152927
114.72856929510155
192.86925029868573
291.03233273596175
210.27404420549587
69.98954599761052
23.192390979689367
7.943399044205497
4.073439366786141
2.2922640382317807
3.397640382317802
11.804435483870968
40.92181899641577
101.64165173237754
208.87992831541217
268.65068697729987
125.49917861409797
60.810931899641574
14.346736857825567
8.015494324970131
6.431750298685783
3.0079973118279573
3.949372759856631
7.8392323775388295
32.92551523297491
104.24731182795699
155.53726105137395
147.12290919952213
54.05951314217443
46.1674880525687
26.67088560334528
6.57082586618877
4.415389784946236
3.4330607825567503
2.543918010752688
11.488873954599761
35.913045101553166
86.6819743130227
157.31742831541217
206.34632616487454
98.7858422939068
43.556675627240146
21.401209677419356
9.556824970131421
5.607190860215055
2.576090203106332
2.0831503882915174
16.575044802867385
44.190561529271214
61.9115890083632
220.30764635603344
190.6638291517324
96.29965651135005
40.68876941457586
28.528188470728793
9.895086618876942
6.361969832735962
4.779681899641576
3.010166517323775
6.613537933094385
13.356966845878139
85.91696535244922
194.49858124253288
151.55279271206692
72.86103643966545
38.34811827956989
17.116188769414578
7.347856929510155
10.439142771804063
4.943809737156512
3.820747461170848
7.796370967741935
45.23260155316607
94.57623954599761
191.50425627240142
101.32765830346476
154.71475507765834
48.45915471923536
21.98282556750299
12.46602449223417
5.398745519713262
3.9753061529271205
3.8957847968936687
22.405465949820787
35.908639486260455
67.8950119474313
167.21998207885304
228.65404719235363
170.3957586618877
42.7147550776583
28.983086917562723
9.391278375149344
4.64853270609319
7.717331242532856
14.049395161290322
5.686043906810037
48.015606332138596
79.72408900836321
153.68130227001197
192.61163381123058
156.03681302270013
30.937051971326166
19.32874103942652
9.803352747909198
6.125261350059737
4.13395683990442
6.280801971326164
5.548461768219833
44.69944743130227
170.24156212664278
204.22341696535244
192.92674731182797
95.50328554360813
43.13500597371566
13.389336917562721
11.307422341696535
3.087111708482676
1.7974462365591397
3.380693697729988
10.185259856630825
11.698178016726404
121.45273297491039
183.28218339307045
216.18951612903226
90.11350059737157
54.3839605734767
9.531810035842295
5.826799581839904
8.615218040621267
4.0242756869773
3.3472819593787344
5.65076164874552
20.653711170848272
53.76082735961768
149.23051075268816
132.53546893667863
58.9165173237754
40.67316308243728
11.544504181600956
10.885229988052567
3.027326015531661
4.797043010752688
1.1168981481481481
12.413530465949819
43.275462962962955
72.84871565113501
199.14165173237754
181.17010155316606
71.5169504181601
42.161551672640385
32.89463859020311
11.330495818399044
6.314628136200717
2.861682347670251
1.3544354838709678
8.180779569892474
35.273521505376344
76.3425925925926
181.80704898446834
194.45340501792117
72.67734468339309
23.091435185185183
11.683505077658303
12.268331839904421
5.127165471923536
3.802292413381123
2.711816756272402
8.315785543608124
29.396654719235364
87.81772700119474
190.69929808841098
191.59610215053766
65.91285842293907
26.19765531660693
17.552979390681006
5.625858721624851
4.076527031063321
2.8001717443249703
2.1342293906810035
12.417973416965353
25.68951612903226
67.31668160095579
191.09991039426524
173.56854838709674
76.46393369175628
17.958893369175623
11.665322580645162
10.1194743130227
4.002419354838709
2.9517995818399045
2.903770908004779
11.177083333333334
26.38186977299881
74.96565113500597
188.23999402628434
268.34005376344084
230.93451314217444
58.85192652329749
