0.0
0.0
0.3733557347670251
2.6135043309438473
0.0
0.0
6.7206541218638005
84.75392025089606
128.06283602150538
148.22087813620075
120.2227822580645
30.615330047789726
0.0
0.0
10.080734767025088
0.0
0.0
0.0
0.0
20.908131720430106
86.24406362007169
153.82362604540023
184.06317204301075
0.7467278972520908
8.587029569892474
1.1200899790919951
0.0
0.0
0.0
0.0
0.0
38.455607825567505
126.56851105137396
148.22087813620075
91.84677419354838
2.240142249103943
0.0
0.0
0.7467278972520908
1.8667764336917563
0.7467278972520908
1.1200899790919951
0.0
22.774962664277183
113.12574671445641
178.83800029868578
151.5825119474313
13.440852747909199
0.0
0.7467278972520908
0.0
0.0
0.0
0.0
0.0
66.45937873357228
119.84901433691756
135.90247909199522
100.43395310633214
11.200899790919951
0.0
0.0
0.0
0.0
0.0
0.0
0.0
70.56399342891278
96.32515681003584
89.97909199522103
72.80510752688173
18.667764336917564
0.0
0.0
0.0
0.0
0.0
0.0
0.0
20.161469534050177
153.82362604540023
100.80734767025089
106.40628733572282
0.7467278972520908
0.0
0.0
0.0
5.226911589008363
0.0
0.3733557347670251
0.0
64.21792861409797
109.7679211469534
97.81910842293907
49.28539426523297
14.187481332138592
8.960569743130227
0.0
0.0
0.0
0.0
0.0
0.0
32.1086096176822
121.33919504181601
100.06018518518518
18.667764336917564
14.187481332138592
0.0
0.7467278972520908
0.0
0.0
0.0
0.3733557347670251
0.0
39.57579151732378
94.83086917562724
122.0863201911589
173.98622311827958
1.8667764336917563
0.0
0.0
0.7467278972520908
0.0
0.0
0.0
0.0
38.455607825567505
111.262208781362
120.96957138590203
105.28573028673836
20.161469534050177
7.093738799283154
0.0
2.9868690262843485
0.0
0.0
0.0
0.0
44.42947281959379
163.53132467144565
122.0863201911589
122.0863201911589
0.0
0.0
0.0
0.0
0.0
0.0
0.0
0.0
54.8839605734767
112.75201612903226
134.78192204301072
154.57075119474314
16.427848715651137
0.0
0.7467278972520908
0.0
0.0
0.0
0.0
0.0
27.62833408004779
117.98133213859022
170.25082138590204
107.52684438470726
22.774962664277183
0.0
1.8667764336917563
0.0
0.0
0.0
0.0
0.0
29.12205047789725
123.20687724014337
126.56851105137396
6.7206541218638005
17.5475993130227
0.0
0.0
1.1200899790919951
0.0
0.0
0.0
0.0
67.206541218638
154.57075119474314
156.4384707287933
96.32515681003584
0.0
0.0
0.0
0.0
0.0
0.0
0.0
0.0
37.70911738351254
125.0745594384707
125.0745594384707
79.52456690561529
19.041304510155317
0.0
0.0
0.0
0.0
0.0
0.0
0.0
47.043944145758665
151.95627986857826
167.63597670250897
76.1667413381123
0.0
0.0
1.1200899790919951
0.0
0.0
0.0
0.0
0.0
25.014878285543606
138.89071833930706
117.98133213859022
0.0
1.1200899790919951
0.0
0.0
0.0
0.0
0.0
0.0
0.0
40.32254330943847
156.4384707287933
173.98622311827958
109.0207586618877
0.0
