0.0
0.0
6.3471139486260455
0.0
0.0
0.0
0.0
10.080734767025088
111.262208781362
94.08788829151733
106.03251941457587
8.587029569892474
1.493414351851852
0.0
0.7467278972520908
0.0
0.0
0.0
0.0
32.1086096176822
102.30167264038232
145.98394563918757
41.06933243727599
10.080734767025088
0.0
0.0
0.7467278972520908
0.7467278972520908
0.0
0.0
0.0
48.53823178016727
152.70306899641574
142.6219384707288
138.51732377538832
0.0
8.2139075567503
0.0
0.0
0.0
0.0
0.0
0.7467278972520908
71.3111559139785
142.6219384707288
147.10450268817203
126.94190561529271
14.561017771804062
0.0
0.0
0.0
0.0
0.0
0.0
1.1200899790919951
18.667764336917564
106.40628733572282
120.96957138590203
82.88620071684589
0.0
1.8667764336917563
0.0
0.0
1.1200899790919951
0.0
0.0
0.0
69.44347371565114
130.67312574671445
206.466472520908
142.6219384707288
8.2139075567503
0.0
0.0
0.0
0.0
0.0
0.0
0.0
70.93738799283155
172.49189814814815
94.83086917562724
107.52684438470726
22.774962664277183
2.240142249103943
0.0
0.0
0.0
0.0
0.0
10.453856780167264
26.881705495818398
139.63369922341695
172.49189814814815
127.68906810035843
6.3471139486260455
1.8667764336917563
0.0
0.0
0.0
0.0
0.0
0.0
45.54999253285544
111.262208781362
155.31791367980884
103.04842443249701
11.947565710872162
0.0
0.7467278972520908
0.0
0.0
0.0
0.0
0.0
25.761540471923535
95.20463709677419
152.70306899641574
38.455607825567505
29.12205047789725
0.0
0.0
0.0
0.0
0.0
0.0
0.0
44.802830047789726
118.72849462365589
84.75392025089606
94.08788829151733
1.493414351851852
0.0
0.0
0.0
0.0
0.0
0.0
0.0
22.774962664277183
116.48738052568697
111.262208781362
113.12574671445641
0.7467278972520908
0.0
0.0
0.0
0.0
3.3602337216248506
0.0
0.0
38.455607825567505
177.71706989247312
205.71931003584228
123.20687724014337
29.12205047789725
0.0
0.0
0.0
0.0
0.0
0.0
0.0
40.32254330943847
106.03251941457587
146.35734020310636
92.96733124253285
12.320687724014338
0.0
0.3733557347670251
0.0
0.0
0.0
0.0
0.0
36.21580047789726
163.53132467144565
114.24630376344086
156.4384707287933
0.0
0.0
0.0
0.0
0.0
0.0
0.0
1.1200899790919951
19.41442652329749
140.75425627240142
160.16969086021504
116.11402329749106
18.29467965949821
0.0
0.0
0.0
1.1200899790919951
0.0
0.0
4.106933243727599
48.53823178016727
134.78192204301072
160.91685334528077
86.24406362007169
4.853823178016726
0.0
0.0
0.0
0.0
0.0
0.0
0.0
35.842293906810035
153.4502314814815
205.34595280764637
91.47337962962963
8.960569743130227
0.0
0.0
2.240142249103943
0.0
0.0
0.0
0.0
10.080734767025088
156.4384707287933
178.83800029868578
111.262208781362
19.41442652329749
2.9868690262843485
0.0
0.0
0.0
0.0
1.1200899790919951
0.0
52.64288381123058
147.85129181600954
136.64964157706092
18.667764336917564
4.853823178016726
