1087.1522772998128
1082.5456158776844
644.0590667472238
826.2845520853264
594.9614113947613
856.3374798315822
1660.608098114368
2436.6356595760612
2410.562884963714
3847.011430732149
3082.830966425558
2176.884690680153
1347.9276039838016
1049.7698779562893
667.7291528760753
746.0493702925049
704.4663204768979
829.8167583409979
1326.6279124064047
2184.5863941236153
2867.169199413286
2803.6641705475104
2222.393433274978
1639.7623979346172
1272.582342592749
847.8588743057373
864.9284312726048
775.1130049504455
708.6884642326125
778.9862536033966
1335.506605361821
2082.1811146136138
2544.9936723352444
2559.861461574947
2534.8202535533824
1784.6984993879332
1083.4067037516531
776.2595849459738
732.7944376967426
767.5674543415693
620.4031376913986
1164.160976435322
1713.1667096912793
2035.7351967326485
2509.317538464148
3528.6651950627197
2681.1937594308993
2159.5364151642225
1729.5946484599003
1011.3183217987166
809.8358286161497
737.4475357088664
853.634869568584
991.1741604652227
1398.8504006652722
1789.8717448279954
2446.9893737017705
2837.5553538026825
2386.1350700287167
1735.3679066096813
1455.073428003172
1021.2023310064956
488.3372600928934
732.8848325998657
786.9088307741728
1071.9300180771554
1492.7990097090437
2366.5287339360248
2605.0201550527468
3539.8779281726424
3505.8860801210476
2117.705193804001
1603.9040729371904
1081.2278281941283
955.0243610519198
712.2234559767736
740.1724232498713
1258.4331831788418
1491.6671967431291
1912.8372016852359
3056.1588387690954
4056.6071802844826
3456.451596675679
2146.5292304757795
1232.7126765733528
903.332035743674
769.6266008864583
849.456578919487
536.9886653976647
903.9189428698976
1082.7348002359365
1667.6701652529905
2421.4246178443573
3038.38979282685
2351.4581009807594
1832.6259008081154
1315.2528015205905
830.74621170347
781.4060434104599
663.1165189656188
675.4571704708504
907.1313812927082
1417.9248028416114
2007.6804832085872
2536.3406841259757
2929.8680464193503
2738.650667868952
1781.9507706014588
1576.6204623897117
981.6252494082677
760.7587243891828
637.3069679978584
777.9866560995034
978.311676555958
1539.7265128321346
1874.419825474313
2745.1377522141092
3482.402862544871
3139.0611625584684
2092.081073349211
1515.8318773125368
1246.4112264693122
850.0784947177672
912.2738317455095
905.5630153415652
1192.082427373516
1569.5882571718125
2515.8934930411465
3374.734192518248
4546.035421737227
3796.129506478696
2411.443129404008
1769.1779070332202
1171.841723026775
881.3211648958743
990.6005701038367
815.2324332798182
1126.7153877041408
1623.4959280798848
2039.1002921881104
3162.8984036983634
3472.5641864742397
2697.5834182928556
1796.2792476671184
1502.321590621913
949.5271998857577
768.9790138957032
802.7829654664865
709.3016776742073
1184.8213978477102
1132.2108870387342
1892.7420136830083
3034.96989551785
3130.3264118106536
2824.5379988450936
1903.9017240481783
1496.7300748537066
1048.577135609877
1045.9905168139994
821.4116419502495
645.827767970523
637.2261395815462
1285.666348484706
1885.8658196824738
2174.2704515823298
2873.215692436352
2551.6222948883046
1710.4342626360708
1078.3472581906842
1052.1766616703424
681.7783431299688
725.9090425013214
813.6462214407459
943.3434220123639
1398.1548346539219
2142.0367829548563
3018.5298193953386
3752.4440587044355
3386.461638635533
2207.099413890884
1788.6963966788708
1315.9967101367233
948.6873269579198
986.2638148985393
849.372224946622
1188.4525694251327
1525.2554676373236
2176.105329769868
2544.243356046088
2618.0800956431576
2642.179252531301
2356.4755375480313
2283.647035559283
2697.0767942797206
1274.480912505442
1100.455132041791
1263.5914800115631
1900.3953381747456
2181.260161891503
2820.367842876615
3345.678314863546
4089.6589332191043
2997.9440196309124
2487.2315208945724
2158.276710141435
2840.41354633915
2183.1796171504134
2113.4229236013844
2088.064217691246
1829.8850452667955
2367.6298279429534
2724.262192042989
3533.8487551154167
3858.260874577632
3219.1550893903163
2984.3910127969325
3400.6444335617084
2447.9221084845713
2483.815112047185
2445.069516713496
1902.6337411430407
2025.2394970681887
2458.082137091418
3206.5682787751266
3649.7515254686186
4739.455839679699
3677.258692970238
3334.151392640684
2149.059457836286
2494.880043187118
2001.2799755187134
1701.5958700853998
1969.4240825877641
2194.236794402027
2102.34141274842
3086.5556389742856
3929.9483869218393
5186.209950499577
5206.739405957478
3788.8777254516785
