15.486111111111109
10.529233870967742
4.652355884109916
3.4660431600955794
4.023118279569893
7.922341696535245
27.751978793309437
95.72281959378734
212.18339307048984
317.93944145758667
159.77598566308242
79.76889187574673
37.126456093189965
7.9778972520908
7.3022700119474315
4.953255675029869
3.333538679808841
8.125858721624851
35.94366039426523
71.76896654719235
193.9008363201912
132.33870967741933
103.59505675029868
63.44534050179212
10.002464157706093
1.0122528375149342
4.7081765232974915
3.7387134109916373
3.3392809139784947
6.420624253285544
24.303278076463563
94.98245221027479
147.334229390681
159.9820788530466
71.36686081242533
31.228755973715646
19.536028972520906
14.506197729988052
8.176149940262844
1.551564366786141
9.336581541218637
11.434139784946238
55.300925925925924
97.701986260454
185.85088112305854
156.61925029868578
99.24208482676225
35.56492682198327
12.703629032258064
5.2669877538829155
4.934027777777778
4.771460573476702
3.62393219832736
22.000261350059738
41.57108721624851
95.69556451612904
261.98364695340496
222.0952807646356
168.4389934289128
48.79442951015532
30.290770609318997
7.742234169653526
2.8529980585424135
8.722091547192354
1.5653001792114696
6.921146953405018
31.803726105137397
84.12858422939067
190.5402479091995
203.4826762246117
85.28001792114696
43.42995818399044
12.133363201911587
13.32422341696535
13.344459378733575
5.987455197132617
5.548909796893668
6.141017025089606
29.880264336917563
126.69354838709677
216.05361409796893
199.25365890083629
196.49305555555557
41.45583183990441
26.651284348864994
8.155764635603346
4.732153524492235
4.374854390681004
2.3945377837514936
8.839643070489844
41.46699522102748
96.0200119474313
151.18130227001194
257.7777777777777
161.35566009557942
49.74387694145758
23.581317204301076
11.395422640382318
6.100731780167264
3.4798387096774195
2.65291591995221
9.997759856630825
58.731705495818396
106.58564814814817
212.13448327359615
257.5268817204301
168.934811827957
51.11745818399044
17.417002688172044
14.889523596176824
4.213276583034648
3.104521356033453
8.057422341696535
22.41629330943847
24.725433094384705
90.05189665471924
219.5538381123059
190.16091696535247
98.84744623655914
49.446311230585415
29.40274044205496
6.298125746714456
6.186118578255675
3.527113201911589
3.621027479091995
13.866226105137395
63.639486260454
145.29868578255676
277.26366487455203
290.90688470728793
199.41793608124254
74.71139486260455
39.59136051373954
9.1526284348865
9.080719832735962
3.7700380824372752
4.462443996415771
11.107228195937873
39.862791218637994
92.85580943847073
232.2057945041816
229.29696833930706
112.0224761051374
45.77882317801672
20.621714456391874
11.462477598566307
4.169556451612904
2.806600955794504
2.957668757467144
2.944022550776583
20.558243727598565
80.423013739546
163.732825567503
112.81810035842291
75.09781959378734
22.061939964157705
13.296594982078856
8.257579151732378
8.522289426523296
4.6955607825567505
7.689964157706093
14.186155913978492
32.90766875746715
89.15098566308242
221.2858422939068
210.44653524492233
138.00925925925927
39.321535244922345
18.24081541218638
8.092368578255675
4.743492383512545
5.39152105734767
4.510864695340501
11.51187275985663
27.673947132616487
91.30861708482676
204.5041816009558
181.01739844683394
92.07362604540023
49.66547192353644
19.06339605734767
3.826515830346476
6.670549581839905
7.152396953405017
3.4992159498207887
11.118578255675029
28.361633811230586
95.91584528076464
187.5336021505376
186.0640681003584
85.94086021505376
36.07078853046595
14.02837514934289
8.857900238948625
4.721550179211469
3.6540845280764636
2.772345430107527
7.776396356033454
28.58284796893668
106.41465053763439
202.49589307048984
198.9165173237754
166.3336320191159
27.534050179211462
26.999477299880525
17.473118279569892
4.879652031063321
2.4307571684587814
3.6056750298685785
15.966397849462366
33.41954151732377
102.32601553166069
245.69668458781368
266.70288231780165
183.35088112305854
71.03979988052569
23.251978793309437
12.632915173237754
3.9304808841099166
1.089407855436081
5.874925328554361
7.982974910394265
21.428763440860216
88.37888291517325
189.91076762246118
128.8332586618877
96.30264336917563
35.318735065710875
18.477710573476703
7.914239844683392
5.945527180406213
3.159274193548387
3.4365180704898446
9.666181302270012
26.5076164874552
101.57930107526882
229.13418458781362
248.195564516129
166.26530764635606
40.53994922341697
