17.763104838709676
4.146132019120379
2.863575268821692
3.1056227598611184
2.068884408606638
0.3997162485110588
4.487753882915173e-12
112.75462962962963
347.9700567502987
331.8828405017921
189.88463261648747
42.32900238948626
5.815785543612612
6.0129405615292715
2.863575268821692
3.1056227598611184
2.068884408606638
0.3997162485110588
4.487753882915173e-12
72.43018219832736
320.3393817204301
152.67249103942652
78.24970131421745
7.606780167268525
5.815785543612612
7.133004778972523
2.863575268821692
3.1056227598611184
2.068884408606638
0.3997162485110588
4.487753882915173e-12
158.3019713261649
543.5894563918757
561.8608124253286
405.31212664277183
44.19586320191159
5.815785543612612
4.146132019120379
2.863575268821692
3.1056227598611184
2.068884408606638
0.3997162485110588
4.487753882915173e-12
157.18227299880525
347.22222222222223
319.9369026284349
110.35991636798089
14.32709826762246
5.815785543612612
4.146132019120379
2.863575268821692
3.1056227598611184
2.068884408606638
0.3997162485110588
4.487753882915173e-12
123.2086320191159
320.3393817204301
515.9658751493429
248.8780615292712
45.68914277180406
5.815785543612612
4.146132019120379
2.863575268821692
3.1056227598611184
2.068884408606638
0.3997162485110588
4.487753882915173e-12
157.18227299880525
420.40023894862605
525.3039127837515
371.33848566308245
18.434326463560335
5.815785543612612
4.146132019120379
2.863575268821692
3.1056227598611184
2.068884408606638
0.3997162485110588
4.487753882915173e-12
177.34655017921148
352.44922341696537
411.0356929510156
116.70661589008363
24.034460872162484
10.296158154121864
4.146132019120379
2.863575268821692
3.1056227598611184
2.068884408606638
0.3997162485110588
44.05596624850657
282.6303016726404
458.12537335722817
568.5887096774194
374.6975806451613
51.6627464157706
6.935853494623656
4.146132019120379
2.863575268821692
5.345758661887693
2.068884408606638
0.3997162485110588
4.487753882915173e-12
227.74865591397855
738.1085722819594
512.6019265232975
142.84162186379928
34.48846326164874
12.536103643966547
4.146132019120379
2.863575268821692
3.1056227598611184
2.068884408606638
0.3997162485110588
24.641763739545997
143.74029271206692
374.84879032258067
353.91017025089604
241.40681003584234
15.820863201911589
5.815785543612612
4.146132019120379
2.863575268821692
3.1056227598611184
2.068884408606638
0.3997162485110588
4.487753882915173e-12
316.9799133811231
428.988201911589
377.8057795698925
101.02561230585424
14.700642174432497
17.016465053763437
4.146132019120379
2.863575268821692
3.1056227598611184
2.068884408606638
0.3997162485110588
4.487753882915173e-12
159.798013739546
455.86805555555554
436.4224910394265
157.40292712066903
37.47550776583035
17.763104838709676
4.146132019120379
2.863575268821692
3.1056227598611184
2.068884408606638
0.3997162485110588
4.487753882915173e-12
67.20318100358423
342.366711469534
360.257243130227
26.35551075268818
48.67618727598566
12.536103643966547
4.146132019120379
2.863575268821692
3.1056227598611184
2.068884408606638
0.3997162485110588
4.487753882915173e-12
79.89658004778973
406.95900537634407
496.18316905615285
132.38761947431303
34.11495669056153
5.815785543612612
4.146132019120379
2.863575268821692
3.1056227598611184
2.068884408606638
0.3997162485110588
4.487753882915173e-12
33.975545101553166
311.3810483870967
200.08773894862603
18.14142771804511
18.434326463560335
8.055921445639187
4.146132019120379
2.863575268821692
3.1056227598611184
2.068884408606638
0.3997162485110588
4.487753882915173e-12
85.87141577060933
338.6361260454002
223.61111111111111
31.208968040621265
11.713720878136199
8.055921445639187
6.759636350059737
2.863575268821692
3.1056227598611184
2.068884408606638
0.3997162485110588
4.487753882915173e-12
112.37828554360813
455.86805555555554
435.3031660692952
177.191233572282
14.32709826762246
5.815785543612612
4.146132019120379
2.863575268821692
3.1056227598611184
2.068884408606638
0.3997162485110588
4.487753882915173e-12
141.1290322580645
398.0006720430108
513.7085573476703
92.43914277180406
7.606780167268525
5.815785543612612
4.146132019120379
2.863575268821692
3.1056227598611184
2.068884408606638
0.3997162485110588
4.487753882915173e-12
116.86193249701317
417.7844982078854
288.20340501792117
93.18735065710874
10.966984020310633
12.163007765830345
4.146132019120379
2.863575268821692
3.1056227598611184
2.068884408606638
0.3997162485110588
4.487753882915173e-12
116.86193249701317
389.0382317801673
281.4799880525687
23.368443847072882
10.593652927120667
