0.0
0.0
0.0
0.0
0.0
0.0
0.7467278972520908
40.32254330943847
126.1951164874552
178.83800029868578
148.22087813620075
23.14804734169654
0.0
0.0
0.0
0.0
0.0
0.0
0.0
47.79110663082438
100.06018518518518
121.33919504181601
33.22883064516129
11.200899790919951
0.0
0.0
0.0
0.0
0.0
0.0
0.0
50.028001792114694
101.92790471923539
146.35734020310636
106.77968189964157
29.86869026284349
0.0
0.0
0.0
0.0
1.493414351851852
0.0
0.0
54.8839605734767
153.82362604540023
139.63369922341695
138.51732377538832
12.694190561529268
2.240142249103943
0.0
0.0
0.0
0.0
0.3733557347670251
0.0
27.62833408004779
99.68679062126643
106.03251941457587
121.71255227001194
14.187481332138592
0.0
0.0
0.0
0.0
0.0
0.0
0.0
30.615330047789726
116.48738052568697
122.45971475507764
112.75201612903226
12.694190561529268
0.0
0.0
0.0
0.0
0.0
0.7467278972520908
0.7467278972520908
53.390008960573475
148.96766726403823
142.99570639187573
103.04842443249701
12.320687724014338
0.0
0.0
0.0
2.9868690262843485
0.0
0.0
0.3733557347670251
49.28539426523297
162.78416218637992
210.5752688172043
152.70306899641574
42.93514784946237
0.0
0.0
0.0
0.0
0.0
0.0
0.0
84.75392025089606
199.37361857825567
123.95366636798086
71.3111559139785
11.574025537634409
0.0
0.0
0.0
0.0
0.0
0.0
10.080734767025088
66.45937873357228
142.6219384707288
179.21139486260455
163.53132467144565
13.814392921146954
1.493414351851852
0.0
0.0
0.0
0.0
0.0
1.1200899790919951
68.69631123058544
141.50141875746715
104.91196236559139
69.44347371565114
0.7467278972520908
0.3733557347670251
0.0
0.0
0.0
0.0
0.0
0.7467278972520908
47.043944145758665
121.71255227001194
118.35510005973715
86.24406362007169
5.226911589008363
7.467278972520908
0.0
0.0
0.0
0.0
0.0
0.0
12.694190561529268
125.0745594384707
116.48738052568697
48.164463859020316
20.534595280764634
0.0
4.853823178016726
0.0
0.0
0.0
0.7467278972520908
0.0
11.574025537634409
132.54084528076464
120.2227822580645
68.32291666666666
11.947565710872162
0.0
0.0
0.0
0.0
0.0
0.0
0.0
21.654760304659497
103.79144265232975
112.75201612903226
33.975433094384705
8.960569743130227
0.0
0.0
0.0
0.0
0.0
0.0
0.0
63.0973715651135
138.1439292114695
54.8839605734767
40.69593787335723
2.240142249103943
0.0
0.0
0.0
0.7467278972520908
0.0
0.0
0.0
48.53823178016727
142.24854390681006
159.7959229390681
173.23906063321385
6.3471139486260455
0.0
5.973573775388291
0.0
0.0
0.0
0.0
0.0
30.615330047789726
135.90247909199522
158.67540322580646
86.24406362007169
7.840404719235366
0.0
0.0
0.0
0.7467278972520908
0.0
0.0
0.3733557347670251
38.82937574671445
120.2227822580645
92.5939366786141
47.79110663082438
8.2139075567503
0.7467278972520908
0.0
0.0
0.0
0.0
0.0
0.7467278972520908
47.417712066905615
114.61969832735961
76.1667413381123
22.774962664277183
0.0
