1812.4745181898963
943.4524445813873
930.3082042920267
841.293908417465
753.933734423435
1094.47503396838
1462.9150313580958
2172.656399570088
2870.9997315885657
3435.6107810905733
2883.23960591182
1864.4376327351115
1160.690156253814
1424.2056978487622
817.2221479477598
845.6290148564237
917.5434191178771
1100.3607476629807
1436.0025651841822
2610.055177725765
3016.3114559843752
3021.3525666048563
2986.120471805444
2002.1749203360505
1306.3432520909566
1576.183777232858
1492.080921565317
1427.5994632837787
996.4664238353607
1320.4352268710193
1970.0357160249036
2413.4764924511287
3294.359203995937
3720.6460157864153
3809.510755345496
2269.52640784074
1873.3123974493828
1492.7921256419118
1294.042664249909
1142.0778041772917
990.2154577705498
1690.9998712979257
2189.029303030587
2927.9168238234492
3874.8278431236454
4622.007003605131
4011.0524997236084
3312.77779061225
2255.848322295025
1880.3336854486563
1558.9641626961977
1391.6129281073136
1627.9177649538888
1799.177035689237
2047.4444232160486
2472.2156367037433
3804.9421440124033
4012.6665769209626
3719.5405733142616
2760.9936533241366
2380.181328242121
2253.7980261976536
1528.102102162786
1907.4844782838568
1583.5398029963958
1992.5518258728534
2524.237327361373
2952.6373958237186
3286.827719270189
4461.66167966607
3784.6065849000197
2707.074966802806
2453.9156432776917
2184.8907090185007
1925.5853601558613
1901.7990981512064
1766.7477641250202
1954.3175025486146
2102.889889395459
3120.1421486685094
3588.067440919634
4306.618679687111
4007.262453903875
3075.8248547290664
2082.600557397727
2033.0145700925382
2091.6481193303052
1871.632292031792
1597.3702297644502
1969.9823770096841
2432.6009703374907
3382.650466925632
4283.814328119147
4805.3241192904115
5444.052291542286
3773.816070312295
2722.5871205170088
2812.0924094334587
2271.1652055968398
2328.442707735034
1981.9695565968975
2300.098513162481
2370.7452590841444
3390.385456326868
4280.139956079381
5143.353037458774
4810.64241667421
3339.6838201832966
3133.716038106559
2091.4449066663333
1514.320870334525
1868.157763248754
1602.9306077124068
1690.8346100237004
2201.1877023482643
2705.1431154982074
4393.089327781612
4730.106902270077
4298.205763812946
3007.955587984814
2614.157706165582
2209.3964415230753
1659.9725658049829
1382.3093118829045
1581.681657067969
1981.826779972082
2251.7388246747996
3437.9452478201183
4485.8243956245815
5267.471614986925
4654.8249216519325
3415.549640754065
2582.1489345123123
2393.50323363012
1390.635374871979
1456.056506483765
1299.5677192714545
1934.2158782955391
2278.2772826199075
2961.572002910929
3633.292706267061
4388.793539819518
4093.322702940407
2883.635915827213
2337.322546416417
1707.378409563177
1293.8283437194782
1129.7884213356626
1334.1289323785088
1544.065860960016
1867.1240952973958
2652.3632726435817
3271.7675359001673
4046.784483793926
3439.421642064927
2659.028124137784
2447.7765690293318
2731.786174588371
2475.3617421724234
1867.8032563469037
1957.5862648343227
2264.594022227902
2888.227082505017
3581.8099841089984
4471.744637663572
5281.015162269089
5482.4855192013265
3900.8763836784856
2822.1162546064566
2225.14860014107
1531.6430885003394
1738.5813379015617
1653.4267064317849
1868.1796690255067
2116.9840349227397
3039.4747683192527
4234.745769216124
4814.754243889619
4404.030299029795
3298.870026943453
2404.2961801316783
1157.3503578368427
1089.2340787500355
1072.1464985902967
1053.592099871951
1444.965139989649
1761.590832033978
2289.4665006181353
2897.318064827451
3174.937659860602
2945.8359505599747
2211.260875809681
1775.4213523155552
1408.319909572433
926.993199691822
883.8887267251844
1008.933631295913
1353.37186520581
1573.63132751277
2424.053143802541
3233.565919403569
3709.825637221491
3134.3759939439346
2250.047101091705
1853.1367497173026
1112.6907752818026
994.2557260213816
1074.256966686809
1072.6115183184857
1360.753087754849
1670.7590954160717
2366.9749683273385
3054.4870316984498
3701.1611508619812
3269.4169621501715
1981.892834780206
1513.7407597265822
872.669349374655
807.9202643769338
679.6518494494576
675.4545057786427
812.7363720681889
1295.2306884653729
1824.9722960989013
2518.2373901639617
2926.655996489734
2756.419945957096
1814.2625037517957
1155.1242726511018
1096.8757943818614
744.7911575676992
685.0171514474076
652.6527265543116
901.6445647126593
1223.0679173780495
1597.5650811785863
2444.788642298184
2533.668358504356
2346.53891312594
1731.6558205831045
