0
0
0
0
0
0
293.5794338103807
637.2435056084554
863.6257583049157
504.16271341534673
10.101748081696812
0
0
0
0
0
0
5.994484511985831
334.006386883243
1223.5137490778527
1361.5903209620533
613.8277702523513
117.73207605408341
0
0
0
0
0
11.533269922443484
0
240.36401611433678
863.6349201167576
798.011090941629
323.9220526585931
190.35773758711252
0
0
0
0
0
0
0
290.62075656207156
790.5500841702277
1017.7923775752765
101.75769203912462
0
0
0
0
0
0
0
0
934.1328782345319
504.3184857938951
1423.8731280539023
586.4244378751281
21.494250654568546
4.433521078977009
0
0
0
0
0
92.58204664885535
556.8985181767611
1038.1829767762008
1373.9581847010024
854.9608791415912
224.08999812285705
0
0
0
0
0
0
0
256.4097188270346
822.3715392388453
340.59780986455627
82.25576578057604
128.5055899013238
21.089370396278532
0
0
0
0
0
68.60672590933527
299.94327311994334
679.9731814931562
1182.457100291238
96.09419277480164
16.45754757748641
0
0
0
0
0
0
36.98323841437981
531.5871953326409
1409.5951212281568
1562.723244985235
676.3656345753395
65.29925602604929
0
0
0
0
0
0
116.25854610381435
704.3584030983138
1773.8439680971644
2268.996131330579
887.7416629179813
34.194910352066074
0
0
0
0
0
0
0
293.97922558082985
1442.0818465630502
1008.2349547935106
738.101685841813
33.15266981956141
0
0
0
0
0
0
0
416.87352036723735
1267.790493649628
1412.0479439132757
1054.120350383022
10.183670497912019
0
0
0
0
0
0
0
550.8424498546299
1471.0723787914376
1564.2438833769656
530.2134802102762
91.16171741444131
0
0
0
0
0
0
42.61794845120752
568.6558042280667
1173.9430423170872
2023.362729085126
1181.9617611645415
74.4929378738413
13.507942199952012
0
0
0
0
0
34.0173586448434
455.16632323974864
916.6613670224494
1466.560763236721
1159.5389070807832
136.86260771256065
0
0
0
0
0
0
9.741064539365098
0
1200.7347302649296
1433.9105492899855
260.1214190933666
91.18418782380112
0
0
0
0
0
0.1880126296625768
19.22984117662793
280.9898280928996
1608.3037110112077
1628.3094592005166
1046.1485540164526
146.9434099614002
0
0
0
0
0
0
46.823199200877326
519.3880931434076
1306.69182077504
1698.304493963977
743.1519985137469
12.378048023232708
0
0
0
0
0
0
0
134.07601181631156
247.35752696353964
681.6272296019187
433.85570455331714
28.219703965776205
0
0
0
0
0
0
0
424.71731251858756
918.559089838533
1392.5082583636104
739.4895465416354
73.45485894712282
0
