5.815785543612612
4.146132019120379
2.863575268821692
3.1056227598611184
2.068884408606638
0.3997162485110588
4.487753882915173e-12
76.16562126642772
269.93652927120667
363.9926821983274
18.14142771804511
27.021505376344088
5.815785543612612
13.479950716845877
2.863575268821692
3.1056227598611184
2.068884408606638
0.3997162485110588
4.487753882915173e-12
159.798013739546
320.7153524492234
353.91017025089604
111.4796146953405
7.606780167268525
9.922726254480285
4.146132019120379
2.863575268821692
3.1056227598611184
5.802456690561529
0.3997162485110588
4.487753882915173e-12
143.36880227001194
471.18391577060925
537.9618428912785
388.5110513739546
7.606780167268525
5.815785543612612
4.146132019120379
2.863575268821692
8.332638888888889
2.068884408606638
0.3997162485110588
4.487753882915173e-12
118.72983870967742
323.7029569892473
220.25201612903226
71.90311379928316
21.04786439665472
5.815785543612612
4.146132019120379
2.863575268821692
3.1056227598611184
2.068884408606638
0.3997162485110588
4.487753882915173e-12
82.88418458781362
355.80869175627237
307.9872311827957
18.14142771804511
34.862044504181604
6.935853494623656
4.146132019120379
2.863575268821692
3.1056227598611184
2.068884408606638
0.3997162485110588
26.88168309438471
180.329674432497
484.6397102747909
419.62178912783753
206.3138440860215
39.71546445639187
5.815785543612612
4.146132019120379
3.236932497013142
3.1056227598611184
2.068884408606638
4.88008885902031
10.080458482676223
157.93010752688173
320.7153524492234
300.148596176822
240.28711170848268
56.14135304659498
5.815785543612612
4.146132019120379
2.863575268821692
3.1056227598611184
2.4422416367980886
0.3997162485110588
4.487753882915173e-12
4.487753882915173e-12
236.33512544802866
331.8828405017921
99.15770609318996
44.19586320191159
5.815785543612612
4.146132019120379
2.863575268821692
3.1056227598611184
5.055757168458781
1.5197841995221024
4.487753882915173e-12
100.43309438470729
320.3393817204301
467.76807048984466
300.771729390681
14.700642174432497
5.815785543612612
4.146132019120379
2.863575268821692
8.706167861409796
2.068884408606638
0.3997162485110588
26.50817652329749
139.26149940262843
413.30533154121866
485.69071087216247
158.89896953405017
44.19586320191159
15.896244026284347
4.146132019120379
2.863575268821692
3.1056227598611184
2.068884408606638
0.3997162485110588
4.487753882915173e-12
134.4108422939068
493.9336917562724
483.834005376344
18.14142771804511
30.754778972520914
5.815785543612612
4.146132019120379
2.863575268821692
3.1056227598611184
4.309020310633214
0.3997162485110588
13.067540322580642
126.19623655913979
340.127688172043
543.1862305854241
206.3138440860215
40.089045698924735
5.815785543612612
4.146132019120379
2.863575268821692
3.1056227598611184
2.068884408606638
6.746938470728792
36.58908303464755
154.57063918757467
309.1416517323775
281.1084976105137
86.09244324970132
7.606780167268525
6.562485065710872
4.146132019120379
2.863575268821692
3.1056227598611184
2.068884408606638
0.3997162485110588
4.487753882915173e-12
250.14822281959383
455.86805555555554
320.6851105137396
199.5952807646356
45.68914277180406
5.815785543612612
4.146132019120379
2.863575268821692
3.1056227598611184
2.068884408606638
0.3997162485110588
4.487753882915173e-12
34.72222222222222
308.3934438470729
411.0356929510156
246.26232078853047
37.47550776583035
5.815785543612612
4.146132019120379
3.236932497013142
10.199484767025089
6.175825119474312
0.3997162485110588
6.347222222222222
202.35775089605735
397.6243279569892
354.28651433691755
112.22744922341698
22.541143966547192
5.815785543612612
4.146132019120379
2.863575268821692
3.1056227598611184
2.068884408606638
0.3997162485110588
4.487753882915173e-12
143.36880227001194
395.3853046594982
459.58071983273595
181.29853643966547
36.728419952210274
19.256869772998808
4.146132019120379
2.863575268821692
3.1056227598611184
2.4422416367980886
0.3997162485110588
4.487753882915173e-12
142.6205943847073
514.47020609319
291.1861559139785
112.22744922341698
17.31414277180406
18.88332586618877
4.146132019120379
4.730383811230586
3.1056227598611184
2.068884408606638
0.3997162485110588
4.487753882915173e-12
4.487753882915173e-12
252.76433691756273
418.5024641577061
232.44885005973717
9.8469160692951
18.88332586618877
10.866450119474313
2.863575268821692
3.1056227598611184
2.068884408606638
0.3997162485110588
4.487753882915173e-12
86.24365292712066
294.9522102747909
418.5024641577061
167.10909498207886
44.19586320191159
