0.0
0.3733557347670251
0.0
0.0
0.0
0.0
0.0
0.0
79.52456690561529
125.44795400238948
20.534595280764634
7.467278972520908
0.0
0.3733557347670251
2.240142249103943
0.0
0.0
0.0
0.0
47.79110663082438
97.07194593787335
118.35510005973715
87.36458333333333
0.0
0.0
0.0
0.0
0.0
1.1200899790919951
0.0
0.0
90.7262171445639
136.64964157706092
138.1439292114695
134.408527479092
0.0
1.493414351851852
1.493414351851852
0.7467278972520908
0.0
0.0
0.0
0.0
48.911626344086024
87.73797789725211
67.206541218638
12.694190561529268
7.093738799283154
0.0
0.0
0.0
0.0
0.3733557347670251
0.0
0.0
38.455607825567505
143.36910095579452
130.67312574671445
14.93414351851852
26.881705495818398
0.0
0.0
0.0
0.0
0.0
0.0
0.0
71.3111559139785
175.475993130227
148.22087813620075
109.7679211469534
0.0
0.0
6.7206541218638005
0.0
0.0
0.0
0.0
0.0
43.30854241338112
94.08788829151733
69.81686827956989
98.5662709080048
26.881705495818398
0.7467278972520908
0.0
0.0
0.0
0.0
0.0
0.0
29.86869026284349
84.38052568697731
121.71255227001194
23.52158751493429
17.174473566308244
0.0
0.0
0.0
0.0
0.0
0.0
0.7467278972520908
33.975433094384705
126.56851105137396
158.67540322580646
148.22087813620075
7.467278972520908
0.0
0.0
0.0
0.0
0.0
0.0
2.6135043309438473
38.455607825567505
128.06283602150538
179.21139486260455
106.03251941457587
17.921139486260454
0.7467278972520908
0.0
0.0
0.0
0.0
0.0
0.0
40.32254330943847
138.89071833930706
135.15568996415772
84.00675776583033
11.574025537634409
0.0
0.0
2.6135043309438473
0.0
0.0
0.0
0.0
45.54999253285544
122.0863201911589
167.63597670250897
54.8839605734767
15.307683691756269
0.0
0.0
0.0
0.0
0.0
0.7467278972520908
6.7206541218638005
47.417712066905615
121.71255227001194
178.83800029868578
104.91196236559139
0.0
0.0
0.0
0.0
0.3733557347670251
0.0
0.0
0.0
51.895721326164875
162.78416218637992
133.6613649940263
102.30167264038232
8.2139075567503
0.0
0.0
7.093738799283154
0.0
0.0
0.0
0.0
38.455607825567505
145.98394563918757
137.7701612903226
87.36458333333333
11.947565710872162
0.0
4.853823178016726
0.0
0.0
0.0
0.0
0.0
66.45937873357228
118.35510005973715
148.96766726403823
88.11137246117084
15.307683691756269
0.0
0.0
0.0
0.0
0.0
0.0
0.0
38.455607825567505
100.43395310633214
140.75425627240142
131.7936827956989
17.5475993130227
14.93414351851852
0.0
0.0
0.0
0.0
1.1200899790919951
0.0
91.84677419354838
138.89071833930706
126.94190561529271
84.38052568697731
11.574025537634409
0.0
4.853823178016726
0.7467278972520908
0.0
0.0
0.0
0.0
25.014878285543606
107.15344982078852
143.36910095579452
126.56851105137396
20.534595280764634
0.0
0.0
0.7467278972520908
0.0
0.0
0.0
0.0
32.85528673835125
102.30167264038232
156.4384707287933
97.44571385902032
10.080734767025088
