26.736447132616487
18.881384408602152
5.336880227001195
3.83016353046595
2.542017622461171
6.323588709677419
33.78808243727598
87.00716845878138
255.05114994026283
252.47125149342892
215.60857228195937
59.12298387096775
26.661028972520906
8.372349163679809
4.28567054958184
5.048450567502987
2.835946833930705
12.275350955794506
33.33239994026284
83.92249103942652
202.1229091995221
239.18906810035847
165.88747013142176
69.5680256869773
28.000298685782564
9.947841995221028
4.899305555555555
2.5123357228195937
4.719758064516129
4.738799283154122
20.37037037037037
68.57302867383511
186.61402329749103
225.29980585424133
100.72954002389486
46.50276284348865
10.964381720430108
13.210909498207885
5.418085424133811
4.504151732377538
1.5077844982078854
5.741114097968937
34.191457586618874
77.98387096774194
192.4171146953405
217.50298685782556
111.08310931899642
39.45695191158901
17.243055555555557
6.640419653524494
10.650948327359616
3.6304360812425323
6.441651732377538
12.893443847072879
49.36491935483871
88.6211917562724
204.15173237753882
231.87724014336916
107.30734767025092
56.45049283154122
25.269526583034647
5.722558243727598
6.21419504181601
8.147513440860216
4.140165770609319
22.336656212664273
36.93346774193548
72.6583034647551
169.6337365591398
172.99245818399046
97.28643966547192
43.60775089605735
16.71695788530466
8.9449298088411
13.978046594982079
6.655279271206689
3.794799133811231
12.621042413381122
39.677232676224605
88.70034348864993
199.8510304659498
217.47274492234166
131.16412783751494
54.72931600955795
26.46987007168459
11.364396654719235
7.8795549581839905
3.0031137992831543
2.551784647550777
6.574671445639187
29.886574074074073
97.81212664277182
198.18137694145756
238.75298685782556
165.45885603345278
69.33430406212665
17.952434289127837
10.281362007168457
6.71232825567503
3.3381048387096772
3.847072879330944
8.422976403823178
39.82396206690561
118.59879032258064
259.55831839904414
278.3889635603345
213.26239545997612
48.63836618876942
25.17633661887694
6.266502389486262
3.868223566308244
4.327520161290322
5.202807646356033
4.420508512544804
29.162447729988052
61.33848566308245
179.95706391875746
150.2848715651135
86.24290621266428
38.53438620071685
22.213821684587813
8.78307945041816
6.955159796893668
3.6273521505376336
1.9255301672640386
7.393667861409797
26.993914277180405
67.38351254480288
145.88709677419354
126.68869474313023
67.82295400238948
12.603345280764636
13.868951612903226
8.926448626045401
5.40255376344086
4.531776433691756
1.7871677120669056
3.98527105734767
21.64165173237754
74.47132616487455
172.74902927120672
211.33213859020307
83.90419653524492
36.46262694145758
9.487007168458781
9.465725806451612
0.9386835424133811
3.6781660692951017
2.4204487753882917
4.428763440860216
21.446385902031064
126.68757467144565
164.9630376344086
172.1497909199522
100.58355734767022
38.727785244922345
15.724649044205496
13.47954002389486
4.170549581839904
4.936118578255675
3.3566569593787334
8.324036738351255
32.02049731182796
73.6122311827957
149.79988052568697
157.8595430107527
91.22423835125447
23.33915770609319
20.81780167264038
9.312798685782557
8.66636798088411
4.369519115890085
2.1116375448028677
3.6497983870967734
40.01530764635603
69.44183094384708
185.25350955794505
156.34408602150538
62.11768219832735
45.97894265232974
26.58004778972521
10.202508960573478
8.232078853046595
3.6862193847072877
12.257131123058544
5.99163679808841
13.638478195937873
90.146729390681
151.2679211469534
166.54084528076464
74.60237455197132
34.74529569892473
17.91636798088411
7.267547789725209
7.496266427718041
3.944922341696535
3.3003546893667863
12.59740890083632
37.3420325567503
139.49148745519713
237.4996266427718
277.8711170848268
112.06429211469533
63.0790770609319
30.901097670250895
4.526672640382317
2.7503173536439665
1.2822020609318996
3.201975059737157
5.427755376344086
22.12044504181601
73.55622759856631
146.28920250896056
145.25462962962962
89.91450119474312
24.01299283154122
17.198140681003583
7.695639187574671
5.127912186379928
1.6467480585424135
2.7670362903225807
5.383176523297491
26.965837813620073
128.8687275985663
185.81615890083634
184.98917264038232
78.29077060931901
38.46370967741935
29.103270609318997
7.94104689366786
4.601560633213859
3.047319295101553
3.2352299880525686
5.141763739545999
23.642958482676224
73.55324074074073
150.20908004778974
144.13045101553166
72.9760304659498
7.060271057347672
