8.595056750298685
3.458669354865921
2.4153699970131424
2.84375
1.7258064516401148
13.189605734767024
53.263142174432495
158.59468339307048
217.79047192353644
132.4189814814815
56.695415173237755
13.271356033452808
5.520086618876942
3.458669354865921
2.3887022103020024
2.5906137993103657
1.7258064516401148
10.427508960573476
20.138515531660694
82.02284946236558
145.15755675029868
73.75709378733572
41.40307646356033
6.730884109916368
4.851403823205228
3.458669354865921
3.0454375746714457
5.671706989247311
2.6042413381123053
9.258527479091995
50.75044802867384
141.4986559139785
104.40188172043011
64.35222520908005
35.22140083632019
10.19377240143369
5.042450716845878
3.458669354865921
2.3887022103020024
2.5906137993103657
1.7258064516401148
13.189605734767024
59.28539426523297
140.5428614097969
186.08124253285544
119.2469384707288
32.912933094384705
11.567727001194742
6.045474910394265
3.458669354865921
5.641763739545998
3.139896953405018
1.7258064516401148
8.551762246117084
47.046744324970135
100.71311230585424
165.46818996415772
74.33953106332139
33.13284050179212
12.379778972520908
6.104390681003585
3.458669354865921
2.3887022103020024
3.9040845280764636
1.87665770609319
10.427508960573476
42.02508960573477
133.24746117084825
129.15919952210274
75.4035991636798
31.824223416965353
6.552546296296296
4.886429211469534
3.458669354865921
2.3887022103020024
3.980510752688172
1.7258064516401148
11.993742532855435
64.19877538829152
167.49178614097968
245.17995818399044
112.50784050179212
43.537186379928315
8.435931899641577
9.90628733572282
3.5541965352449223
2.3887022103020024
2.5906137993103657
1.7258064516401148
9.018458781362007
49.316756272401435
158.61335125448028
171.30749701314218
98.85043309438471
39.84206989247313
6.345579450445371
5.360887096774194
3.458669354865921
2.3887022103020024
2.5906137993103657
1.7258064516401148
6.661827956989248
54.4578853046595
103.9986559139785
148.58124253285544
150.54920848267622
42.207287933094385
6.345579450445371
4.851403823205228
3.609920101553166
2.3887022103020024
2.5906137993103657
2.0283042114695338
10.323715651135005
91.8010752688172
148.1070788530466
317.07362604540026
141.7715800477897
43.36058841099164
7.67099761051374
6.370258363201912
3.458669354865921
2.3887022103020024
2.5906137993103657
1.7258064516401148
1.511589008363202
37.29540023894862
94.76926523297492
108.72535842293907
60.08848566308244
27.620221027479097
9.322841995221028
4.851403823205228
3.458669354865921
2.3887022103020024
3.0622759856630823
3.2100507765830346
8.811992234169654
61.510603345280764
154.0359916367981
167.6859318996416
106.63866487455198
29.876045400238954
6.345579450445371
6.76187275985663
3.713407258064516
2.794690860215054
2.5906137993103657
1.8213336320191158
16.846266427718042
49.245818399044204
111.8839605734767
126.8107825567503
76.33699223416964
41.613649940262846
9.638440860215052
4.851403823205228
8.071871266427719
6.16819743130227
2.5906137993103657
1.7258064516401148
5.6668309438470725
34.318623058542414
88.54540023894863
75.40322580645162
56.62746415770609
24.744997013142175
6.345579450445371
5.881496415770609
3.458669354865921
4.62869623655914
2.5906137993103657
1.7258064516401148
8.00442054958184
2.7211768219832733e-11
73.21161887694146
83.52747909199522
52.483198924731184
15.133288530493163
7.35017174432497
6.5437948028673825
3.458669354865921
2.3887022103020024
2.6284274193548387
2.5696311230585422
13.369563918757464
30.13142174432497
119.2465651135006
126.17234169653524
64.27008661887695
21.374327956989248
11.054360812425328
5.158673088410992
3.458669354865921
2.3887022103020024
2.6383773894862603
2.3069369772998805
6.686842891278375
86.51060334528077
145.15755675029868
167.6859318996416
75.05637694145759
37.35364396654719
18.832511947431303
6.422827060931899
3.458669354865921
3.7487679211469533
2.7816606929510157
1.7258064516401148
4.791308243727598
21.291816009557945
114.63186977299881
119.63485663082437
61.39523596176822
30.39837216248507
6.425186678614098
4.8991674133811225
3.458669354865921
2.3887022103020024
3.3770908004778972
1.8611372461170848
10.593652927120669
53.2444743130227
140.19563918757467
170.88933691756273
98.85043309438471
33.55361409796894
8.7057945041816
5.137981630824372
3.7213672341696533
2.4046232825567504
2.6192715800477897
1.7258064516401148
8.240008960573476
44.784199522102746
93.19369772998806
137.78375149342892
65.16241039426524
30.87178912783752
6.4964307048984455
