4.851403823205228
4.132131123058542
2.3887022103020024
2.5906137993103657
1.7258064516401148
9.583721624850657
50.38829151732377
138.61260454002388
185.07691158900838
93.31727897252091
22.4171146953405
7.034162186379929
6.101217144563919
3.95221027479092
2.3887022103020024
2.663851553166069
1.7258064516401148
0.3334229390953121
11.471027479091996
100.71311230585424
119.3847072879331
64.62104241338112
29.873058542413382
6.345579450445371
4.851403823205228
3.458669354865921
2.485024641577061
2.872420101553166
1.7258064516401148
12.386514336917562
52.990591397849464
128.61783154121864
178.19967144563918
80.08176523297492
30.193399044205496
6.345579450445371
4.851403823205228
4.039799880525687
2.937985364396655
3.2592965949820787
1.7258064516401148
3.9184737156511344
0.09552718040621265
2.7211768219832733e-11
64.12783751493428
9.629256272428647
24.686006571087216
6.361500522700119
4.851403823205228
3.5573812724014338
2.878248207885304
2.674996266427718
1.7258064516401148
12.035185185185183
54.88724611708483
152.49402628434888
199.41009557945043
87.76172341696535
39.591173835125446
12.713933691756273
5.556712962962962
3.487327135603345
2.5049245818399046
2.674996266427718
9.63239247311828
10.57871863799283
54.778972520908006
138.61260454002388
138.61260454002388
110.86506869772998
56.034572879330945
13.242607526881718
10.841547192353644
3.7118055555555554
2.3887022103020024
2.5906137993103657
1.7258064516401148
6.940725806451613
41.39411589008363
73.65218040621266
134.45340501792114
81.71333632019116
35.022401433691755
14.252165471923536
4.911107377538829
5.650948327359617
2.4937798685782555
2.6383773894862603
2.7336096176821982
7.7762992831541204
42.85394265232975
121.23282556750299
118.80973715651135
67.06279868578255
33.55361409796894
12.586618876941458
4.924641577060932
3.458669354865921
4.193361708482676
2.5906137993103657
1.9168533452807646
11.993742532855435
49.87679211469534
148.86126045400238
207.77329749103941
124.26112604540022
38.256421744324975
7.698887395459976
4.947726254480287
3.458669354865921
3.8729465352449224
2.5906137993103657
1.7258064516401148
2.0225657108721626
1.249813321385902
91.8010752688172
106.61589008363202
102.13971027479091
41.80107526881721
12.586618876941458
5.392734468339307
4.1392995818399045
2.3887022103020024
2.5906137993103657
1.7258064516401148
8.811992234169654
49.75731780167265
121.44937275985663
118.80973715651135
9.629256272428647
19.794653524492233
7.961544205495817
5.770833333333333
3.458669354865921
2.4794504181600954
2.5906137993103657
1.7258064516401148
9.970519713261648
65.72207287933094
168.30197132616487
211.52927120669057
110.34236857825567
36.467293906810035
10.23446833930705
7.211618876941458
3.5430518219832736
2.3887022103020024
3.5379330943847074
1.7258064516401148
9.945131421744325
49.44369772998805
93.69399641577061
106.20146356033453
105.46632317801672
47.38575268817204
15.217667264038232
11.702508960573477
3.458669354865921
2.407806899641577
2.5906137993103657
1.7258064516401148
8.240008960573476
49.91412783751493
133.24746117084825
117.44698327359617
72.21886200716845
30.193399044205496
13.47035543608124
4.851403823205228
3.5864359318996417
2.3887022103020024
2.5906137993103657
3.7899492234169654
10.4528972520908
40.90128434886499
119.63485663082437
141.67040023894862
77.1770459976105
35.22140083632019
6.345579450445371
4.851403823205228
3.458669354865921
2.3887022103020024
2.5906137993103657
1.8213336320191158
5.109781959378733
42.04002389486261
35.17734468339307
70.68399044205496
61.036813022700116
26.258587216248507
6.345579450445371
4.851403823205228
3.586036439665472
3.7141203703703702
2.5906137993103657
1.7258064516401148
7.7762992831541204
49.316756272401435
116.1215651135006
83.52747909199522
105.60073178016727
46.09655017921147
9.092779271206691
7.858086917562724
3.458669354865921
2.3887022103020024
2.7816606929510157
7.7756869772998805
4.160707885304658
40.90128434886499
117.36111111111111
157.1609916367981
94.93391577060932
32.68966547192354
6.345579450445371
4.851403823205228
3.906063321385902
2.7007616487455195
4.074858124253286
1.8627277479091993
0.3334229390953121
21.313097371565114
111.08870967741936
121.67712066905615
97.9506421744325
54.470206093189965
9.638440860215052
4.851403823205228
3.458669354865921
2.50333408004779
2.705245669056153
1.7258064516401148
9.308930704898447
52.172939068100355
140.7706093189964
121.44937275985663
73.82803166069296
26.73237753882915
6.345579450445371
