0.0
0.0
0.0
0.0
0.0
0.0
0.0
38.08262395459976
120.96957138590203
148.96766726403823
114.61969832735961
30.615330047789726
0.0
0.0
0.0
0.0
0.0
0.0
8.587029569892474
69.81686827956989
117.98133213859022
97.07194593787335
110.51508363201911
8.587029569892474
0.7467278972520908
0.0
6.7206541218638005
0.0
0.0
0.0
0.0
49.28539426523297
125.44795400238948
113.12574671445641
63.0973715651135
0.0
1.493414351851852
0.0
0.0
0.0
0.0
0.0
0.0
64.21792861409797
92.5939366786141
153.82362604540023
141.50141875746715
36.21580047789726
0.0
0.7467278972520908
0.0
0.0
0.0
0.0
0.0
51.148558841099174
147.85129181600954
243.42928614097968
126.94190561529271
6.7206541218638005
0.0
0.3733557347670251
0.0
0.0
0.0
0.0
0.0
53.76340352449223
186.30424880525686
222.89366786140985
156.4384707287933
8.960569743130227
0.0
0.0
0.0
0.0
0.0
0.0
1.1200899790919951
19.041304510155317
99.68679062126643
160.91685334528077
126.94190561529271
36.21580047789726
0.0
0.0
0.0
0.0
0.7467278972520908
0.0
0.0
47.043944145758665
152.70306899641574
121.71255227001194
72.05794504181601
15.307683691756269
0.0
0.3733557347670251
6.3471139486260455
0.0
0.0
0.7467278972520908
0.0
77.28349014336916
210.5752688172043
139.63369922341695
99.68679062126643
11.574025537634409
0.0
0.0
0.0
0.0
0.0
0.0
0.0
49.65464456391876
120.96957138590203
106.77968189964157
30.615330047789726
8.960569743130227
0.0
0.0
0.0
0.0
0.0
0.3733557347670251
0.0
9.707194593787337
91.84677419354838
94.83086917562724
30.615330047789726
0.0
0.0
0.0
0.0
0.0
0.0
0.0
8.587029569892474
34.72207287933094
107.9002016129032
92.5939366786141
71.3111559139785
6.7206541218638005
0.0
0.0
0.0
0.0
0.0
0.0
0.0
72.05794504181601
121.33919504181601
132.54084528076464
110.88847819593788
13.814392921146954
0.0
0.0
0.0
0.0
5.600451762246117
0.0
0.3733557347670251
45.54999253285544
153.4502314814815
113.12574671445641
84.38052568697731
19.41442652329749
7.840404719235366
0.0
0.0
0.0
0.0
0.0
0.3733557347670251
61.6034572879331
160.91685334528077
146.35734020310636
57.87219982078853
0.0
0.0
0.0
0.0
0.0
0.7467278972520908
5.973573775388291
0.0
33.22883064516129
142.99570639187573
116.48738052568697
16.05430854241338
12.694190561529268
0.0
0.0
0.0
0.0
1.8667764336917563
0.0
0.0
22.774962664277183
126.56851105137396
101.92790471923539
70.93738799283155
0.7467278972520908
0.0
0.0
0.0
0.0
0.0
0.0
0.0
54.8839605734767
107.15344982078852
103.79144265232975
44.42947281959379
2.9868690262843485
0.0
0.0
0.3733557347670251
0.0
0.0
0.0
2.240142249103943
38.08262395459976
106.77968189964157
132.1674507168459
32.1086096176822
10.453856780167264
0.0
0.0
1.493414351851852
0.0
0.0
0.0
0.0
33.22883064516129
106.40628733572282
92.96733124253285
0.0
0.7467278972520908
