0.0
0.0
0.0
0.0
0.0
0.7467278972520908
0.0
49.28539426523297
126.56851105137396
133.6613649940263
114.24630376344086
7.093738799283154
0.0
0.0
0.0
0.0
0.0
0.7467278972520908
0.0
37.70911738351254
110.51508363201911
147.10450268817203
29.49514635603345
2.6135043309438473
6.3471139486260455
0.0
0.0
0.0
0.3733557347670251
0.0
0.0
47.79110663082438
133.6613649940263
147.10450268817203
69.81686827956989
34.34897700119474
1.1200899790919951
0.0
0.0
0.0
0.0
0.7467278972520908
0.0
50.775164277180416
158.67540322580646
200.86790621266428
121.33919504181601
25.014878285543606
0.0
0.0
0.0
0.0
0.0
0.0
7.840404719235366
100.80734767025089
153.4502314814815
177.34367532855435
167.63597670250897
15.307683691756269
10.080734767025088
0.0
0.0
0.0
0.0
0.0
0.0
24.64175627240143
190.0396505376344
177.71706989247312
153.4502314814815
5.973573775388291
0.0
0.0
0.0
0.0
0.0
0.3733557347670251
0.0
24.64175627240143
98.5662709080048
87.73797789725211
38.455607825567505
18.667764336917564
1.1200899790919951
0.0
0.3733557347670251
0.0
0.0
0.0
0.0
40.32254330943847
109.7679211469534
121.33919504181601
49.28539426523297
8.960569743130227
5.973573775388291
0.0
0.0
0.0
0.0
0.0
0.0
71.3111559139785
132.54084528076464
111.63560334528077
134.78192204301072
0.0
0.7467278972520908
0.0
0.0
0.0
0.0
0.0
0.0
25.761540471923535
120.96957138590203
173.98622311827958
95.20463709677419
0.0
1.493414351851852
4.853823178016726
0.0
1.1200899790919951
0.0
0.0
0.0
38.455607825567505
116.48738052568697
84.75392025089606
65.71221624850656
8.2139075567503
0.0
0.0
0.0
0.0
0.0
0.0
0.7467278972520908
41.06933243727599
66.45937873357228
132.54084528076464
29.12205047789725
10.080734767025088
0.0
0.7467278972520908
0.0
0.0
0.0
0.0
0.0
34.72207287933094
120.96957138590203
103.79144265232975
29.86869026284349
17.921139486260454
0.0
0.0
0.0
0.0
0.0
0.0
0.0
48.164463859020316
173.98622311827958
106.40628733572282
86.24406362007169
13.440852747909199
0.7467278972520908
0.0
0.0
0.0
0.0
0.0
0.0
53.01627837514934
125.44795400238948
96.32515681003584
29.12205047789725
1.1200899790919951
0.0
0.0
0.0
0.0
0.0
0.0
5.973573775388291
38.08262395459976
91.09961170848267
178.83800029868578
51.52232676224612
10.827396953405017
0.3733557347670251
0.0
0.0
0.0
0.0
0.0
0.0
29.12205047789725
148.96766726403823
206.466472520908
90.7262171445639
17.921139486260454
0.3733557347670251
0.0
0.0
0.0
0.0
0.0
0.0
72.05794504181601
136.64964157706092
151.5825119474313
110.51508363201911
8.960569743130227
0.0
0.7467278972520908
0.0
0.0
0.0
0.7467278972520908
0.0
52.64288381123058
134.78192204301072
152.70306899641574
30.615330047789726
25.761540471923535
0.0
0.0
0.0
0.0
0.7467278972520908
0.0
0.0
23.14804734169654
94.45747461170848
99.68679062126643
68.69631123058544
2.240142249103943
