0
0
0
0
0
31.370423561660616
436.7926954591261
1664.441459610845
1531.7137959393247
350.98133647388914
122.0203935416729
2.3523427787954816
0
0
0
0
0
0
393.0289376598261
1135.1572675963712
1370.5217725749567
399.90079892618644
47.72964923210016
0
0
0
0
0
0
25.39168080318136
464.68700745244905
1309.939056914846
1432.7557145975434
854.5201709381629
227.57305270061312
0
0
0
0
0
0
40.98714434756039
410.3869229300525
1327.158507109296
1414.929847706698
475.5064972959944
129.1512341847329
0
0
0
0
0
0
19.33715978528818
506.18522291792476
800.2705467257948
1581.0964703478098
1278.4342198345068
93.93171331884574
0
0
0
0
0
0
24.003902980993942
496.4784912950406
1363.4435801214815
1646.2748663019577
1127.565045808258
32.52652739406373
0
0
0
0
0
0
117.71856064037487
347.7227415271541
1447.4484508278535
1320.2192256351657
787.7535629729297
21.548376639675013
0
0
0
0
0
0
7.312781763576638
368.05856583201023
601.4289013258924
1020.290134938789
1161.4566479719342
102.99940092276718
0
0
0
0
0
2.595905516460629
89.54417031402139
328.73735960982117
1038.265596138551
1480.4640603974212
561.8379314690075
146.21498929964548
0
0
0
0
0
0
0
0
708.5576031031384
1368.44542941899
4.840005211888126
85.39241632578175
0
0
0
0
0
0
75.05089892553224
503.0357518651789
1370.9782025965033
2200.618093981085
620.8507151130195
280.2744962831218
8.945640697159092
0
0
0
0
0
10.21886806891743
507.29429396341425
1348.3139404835586
2169.3959875213995
926.0046843137266
53.6430492314843
0
0
0
0
0
0
54.606641487643444
863.5929725547492
1681.372931360136
1632.1019329588048
436.86969287455327
226.5215591109766
0.4046688644784524
0
0
0
0
0
0
422.553653690432
709.9279586850681
1609.8923736490442
621.3449750235616
88.00361589056769
0
0
0
0
0
0
0
0
1005.6462087189848
1068.8102405366014
435.1743610831727
101.35192969583423
17.885028313962977
0
0
0
0
0
0
500.74234235687345
2258.9504560713813
2342.0038139255894
1025.8497270384087
167.10944170671627
0
0
0
0
0
0
0
591.1315171609999
1349.4331166265006
1674.2798146365978
883.9087840045052
88.50975554085059
0
0
0
0
0
0
73.62203432632533
497.8405274325355
1848.1703153986962
2346.1498494000584
966.1478169127912
259.5102911534598
0
0
0
0
0
0
65.02458029959023
560.3882878019748
1676.6212291738143
2474.0809333056227
997.4003580778094
302.6045232608777
0
0
0
0
0
0
0
486.2051410729485
1300.48859999385
1757.747206989656
713.0502544269402
151.60980219682415
0
