5.815785543612612
4.146132019120379
2.863575268821692
3.1056227598611184
2.068884408606638
0.3997162485110588
4.487753882915173e-12
46.67133363201911
294.9522102747909
365.112380525687
18.14142771804511
37.10200119474313
5.815785543612612
4.146132019120379
11.077658303464755
3.1056227598611184
9.909386200716845
0.3997162485110588
4.487753882915173e-12
157.55824372759858
342.7430555555555
293.80189665471926
111.4796146953405
56.14135304659498
12.536103643966547
4.146132019120379
2.863575268821692
3.1056227598611184
2.068884408606638
0.3997162485110588
4.487753882915173e-12
193.02755376344086
426.37432795698925
364.3645459976105
115.586917562724
65.10416666666667
17.763104838709676
4.146132019120379
6.970515979689365
3.1056227598611184
2.068884408606638
0.3997162485110588
4.487753882915173e-12
132.54293608124254
370.369623655914
336.7376045400239
115.96326164874552
21.04786439665472
15.523148148148149
4.146132019120379
2.863575268821692
3.1056227598611184
3.562320788530465
0.3997162485110588
4.487753882915173e-12
170.6235065710872
388.29039725209077
350.17958482676227
153.29562425328555
35.60868428912784
5.815785543612612
4.146132019120379
7.343947879330944
6.092495519713261
2.068884408606638
0.3997162485110588
4.487753882915173e-12
98.565188172043
452.151284348865
424.84879032258067
129.77635902031062
30.381645758661886
5.815785543612612
4.146132019120379
2.863575268821692
3.1056227598611184
2.068884408606638
0.3997162485110588
4.487753882915173e-12
138.14180107526883
356.55615292712065
435.3031660692952
49.129928315412194
7.606780167268525
16.64333183990442
4.146132019120379
2.863575268821692
10.946124551971327
2.068884408606638
0.3997162485110588
4.487753882915173e-12
4.487753882915173e-12
150.0918458781362
322.1766726403823
49.129928315412194
7.606780167268525
5.815785543612612
4.146132019120379
2.863575268821692
3.1056227598611184
2.068884408606638
0.3997162485110588
4.487753882915173e-12
97.82183393070491
354.68862007168457
398.71415770609315
18.14142771804511
17.31414277180406
5.815785543612612
4.146132019120379
2.863575268821692
3.1056227598611184
2.068884408606638
3.386589008363202
4.487753882915173e-12
112.75462962962963
352.8210872162485
331.8828405017921
18.14142771804511
56.88948626045399
9.175989396654721
4.146132019120379
2.863575268821692
3.1056227598611184
2.068884408606638
0.773073476702509
4.487753882915173e-12
76.53748506571087
368.50209080047796
377.8057795698925
242.90285244922342
77.425701911589
8.429289874551971
4.146132019120379
5.103711170848268
3.1056227598611184
2.068884408606638
0.3997162485110588
4.487753882915173e-12
101.92465651135007
323.7029569892473
520.7892771804061
176.07153524492233
56.14135304659498
11.042801672640383
4.146132019120379
2.863575268821692
3.1056227598611184
2.068884408606638
0.3997162485110588
4.487753882915173e-12
142.6205943847073
323.3266129032258
288.20340501792117
177.9394414575866
19.554099462365592
6.189142771804061
4.146132019120379
2.863575268821692
3.1056227598611184
2.068884408606638
5.626732377538829
4.487753882915173e-12
79.15322580645163
329.6733124253286
290.81466547192355
18.14142771804511
34.11495669056153
22.243466248506568
4.146132019120379
2.863575268821692
3.1056227598611184
2.068884408606638
0.3997162485110588
4.487753882915173e-12
143.74029271206692
272.5526433691756
397.2225955794504
176.07153524492233
39.71546445639187
5.815785543612612
4.146132019120379
2.863575268821692
8.332638888888889
2.068884408606638
0.3997162485110588
4.487753882915173e-12
188.1724163679809
387.1706989247312
526.7633661887693
274.63672341696537
67.71505376344086
14.402927120669059
4.146132019120379
2.863575268821692
3.1056227598611184
4.309020310633214
0.3997162485110588
4.487753882915173e-12
101.92465651135007
526.4183841099164
537.9618428912785
282.47946535244927
25.901321684587813
17.763104838709676
4.146132019120379
11.450716845878137
3.1056227598611184
2.068884408606638
0.3997162485110588
16.801224611708484
207.9607228195938
472.29054659498206
541.3257915173238
258.58385603345283
40.089045698924735
5.815785543612612
4.146132019120379
2.863575268821692
7.58599537037037
2.068884408606638
3.759920101553166
4.487753882915173e-12
229.98842592592592
354.68862007168457
470.775462962963
250.36962365591398
7.606780167268525
5.815785543612612
4.146132019120379
2.863575268821692
3.1056227598611184
2.068884408606638
0.3997162485110588
4.487753882915173e-12
143.74029271206692
348.713784348865
467.41151433691755
198.47110215053766
56.88948626045399
