1432.7852223416287
1135.040500883658
951.1156677030185
868.8283020853266
765.7952450267802
1204.1974118805665
1289.669578849135
2305.62381295121
3150.9087668334882
3687.79200868914
3308.510103223649
2180.029553284694
1609.999583523827
906.3493059730157
685.9066654955495
719.4046682315728
1100.686541131019
1366.3632301151913
1480.5398441567038
2265.6272244700913
3001.954250189872
3515.7921574053357
3185.921547074262
2564.3717916024775
2275.4180280766204
1201.3292969461195
1108.1252316011596
1374.7743102073148
1446.7479202511308
1528.197736578307
1578.7999491491564
2746.692699888405
2954.8084759493427
3553.706350314493
3342.1355313311583
2610.3270164130226
2140.534406857985
1753.1284122309196
1552.1760461196814
1389.5658317310558
1219.0819623628438
1784.4990629795266
1663.9304492372764
2761.3392289907133
3344.7091603279473
4449.738298408
3650.992911909993
2755.2270513649382
2158.572299296221
1998.8397935729101
1542.1510093210475
1501.740020027863
1447.013126363685
1624.576652998078
2072.5767858205886
2796.5107867933475
3921.743965995677
4312.090822739359
3671.8941799450854
3264.4716625833967
2274.5251603807114
1412.5773347400675
944.393727760157
1504.0411076148002
1029.2129757861205
1542.721935639879
1804.7617635919596
2655.667447347016
3440.0783465103336
3663.133901888294
3129.7354304794712
2671.2000414742524
2197.0380447113835
1502.6752669635428
917.281648985014
977.534163862078
829.8835866309943
1395.7103299829039
1516.9710684575857
2062.200500669704
2866.7189492828343
3390.639699699059
2766.076372661342
1697.187130714729
1517.7493402531625
1034.1424934796355
702.8295298739139
839.7135644332266
716.963980884522
1341.913725949348
1460.6526840471668
1922.9735590701941
2940.550375759529
3058.626015945132
2156.367815735835
1958.075478914448
1414.1496802541633
1012.0335309985715
749.7690399755733
714.6513942643044
834.4349818507794
1328.514527947428
1371.7674551713603
1900.0682184236414
2845.5925210435394
2726.115507590198
2568.772755682572
1991.9430047711112
1684.6459328198205
1219.0295803521158
950.3850330062672
887.5260129500685
1092.0971959740555
1456.759572687977
1917.6340733160068
2265.008803968937
2604.606991312079
3692.277974552039
3162.4757757603807
2406.4223965272263
1419.6893556578175
1149.2277736616663
757.6604204943508
880.3956955447926
757.3699194634287
1078.1091522839113
1645.4620960308325
2331.306093847598
3837.9441686233877
4179.1835325496495
3893.445702715253
2099.1420093323236
1461.121343413148
1059.1521658284473
708.2942085039983
806.3378397424266
942.9933091758753
1071.7343542513333
1542.4485229126208
2353.7682021343467
2868.9977017867755
3942.740336414503
2736.4243307779225
1742.2004319562463
1255.112749522749
838.508632830799
743.6723980056194
629.5208985608714
491.4503854848408
889.7381541201114
1252.7954315429154
1720.7483532887427
2475.3155123039915
2483.7508069719443
2166.5419116288444
1975.991785278763
1177.1539771834557
631.4433131785742
680.5976692184199
561.5682765081942
441.38658778832473
815.2769683897895
821.6494555635587
1310.625194682474
1679.635774162974
1920.8487569524823
1945.5675868536555
1497.9232400106232
1353.6942675992866
1074.1061120885022
609.3729593187381
564.0945935765899
555.4727372710921
872.4168539120061
1184.5478902094776
1949.5601775187763
2652.4027509962934
3316.4756073902176
2288.2763003738833
2069.6971886818023
1478.8432604781542
1261.4415279383957
1179.572288128769
550.1904718579184
650.0534488116161
834.8489803420977
1176.8786717890553
1705.904766000454
2746.405340813113
2700.8926703146035
2341.1980846698907
1834.747122188116
1815.585827375292
1474.138062200868
481.31978459325614
618.7409594014089
701.822237180023
847.9169144889639
1365.7548564852902
1810.0929511502122
2531.638671793056
2566.911322705366
2763.2294512318676
2763.7555090964847
1711.686495834386
1034.4535945022326
836.8824770667815
970.6591097572989
836.7434888979363
1329.3175049442154
1830.2822883670872
2509.9421464934067
3069.728683430829
4149.452220157083
3673.6105478729924
2173.2754512676606
1964.3473158795098
1055.2260548704733
880.8157094187508
1023.3100035713218
1047.9059984608411
1171.118855640471
1972.5772573124457
3025.0228972040404
4439.755072362289
4793.083938544692
4593.521237773105
3453.410203871271
2502.478487854208
1834.7673191727818
1618.8910119583797
1875.0823508201656
1151.5654404880033
1641.8526404295055
1733.1412111355173
2710.8436467401157
3354.059102274291
4086.582710356207
3861.470962110409
2593.1970429546686
