341.4803580495819
315.46607190860226
91.12557620221028
114.66148820191161
188.4918007019116
228.39473230286742
701.2623947132619
2928.712373058543
6630.813123506572
5725.192357377539
3783.33044728196
1123.5540658602151
253.28326687574676
188.44244436977306
127.71938545400243
135.2283172043011
76.12356242532857
210.793877688172
429.84752986857836
2383.9501456093185
6659.397162485065
3622.4772886798087
1957.2040882616484
580.0101079002388
466.1625836320191
325.8504342144564
146.47855398745514
122.62187806152927
104.91005107526878
200.02746079749105
701.849699820788
3145.0704002389493
7117.70736260454
4522.650474163679
2275.713608870968
1129.0091024492235
433.2572046744324
242.7940404719235
300.76320937873356
140.29865449522103
118.13935846027476
263.399294728196
428.0167454450418
2872.5903636499406
5109.375884856631
4858.660468936677
4266.7528151135
872.5256559886495
613.865551821983
265.618373655914
123.12941158900834
197.39829711768223
211.63796389635604
164.02767118428915
975.5776919056157
3803.5896244026276
6356.905973715651
4036.2960237455213
2418.8875522700114
843.3144825268815
331.4737141577062
280.38634184587806
222.77195265830346
142.66403711170847
62.33390975955793
226.24859244324966
282.5403405017921
2152.270803464755
5239.6844683393065
3948.7149305555554
1703.3460349462366
388.37170848267624
474.5458856033452
227.954096848865
95.05531216397848
428.70926933990444
144.05660610812427
165.202838635006
305.02933729092
2998.1693772401427
7684.445586917563
7008.213280316609
2899.992540322582
620.0214209976103
517.0275918458783
368.31059923835124
213.57596288829149
106.14260427867382
130.45251164874557
75.29801508363204
683.6423234020313
2355.9394787933093
5264.511047640381
3851.352090800478
1405.5126530764635
214.79009109916367
249.74243727598576
359.68629106929524
232.44862529868573
130.2728167189367
112.02209304062124
280.3188493130227
995.2519489247313
4156.3242196833935
9311.090520459977
5434.1728718638
1993.9249290621274
437.2142077359618
502.6045897177421
191.05232041517314
126.3047420101553
84.0492943548387
160.7222013888889
120.4160237455197
567.8345004480286
2442.7723155615295
6939.375698178015
4299.130846774193
1469.5796221624853
503.3254551224613
380.926964979092
286.82243130227
100.7258265755675
69.48073551373955
121.44894608721627
166.99032220728793
410.9083053315413
2910.8352038530475
5692.4102859916375
4051.5130077658305
3706.480365143369
801.0325795250897
404.9896068548386
272.59792786738336
121.89983729091998
121.27360468936675
84.36799406362006
146.69198439366784
717.380624626643
1683.2565300179203
6299.426680107526
5555.283060782555
1740.444317502987
495.0405058990441
730.4206951911591
303.1259987305854
116.70138097371567
203.7956680107527
87.5692904345878
515.5690285244922
673.4346397102748
3511.8590613799283
5648.91511723417
4511.954360812425
1986.2598192951016
1214.2196908602145
363.4921344832737
483.5179241338112
161.6316676747311
139.7957066158901
109.42534184587815
155.58668533452806
625.7216121565115
3371.896244026285
7062.940826612902
4787.497729988053
3195.295583183989
1560.009117383512
335.72702396953395
221.957329749104
63.0856122311828
139.46534061379924
90.88773499103942
180.3369201762246
847.6529834976103
1692.1392099761056
7639.586185782559
5762.607351403821
2407.846878733572
1344.7111969832736
503.06266913082464
228.5477815113501
166.4483564814815
158.84007534348865
203.19336032706096
451.73521281361997
683.8200828853047
4265.767853942653
7618.557254330944
5249.442880077657
2004.4216883213849
621.2890613799282
303.01847334229393
266.6717532855436
196.4894698327359
242.21547588112313
153.94205831839906
164.92459714755074
628.884425776583
2037.6963149641574
6406.949600507766
6227.985222520906
2760.8092181899638
905.2276049133811
559.0042835274791
492.40403935185213
169.84756795101555
238.1283568548387
148.2446309363799
304.48480286738345
459.32163754480285
3454.4259371266426
8454.015430854246
5733.490374850659
4527.079823775389
1067.609968637993
798.4492379778975
164.92946236559138
174.3805271804062
116.34094784199522
178.87184285394267
135.26635229988048
485.37460162783736
3337.824301821983
6036.052266278373
3701.247972670252
1250.8370407706095
757.2668563321384
326.0075918458782
304.47125448028675
166.01825268817203
129.4012108348267
178.2093036887694
206.83980398745524
453.72905279271214
2393.4621453106333
6048.1534311529285
3362.995407706094
1454.0397662783748
764.8340486857824
