0.7467278972520908
0.0
0.0
0.0
0.0
0.0
0.0
84.38052568697731
163.53132467144565
151.20911738351253
84.75392025089606
11.574025537634409
0.0
0.7467278972520908
0.7467278972520908
0.0
0.7467278972520908
0.0
0.0
31.735513739545997
111.262208781362
126.1951164874552
127.68906810035843
13.814392921146954
0.0
0.0
0.0
0.0
0.0
0.0
0.0
46.29678166069295
125.0745594384707
105.28573028673836
48.911626344086024
29.49514635603345
0.0
0.0
0.0
0.0
0.0
0.0
0.0
42.18798536439665
150.0885976702509
151.20911738351253
131.0468936678614
11.200899790919951
0.0
0.0
0.3733557347670251
0.0
0.0
0.0
0.0
49.28539426523297
152.70306899641574
166.14202508960574
141.50141875746715
5.973573775388291
0.0
0.0
0.0
0.7467278972520908
0.0
0.0
0.0
51.895721326164875
120.96957138590203
126.56851105137396
92.96733124253285
0.0
0.0
0.7467278972520908
0.0
0.0
0.7467278972520908
0.0
0.0
17.5475993130227
222.89366786140985
178.83800029868578
163.53132467144565
0.0
0.7467278972520908
0.7467278972520908
0.0
0.0
0.7467278972520908
0.0
8.587029569892474
48.164463859020316
102.67502986857825
98.5662709080048
47.043944145758665
8.960569743130227
0.0
0.7467278972520908
0.0
0.0
0.0
2.240142249103943
0.0
76.90972222222223
126.1951164874552
91.09961170848267
56.37828554360812
13.814392921146954
7.093738799283154
0.0
0.0
0.0
0.0
0.0
1.8667764336917563
54.8839605734767
140.00709378733572
148.96766726403823
61.6034572879331
13.067312574671446
0.0
0.7467278972520908
0.0
0.0
0.0
0.0
0.0
56.37828554360812
200.86790621266428
116.48738052568697
152.70306899641574
31.735513739545997
0.0
0.0
0.0
0.0
0.0
0.0
5.226911589008363
0.0
138.89071833930706
222.89366786140985
51.148558841099174
23.14804734169654
8.960569743130227
0.0
0.0
0.0
0.0
0.0
0.0
44.42947281959379
125.44795400238948
107.52684438470726
0.0
32.1086096176822
0.0
0.0
0.7467278972520908
0.0
0.0
0.0
0.0
42.18798536439665
110.51508363201911
139.63369922341695
143.36910095579452
38.455607825567505
0.0
0.0
0.0
3.3602337216248506
1.8667764336917563
0.0
0.0
16.05430854241338
134.78192204301072
146.35734020310636
16.427848715651137
17.921139486260454
0.7467278972520908
0.0
0.0
0.0
0.0
0.0
0.0
45.54999253285544
139.26030465949822
156.06507616487454
121.71255227001194
6.7206541218638005
1.8667764336917563
0.0
0.0
0.0
0.0
0.0
0.0
42.93514784946237
114.24630376344086
125.44795400238948
87.36458333333333
0.0
2.240142249103943
0.0
0.0
0.0
0.0
0.0
0.0
1.493414351851852
114.61969832735961
141.87481332138591
138.1439292114695
13.440852747909199
0.7467278972520908
0.0
0.0
0.0
1.8667764336917563
0.0
0.0
5.973573775388291
98.93966547192353
94.83086917562724
0.0
0.7467278972520908
0.0
0.0
0.0
0.0
0.0
0.0
0.0
20.534595280764634
107.9002016129032
49.28539426523297
91.09961170848267
26.881705495818398
