451.85671184289134
224.9804778972521
125.84106843637993
104.06683083183992
73.3690265083632
171.64387432795695
741.4646020011946
2392.738672341697
6544.8633923237785
4917.316707735962
2633.3680518219835
917.9735267323775
566.9468537186378
127.6567372311828
129.52873954599758
78.40414714008361
51.416671968339315
291.52030577957
585.9131242532851
1903.766745071685
4365.231664426525
4157.760532407407
1614.6645870669056
565.6480969982078
354.555377837515
407.44435185185176
227.04630525686977
132.78447360364396
128.23605294205493
267.46937761350057
607.5239068100359
3251.609972371565
6716.792562724015
5280.915737007169
1949.2084192054965
1042.8034871565112
301.6661992234168
174.7452187873357
119.02307452210275
185.80183598416968
213.26974477299885
264.62209080047796
715.3321053614096
3376.724693847072
7769.334617682199
6219.590834080047
2952.527942054959
1390.462227449223
603.4560345728793
316.44232974910386
110.1245852001195
145.1752113201911
142.71394537783752
170.5103701836918
637.7167909946237
2486.866558393071
6858.813396057349
5311.621397102749
3079.281556152927
1195.217361111111
318.7233053315412
232.7155055256869
209.901861932497
245.04109617682195
158.44087268518518
466.61947319295086
953.4506586021507
4393.916289575866
8584.779603494622
6777.690804211471
3848.9709528076455
1254.298163082437
632.7397274492232
257.85478569295105
227.1020459976105
178.71147132616485
127.68552053464752
173.30891054360816
1180.9554286140976
4628.736249253287
8931.75710125448
6628.288982228194
3921.190826612904
1301.6298051075273
413.11656175328557
140.27867506720432
196.57491898148152
124.65405462216245
95.90250332287933
129.26270609319
613.8090957287932
2163.2606182795707
5238.345448775389
4454.760730286736
1741.584262992831
700.5415046296295
279.825798237754
119.33282041517326
71.20893600657112
87.23259255525687
106.24535439068097
192.2871038679809
780.3359531810034
1810.4769862604544
4448.576127538827
4313.282526881721
1597.579969384707
975.0241487455199
600.7407108721625
246.82607601553167
134.80074895459973
107.04348696983274
141.1474216696535
215.90373917264037
323.68606854838714
1885.9218918010752
6244.172804659497
4309.512216248508
1169.3617271505377
526.8014463859023
209.01490479390682
162.85779420549582
135.5412836021506
142.8020038082437
78.61060103046593
114.7823267249104
471.5491823476702
2622.9250112007167
5507.4106742831555
4630.440442054957
2123.530436081242
597.5885651881721
287.4186193249701
275.0723499103943
159.32485700418155
127.60480085125447
97.94568903076463
187.5178447207288
560.8614142771805
2481.408803763441
6187.2274044205515
4457.3483758960565
1610.1681078255674
301.7587059438471
275.03906735364393
260.10993540919964
158.9885412933095
151.39577344683389
119.98917323775385
200.17291666666662
738.9680271804064
2792.8516502389493
6693.797890531662
4908.099634109915
2114.7239172640384
1203.399663978495
240.20985215053764
213.3124089008363
144.63685226254483
163.50785226254484
112.63335625746716
83.66999544504179
421.253596176822
2213.1545661589007
6170.160084378732
4357.009109916368
2081.097255824373
643.4807497013143
399.8707299133812
365.31732900238956
146.04258908303467
190.85529831242533
145.19002426821984
354.5105731033453
908.8328927718035
3729.5319183094393
7868.230977449223
6147.429887246119
4023.190908751494
1142.7969310035842
625.4728188470727
209.8291450119474
176.03614807347674
181.4840187425329
153.49235147849458
162.00512843488647
599.6472155017923
3648.893175029868
7194.578554360808
5133.907668757468
2782.4225395758667
1183.9563918757472
346.6097569444444
211.27781063321385
129.76825500298688
134.73569489247316
60.042294392174426
156.78109729689368
313.91752725507763
2253.2752949522096
6305.495609318996
3727.920247162485
1293.244216696535
728.3589265979689
384.33552419354845
214.9540662335723
173.81166666666664
157.29992857676223
52.364965733273586
214.33948700716851
651.8887272252091
2217.832069145759
6211.99240964755
3729.70883363202
2180.712447729987
802.7673159348867
323.31411589008354
239.97174320489844
107.36875455495817
166.3484968264635
242.13035704151739
217.40639523596178
632.9718496117085
2973.9620482377536
7294.28419578853
5274.037096774197
3512.2286813022706
877.6585823626045
496.0768962813621
404.2651232078854
204.0380899044205
145.61470086618877
149.30143779868575
283.4803035394264
692.855096326165
3382.019067353644
9391.63995295699
7062.619836469531
4627.963836618877
1289.5187163978496
