243.8853027927121
256.258959453405
125.33949152479096
116.35177550029869
257.1094224163679
266.76028636499393
686.1046090949819
4091.4937574671444
6999.117424581841
3446.231235065712
1806.6868130227006
540.4460610812424
460.771004704301
194.43296781660692
155.41733415471919
194.6278823178017
251.6865916218638
780.1619858870969
1053.6487903225807
3468.6648633512523
7642.330301672639
5936.120277031063
3164.926004330945
941.2446983273596
477.01346438172027
255.3084262992832
127.21037985364396
193.70607687425328
106.22226000597374
137.37770011947433
1432.7955906511352
2487.7792040023896
6733.703535692953
4604.674137544803
1745.5680518219835
639.1601441158899
597.137313694743
302.132203927718
157.07984244324973
175.84444052419357
47.22740659348865
80.01885383064516
559.427502986858
2983.0230212066913
5611.857269265233
3750.4095504778966
2859.1868802270014
789.5167588859022
470.4592839008364
331.81078815710873
231.67332399940264
119.30674656511353
96.38089262246116
100.27906884707286
425.88016913082436
2086.8195079151737
3657.8845579450417
3166.903670101553
2363.5356929510167
991.206291069295
361.9413168309438
155.62917674731182
116.97176485961772
138.97079495221033
124.6518551000597
325.8686738351254
588.8310155316605
2893.2641427718036
6449.9025761648745
4953.107605286738
1488.2840651135007
951.5707735961772
571.1305032855437
400.675719832736
128.6894616935484
96.4371804435484
102.08414079301073
124.82502837514932
604.9363097371563
2783.839706541219
7036.802490292714
5401.348973267624
3951.5301560633216
1404.448917264038
615.3967847696384
351.0968021953404
186.84592517921152
142.641422416368
99.68226123805255
198.74782631421743
719.5435099313024
2649.5118242234175
7175.018712664277
5153.698801523296
2203.32660170251
582.4367376045401
347.195835946834
242.33948439366787
110.84486458333332
151.64560939366783
119.00737906959375
216.02809886499406
360.5571146953405
2980.1069481780164
6139.685334528076
2688.5963560334535
2135.9607825567505
562.4088997162485
260.6106507616488
277.12620893070493
193.9825765382318
166.2856104390681
139.13780876642775
201.87100283751494
741.9921143219835
2781.2470840800484
5367.0924245818405
3945.8450231481474
2212.222954002389
533.5427146804062
327.5543249701314
206.9264982825567
119.87052643369174
147.45170609319
109.13746535244923
130.96687163978496
760.0066360513741
2394.5303838112295
6888.011077508961
5247.297356630825
2816.596856332139
1154.1645982676223
376.294936155914
206.60509221923536
225.65184587813624
153.9876333258662
226.79868824671442
197.28278897849455
556.3653916517325
2285.035648148148
6886.196382168461
4601.715856481479
2485.667237903225
927.3611335125449
255.3301071535245
202.9357982377538
260.907427942055
107.17728811977298
54.561837888291535
268.5111760752689
663.9945997610508
3605.094806600956
7113.654121863798
4511.803068996415
1927.3790621266428
670.5674831989247
327.1997782258063
201.46151956391876
121.2264709528077
142.6960670922939
121.19406392622462
178.27855660095582
331.66046408303464
1753.5837727747912
4157.249062873357
2038.4324036738349
1396.104928315412
594.6163418458784
253.83945041816008
268.69468077956986
158.56059550477903
97.51938885155319
125.79265662335723
257.70140382317805
819.6429424283156
2125.976317951015
6170.897065412187
3951.2396916069297
940.7430775836317
354.33419504181614
346.8857485812426
362.58647849462363
187.69473752986863
104.8052931600956
88.64141700268817
114.47251161140979
530.7935222520908
1940.8843309438473
5694.084938769415
5334.400089605735
2806.9322319295093
1204.9091584528076
218.67508400537633
250.88857190860224
157.4346591248506
130.04830122461172
114.20787500000002
172.63478569295106
863.1841188769415
1921.1405503285548
4444.24837962963
2912.6303337813615
2420.4177942054953
755.23691270908
270.9878244474313
549.5747479838709
103.9921241412784
103.5277051597969
247.46930406212664
66.31509383960574
537.7871591248507
2426.9011014038224
6245.1430854241335
5703.580917712067
1400.9834752090806
724.7171818996413
455.0858015979688
178.76684886499405
198.21716957885303
217.1426534124851
132.4945218413978
134.27420381571082
557.3578278076462
2904.203950119474
4833.443936678613
4986.843503584228
1552.1325343488656
812.7528531959381
269.08907332735976
249.04410095579456
266.2564919354838
113.09837380525688
175.28847110215054
358.725765755675
334.1707160991637
1999.5865964755073
7354.007963709679
5272.138657407408
1968.2850395758674
746.0090800477898
