11.042801672640383
9.37314814814815
2.863575268821692
3.1056227598611184
2.068884408606638
0.3997162485110588
2.986872759856631
187.42420848267622
385.6791367980884
124.29808841099161
71.15938620071685
19.554099462365592
8.055921445639187
4.146132019120379
2.863575268821692
3.1056227598611184
2.068884408606638
0.3997162485110588
4.487753882915173e-12
276.65994623655916
572.3603643966547
418.8739545997611
18.14142771804511
14.32709826762246
18.88332586618877
4.146132019120379
2.863575268821692
3.1056227598611184
2.068884408606638
0.3997162485110588
7.093862007168458
180.329674432497
521.594982078853
350.17958482676227
181.29853643966547
16.940598864994026
22.243466248506568
4.146132019120379
2.863575268821692
3.478979988052568
2.068884408606638
0.3997162485110588
11.947319295101552
140.75754181600956
467.8199671445639
414.7711320191159
159.27045997610517
7.606780167268525
26.723827658303463
4.146132019120379
2.863575268821692
3.1056227598611184
9.909386200716845
3.386589008363202
4.487753882915173e-12
4.487753882915173e-12
361.4116636798089
238.17278972520907
18.14142771804511
7.606780167268525
5.815785543612612
4.146132019120379
2.863575268821692
3.1056227598611184
2.068884408606638
0.3997162485110588
4.487753882915173e-12
85.87141577060933
378.584229390681
389.3794802867383
99.15770609318996
42.32900238948626
17.016465053763437
5.639568399044205
2.863575268821692
3.1056227598611184
5.055757168458781
0.3997162485110588
4.487753882915173e-12
157.55824372759858
353.568921744325
327.4036738351254
286.2104241338112
80.78517025089606
33.81768966547193
4.146132019120379
2.863575268821692
3.1056227598611184
2.068884408606638
1.5197841995221024
4.487753882915173e-12
79.89658004778973
336.3963560334528
253.10558542413378
95.0548835125448
7.606780167268525
5.815785543612612
4.146132019120379
2.863575268821692
3.1056227598611184
2.068884408606638
0.3997162485110588
3.360203853046596
79.15322580645163
460.73924731182785
263.5599611708483
18.14142771804511
7.606780167268525
5.815785543612612
4.146132019120379
5.103711170848268
3.1056227598611184
2.068884408606638
0.3997162485110588
7.466995221027478
113.87432795698928
319.21931003584234
281.1084976105137
115.586917562724
7.606780167268525
7.309221923536438
4.146132019120379
2.863575268821692
3.1056227598611184
2.068884408606638
0.3997162485110588
4.487753882915173e-12
104.91188769414576
252.01650238948625
335.2464157706093
240.6634557945042
30.381645758661886
5.815785543612612
4.146132019120379
4.3570116487455195
3.1056227598611184
2.068884408606638
0.3997162485110588
4.487753882915173e-12
92.59445937873357
340.127688172043
331.8828405017921
98.03800776583036
21.794504181600953
5.815785543612612
4.146132019120379
2.863575268821692
3.1056227598611184
2.068884408606638
0.3997162485110588
4.487753882915173e-12
149.34363799283153
574.9738649940263
397.2225955794504
253.35685483870967
27.021505376344088
5.815785543612612
4.146132019120379
2.863575268821692
3.1056227598611184
2.068884408606638
0.3997162485110588
4.487753882915173e-12
82.88418458781362
210.57160991636798
183.28666367980884
18.14142771804511
7.606780167268525
7.682594086021505
4.146132019120379
2.863575268821692
3.1056227598611184
2.068884408606638
0.3997162485110588
4.487753882915173e-12
85.87141577060933
283.75
331.8828405017921
95.0548835125448
7.606780167268525
5.815785543612612
4.146132019120379
2.863575268821692
3.1056227598611184
2.068884408606638
0.3997162485110588
4.487753882915173e-12
125.82026583034646
344.2349910394265
183.28666367980884
131.6442652329749
42.32900238948626
17.39000896057348
4.146132019120379
2.863575268821692
3.1056227598611184
2.068884408606638
0.3997162485110588
13.44108422939068
74.29771505376344
238.57452210274786
276.62522401433694
169.7248357228196
40.089045698924735
13.65628733572282
4.519489247311827
6.597147550776584
3.1056227598611184
2.068884408606638
0.3997162485110588
3.7335722819593786
148.96766726403823
387.1706989247312
362.12477598566306
74.89060633213859
35.60868428912784
5.815785543612612
4.146132019120379
2.863575268821692
3.1056227598611184
6.549257019115888
0.3997162485110588
4.487753882915173e-12
139.26149940262843
273.296370967742
512.6019265232975
66.67600059737157
18.434326463560335
5.815785543612612
4.146132019120379
3.983643219832736
3.1056227598611184
2.068884408606638
0.3997162485110588
4.487753882915173e-12
139.26149940262843
583.9120370370371
442.3965800477897
167.10909498207886
33.74182347670251
