0
0
0
0
0
123.7636433943966
733.529926641922
1239.075196169985
2263.404357468595
1252.5856524834471
117.52379109244949
0
0
0
0
0
0
0
332.61899142326695
819.5539223156068
938.6015963503448
116.86428458926898
0
0
0
0
0
0
6.584136111212896
65.52369991907143
659.9330498658302
1452.8631907260765
3248.6633460192866
989.4447527780676
116.61628746763819
0
0
0
0
0
0
0
598.2789480196583
1451.3696032861176
1826.001756308849
909.3005534489215
46.93114009871143
0
0
0
0
0
0
0
494.9770389274827
1728.5911859133694
1159.681446452947
612.6072335740528
152.93772437021966
0
0
0
0
0
0
12.619419707397753
479.8107045566893
984.9638907546956
974.3479696472386
402.0789346971468
194.27831950875904
19.75040983986358
0
0
0
0
0
49.558913089598285
484.109763629902
1197.728842106229
1694.627454428475
596.182102399453
147.94260453692715
2.57749763642191
0
0
0
0
0
89.688117785082
346.5207074090711
1354.0300811347333
1713.5417030391468
801.7553337544908
109.39135134092727
1.550900187716664
0
0
0
0
0
58.77217957328064
159.2796236480531
611.9558589820397
810.1594008992134
450.4677104415284
20.922463911353958
0
0
0
0
0
0
8.415206796765368
344.044036312173
905.3235827925049
1342.6636193831475
803.131447864218
115.08435927679726
0
0
0
0
0
0
40.53820477977356
373.1324513872815
955.7694959059417
1366.9976489392695
457.30643494575537
113.77703511227347
0
0
0
0
0
0
71.47125755517789
486.2496404389219
1633.86202889455
1273.1997509622602
657.4925128680875
227.88169917174716
44.77574228051685
0
0
0
0
0
84.71625916984178
398.2535908343192
1010.8125221606138
2172.617539290944
909.7919598996431
3.0563186689216195
0
0
0
0
0
0
0
337.88295476570096
1168.299747812906
1377.7011400767626
493.7023525623908
50.6448195942714
0
0
0
0
0
12.623079868449153
27.701013065393
584.4954003006806
1300.0372630797972
1789.3937978842716
803.0887876064702
0
0
0
0
0
0
0
0.7748533685168297
356.454334591043
807.267735043902
1341.8518575337132
549.4772658675603
81.55306476525868
0
0
0
0
0
0
19.22984117662793
0
413.02817337679915
1281.8190171455585
481.97180670462456
0
0
0
0
0
0
0
0
497.4369282688557
915.8555005838809
1151.009840439485
300.6124226475581
11.139622097306784
0
0
0
0
0
0
0
350.2180369059172
651.3949746935277
1826.7564112028745
478.38116751627996
0
0
0
0
0
0
0
12.176797562690737
494.4178800215746
732.9658252029299
2013.4771203707792
781.8066014998192
20.145159126334278
0
