5.815785543612612
4.146132019120379
4.730383811230586
3.1056227598611184
7.295900537634409
0.3997162485110588
4.487753882915173e-12
140.75754181600956
378.584229390681
496.18316905615285
104.01284348864993
38.96882467144564
10.669242831541217
4.146132019120379
2.863575268821692
3.1056227598611184
2.068884408606638
0.3997162485110588
4.487753882915173e-12
81.01627837514935
222.52202807646353
238.17278972520907
90.57160991636799
22.541143966547192
20.00350955794504
4.146132019120379
2.863575268821692
3.1056227598611184
2.068884408606638
0.3997162485110588
4.487753882915173e-12
142.6205943847073
406.95900537634407
371.0872162485066
96.91830943847073
7.606780167268525
12.536103643966547
4.146132019120379
4.3570116487455195
5.719127090800478
2.068884408606638
0.3997162485110588
4.487753882915173e-12
111.63493130227002
420.40023894862605
261.69168160095586
18.14142771804511
34.48846326164874
12.909647550776583
4.146132019120379
2.863575268821692
3.1056227598611184
2.068884408606638
0.3997162485110588
4.487753882915173e-12
222.52202807646353
309.1416517323775
320.6851105137396
248.8780615292712
32.248543906810035
20.00350955794504
4.146132019120379
2.863575268821692
3.1056227598611184
2.068884408606638
0.3997162485110588
14.560857228195937
140.38119772998806
428.988201911589
586.5173237753883
371.33848566308245
65.47565710872162
5.815785543612612
4.146132019120379
2.863575268821692
3.1056227598611184
2.4422416367980886
0.3997162485110588
4.487753882915173e-12
109.01919056152927
452.151284348865
400.58169056152934
220.49917861409796
23.287783751493425
16.64333183990442
4.146132019120379
2.863575268821692
3.1056227598611184
2.068884408606638
0.3997162485110588
4.487753882915173e-12
85.87141577060933
342.366711469534
366.2320788530466
37.55615292712067
27.021505376344088
12.536103643966547
4.146132019120379
2.863575268821692
3.1056227598611184
2.068884408606638
0.3997162485110588
4.487753882915173e-12
67.57952508960574
316.9799133811231
210.16987753882916
99.53405017921146
14.32709826762246
5.815785543612612
4.146132019120379
2.863575268821692
3.1056227598611184
2.068884408606638
0.3997162485110588
14.187724014336917
4.487753882915173e-12
423.7597072879331
390.12768817204307
92.43914277180406
45.68914277180406
5.815785543612612
5.639568399044205
2.863575268821692
7.58599537037037
3.562320788530465
0.3997162485110588
4.487753882915173e-12
151.58340800477896
360.66345579450416
360.257243130227
181.67002688172045
15.447281959378731
5.815785543612612
4.146132019120379
2.863575268821692
3.1056227598611184
2.068884408606638
0.3997162485110588
4.487753882915173e-12
140.38119772998806
370.369623655914
309.11140979689367
111.4796146953405
44.19586320191159
11.042801672640383
4.146132019120379
2.863575268821692
3.1056227598611184
2.068884408606638
0.3997162485110588
4.487753882915173e-12
97.4454898446834
514.1136499402628
243.77165471923536
18.14142771804511
37.10200119474313
5.815785543612612
4.146132019120379
2.863575268821692
3.1056227598611184
2.068884408606638
0.3997162485110588
4.487753882915173e-12
139.26149940262843
430.8531212664277
543.1862305854241
95.0548835125448
15.820863201911589
12.536103643966547
4.146132019120379
2.863575268821692
3.1056227598611184
2.068884408606638
0.3997162485110588
4.487753882915173e-12
208.70855734767025
387.1706989247312
485.69071087216247
164.49783452807645
7.606780167268525
17.763104838709676
4.146132019120379
2.863575268821692
3.1056227598611184
2.4422416367980886
0.3997162485110588
4.487753882915173e-12
158.3019713261649
273.296370967742
374.81854838709677
240.6634557945042
22.541143966547192
5.815785543612612
4.146132019120379
2.863575268821692
3.1056227598611184
2.068884408606638
0.3997162485110588
4.487753882915173e-12
112.75462962962963
356.55615292712065
366.2320788530466
18.14142771804511
20.674320489844682
5.815785543612612
4.146132019120379
5.850448028673835
3.1056227598611184
2.068884408606638
0.3997162485110588
4.487753882915173e-12
124.70019414575866
323.7029569892473
309.11140979689367
167.10909498207886
18.434326463560335
5.815785543612612
4.146132019120379
4.3570116487455195
3.1056227598611184
2.068884408606638
0.3997162485110588
4.487753882915173e-12
112.75462962962963
458.12537335722817
155.28375149342892
18.14142771804511
15.447281959378731
8.802658303464753
12.360215053763442
2.863575268821692
3.1056227598611184
2.068884408606638
0.3997162485110588
4.487753882915173e-12
132.54293608124254
406.95900537634407
342.7128136200717
18.14142771804511
12.460237455197133
