0
0
0
0
14.7099395862762
125.60642266560326
577.8366022691621
1282.482454234501
1487.0613915187746
966.2863693293253
136.14972448551998
0
0
0
0
0.170603549372359
0
0
221.3545424985357
810.2192448962519
1086.9502373300343
407.80775830492007
18.439027965672423
0
0
0
0
0
0
14.946414972834873
473.8394865444444
1593.4135192804374
1730.9161835342218
781.658014426813
83.13738215103129
0
0
0
0
0
0
0
559.4367287842938
1175.6953201319957
1796.5864337282035
1296.2662792553733
207.13559051687153
6.181193505169908
0
0
0
0
0
41.167095567844925
680.2234546980919
1728.5911859133694
2667.295693764775
1385.978275987434
372.3904200094073
0
18.63767576117123
0
0
0
0
0
206.2556717012533
1380.6172659040383
2177.8332593724476
1196.4856700615435
300.8587406557125
0
0
0
0
2.9032253980267164
0
0
0
358.4576354156673
961.1436581321786
452.67478459778044
104.23132168149101
0
0
0
0
0
0
57.13375697265668
454.39406463726704
1808.9307681120333
1926.171257997331
786.2953576493536
191.83863330030596
0
0
0
0
0
0
102.61794570231291
251.4102613421988
970.4937920764244
1271.8805777211967
339.86772537581743
159.61791642031454
0
0
0
0
0
0
40.01926145626357
658.1685136120536
1676.8390397817523
1676.5950709960507
900.0956802417566
146.77570485624767
0
0
0
0
0
0
0
350.6675469667319
1373.680188856957
1355.7226340049801
435.4396488047758
132.62253989124602
0
0
0
0
0
0
0
314.36605322267343
1273.453576086904
795.6515878798228
455.72802660763347
0
0
0
0
0
0
0
45.57046317223123
406.33304125247935
691.577904478415
1172.2034861248744
613.942572205497
81.39148145267313
0
0
0
0
0
0
7.811982202700982
589.614958947302
1860.0209246348888
3233.326140076762
586.0918388228448
85.72945967790344
0
0
0
0
0
2.7306328851755595
0
499.5794056770245
1390.1597242506455
2127.2563277528498
942.3058574989434
20.22166535891668
0
0
0
0
0
0
35.3388094617068
483.7758698359653
975.5555187953955
883.592822288791
301.3078363574048
26.497359866811863
0
0
0
0
0
0
87.35876142752399
560.8488857392557
1265.621512683848
1912.5970936091185
924.9922666807297
148.6172077511254
0
0
0
0
0
0
2.454135580805641
581.7745925460359
1549.163445625697
1140.4311367357816
724.7607948100432
130.34918750949316
0
0
0
0
0
0
27.350409152636814
339.5000709560965
1154.1671521128826
1100.0777971049054
367.83979953539597
0
0
0
0
0
0
0
36.58917062123315
534.5743167001888
1131.6549679747338
1137.0045994627744
1141.5079157172627
142.12839538678833
0
