5.188926224611707
3.9960050776583036
2.6593600657108722
2.920967741935484
5.392883811230584
17.024357825567503
60.49880525686977
128.61783154121864
148.21908602150538
108.40091099163679
33.48230286738351
6.3742372311827955
4.851403823205228
3.458669354865921
2.3887022103020024
4.63048835125448
2.6731257467144562
0.3334229390953121
26.480361409796895
83.52747909199522
110.03584229390681
55.06683094384707
22.320041816009557
6.345579450445371
4.851403823205228
3.458669354865921
2.3887022103020024
2.777680704898447
1.7258064516401148
6.61739844683393
50.75044802867384
158.61335125448028
171.7928614097969
90.97632915173237
28.619698327359618
11.006944444444443
5.2995818399044206
3.458669354865921
2.5757691158900835
2.6383773894862603
1.9232265531660693
0.3334229390953121
59.05017921146953
118.75
178.19967144563918
140.36402329749103
40.5973715651135
12.395459976105139
4.921456839904421
3.458669354865921
2.492189366786141
3.94392174432497
1.7417275238948626
9.320131421744325
70.72132616487455
171.7928614097969
261.6636798088411
149.0819145758662
56.527404420549594
10.929286140979688
11.94108422939068
3.458669354865921
2.3887022103020024
2.5906137993103657
1.8038194444444444
0.6996117084826762
25.46408303464755
138.61260454002388
214.94175627240142
131.07862903225808
49.793160095579445
8.537858422939069
5.298797789725209
3.458669354865921
3.913157108721625
5.094160692951015
1.7258064516401148
3.8675104540023897
1.34651284348865
40.90128434886499
98.61111111111111
60.01754778972521
31.087589605734767
6.345579450445371
5.298797789725209
3.7213672341696533
3.38694743130227
2.872420101553166
1.7258064516401148
11.152195340501793
49.44369772998805
179.86857825567503
191.11036439665472
92.09266726403823
39.591173835125446
8.034722222222221
5.591733870967742
3.649716248506571
2.6418384109916366
2.6972856929510156
4.063060035842294
15.611200716845879
30.13142174432497
99.74611708482678
128.61783154121864
49.503808243727605
36.6274641577061
9.879666965352449
6.335648148148148
3.458669354865921
2.3887022103020024
3.2385752688172036
1.8026247013142174
9.7267174432497
69.18682795698925
167.49178614097968
167.49178614097968
103.2709826762246
35.520833333333336
9.879666965352449
4.851403823205228
3.458669354865921
2.3887022103020024
2.5906137993103657
1.7258064516401148
2.864784946236559
39.87455197132616
138.61260454002388
136.91756272401435
58.94601254480287
34.29136798088411
6.345579450445371
4.851403823205228
3.458669354865921
2.3887022103020024
2.5906137993103657
2.131795101553166
0.38118652927120666
36.52367084826762
129.15919952210274
83.44907407407408
61.036813022700116
15.133288530493163
12.706093189964157
9.309289127837513
6.909610215053765
2.3887022103020024
3.7846848864994027
1.7258064516401148
10.593652927120669
45.452508960573475
73.60737753882916
119.63485663082437
76.33699223416964
29.64531063321386
9.477971923536439
4.851403823205228
3.458669354865921
4.92006421744325
2.5906137993103657
2.904345878136201
7.095669056152926
63.12724014336918
185.59587813620072
317.07362604540026
73.82803166069296
30.193399044205496
9.879666965352449
4.851403823205228
3.458669354865921
2.3887022103020024
2.5906137993103657
4.941830943847073
3.4289277180406215
54.64083034647551
140.7706093189964
211.3500597371565
108.08355734767025
24.058393070489846
6.345579450445371
7.502165471923536
3.458669354865921
2.3887022103020024
2.5906137993103657
1.7258064516401148
9.970519713261648
53.263142174432495
101.23581242532856
92.46191756272401
46.892174432497015
24.797267025089607
10.01265681003584
5.729838709677419
3.458669354865921
2.3887022103020024
4.6809662485065715
1.7258064516401148
15.073192951015532
60.77882317801673
129.15919952210274
191.11036439665472
106.75813918757467
36.6274641577061
6.839120370370369
4.851403823205228
3.630607825567503
2.3887022103020024
2.5906137993103657
1.7258064516401148
7.072147550776583
62.92189366786141
156.45534647550775
117.36111111111111
87.76172341696535
35.022401433691755
6.345579450445371
5.0384707287933095
3.6576762246117083
2.3887022103020024
2.5906137993103657
1.7258064516401148
9.583721624850657
39.87455197132616
118.80973715651135
113.66114097968936
53.77128136200718
19.794653524492233
6.632157258064515
5.064743876941457
3.6791778673835127
2.3887022103020024
2.6192715800477897
1.7258064516401148
10.598879928315412
58.691756272401435
116.819743130227
117.36111111111111
128.00216547192355
36.44638590203106
6.775836320191159
