2.4412671545489744
0
0
0
0
17.34716340634401
292.0114454591262
1205.3449841030792
2189.0375713276153
670.4537827104483
147.45703482004808
0
0
0
0
0
0
109.88471748689622
204.64053413533378
1051.4091343825125
1329.437916541504
528.079935724275
141.95228214727337
0
0
0
0
0
22.05275170261074
22.572609715965086
614.3181305109915
1483.677482840772
1375.6092838926445
511.96864764067203
95.1705736086179
0
0
0
0
0
0
34.15911268686743
613.2076367890728
1528.2229485668827
2142.9002778142253
937.7985373198891
255.64466309751666
6.140161545791138
0
0
0
0
0
41.258568088752924
511.13705983548743
1181.047876474899
1924.2647797862799
1003.8620872180195
130.89743912529738
5.016742405141848
0
0
0
0
0
76.48165089019345
351.18652594259135
1580.0105604082203
1448.7935341633677
969.7435852347811
31.446740954398273
0
0
0
0
0
0
11.561377247304371
495.30002647339063
1344.401855845775
1372.6206593269221
539.4120157805762
104.23132168149101
0
0
0
0
0
0
0
327.13861362173543
1053.373345770337
842.2752753211067
6.329967864407394
102.99940092276718
13.427206938015324
0
0
0
0
0
35.694857291321284
758.380430099666
1770.534861371526
2178.467719298258
896.9301507043718
327.1953507094423
0
0
0
0
0
0
67.80439437143684
515.5460524412053
1753.3933259227315
1423.3856922624786
895.4130338857233
371.6536543783505
0
0
0
0
0
0
34.993700598172616
360.69144182933644
1405.6212730863476
1675.1472905163303
781.743412245636
54.293574837482566
0
0
0
0
0
0
0
164.93370555242257
688.9512612720893
735.602678082929
273.7546469780039
64.66279982885587
0
0
0
0
0
0
29.595030077846545
103.97831454997039
799.5628955178414
1370.4483337951253
276.6568792544815
44.54873951718925
0
0
0
0
0
0
128.1183591441586
364.32710052436295
1473.3415638224635
2023.362729085126
788.0433770546249
285.1061771211531
0
0
0
0
0
0
35.72348917053037
356.02280472122993
1025.179885540968
955.4709334876171
323.3856066028859
34.077698811724304
0
0
0
0
0
0
28.427407131957693
447.1513925360848
896.9619554740095
1407.9162989912995
1118.541259296473
79.52293483694328
0
0
0
0
0
0
79.90718586002099
417.3994383079534
1113.8603866384478
2240.824020132416
1045.7419679949473
22.196994190790846
0
0
0
0
0
0
0
281.13174607052827
601.2456588873459
730.6002675601542
170.55085604062867
39.82342586074766
0
0
0
0
0
0
19.665186631728815
360.7963672523929
891.7855063542206
1022.1503030786212
728.4423981017042
75.05090916290885
0
0
0
0
0
0
36.876991708449395
486.2051410729485
1352.8900336856063
1757.747206989656
733.6558398510739
85.11611193398066
0
