345.4954274940263
254.20652852449223
124.64222371565114
122.85222252090806
76.0562792450717
175.46341024492233
538.8486514336915
1604.6783120519717
3237.5133885902023
2685.9885640681
1339.9191681600955
528.3336443399043
367.9208792562724
183.51876642771805
158.99165882616487
382.91292868876945
121.50611245519707
163.72066868279572
970.8882448476706
2681.7125074671444
7703.3470168757485
4569.4935185185195
963.0277564964159
487.7400918458782
265.8597535842296
339.9714740143369
138.44860065710867
137.8794320489845
87.3915826239546
28.32946042413382
402.6809494474312
1578.3628879181604
6167.669321236558
2871.986995967742
617.3266535991638
557.5624581839904
400.330960274791
149.59676075268814
257.2047636648744
85.75163007765828
138.14823551373954
62.98445610065712
604.9309240591397
2275.846654719235
5436.183878434887
3538.504035991637
1760.8094384707288
560.6867816606931
222.21067951015533
210.97552344683393
132.48521654719235
81.48676090203104
69.04554420549579
115.00813769414579
491.6075301672637
1723.0238761947435
2949.2995930406196
3964.0099835722804
2995.0239956690557
655.4524342891276
301.9787317054958
502.4224514635603
124.57617756869773
196.80315262843493
120.42648002538833
259.78257579151733
631.5203438620072
2904.2746826463563
6888.486114844682
4706.357709826761
2973.08201911589
808.6442219235364
763.3073028673837
225.10268630525684
146.40133997909203
122.48105689964159
165.0722249850657
275.0623402031063
829.3678352747914
3181.8648782855444
6186.206358273596
5081.2316830943855
2438.32396953405
1011.3288007765832
372.751712962963
222.6290934886499
93.93674884259262
122.93005585424133
136.31881291069297
113.5625533527479
666.6528860513741
2742.2161775686977
7264.103278076468
4533.651071535245
1748.3138776881724
831.8453520758662
224.71208183990433
460.663416218638
157.78537709080055
118.8925242308841
158.75084640083628
186.01124141278376
552.7488119772995
2491.7253248207885
7837.550134408603
5100.01557646356
2589.0298163082443
881.3214829749104
577.7690027628435
211.2054652031062
180.73609655017924
145.0005353942652
116.73570766129032
119.53218119026288
720.9869858870968
2512.0916218637985
6968.057269265233
6402.205839307048
3282.1218563321395
855.945834453405
377.6715542861409
155.6334805854242
226.39336618876942
212.90325253882915
71.67758322132616
162.95276135005975
586.8112429062126
2701.097890531662
6826.721034946237
5157.181007317801
3403.6944668458787
801.7826504629631
423.32352150537645
262.2479976851851
208.5725966995221
103.96143847072878
248.12778935185182
247.0995198626044
605.0121087216247
4200.689392921148
6562.892331242531
4754.9235364396645
2491.466453853046
919.3593335573479
471.7022379032259
319.55314889486266
180.21376381421734
87.25689538530465
65.09095333034648
180.993403151135
403.82501493428913
1661.4004442951023
5221.225653375148
4437.060080645163
1964.7506272401438
446.68511051373946
663.3761618876939
246.4861562873357
220.32524716248503
107.94654088261647
157.79038829151736
575.9244500448032
704.1053935185187
2389.9649118876932
6113.44001642772
3744.347995071685
2253.7658340800476
1194.7010902031066
325.528129853644
258.43081279868585
170.39398708183992
147.34247039277187
161.32390419653527
125.55518544653526
1252.9335274790917
3024.0717555256865
7479.519530316606
4576.0305406212665
2335.6658154121865
958.3798125746713
467.8942028823178
237.6926388888888
77.81494642323777
156.34443720131424
117.11619183094385
178.89180592891273
401.188851553166
2798.252755376343
6680.648566308244
5481.848230286739
1441.0853867980888
578.475564516129
641.2665759408604
236.29615666069304
120.75258288530463
124.4020829599761
89.74010495071684
195.5064426523297
454.01770011947434
2949.2842368578254
6258.355044056153
4343.2635229988055
2471.7344571385906
542.067831914576
252.75712402927115
455.7572681451614
143.78392622461175
182.8846307123656
157.01612604540023
405.66592107228195
629.2297729988054
3528.1221960872163
7289.859143518522
4704.098708183992
3248.961495669056
1456.3551597968938
514.2215651135006
269.59147401433694
147.79506832437275
98.86997632915171
99.62527333482674
363.4259580346476
669.2522364097965
3107.2044877538824
5783.818992682199
4250.995389038232
2629.047845728793
1134.7199260752684
496.10735327060905
267.4301191009558
392.8532739695342
162.49411477001195
132.49263440860213
110.71665886350058
814.9996102150536
4038.7899902927134
8206.077064665471
6020.842305107529
3660.8664015830345
1418.2935371863805
