5.360887096774194
3.458669354865921
2.586122311827957
2.5906137993103657
2.358646953405018
16.287724014336916
35.17734468339307
129.15919952210274
87.77628434886499
53.453927718040624
16.825679510155318
8.691569593787335
8.302344683393072
3.458669354865921
4.420176224611708
2.5906137993103657
1.7258064516401148
7.423103345280764
61.12231182795699
201.25448028673836
164.060633213859
110.34236857825567
26.793608124253293
9.68746266427718
4.954890979689367
5.460685483870968
5.485327060931899
2.8931115591397845
1.7258064516401148
1.6429360812425329
53.2444743130227
96.90486857825567
141.81600955794505
83.23663381123059
22.939441457586618
9.434289127837514
5.346550179211469
3.458669354865921
2.3887022103020024
3.326164874551971
1.7258064516401148
4.448939665471923
73.21161887694146
139.45265830346474
130.7347670250896
70.29980585424134
27.18637992831541
14.252165471923536
6.211469534050179
3.458669354865921
2.3887022103020024
2.5906137993103657
1.7258064516401148
10.46297789725209
33.29114396654719
104.40188172043011
95.05301672640383
75.04144265232975
36.44638590203106
9.82433542413381
6.373842592592593
6.419914874551972
2.3887022103020024
2.6686267921146953
1.7258064516401148
7.259199522102748
45.411439665471924
123.08841099163679
211.3500597371565
94.75843787335722
36.425104540023895
10.218413978494624
11.777180406212665
4.194220430107527
3.9258885902031064
2.5906137993103657
1.7258064516401148
3.8121789127837515
54.53629032258065
114.85215053763442
107.54554958183991
73.43974014336918
26.258587216248507
6.894862604540024
5.586954898446834
3.458669354865921
2.5757691158900835
2.5906137993103657
1.7258064516401148
12.752031063321386
60.49880525686977
168.81720430107526
140.7706093189964
64.91226105137396
25.262843488649942
10.508512544802867
6.33366935483871
3.7659386200716845
2.3887022103020024
2.5906137993103657
2.0123842592592593
3.0806227598566305
34.52247610513739
116.1215651135006
98.61111111111111
68.91465053763442
27.59931302270012
9.556936977299879
4.851403823205228
3.458669354865921
2.3887022103020024
2.7816606929510157
2.7336096176821982
10.49433990442055
49.87679211469534
53.263142174432495
93.71266427718041
117.17480585424134
31.6819743130227
11.678987455197133
5.110916965352449
3.458669354865921
2.3887022103020024
2.5906137993103657
1.7258064516401148
7.095669056152926
17.588859020310633
106.2313321385902
140.19563918757467
60.37970430107527
36.467293906810035
7.8298237753882916
5.057575418160096
3.458669354865921
2.3887022103020024
2.7816606929510157
7.7719534050179195
9.258527479091995
55.35394265232975
141.4986559139785
189.44519115890083
123.74215949820788
45.24044205495819
10.65710872162485
5.805070191158901
3.458669354865921
2.3887022103020024
2.5906137993103657
2.123842592592592
3.198080943847073
44.784199522102746
20.08997909199522
124.58183990442055
56.676000597371576
26.73237753882915
6.345579450445371
5.910132915173237
3.458669354865921
2.3887022103020024
4.501082735961768
1.7258064516401148
19.012485065710873
73.60737753882916
93.19369772998806
134.21445639187576
62.60491338112305
18.426149940262842
10.329674432497011
5.729838709677419
3.458669354865921
2.5049245818399046
2.5906137993103657
1.7258064516401148
12.958870967741936
64.12783751493428
111.08870967741936
167.49178614097968
51.54233870967743
35.022401433691755
6.345579450445371
6.375858721624851
3.458669354865921
2.8790695937873356
2.5906137993103657
1.7258064516401148
6.136514336917562
33.32026583034648
82.93757467144565
136.91756272401435
116.24514635603346
32.130002986857825
8.02923387096774
5.742980884109916
3.458669354865921
2.3887022103020024
2.5906137993103657
1.7258064516401148
8.453195937873357
53.87171445639188
108.13918757467144
114.85215053763442
93.99305555555556
31.64613201911589
9.56160394265233
5.551933990442055
3.5287223715651135
2.3887022103020024
2.5906137993103657
2.689030764635603
10.626508363201912
53.2444743130227
136.32392473118279
245.17995818399044
76.48633512544802
41.613649940262846
7.735476403823178
7.116151433691757
3.458669354865921
2.5256235065710873
2.5906137993103657
1.7258064516401148
2.159587813620072
41.5621266427718
114.91562126642772
106.20146356033453
49.503808243727605
18.233982974910397
11.671146953405017
4.851403823205228
5.512470131421744
7.426037933094385
3.521990740740741
1.7258064516401148
7.230451015531661
65.77434289127838
181.01478494623655
199.41009557945043
106.05249402628435
39.002389486260455
14.824148745519713
