1275.8495032556073
955.3332316184253
772.2061862962081
737.6837568344299
698.9424821832913
975.6092062354053
1194.9423499064826
2089.5046597254036
2438.9066872337276
3752.9938082709778
2534.6873321662997
1874.7625767315276
2472.66230380459
971.8237048678784
941.2280887333028
1078.7202185601268
756.197629840697
1100.4693643744502
1781.408467961961
1836.184967899004
3037.083622203011
3031.4702114674615
2497.6428471041286
1868.0309194399933
1762.684705944004
1639.3901429735993
1321.5546633514577
1569.9831438393353
747.9239727451572
1152.3957868769933
1359.3888189968263
2059.898792705013
2386.758576755794
2721.8428123813987
2538.583970697946
1549.5399121716841
1275.6419524075677
801.0306893366554
793.4943518245801
631.3885736665394
733.1126803287939
869.7047178481052
1372.278022415294
1866.5746307230918
2146.1089661821884
2949.1440481093123
2942.513110536037
1548.2899321893112
949.1113375280004
772.3809935430417
431.0919684757674
547.3233585881972
749.9111501838764
980.4360444257964
1359.126931429908
1639.6190827909584
2050.085998552428
2785.723737912598
2342.5923579618125
1635.9376646741978
987.9623467606397
1441.254339668383
696.3369363921765
614.746401820296
536.3730788327151
1310.6724426589956
1292.075839159462
1654.3403752143995
2696.7882068747313
3221.0742767389515
2389.9946897387294
1943.3363541982671
1812.532070995732
726.8442036421569
628.4419573780843
366.65482022408514
696.7077279093699
820.5718353592486
1632.8022139175612
1809.6799212192852
2406.9038021800866
3460.0761542988193
2972.9025748716176
1732.2109733073207
1230.2644873559102
1113.8679228404478
703.8493514091584
579.1867685849589
731.9503806007705
1111.8209616124311
1480.5244022371314
2324.58101501404
2744.968931613771
3891.3803468889787
3594.402194469409
2038.7169999717958
1480.7457264011164
1006.5328925577107
650.0067490556215
834.7853548377814
870.3867183352473
1442.2012887001158
1508.7363881164024
2273.615709463068
3246.821967728126
3855.3328014970093
3812.3011681676376
2529.3653838033683
2058.215870095805
1418.500421152593
980.8659059154672
1137.727680736807
1063.5682630290132
1374.6706565440104
1960.9109737042977
3040.840867887693
4093.0652947768344
4437.960919593855
4902.279165844013
2618.926652799628
1652.2453331070415
1157.5310928074248
1047.053412579177
901.0953371218536
850.7274792005853
1497.7954306590602
1507.5599902960657
2298.8674999109185
3339.872596042741
3876.8402679140445
3793.430357733175
2152.7056294040076
1068.8600306891337
895.5328221904554
765.8792667477259
792.4185472543742
715.2525796358511
1090.7471133612498
1385.2323154753449
2080.079369249042
2727.4857767569056
2527.5262160441316
2464.4435586751742
1754.4552109287665
1338.0143026888186
1027.7735111163427
700.2580872230628
503.32903849516055
686.9212886359759
844.5901235794897
897.6835711038476
1695.826116132231
2266.7582841080534
2455.5456845107724
2366.034022590613
1377.0936259298992
1385.8121686410414
880.7599092807247
931.984899654501
697.3574603492937
838.8049091742271
1113.541121242239
1292.4979905097955
2177.5629336311003
3066.085512812916
3614.119254264309
3103.959608209689
2082.273225076334
1149.4816219899683
935.3694782772712
736.7577114095384
719.8710235347739
659.9897212914032
824.2584444137982
1717.9985547853453
1667.201127339564
2985.851250100237
2956.512532420087
2524.3214429963446
1610.8301523914818
1511.8337996059918
1160.7243983087665
648.0744872028429
623.6333351345017
644.8211500511619
1092.095389392277
1445.4114786886971
1698.8558524699874
2515.337434600449
3261.092565774581
2606.6102187798087
1629.802710487101
1465.4456690718278
889.7295459224927
529.0256853922401
721.9569312502739
648.4962156746466
898.0412760481033
1565.8264290659354
2192.21961632345
3283.051533949567
3245.067035070955
3328.081601769503
2759.3980942219328
1814.4125487017702
1627.8096596904047
1123.9733410154079
1236.3995443451124
1068.4469965890949
1636.091840368349
2000.5038124112925
2862.7751848745297
3083.107114583755
4241.603541841671
3757.178573559967
2867.221575819633
2156.246546763619
1884.6297473734605
1204.9930391678547
1446.4035668927072
1181.5941667702805
1828.332063525776
1826.1947453650141
2668.8382496532636
3456.115552499683
4110.126127911478
4245.026390102854
3129.2288269298133
2494.3457556260128
2596.9814134081453
1752.2198687385462
1795.0382722658064
1762.4799965662592
1868.479058813615
2157.881888405528
3185.525609852421
4316.197042835818
5284.997547572458
4759.55679693717
3421.307814310702
