27.58325866188769
12.139075567502987
4.206052120669056
3.289508661887694
4.7498207885304655
7.906698028673835
40.7202807646356
98.40576463560335
225.11499402628434
267.71468040621266
179.97647849462365
74.0725806451613
18.25365890083632
7.78673835125448
2.8206839904420544
5.184819295101553
4.151291816009558
4.564068100358424
16.224537037037038
72.65046296296296
178.65404719235366
201.00545101553166
113.70258363201914
41.97024342891278
14.927755376344086
14.236372461170848
5.721811529271206
6.257653823178017
4.791218637992831
18.722035543608126
30.771878733572287
86.21938470728793
197.99731182795702
205.72095280764637
72.77292413381124
40.065524193548384
26.525612305854242
12.430854241338114
5.853046594982079
6.673312425328555
2.210834826762246
5.576164874551972
23.8161215651135
105.66606929510155
200.32407407407408
226.41502389486266
127.17331242532856
33.79222670250896
12.550925925925926
8.340128434886498
4.994586320191159
2.9265830346475505
3.8992196833930706
5.225059737156512
56.53412485065711
86.9209229390681
200.165770609319
236.18018219832737
131.11783154121864
43.86798088410992
26.047341696535245
10.106182795698924
9.018107825567503
3.6670848267622462
3.7911514336917556
9.391278375149344
51.02673237753883
96.87089307048984
235.97222222222217
233.5711618876942
151.95041816009558
45.215800477897254
13.76560633213859
6.2874477299880525
3.5274006869773
5.038306451612902
2.759009109916368
8.64262246117085
41.07108721624851
73.30159796893668
197.53248207885304
208.12985364396656
112.04823775388292
44.95557048984468
16.77852449223417
7.413567801672641
1.55331541218638
2.569560185185185
3.2934065113500606
9.47356630824373
38.9958183990442
77.9876045400239
198.79144265232975
202.73857526881721
96.55055256869773
35.89714008363202
13.787597072879331
9.706429211469533
3.388702210274791
6.172155017921146
3.9850433094384705
9.375709378733573
61.49118876941458
130.77546296296296
294.31264934289123
245.61006571087216
171.269041218638
66.0218787335723
22.44179360812425
9.998805256869773
5.067390979689367
3.030604091995221
3.256851105137395
11.965763142174431
28.200754181600956
73.3732825567503
182.52688172043014
125.01232078853045
80.8475209080048
23.827658303464755
21.556824970131423
12.110327060931901
8.186155913978496
2.280798237753883
4.509024044205495
6.4938022700119475
28.50739247311828
71.64015830346476
135.62985364396656
212.56197729988054
79.04121863799283
31.269787933094385
18.993204898446834
7.745183691756273
7.838000298685783
3.165714605734767
2.1884632616487454
6.940188172043011
21.487305854241338
66.41203703703704
188.6753285543608
171.16151433691755
67.85282258064517
38.8060409199522
24.550813918757466
10.009819295101552
6.620594384707286
4.197894265232975
2.5099462365591396
21.283564814814813
48.526732377538835
100.16763739545999
209.26224611708483
225.0653375149343
94.7240890083632
39.629928315412194
17.36017771804062
7.897886798088411
4.2251232078853045
2.0725022401433697
6.984617682198327
2.8893257168458786
24.771841397849464
94.59864097968938
203.5397998805257
179.01583034647552
100.47976403823178
19.89702807646356
12.44463112305854
22.017622461170845
8.368802270011948
3.4234318996415762
4.503741039426523
13.858460274790923
36.45695191158901
106.50798984468337
231.0383064516129
259.47767323775383
209.7151284348865
74.20512246117083
36.94313769414576
19.487343189964157
9.160506272401435
3.413788082437276
2.269746863799283
4.090666069295102
38.20575716845878
89.04047192353644
187.38164575866188
236.9952210274791
140.79711768219832
52.01836917562724
29.834080047789726
10.131944444444445
4.5141166367980885
3.1568809737156514
1.9953517025089602
21.705682497013147
42.520908004778974
135.79711768219832
235.56787634408602
272.2830794504182
145.16502389486263
74.54823775388292
14.896953405017921
14.971139486260451
6.516913082437277
4.30448028673835
15.506197729988052
16.665135902031064
43.44067353643966
131.4889486260454
250.03957586618873
251.30189665471923
200.4237604540024
69.98693249701314
27.406735364396656
8.659311529271207
8.175851254480287
2.8181526284348863
3.754525089605734
8.428390083632019
43.41360513739546
90.26919056152927
221.2858422939068
208.48454301075273
101.341472520908
50.375597371565114
24.1158527479092
8.00556302270012
4.902815113500597
3.35706765232975
1.9016539725209076
8.636238052568698
12.524230884109917
66.72379032258064
137.15240442054957
133.27583632019116
44.84262992831541
34.19395908004779
