0
0
0
0
24.340730356885523
66.99725301207877
698.8528806443114
2109.4619942583963
2370.393231423195
1083.991342447605
147.45703482004808
12.747018704721405
0
0
0
0
0
57.806835169094555
576.769230371893
1647.3466343825119
1579.2803597912055
1146.2792338126858
115.87316775061866
34.27736678490902
0
0
0
0
0
0
494.26138021230577
105.96537859943379
1377.8154517540547
398.5800574375656
0
0
0
0
0
0
0
78.03762224481244
609.16641815108
1591.9580142777545
1663.5756810400314
1346.34767113112
150.9888611261905
40.944858379721865
0
0
0
0
0
84.13509885338853
370.51355326440023
1323.0890204414459
2274.6325366560536
584.8350561546981
147.7319298660381
0
0
0
0
0
0
100.26745584837745
812.8711137562115
1234.0458053305617
1612.637246827645
804.6431521403963
144.8406701658678
0
0
0
0
0
0
19.50824851373209
519.2247576561864
1792.8819185697891
1479.4194944523697
379.97615855238007
195.69096176512306
0
0
0
0
0
0
13.135437080183557
348.8060270028584
1741.6633696651993
2353.9475423461963
1085.3496437903336
202.3509540888365
0
0
0
0
0
0
36.25108488988758
522.1580585345523
1638.1912980501397
1770.2956762875049
727.2706524964865
120.81172615747103
0
0
0
0
0
0
114.39963780034961
716.9222471843357
1474.3390397817523
2660.4716390964095
1134.9433504926526
265.81389930069207
0
0
0
0
0
0
58.00213847152984
455.15567420687523
1274.9253352129906
1473.796484064717
770.0954134403792
157.02890189841446
1.1553927879595562
0
0
0
0
0
0
322.42160877822903
711.8388060749567
1111.2758411653663
522.5802518167136
96.79015197939353
0
0
0
0
0
0
0
365.68078617482115
1390.8771129610914
1410.5416731021744
907.1172287168472
161.92370218146647
6.084627048468889
0
0
0
0
0
93.18276326602236
565.0745616952112
1409.2693565345305
1924.8214357756874
912.5643597308496
139.5450212071746
0
0
0
0
0
0
19.921480508642688
560.786469595782
1554.0389058516012
2127.2563277528498
1063.307574942193
108.280991822477
0
0
0
0
0
0
46.101578278911106
156.18503202234527
1186.719273275682
1306.9112213329965
728.2810293084203
99.77330819417145
0
0
0
0
0
0
34.04906160673545
379.9154926687659
1705.990762982534
1758.1130732984855
962.4567977440513
156.20561874276223
0
0
0
0
0
0
16.051731160256068
173.7848972055342
831.6328303329851
831.3469820165461
901.5544029342965
304.136261882253
0
0
0
0
0
0
0
135.91841773029003
1003.6481855656903
1184.0820533773071
80.9184285676539
0
0
0
0
0
0
0
14.172802640349019
580.9049618614788
1521.2901979627866
1907.507511649154
883.8918016192937
125.54789956838924
0
