641.2622028076464
276.19187910692955
157.88093824671444
147.1528418085424
86.40118290770607
127.02175739247309
738.8819410842294
4431.396688321385
6684.251695041815
3694.7863276583043
2110.682213261649
848.9158381869771
464.26875224014356
285.2136178315413
89.38532168458785
128.99841241039422
128.05180555555557
261.1790128434886
521.5486674880526
2655.93609244325
4065.4231966845873
4206.204204002388
1415.094104689367
1034.4755488351248
277.6821206690562
199.3737145310633
104.39002844982076
113.28491420997612
128.1002740068698
62.21111335125447
182.90597670250898
2606.356974313023
5466.09154345878
4578.504969384707
182.33453338560332
291.4175619772999
266.37555070191155
180.45078068996418
151.55719944743137
106.37583561081246
82.74714934289128
119.93855809438473
591.6838422192354
3310.590027628435
7044.151926523299
5823.7359094982085
2890.1802195340506
1421.44491114098
535.0459539277181
224.27226142473114
133.70204487753884
122.49044601254481
102.94528061529275
214.67447767323776
1177.8638776881724
2815.4301075268813
7411.231123058541
4791.591913082437
2572.1002053464754
991.2395609318999
112.0035178091398
188.93646617383516
119.72658788829152
191.87091173835123
80.70225817652327
180.29261312724014
1103.890990890084
2788.2049021804064
8464.10731033453
6602.625018667863
3641.340610065709
881.0787753882915
330.74971923536435
166.22121303763439
197.19043048088403
134.3707391353047
76.807991786141
283.2919052419355
563.5228199671446
3422.277774044206
7450.434292861411
4915.843518518519
2681.0166853345277
898.8985580943851
298.82089904420565
306.27524156212667
277.71018929211476
96.47140990890082
246.91622595579452
241.16404495221022
660.2403259408605
4015.5510080645176
8953.249436230586
6450.876777180403
2600.5697132616497
689.0747479838709
367.2772834528076
221.17120594384704
136.76463747013145
120.95299481033453
213.5786079749104
142.30526396356032
778.6760887096772
2399.9953293010744
6296.740546594983
5250.686185782555
3382.9464755077674
1254.03180630227
454.30701239546
228.2013485663083
130.55963063769417
129.01286480734768
152.7939779719235
105.9507434289128
477.09642510454
2465.0360513739543
9003.562175179213
5335.502691905616
3432.0991748805263
896.5873872461169
536.7972565710875
273.93679622162495
187.5464941756273
137.79154569892475
112.23355932646359
154.20801859318996
254.55038045101546
2806.9947057945033
6926.020616786141
5061.708505077659
1774.2057272998804
1136.599992532856
446.1056197729989
295.3031929510156
202.8682355137395
145.61995277031065
116.4595639187575
214.55944220430104
473.02661701015523
2207.087223715651
4749.3236036439675
3565.9508251194734
2929.120904271207
871.6850119474311
377.64366300776595
409.02345542114693
155.3274962664277
183.89350134408602
110.3412037037037
250.65161813022686
1545.3341360513741
2895.8411028972523
8199.811719683392
6742.709666218637
4533.300966995219
1255.876534498207
647.1794694967147
150.0511958632019
214.43063545400244
43.083140240442056
97.40208083183991
247.08721512843493
675.3094119623656
3428.2005114994035
6791.612085573478
5134.753121266427
3390.3981332138605
526.6919922341696
377.7094952210274
461.8868104091996
150.97070191158898
114.56217644862606
91.952652479092
311.96770086618875
1206.870952807646
2941.307187126642
5634.486342592593
4361.9108534946245
2474.798786589009
837.0628315412188
382.82991076762255
238.08535244922342
203.34573738052578
107.17876530764636
123.44430518219838
376.81917786738353
774.2000907258065
2057.1267659796895
4930.865804211469
5904.837298387096
2012.486790621266
1264.361226851852
512.6449973864995
291.7454980585424
236.86699559438466
115.54148036140977
114.44748051075267
264.1495624253285
628.3401426224614
3034.2681115591395
6976.574787186381
6116.952228942651
2457.335569743131
745.5223626045398
416.29472334229393
225.07703890382322
143.3165076911589
380.5577905092592
195.26514598267622
208.80971438172048
791.9605760902033
2921.361152180406
6287.56557646356
5672.982007915174
2777.3381160394274
549.653946385902
527.4554308542413
276.8970082885305
168.8432064665472
171.07136846624854
177.01440188172043
431.71263739546
700.8102818847071
5093.189572132618
7175.6389112903225
4626.601280615293
1780.0786962365596
1234.3962552270011
398.38313545400234
157.67387246117084
131.9606761499402
157.58154752837518
98.24832160991637
439.7870538381123
697.7380973715648
2500.0428726105138
7712.6726665173255
4755.501459826762
2234.49142771804
673.1615031362004
