5.346550179211469
3.545041816009558
2.3887022103020024
2.5906137993103657
1.850787783751493
3.214732676224611
34.6598715651135
140.19563918757467
131.47774790919954
80.08176523297492
30.193399044205496
6.345579450445371
5.344944743130227
4.624887992831542
2.3887022103020024
3.5140382317801664
1.8117794205495819
9.945131421744325
14.742756869772998
107.54554958183991
87.3618578255675
51.191382915173236
30.98902329749104
6.381002837514934
4.851403823205228
3.458669354865921
2.3887022103020024
2.920967741935484
2.131795101553166
7.895773596176822
64.63560334528077
138.61260454002388
121.23282556750299
85.8090651135006
23.64770011947431
6.551751045400238
4.93578629032258
4.405988649940263
2.3887022103020024
2.5906137993103657
6.947954002389486
13.189605734767024
62.76881720430107
93.64172640382318
114.85215053763442
70.04218936678615
35.22326762246117
7.358161589008363
4.851403823205228
3.458669354865921
2.3887022103020024
2.5906137993103657
5.188545400238948
4.448939665471923
60.66308243727599
164.57959976105138
165.17697132616487
106.53412485065711
45.26471027479092
6.516726403823178
6.941756272401434
3.458669354865921
2.4241255973715647
2.5906137993103657
1.7258064516401148
9.064381720430108
46.736857825567505
124.54450418160096
174.82078853046596
145.15793010752688
33.92734468339307
18.04734169653524
6.5437948028673825
3.458669354865921
2.3887022103020024
2.5906137993103657
2.0123842592592593
9.997401433691756
33.14068100358423
108.13918757467144
122.78972520908005
67.4361559139785
15.133288530493163
9.19937275985663
5.137981630824372
3.729327210274791
2.977785244922342
2.5906137993103657
1.7258064516401148
13.114187574671446
65.15830346475508
93.23103345280765
161.67861409796893
102.82295400238948
24.7703853046595
11.400462962962962
5.859206989247312
3.458669354865921
2.3887022103020024
4.150873655913978
1.7795400238948622
8.847834528076463
30.13142174432497
224.081541218638
186.08124253285544
90.97632915173237
30.063844086021504
14.067353643966547
5.285244922341696
3.609920101553166
2.3887022103020024
2.5906137993103657
1.8169541517323775
8.240008960573476
52.990591397849464
75.50776583034647
104.16293309438471
59.386574074074076
36.467293906810035
13.532332735961768
4.882449596774194
3.458669354865921
2.3887022103020024
2.5906137993103657
2.2193473715651133
6.574462365591398
15.060110513739547
72.08408004778973
132.9786439665472
77.20318100358423
23.611857825567505
8.256048387096774
4.851403823205228
3.458669354865921
2.3887022103020024
2.5906137993103657
1.8054136798088412
15.073192951015532
39.87455197132616
92.46191756272401
95.97147550776583
43.94787933094385
35.34460872162485
9.638440860215052
5.1634632616487455
3.458669354865921
2.3887022103020024
2.5906137993103657
1.7417275238948626
9.886140979689365
23.869100955794504
84.42353643966547
145.13515531660693
62.336096176821975
30.87402927120669
6.431951911589007
4.851403823205228
4.636835424133811
2.3887022103020024
2.8501269414575865
2.7336096176821982
14.26823476702509
58.43040621266428
100.73924731182795
124.46236559139786
44.8066009557945
24.11999701314218
8.691569593787335
5.729838709677419
3.458669354865921
2.461939964157706
2.5906137993103657
1.7258064516401148
8.863888888888889
7.67099761051374
60.77882317801673
119.60125448028674
55.04069593787336
19.716995221027478
8.256048387096774
5.695228494623656
3.7118055555555554
2.3887022103020024
3.223454301075269
4.822431302270012
4.791308243727598
16.677867383512545
88.75821385902032
132.9786439665472
72.55114994026285
31.824223416965353
6.512746415770609
4.851403823205228
3.458669354865921
2.5256235065710873
2.5906137993103657
1.7258064516401148
0.9662634408602151
54.60722819593787
99.18608124253286
87.3618578255675
76.69168160095579
28.169429510155318
13.62940561529271
4.851403823205228
3.7404756571087217
2.3887022103020024
2.5906137993103657
1.7258064516401148
0.9813844086021506
42.04002389486261
65.42712066905615
60.66308243727599
52.483198924731184
23.08430406212664
7.125709378733572
4.851403823205228
3.5565822879330944
2.3887022103020024
3.085760155316607
1.7258064516401148
8.00442054958184
42.04002389486261
87.3618578255675
99.74611708482678
46.152927120669055
34.21856332138591
8.338859020310633
4.976385155316607
3.458669354865921
2.6928016726403823
2.644347371565113
1.7258064516401148
5.467084826762246
49.75731780167265
140.5428614097969
174.82078853046596
61.39523596176822
32.68966547192354
9.879666965352449
