2051.002751463493
1686.2775789899897
1505.797373198837
1570.115548202412
1728.4896260004953
2147.6423790251306
2791.222173681871
3002.2052197612466
3703.338381528827
5041.884414603116
4367.477770487683
2905.1096010744186
2707.355004670779
2116.265087783051
1250.2939862840803
1313.690547861203
1227.4876503753446
1562.0539686157892
1752.028547113693
2728.82278898622
2983.157102639094
3764.484287034964
3304.644329332326
2496.5356954256563
2103.154269862762
1399.1720911516154
1108.33138452828
949.8481752013413
877.6426745820746
1148.4481666858342
1561.6502620225142
1941.682074141691
2964.604111403345
3502.8495701472298
2311.2906985951972
2134.4734993879347
1686.1884615174836
1376.289963903561
854.7924477027165
755.9096836575787
876.771920920192
954.5437105303037
1673.688360676943
2377.3241752272743
3123.228515166657
3387.3808835334485
2917.408197154914
1991.7125091009
1797.9416130656348
923.1648981129345
579.6817142194947
675.4414051831794
974.8930834276038
929.4627170661786
1615.0707934370764
2018.8105777133007
3348.819533498664
3301.575104400054
3437.612481916413
2120.2508217829195
1664.096688158489
969.063699734094
521.1973306574095
798.8438928597225
659.7786493225597
929.868500006666
1225.0733451331773
2144.1619701964787
2811.2941805903815
3981.678331398452
3540.4965565248744
2543.5243022269406
1572.015467799795
779.0775817783575
850.4798643374629
787.6197970759374
720.5149897074577
1005.3339560283042
1139.7444966236553
1743.8120262073376
2594.1003075564304
2984.554387572417
2697.1669005884632
1752.0862047888027
1440.4768604144522
1269.2738554868035
942.6828826218231
914.0219724380053
790.9991503887031
1394.897555847795
1925.5827057018864
2205.985831322285
2786.125950729661
2481.2653528626934
2074.8051663929455
1543.5767333947342
1072.7251208156927
1042.140475443016
777.5019028787996
1137.7375128425601
1054.1591007277207
1626.1338155818364
1727.485297913296
2401.4265256219674
2849.0652323637296
3687.639850481477
2828.7013660469693
1754.4750425548627
1656.8595416907874
1416.457544808507
976.6787568712623
1043.7661749871056
1022.4384146120478
1499.69766632597
1836.0516323064473
2605.329510360812
3532.422728319248
3961.9489348268285
3564.516509033977
2592.153205965697
2074.742570263552
1728.0528445995399
1038.8804473760706
1445.1170739796794
1330.6066970171923
1594.7401147988455
1847.9868981515015
2371.480194056678
2585.4178357380815
3231.6568001721107
2703.081492739149
2609.1997004912237
2290.4790196377594
1765.2474204580774
1165.4834856844045
1119.8998345900968
1167.2548813831631
1198.631671679649
1675.3761692686542
2684.2532977137967
2729.721689988686
4251.942733367906
3740.1707465485333
2378.763043963414
2174.316005197779
1866.9405511402385
1723.6889414644013
1148.477601480525
1099.7308333268356
1634.7760573459184
1666.0130215220074
2274.9346249434616
2746.141087274122
3069.405264857247
2433.219954490254
2119.334460009947
1550.4682394295721
2431.4678651499003
1444.8586507745729
1189.3915851999502
1432.138515058337
1308.84346219206
1876.4116479172026
2664.7439633503354
2756.0825707579565
4302.9437763670585
3501.0734074928455
2731.141064084697
2556.239193674556
1810.6405505592288
1503.9460701311634
933.0953066888956
1275.03061884218
1589.6100364090191
1821.8238198689764
2818.1418120767216
3724.5561597477863
4250.606965663811
3933.7165296152234
2889.540087427323
2471.402146380186
1536.458974921669
1205.2924008826515
1686.471136433785
600.4223571150806
1087.2086039980118
1202.7098359168929
1969.8062556957939
2559.984892037726
2757.6009663122145
2175.845538373596
1643.2126343222264
1464.8233759117315
804.1374973113816
569.7187821290979
570.7934885232726
581.4704381582187
1165.656102063635
1048.8617598604396
1707.6777480438805
2596.897983322327
2649.0120544855326
2696.6616122235046
1386.5496772565796
1170.48383379735
661.4733469663903
772.4819207645116
725.2622720930212
677.4829938262513
819.7597428474407
1213.5648339166692
1578.4367029450202
1913.2168256052603
2125.6450218297223
1458.334360597007
1358.1460195173622
1187.8962704792702
928.8320808561367
776.9414187974843
1083.9619599631972
762.0144960713548
1274.5083814767916
1593.8738261595195
2007.93453101527
2850.870525617962
3380.0755753427816
2438.8819381912654
1360.9168272284974
1321.4040217550448
848.1182936351466
842.0921357636369
683.3295760292473
747.7871052878837
1191.5868179235313
1424.0785057890407
2302.3639237711795
2499.779412907503
2797.869859400413
2505.0320060172176
1599.1326724349549
