472.3258669354839
249.47033079450415
174.65414426523293
165.30403793309435
198.2635371490442
205.7749589307049
720.3612839755078
4190.267021356035
6628.018133960572
5339.0341285842305
3454.1471923536456
1078.989329450418
250.5272035543607
285.3620557048983
167.28443697729986
176.30815158303463
105.79909124850657
133.50745109020312
697.5116117831539
1863.2519937275993
6421.581810035841
5123.742536589007
1828.0860476403827
635.7795194892476
491.22653823178
213.84932982377538
138.28132523148147
164.30599499701316
293.64976851851844
89.95811118578256
354.07321012544793
1858.9706653225803
4987.893992682197
2788.7193809737155
1016.7650489097965
329.86130301672637
272.83534199522103
158.47861297789728
133.82291330645165
122.4754178614098
93.73201127538827
160.77648073476703
485.39934998506595
2757.364142771805
7011.079640830347
5143.523058542413
2524.26389262246
1084.0624477299882
624.6706279868578
332.7002755376344
112.0372869250298
88.75510692951016
77.13614549731183
272.53255973715653
383.4880036589009
2542.1340277777776
6641.586144713265
5431.88754853644
3594.981638291518
1177.0415658602153
550.1881597222223
246.051770459976
214.46258325866197
86.0508720504779
82.6824671072282
193.8879424283154
618.3179211469533
2551.683800029868
5771.146583781361
4938.667054958184
2060.993581989247
843.2741117831541
579.8587507467145
216.20132915173238
137.66726381421742
138.1320894563919
168.83622166218638
133.46545922939075
1188.8525612305857
3734.8079973118274
7464.643092891277
5877.979054659496
3345.065281511352
1228.2252837514934
620.6294399641577
308.26401956391874
152.30682422341704
152.5028451687575
153.59478121266432
173.68320041816008
686.1278181003585
3091.3506235065706
6501.920743727598
5410.75343115293
2203.3490218040615
965.0570601851855
361.89758587216255
319.5806257467144
158.623502016129
112.35461084976104
83.10358057048983
132.91730809438474
507.3980029121863
2460.911936230586
5458.240102299881
4114.472177419354
1649.8931190262842
408.103519265233
540.6539613201913
212.46960498805265
185.12793608124252
101.6726024492234
139.39798894862605
299.52185073178015
412.9561615143368
2188.0484281660697
7204.20811678614
3037.7060483870973
1836.4954786439666
701.7315703405018
247.5014501194743
190.9406335872163
127.69399604241333
154.4434139784946
85.93757959976105
68.52444041218637
491.3642424581839
2050.0460872162494
3704.8634333930704
4360.507056451612
3251.823696983273
690.8187903225806
521.874786066308
176.59363892622468
167.67182833034653
101.04858538679808
99.70552964456392
282.5093171296296
661.4654360812423
3645.659158452808
6869.431474014338
5261.027296146954
2970.654935782556
739.6240897550778
211.45440860215055
320.2091136499402
192.6513885155316
165.46872685185184
181.1463144787933
136.81329450418158
617.1458348267622
1542.4253461021503
5975.6947356630835
5143.124354091997
625.6680454749106
802.3606384408604
259.59287335722814
412.05801075268823
427.0792977150536
130.1418902329749
109.56925545101554
257.8798308691757
1173.0829151732376
3020.607321535245
6916.065819145761
3673.2002501493434
1514.2469795400239
880.1638500597368
293.4592480585425
168.4591002090801
134.10836656212663
162.81508486409797
80.85149563172041
746.7101960125448
432.35958408004785
2086.7844123357227
5363.8912559737155
3617.945206093191
1458.4215912485065
641.3097054211469
477.5974167413381
286.87222968936686
208.58999103942654
87.03646135752687
188.6606970579451
240.1484793160096
529.2453531959379
2167.0319332437275
6752.891263440857
4510.2590651135
3478.212305854242
749.0250970728792
536.647617980884
193.2733464008363
161.6876978793309
181.73323062275986
142.76057840501795
161.29581914575857
684.7630477150536
2776.4312126642762
7435.296736857824
6327.525294952213
3637.423148148149
1360.0516838410983
611.3147972670251
208.42717928614093
207.37173312425324
155.7606055107527
114.33930010454002
168.0886708482676
804.2320751194745
3227.4923275089604
6248.67160244922
5771.976680107528
2998.795094086022
834.7532497013137
273.2625515232975
193.3271038679809
89.63845758661884
102.43599148745518
87.52062727747911
168.8556880973716
585.3397043010751
3276.8900313620065
7900.331854838707
5212.012059438469
2326.6561827956984
580.4072853195936
424.4118119026284
247.6403539426524
167.87068585722824
130.0613917264038
155.10858879181603
384.3334927568697
593.8997670250897
2493.8101291816015
6413.915841547193
4506.460069444445
2763.0922976403826
677.890363276583
