0.0
0.0
0.0
0.3733557347670251
0.0
0.0
0.0
45.54999253285544
145.98394563918757
131.7936827956989
141.87481332138591
19.41442652329749
0.0
0.0
0.0
0.0
0.0
1.1200899790919951
0.0
29.86869026284349
205.71931003584228
111.262208781362
134.78192204301072
16.427848715651137
0.0
0.0
0.0
0.0
0.0
0.0
0.0
20.908131720430106
111.262208781362
121.71255227001194
40.32254330943847
0.0
1.493414351851852
0.0
0.0
0.0
0.0
0.0
0.0
53.76340352449223
243.42928614097968
169.13026433691758
156.06507616487454
12.694190561529268
6.7206541218638005
0.0
0.0
0.0
0.0
0.0
0.0
76.1667413381123
206.466472520908
153.82362604540023
138.1439292114695
14.93414351851852
3.733557347670251
0.3733557347670251
0.0
0.0
0.0
0.0
0.0
33.975433094384705
125.44795400238948
140.75425627240142
123.20687724014337
9.707194593787337
0.3733557347670251
0.0
0.0
0.0
0.0
0.0
0.0
22.774962664277183
114.24630376344086
177.34367532855435
138.1439292114695
11.947565710872162
2.240142249103943
0.0
0.0
0.0
0.0
0.0
1.1200899790919951
44.42947281959379
102.30167264038232
152.70306899641574
84.75392025089606
6.7206541218638005
0.0
0.0
0.0
0.0
0.0
0.0
0.0
38.82937574671445
105.28573028673836
184.06317204301075
30.615330047789726
15.307683691756269
0.0
0.0
0.0
0.0
0.0
0.0
0.0
31.735513739545997
141.12802419354838
146.35734020310636
91.09961170848267
0.3733557347670251
0.0
0.0
0.0
0.0
0.0
0.0
2.240142249103943
11.947565710872162
121.71255227001194
171.3713410991637
63.0973715651135
1.493414351851852
1.1200899790919951
0.0
0.0
0.0
0.0
0.0
0.0
87.36458333333333
139.63369922341695
105.28573028673836
70.93738799283155
0.7467278972520908
1.493414351851852
0.7467278972520908
0.0
0.0
0.0
0.0
0.7467278972520908
54.8839605734767
172.49189814814815
142.6219384707288
64.21792861409797
0.0
0.0
0.7467278972520908
0.3733557347670251
0.0
0.0
0.0
10.080734767025088
34.34897700119474
107.52684438470726
123.20687724014337
43.30854241338112
35.842293906810035
0.7467278972520908
0.0
4.853823178016726
0.0
0.0
0.0
4.106933243727599
37.70911738351254
96.32515681003584
111.262208781362
34.72207287933094
0.0
1.493414351851852
0.0
0.0
0.0
0.0
0.0
0.0
11.947565710872162
110.88847819593788
101.92790471923539
57.87219982078853
15.307683691756269
4.853823178016726
0.0
0.0
0.0
0.0
0.0
0.0
35.46875000000001
152.70306899641574
154.57075119474314
205.34595280764637
25.761540471923535
11.574025537634409
0.0
0.0
0.0
0.0
0.0
0.0
66.45937873357228
141.50141875746715
106.77968189964157
106.40628733572282
4.106933243727599
0.0
0.0
0.0
0.0
0.0
1.8667764336917563
0.0
82.88620071684589
111.262208781362
178.83800029868578
97.07194593787335
8.960569743130227
0.0
0.0
0.0
0.0
0.0
0.0
0.3733557347670251
21.654760304659497
141.87481332138591
184.06317204301075
94.83086917562724
0.0
