9.922726254480285
5.639568399044205
2.863575268821692
3.1056227598611184
2.068884408606638
0.3997162485110588
4.487753882915173e-12
92.59445937873357
502.16509856630813
459.58071983273595
87.9603494623656
7.606780167268525
25.230510752688172
4.146132019120379
2.863575268821692
4.599059139784946
2.068884408606638
0.3997162485110588
4.487753882915173e-12
150.8352001194743
500.3050328554361
541.3257915173238
206.3138440860215
49.42286439665472
5.815785543612612
4.146132019120379
2.863575268821692
3.1056227598611184
2.068884408606638
0.3997162485110588
4.487753882915173e-12
31.3620445041816
325.1941457586619
568.5887096774194
230.2090800477897
40.089045698924735
5.815785543612612
4.146132019120379
2.863575268821692
3.1056227598611184
2.068884408606638
0.3997162485110588
33.975545101553166
270.30839307048984
474.14725209080046
526.7633661887693
131.6442652329749
42.32900238948626
11.042801672640383
4.146132019120379
2.863575268821692
3.1056227598611184
2.068884408606638
0.3997162485110588
5.227016129032258
56.74917861409797
385.30241935483866
485.69071087216247
264.5590651135006
7.606780167268525
5.815785543612612
4.146132019120379
2.863575268821692
3.1056227598611184
2.068884408606638
0.3997162485110588
4.487753882915173e-12
143.36880227001194
237.82706093189964
175.07205794504182
59.210834826762245
44.19586320191159
5.815785543612612
4.146132019120379
2.863575268821692
3.1056227598611184
2.068884408606638
0.3997162485110588
4.487753882915173e-12
159.798013739546
423.7597072879331
541.3257915173238
176.4433990442055
33.74182347670251
6.935853494623656
4.146132019120379
2.863575268821692
3.1056227598611184
2.068884408606638
0.3997162485110588
4.487753882915173e-12
111.63493130227002
467.8199671445639
370.3393817204301
110.35991636798089
47.556003584229394
5.815785543612612
4.146132019120379
2.863575268821692
3.1056227598611184
2.068884408606638
0.3997162485110588
4.487753882915173e-12
264.3380376344086
288.60513739545996
537.9618428912785
561.021505376344
50.54293608124253
5.815785543612612
4.146132019120379
2.863575268821692
3.1056227598611184
2.068884408606638
1.8931526284348865
4.487753882915173e-12
92.96632317801672
269.93652927120667
198.96766726403825
85.72095280764636
7.606780167268525
5.815785543612612
4.146132019120379
2.863575268821692
8.332638888888889
2.068884408606638
0.3997162485110588
4.487753882915173e-12
75.0459229390681
327.43391577060925
250.11798088410987
170.09632616487454
7.606780167268525
14.029868578255678
4.146132019120379
2.863575268821692
3.1056227598611184
5.055757168458781
5.626732377538829
4.106940710872162
160.9173387096774
275.16390382317803
358.76568100358423
54.730510752688176
48.67618727598566
30.457549283154123
4.146132019120379
2.863575268821692
3.1056227598611184
4.309020310633214
0.3997162485110588
4.487753882915173e-12
202.35775089605735
458.12537335722817
398.71415770609315
87.9603494623656
37.47550776583035
12.909647550776583
4.146132019120379
2.863575268821692
3.1056227598611184
2.068884408606638
0.3997162485110588
4.487753882915173e-12
56.74917861409797
358.7959229390681
219.50418160095583
85.72095280764636
19.554099462365592
5.815785543612612
4.146132019120379
2.863575268821692
3.1056227598611184
2.068884408606638
0.3997162485110588
12.320863201911589
146.35640681003585
413.30533154121866
359.5135155316607
210.79301075268816
56.14135304659498
12.536103643966547
7.133004778972523
2.863575268821692
3.1056227598611184
2.068884408606638
4.13328853046595
4.487753882915173e-12
148.96766726403823
402.85170250896056
372.20691457586616
184.65763142174433
51.6627464157706
11.41633064516129
4.146132019120379
2.863575268821692
3.1056227598611184
2.068884408606638
0.3997162485110588
14.934363799283155
99.31302270011948
404.3473715651135
411.0356929510156
170.09632616487454
27.021505376344088
5.815785543612612
4.146132019120379
2.863575268821692
3.1056227598611184
2.068884408606638
0.3997162485110588
36.58908303464755
275.16390382317803
557.0452508960573
385.2721774193548
120.44205495818399
53.15830346475508
8.055921445639187
4.146132019120379
2.863575268821692
3.1056227598611184
2.068884408606638
0.3997162485110588
4.487753882915173e-12
67.95101553166069
340.127688172043
233.68914277180406
181.67002688172045
47.18245967741935
17.016465053763437
4.146132019120379
2.863575268821692
3.1056227598611184
6.175825119474312
0.3997162485110588
4.487753882915173e-12
4.487753882915173e-12
350.5813172043011
279.6124551971326
99.15770609318996
14.32709826762246
