0
0
0
0
0
6.952786166200653
443.5314200708346
1062.3491657040352
1493.7698741949996
807.052125004355
68.95057574000025
0
0
0
0
0
0
0
578.5568647804951
1183.3897944780917
1379.051118453093
963.320377779233
131.40512712935225
0
0
0
0
0
0
17.683310134125207
499.87704628160077
861.3910431753001
949.6183938090123
517.3300574375656
0
7.241552860153185
0
0
0
0
0
23.380588194633248
559.4367287842938
1376.771709020885
1746.7275627604615
718.1935492673206
87.44084738664452
21.982119431095825
0
0
0
0
0
20.558635293053996
329.2870747697766
295.90301387035873
0
127.66263978671716
33.18705232720893
0
0
0
0
0
0
51.69909413989474
510.73924398321265
1691.282961841912
1612.637246827645
666.1343409098112
79.65432757327522
0
0
0
0
0
0
46.150161596169376
503.8514004279905
1231.4590541731347
1622.961907833493
817.4451699024397
281.3108094353739
0
0
0
0
3.9929931616622802
0
23.113707689502554
510.11613751659814
1084.898510047517
1868.5349826090396
891.2662357855544
139.32459506852587
0
0
0
0
0
0
0
50.38726253694193
316.32451190916055
920.9311302898947
497.79559275933
139.25109294361204
0
0
0
0
0
0
0
369.5846575786008
1087.5730600923857
1778.5152472206623
838.7893033002991
106.31251787894782
0
0
0
0
0
0
47.773531840705466
302.9368121997068
1415.8501410672316
1864.276248102949
802.2086153519682
164.6173128900513
0
0
0
0
0
0
10.21886806891743
280.8987966515863
745.850529491922
1124.5285293374095
498.8276383161163
31.819199171747144
0
0
0
0
13.907816257038085
0
0
139.33614011747335
598.5540842872562
1355.4852961607169
408.5542806881733
94.22783897955483
0
0
0
0
0
0
0
324.3383012412087
1127.583648649226
1203.2365343419954
0
74.72968369224034
0
0
0
0
0
0
0
403.4261051991273
1139.9454172016608
1561.1403629977726
763.5898330067091
81.00000317253676
0
0
0
0
0
0
20.51958903159928
366.36136864122216
1200.3456920331491
1787.7953312493644
1000.2389146130802
262.4842550281022
0
0
0
0
0
0
14.921298763246796
447.33671429361647
1103.7173908200486
1436.9276640989633
869.3347846018769
64.95737352173472
0
0
0
0
0
0
37.881778949981296
107.83414302393325
827.3239145623758
1140.4311367357816
356.81015263561085
52.796842826100104
0
0
0
0
2.9827271508003577
0
35.08454147043848
606.2947991520343
1460.2640756493222
1394.238490055921
873.1668604672955
131.41997278298058
0
0
0
0
0
0
30.022974384674
592.0948513477394
1669.4876292650565
1600.0067649346975
760.9333189430693
43.965051599452536
43.5617668482774
