19.256869772998808
4.146132019120379
2.863575268821692
7.212563470728792
2.068884408606638
0.3997162485110588
4.487753882915173e-12
141.1290322580645
402.85170250896056
555.8870967741937
191.3806750298686
42.32900238948626
16.269825268817204
4.146132019120379
2.863575268821692
3.1056227598611184
2.068884408606638
0.3997162485110588
4.487753882915173e-12
125.82026583034646
358.7959229390681
341.21677120669057
120.06608422939068
7.606780167268525
8.055921445639187
4.146132019120379
2.863575268821692
3.1056227598611184
2.068884408606638
0.3997162485110588
4.487753882915173e-12
111.63493130227002
342.7430555555555
253.10558542413378
94.6789127837515
60.62473864994026
5.815785543612612
4.146132019120379
2.863575268821692
3.1056227598611184
2.068884408606638
0.3997162485110588
4.487753882915173e-12
93.33818697729988
355.80869175627237
469.6688321385901
150.68436379928315
48.67618727598566
5.815785543612612
4.146132019120379
2.863575268821692
3.1056227598611184
2.068884408606638
3.386589008363202
4.487753882915173e-12
173.9829749103943
373.7287186379928
483.47744922341695
213.03203405017922
65.10416666666667
5.815785543612612
4.146132019120379
7.717032556750299
3.1056227598611184
2.068884408606638
0.3997162485110588
4.487753882915173e-12
229.2402180406213
412.18563321385903
485.69071087216247
305.25500298685785
13.207325268817204
5.815785543612612
4.146132019120379
2.863575268821692
3.1056227598611184
2.068884408606638
0.3997162485110588
23.14799880525687
214.30742234169654
272.5526433691756
429.3279569892473
161.51022998805257
26.647961469534046
12.536103643966547
4.146132019120379
4.730383811230586
3.1056227598611184
2.068884408606638
0.3997162485110588
4.487753882915173e-12
157.55824372759858
458.12537335722817
555.8870967741937
133.88366188769413
62.86439665471922
12.536103643966547
4.519489247311827
2.863575268821692
3.1056227598611184
2.068884408606638
0.3997162485110588
4.487753882915173e-12
70.56264934289128
387.1706989247312
328.5233721624851
132.76396356033453
14.700642174432497
5.815785543612612
4.146132019120379
2.863575268821692
3.1056227598611184
2.068884408606638
1.5197841995221024
4.487753882915173e-12
100.43309438470729
331.1693548387097
490.2053464755078
199.5952807646356
22.167637395459977
5.815785543612612
7.133004778972523
2.863575268821692
4.972431302270011
2.068884408606638
0.3997162485110588
4.487753882915173e-12
264.3380376344086
738.1085722819594
531.6349313022699
245.89008363201916
33.74182347670251
9.922726254480285
4.146132019120379
2.863575268821692
3.1056227598611184
2.068884408606638
0.3997162485110588
4.487753882915173e-12
57.12514934289128
312.12477598566306
276.62522401433694
99.15770609318996
13.954002389486257
5.815785543612612
4.146132019120379
2.863575268821692
3.1056227598611184
2.068884408606638
0.3997162485110588
4.487753882915173e-12
137.0221027479092
334.1565860215054
334.1218637992832
123.05331541218638
17.31414277180406
17.39000896057348
4.146132019120379
6.597147550776584
3.1056227598611184
2.068884408606638
0.3997162485110588
1.4934363799283155
187.80055256869773
520.091472520908
390.12768817204307
258.58385603345283
24.034460872162484
18.88332586618877
4.146132019120379
12.570937873357229
3.1056227598611184
2.068884408606638
0.3997162485110588
4.487753882915173e-12
157.93010752688173
627.2401433691756
537.9618428912785
167.10909498207886
30.754778972520914
12.163007765830345
4.146132019120379
2.863575268821692
3.1056227598611184
2.068884408606638
0.3997162485110588
4.487753882915173e-12
136.27389486260455
385.30241935483866
406.9287634408603
131.6442652329749
12.460237455197133
12.909647550776583
5.266199970131421
2.863575268821692
3.1056227598611184
2.068884408606638
0.3997162485110588
4.487753882915173e-12
104.91188769414576
342.7430555555555
249.74649044205495
32.70228494623656
14.32709826762246
5.815785543612612
4.146132019120379
2.863575268821692
3.1056227598611184
2.068884408606638
0.3997162485110588
4.487753882915173e-12
53.01795848267623
331.1693548387097
331.8828405017921
18.14142771804511
17.31414277180406
5.815785543612612
4.146132019120379
2.863575268821692
3.1056227598611184
2.068884408606638
0.3997162485110588
4.487753882915173e-12
86.24365292712066
334.1565860215054
288.20340501792117
104.01284348864993
12.460237455197133
5.815785543612612
4.146132019120379
2.863575268821692
3.1056227598611184
2.068884408606638
0.3997162485110588
4.487753882915173e-12
36.58908303464755
279.6426971326165
206.4340651135006
40.91629330943848
48.67618727598566
