14.418272102747911
2.7209976105137397
8.668421445639188
3.324454898446834
3.5002016129032256
6.99820788530466
27.045512246117084
67.77479091995221
162.34169653524492
202.3528972520908
81.83878434886499
31.075119474313023
9.706653225806452
10.833706690561527
3.4703741039426523
3.4203031660692944
1.0633049581839904
3.307978643966547
12.66547192353644
100.09520609318996
174.88761947431303
166.04540023894862
77.353270609319
22.70967741935484
13.375522700119472
8.40449522102748
6.6275014934289125
3.1128024193548396
4.814183841099163
3.167428315412187
30.888440860215052
74.11551672640383
166.89068100358423
135.23558841099165
71.06108124253285
52.73446833930705
14.43645459976105
8.779495221027478
6.457586618876942
4.071374701314218
5.841584528076463
9.090352449223417
37.94571385902031
100.14374253285544
173.28629032258064
240.94272700119475
122.16211170848267
76.46505376344086
22.845915471923536
7.685334528076464
4.959005376344086
4.91084229390681
0.8921953405017922
6.860513739545998
22.925664575866193
82.9872311827957
154.29622162485063
171.2865890083632
114.56466547192353
55.426747311827945
15.568548387096774
8.188321385902032
8.011312724014337
5.624925328554361
2.474234617682198
5.927382019115891
37.738948626045406
72.59445937873356
214.69832735961774
244.00985663082437
122.113201911589
48.526732377538835
29.180667562724015
10.237604540023895
6.6517697132616505
3.831530017921147
10.374253285543608
10.06432945041816
49.70952807646356
124.4690860215054
217.04189068100354
223.66748805256864
190.8915770609319
60.67913679808841
27.01922789725209
8.794242831541217
7.828330346475508
9.04416816009558
3.685577210274791
26.124626642771805
34.307123655913976
89.76627837514934
250.07691158900838
263.088784348865
173.6488201911589
56.19922341696535
21.45191158900836
8.474425029868579
6.319145758661888
6.096251493428913
4.492413381123058
8.279121863799283
36.309550477897254
67.87933094384707
174.4377240143369
198.28218339307045
145.33340800477896
35.92588859020311
18.089083034647548
13.99350358422939
4.348196684587814
3.249227150537634
2.4595766129032257
7.8530092592592595
38.1267174432497
97.24089008363202
173.5551075268817
253.58049581839904
164.7345430107527
57.695265830346464
37.742943548387096
15.661364994026284
4.651941457586619
5.703177270011947
3.7878957586618878
6.712104241338114
66.10663082437276
133.91091696535247
207.98648446833926
209.05876642771804
122.076986260454
57.56683094384707
27.554622162485067
8.60924432497013
6.098454301075269
3.521606182795699
4.631309737156512
7.123170549581839
26.558915770609318
80.84453405017922
198.2646356033453
183.79144265232975
74.980958781362
51.65098566308242
18.61779420549582
9.537485065710872
4.9235737753882916
2.726713709677419
2.5058281063321384
2.903573028673835
13.598080943847073
87.408527479092
179.80174731182794
164.12335722819594
73.66898148148147
25.84076314217443
17.773521505376344
20.086880227001192
4.960349462365591
3.0715427120669054
4.264672939068101
7.935745221027479
13.58915770609319
87.0586917562724
176.73872461170848
182.27747909199522
83.74178614097968
40.83829898446834
25.97057945041816
15.154457885304659
4.1953778375149335
3.936861559139785
3.3782332735961766
8.271505376344086
26.222147550776583
86.80256869772998
231.61887694145753
229.99439964157702
157.47797192353644
39.644414575866186
14.399118876941458
22.13037634408602
4.1999141278375145
3.5308617084826754
3.692189366786141
3.3658676821983273
35.75750448028674
85.26807048984469
172.16584528076464
197.96370967741936
148.90867682198328
31.524604241338114
27.45964008363202
9.307347670250897
3.537417861409797
3.0308169056152923
7.8042488052568695
6.384632616487456
25.73256421744325
88.4098715651135
207.11618876941458
217.81959378733572
118.48304958183991
52.91928016726404
14.013739545997613
6.750373357228196
6.674059139784946
3.5329562425328556
6.738612604540024
10.165173237753883
41.913978494623656
123.06376941457587
216.77195340501797
220.8266129032258
83.21908602150538
60.526807048984466
20.217667264038234
8.932310334528076
9.143555854241338
3.1036514336917564
2.4857489545997615
2.7940934886499402
27.815785543608126
74.04793906810035
190.95318100358423
187.23678315412187
89.58333333333333
25.19138291517324
21.366114097968936
9.87679211469534
5.0724761051373966
4.016621863799283
6.138926224611709
8.574970131421745
28.950343488649942
77.94653524492234
176.3153375149343
181.48633512544802
40.11066308243727
56.09804360812425
