0
0
0
0
0
25.09570858951203
422.23821644180225
1202.9531265015257
1490.2238360130002
685.8459739066849
138.3138676692725
0
0
0
0
0
0
28.078463104256784
406.79697230740857
1263.626048958378
1576.0055809431362
738.7089549148365
142.0715928652612
0
0
0
0
0
0
28.462904784230673
437.76037446260443
1257.2805481036155
1519.1602884724937
689.4242412786648
133.30439520474195
0
0
0
0
0
0
28.2301009375972
434.4179632787679
1239.6300908906578
1590.5717139950298
717.2693683757541
133.25401789517895
0
0
0
0
0
0
24.622566435437435
431.55902892153006
1142.755899921743
1448.2011097718544
678.3701189197816
137.7329497369003
0
0
0
0
0
0
28.014874460652408
429.43075981356986
1216.156489694361
1556.1225160182064
666.2115650361658
149.06812195799338
0
0
0
0
0
0
24.51669899129977
437.8909860014671
1182.2683365805424
1539.8420276811632
716.4109490243035
122.76116138790476
0
0
0
0
0
0
18.874480670507033
380.154894535714
1075.9979365708148
1415.423565842811
643.2987734946344
117.72551372021938
0
0
0
0
0
0
19.900427403800293
424.50567875557994
1177.0606271272013
1512.0368115423832
713.3883290944553
120.73790081562221
0
0
0
0
0
0
22.63553806935692
433.94163973214637
1171.2738068068418
1580.7019598102684
704.2019862453515
119.53707136485981
0
0
0
0
0
0
16.139766001972824
422.7655580927879
1169.2838492512226
1544.6576222317826
692.7233812569967
133.28017555682842
0
0
0
0
0
0
15.078478010943414
411.5326429441595
1245.622749474001
1537.6518799696275
731.5261710222201
130.5956391297041
0
0
0
0
0
0
13.100765567276028
408.9541336210682
1215.004092501115
1558.8909845443288
713.0074045681015
131.48625034209263
0
0
0
0
0
0
14.102611507381305
408.40234768684803
1239.9072104771826
1651.5270370052774
746.834379145436
112.2505971405896
0
0
0
0
0
0
11.74674263037302
390.35621707563143
1212.2497033426405
1513.3303912484694
685.1706416984761
112.37389624468824
0
0
0
0
0
0
15.678725908883195
405.19040836643126
1175.9245264118936
1516.4276730703518
710.229589642959
121.38788515927504
0
0
0
0
0
0
15.512162131920533
374.29147870522667
1134.7597519311603
1408.0380781521296
633.7425257906566
121.78372849288365
0
0
0
0
0
0
6.700158065980787
395.48886092642283
1214.999254317453
1575.1766384034433
699.3690385376417
105.47490785873951
0
0
0
0
0
0
4.773264933912131
392.9649490549615
1107.675961850039
1441.4199971745988
632.8258942187995
98.49336916021466
0
0
0
0
0
0
11.26483259884759
404.7039463895765
1199.7192249938496
1536.9010270563624
679.9275158516712
113.17742069308757
0
