1.2059396020011948
0.4546933325066138
0.23148237380525688
0.1581800385802469
0.08960621639784945
0.16975356867283953
0.5787086170848268
43.93311712216249
132.01009837962962
128.33772588112305
88.66912955246913
12.682969616188768
1.5120949372759858
0.3017548983134921
0.30242394339904416
0.1350313927469136
0.231484375
0.219909224537037
0.6496413343787336
44.02643225059738
132.52335532407406
136.60389560931898
96.6281818287037
10.375605227001195
0.8773886462066905
0.24388303158068786
0.1941469795400239
0.23919868827160498
0.11574157332735963
0.26234923225308643
0.5040389000896057
44.16455745967741
128.3912148919753
136.61502426821983
86.64350505401234
11.525539172640382
1.1350096214157706
0.27281803902116397
0.29868716024492237
0.1504637075617284
0.25761610289725206
0.38580383873456797
0.4442934961170849
42.66358572281958
132.07179513888892
134.0053068996416
84.35966350308641
10.069445687724013
0.9408647886798088
0.32655486111111115
0.34722815486857833
0.33950629243827163
0.25388310558542415
0.13503217206790125
0.698180256869773
43.372886290322576
131.99456365740738
134.29274977598567
95.06185142746914
11.925028673835127
1.2470217181899643
0.20667990244708992
0.29495409946236556
0.34336918209876544
0.17921013664874555
0.4089528549382716
0.5413746415770608
45.74382750896058
134.18971836419752
137.34322207287934
92.95527206404321
8.84856634184588
0.9707339008363203
0.4629686507936508
0.27628473715651136
0.2777815084876543
0.23895020161290323
0.43982010030864205
0.5227031025985663
40.5054769526583
131.17687384259258
130.8915595131422
87.68888578703704
12.234918828405018
0.8661919690860215
0.3802970031415344
0.12320806078255674
0.32021797453703704
0.18294568772401434
0.3279349035493827
0.5301692913679809
43.757481220131424
122.8586662808642
127.61713485663083
88.6728537808642
11.316456037186379
1.0416732004181604
0.35135608465608464
0.35469280167264033
0.40123667438271604
0.3136179472819594
0.20833332175925925
0.7392486521804063
44.48924111409796
131.07632831790127
138.4371408303465
88.75009066358025
11.290340568996415
0.881123525238949
0.3596254712301587
0.2725542562724015
0.131175362654321
0.4891078068996415
0.43595498842592595
0.6795129554958184
46.14715076164875
132.03312770061726
136.74200940860214
92.29968649691357
10.756429428016727
1.1014140867682198
0.39269791253306885
0.2165473491636798
0.2391961149691358
0.2501484431003585
0.48996821373456795
0.9483301187275988
43.01077676971326
135.2893287037037
136.4844623655914
93.8889419367284
11.842888769414575
1.7734492234169654
0.28522032490079363
0.2576169429510155
0.25463196759259255
0.1829462701612903
0.31250327160493824
0.40322791965352445
42.02141267174432
129.49838695987657
130.76476627837513
87.43443784722223
11.842916326911588
1.217157082586619
0.07440516699735449
0.15307763963560336
0.37037190586419755
0.2725523110812425
0.11188304783950617
1.549440124701314
47.38663816457588
131.43888734567903
137.14910095579452
92.99763722993826
12.425355499551971
1.0192677680704898
0.3100194981812169
0.16054430630227
0.308640100308642
0.34349363799283156
0.2855000540123457
0.9221967928614097
44.507841326911596
131.53166165123457
141.88302643369175
84.71870908950619
12.701629379480284
1.2171472147550777
0.297616373181217
0.2314802942054958
0.18132957175925926
0.1829445191158901
0.35108265046296294
0.686980469683393
44.14599265232975
134.49826118827164
129.8348275089606
92.63898892746916
9.897721005077658
1.4374401433691757
0.276955183531746
0.23895160170250895
0.33178991512345674
0.19788008139187574
0.2353408834876543
0.6011050552568697
43.02942099761053
129.37115547839502
133.5088900089606
94.27842411265432
11.592764833482677
0.8027212365591399
0.39682692212301585
0.2986855921445639
0.20447613811728396
0.19041440785543612
0.2353384336419753
0.5264314180107528
42.42099298461768
126.85576195987655
133.37812051971326
94.4444719521605
10.360677001194743
0.8064522252090801
0.11987455357142855
0.2725533490143369
0.17361033950617283
0.2762859206989247
0.24691381944444443
0.4816336768219832
45.28466344459378
130.38202970679012
131.1342066158901
91.21139961419753
10.670554069593788
1.6054441233572283
0.27281983713624336
0.2800190188172043
0.16203725694444443
0.35469144265232977
0.5517052353395062
0.7877892995818401
41.1739623655914
128.27169290123456
128.53203442353643
85.37037843364196
9.711030719832735
0.9931344907407407
0.1942801173941799
0.26135506645758655
0.09259362268518517
0.11947536962365592
0.30478694058641975
0.7205857676224612
42.917217032556756
126.64752314814815
127.41562051971326
85.15045837191359
10.543605417413378
