5.79936643892828
4.139615463805649
2.725805036605608
3.1968857253249507
2.210104939534633
7.406489942132162
45.605992756869774
121.00448178016724
148.52434413580252
81.5560539874552
34.195840663580526
9.632115218046339
6.081118477459291
4.141630634112293
2.810942215518664
3.0814084220839293
2.4281254107073735
7.783495532409375
44.22784124850739
126.9276695041816
156.85081018518517
86.74013216845879
34.65940933642032
9.439285349466722
5.886291494932953
4.320448759935697
2.7943132691319454
2.928373996929889
2.2172408639649532
7.916807754631315
47.298173163082446
126.43832138590206
151.52812500000002
82.14919728195936
33.925532677469704
9.307559520613948
5.84816488576466
4.50571801836884
2.8353635192785673
3.03698459492456
2.2700180966392733
7.993552546297139
47.08445825866189
124.86917562724014
158.4841049382716
84.94232190860242
34.03116859567958
9.230171128291532
5.827995418914155
4.455376748526667
2.6882601777330075
3.0771965818053078
2.3235347670408726
7.741212962965777
46.9176635304665
115.71818996415797
144.97894290123483
81.35063773894865
34.56930671296409
9.288206063327102
5.702605208342584
4.25566151208788
2.8092086955045397
2.9284495486296693
2.3243700604982935
8.16974320987767
46.82537709080074
122.87006795101556
155.43537808641972
80.32095318100384
35.769953317901525
9.23096038680299
5.650439598278234
4.145980018205003
2.5912503099041877
2.918322619617043
2.0583159274356824
7.934015632717173
47.74880899044205
119.75389784946236
154.00497685185186
85.26323178016726
33.36603064429069
9.406875112012886
5.78548636126916
4.228559135268495
2.84588130975294
3.0279759838128864
2.4512389598406403
7.491255516978402
42.337435035842304
109.71189516129033
142.22631172839502
78.4050477897252
33.00304012345707
8.775389531070942
5.879513257923335
4.307886813837212
2.774567043774067
3.009121836437468
2.4979340912610244
7.697584027780309
46.70009333930705
119.51826463560334
151.60725308641975
85.2562948028674
33.4113908179018
9.262044130829272
5.801623842604564
4.3230077877140785
2.6450254219097236
3.0117406134436404
2.1499904607380587
8.069541840279465
47.72140456989302
119.0996117084827
158.31574074074075
84.5212029569895
33.42080709876544
9.133823543912527
5.612442566467382
4.285932328885316
2.6292803016914172
2.962299178259018
2.06073847821417
7.55755999228592
46.77448476702537
119.04719982078855
155.00421296296298
83.57072505973744
34.8605435956793
9.17145008214349
6.0211973790412365
4.307364062519281
2.771260517487541
3.0893831327329204
2.1888464680566764
7.560968838737661
45.82305784050206
126.49543384109919
154.47519290123458
87.43597670250922
34.730365354938826
8.905081190269648
5.702583157865503
4.3159614294138136
2.8485267361287994
3.0481719483168095
2.157914109184348
7.494098842593436
45.704021057347944
123.70839307048985
156.65198688271605
85.81827583632018
34.94465547839591
9.77269422043392
5.712629032267859
4.287900607655458
2.710089654287806
3.0188598418372967
2.041235480154267
7.701414853398155
45.78163829151733
126.23850059737158
165.6662422839506
89.21239919354865
33.23743287037093
9.421288354993225
6.015939142781328
4.153828480505385
2.691741774957135
2.973643371929889
2.244330297953763
7.597441743828848
44.18502430555583
123.74081541218638
152.5881288580247
83.47047677718068
33.38227040895174
9.261829002395476
5.895182478353987
4.298922383450012
2.711509875314741
2.9011405632890384
2.329955525699767
8.095294791667792
45.741285842293905
120.41550925925951
153.03757716049384
86.03259035244949
34.387331404320996
8.836866214911225
5.79090288606008
4.156976810535154
2.659724249570476
2.97662829862742
2.1756302195495607
8.198409760805562
42.919287634409145
116.63140681003584
142.81875000000002
78.87816233572308
34.563316473766
9.253112380530316
5.616196180567256
4.393919312184676
2.6013426000776976
2.949793696004244
2.12752893893318
7.48140277778059
45.089382093787606
124.47050477897253
158.97631172839505
85.33090651135005
33.14627121913665
9.038130787043842
5.828636484478679
4.354118357324167
2.7406395982858553
3.098233256188305
2.2110732713688233
7.428682870372621
44.99176747311829
114.35949820788532
146.33576388888886
79.13409124850683
32.62338422068014
9.167309711028038
5.759732142334387
4.205473416848579
2.774185442818817
3.1193711574228726
2.270529693114781
8.182234266976996
46.259117122163026
123.33491636798088
155.64050925925923
83.82056451612902
34.179745030864765
9.392124077813092
