30.04218936678614
16.600395758661886
7.348006272401434
4.514863351254481
3.985035842293907
12.38694743130227
35.99339157706093
92.10946833930706
190.4887246117085
197.24873058542417
118.9071833930705
42.63832885304659
15.966397849462366
6.5092219235364395
5.5757541816009555
3.115919952210275
2.27629554958184
5.703853046594982
35.786813022700116
78.43115292712068
168.50507765830346
189.5687724014337
166.05286738351253
36.74421296296296
17.25294952210275
11.86402329749104
4.096262694145758
2.991465053763441
3.426459826762247
6.227598566308243
38.800925925925924
74.00574970131422
185.92741935483872
212.90098566308242
124.95109020310633
42.71561379928316
26.593488649940262
8.629106929510156
3.7347035543608125
3.197267025089605
4.64594160692951
11.247759856630823
24.85203853046595
85.54248805256871
194.30704898446834
197.29428016726405
67.24425029868578
41.985140382317795
16.664986559139784
10.575828853046596
8.189926821983274
3.100698178016726
4.566494922341697
5.927942054958184
23.483534946236563
76.13761947431303
173.37477598566306
171.18839605734766
70.08400537634408
25.36876493428913
13.805928912783749
9.057646356033453
3.40897550776583
3.2607750896057355
3.0522812126642767
2.3367271505376346
12.51291816009558
60.494698327359615
153.22393966547196
142.7411887694146
54.18869474313023
28.72435035842294
18.924992532855438
12.087253584229389
4.6426597968936685
3.5856257467144563
1.089407855436081
10.159348864994026
38.94384707287933
94.61730884109916
185.23185483870967
227.41151433691758
115.59587813620071
28.68242234169654
26.6760752688172
14.547379032258064
5.858348267622461
5.146953405017922
5.017047491039427
19.844160692951014
41.44030017921146
108.75634707287934
247.68779868578255
265.09184587813616
211.7461917562724
49.59341397849463
27.801224611708484
9.000448028673835
2.8043496117084827
5.156175328554361
2.3618951612903225
10.892547789725208
31.62201314217444
100.20982676224612
231.3500597371565
248.71901135005973
185.06683094384707
59.10132915173238
18.500821385902032
12.186081242532858
5.350358422939068
3.0536999701314214
2.667428315412186
15.276508363201911
35.59460872162485
146.73349761051372
199.9439964157706
229.58818697729987
153.70967741935485
46.28098864994026
26.334154719235364
9.044354838709678
4.2795362903225795
5.484767025089606
2.3884371266427715
8.632915173237755
32.27747909199522
95.35655615292713
122.34991039426524
144.6688321385902
101.89105436081242
43.564516129032256
13.375746714456389
17.75440561529271
5.9907780764635605
4.816132765830347
3.1055443548387096
6.76392622461171
37.27479091995222
130.45400238948625
244.45041816009552
265.42600059737157
192.1871266427718
60.606705495818396
22.358572281959376
14.415882616487455
5.474537037037037
3.110827359617682
3.712966696535245
4.812350657108721
29.73122013142175
81.72939068100358
158.85715352449225
221.9575119474313
139.91450119474314
35.16300776583034
29.138963560334528
15.46897401433692
8.44298835125448
4.472696385902032
3.888242980884109
5.919018817204301
28.769526583034647
61.774566905615295
167.11021505376345
186.81750298685782
64.9921594982079
36.148222819593784
13.207213261648745
16.740591397849464
7.04868578255675
3.9062910692951016
4.120717592592593
10.511200716845877
43.11155913978494
131.5994623655914
271.7954749103943
275.88485663082434
192.58699223416968
70.2034796893668
38.16035692951016
9.196087216248507
8.393145161290324
3.544186827956989
3.261305256869773
5.854689366786141
37.88784348864994
70.23521505376344
209.08975507765834
214.74910394265234
189.9462365591398
79.4489247311828
28.88679808841099
10.793122759856633
4.658053315412186
3.2955943847072877
2.3914911887694146
6.637768817204301
41.356966845878134
108.67234169653524
219.8891129032258
284.472072879331
220.7131123058542
85.32706093189964
43.36764486260454
11.078778375149342
10.358198924731182
3.531324671445639
4.387768817204301
4.680742234169654
22.711805555555557
90.01194743130227
265.65150836320197
246.8111559139785
143.75933393070488
63.05219534050179
23.789090501792113
7.148148148148148
4.082131123058542
5.389598267622462
4.363466995221027
10.013366188769414
59.14613201911589
106.87201314217445
223.73319892473117
268.87768817204295
183.43301971326164
42.762843488649935
18.026471027479094
6.166554659498208
3.2906474014336924
2.622479838709678
3.151650238948626
10.421184289127838
35.35524940262844
78.25604838709677
167.44212962962962
172.3338560334528
76.56735364396654
34.44003882915173
