0
0
0
0
0
43.91993073011942
519.2008495809902
1240.3289297422668
1800.2939184004952
1180.222674586195
281.4017032788295
0
0
0
0
0
0
0
301.4246963217137
690.6463655653081
594.72017460602
497.91603190109697
0
0
0
0
0
0
0
0
613.5676824823177
2186.630738515802
1279.4261148364915
565.6350156215561
0
0
0
0
0
0
24.1993488513583
0
366.3535447938517
1528.2229485668827
1425.158715687582
617.070117367679
112.4193420103004
0
0
0
0
0
0
58.72414455231326
501.15946126917925
1057.3729212777662
1401.873053382457
612.4392228213646
0
0
0
0
0
0
0
62.47242896665702
490.8628252257456
1542.5837384249464
2034.8426679745985
844.6816079349007
167.62386162345447
0
0
0
0
0
0
0
299.7153490540358
1180.3737047107688
1578.4476455873762
938.6171382417469
110.08268816894622
0
0
0
0
0
0
32.687184392011496
430.287881841568
842.5097705015196
1334.2387609841887
753.6045721057455
219.16946514021038
0
0
0
0
11.896068526687639
0
54.44881487794015
463.05523595390736
1343.4728094001998
1770.2956762875049
763.5576148620779
179.4430358946276
37.80892685335867
0
0
0
0
0
0
327.48676331336765
1172.819849220223
1114.2003577344017
756.4337925476109
325.9009662063073
0
0
0
0
0
0
34.71517610593843
512.3973110049636
1000.3532025965034
1172.555071280966
893.8655747307018
293.1435225674706
0
0
0
0
0
0
24.39964763880988
424.3059427089339
1289.9115360630092
1124.3739594449366
911.710329475017
277.373037284053
0
0
0
0
2.62297456050284
0
92.40166836936388
275.2225648486562
804.5681225190364
974.5141940101794
705.9112848697741
117.8274133523147
0
0
0
0
0
0
98.83296487892557
770.3754876211372
1705.027645064996
2654.504455488949
998.3207814751746
82.38141606977916
24.442716692186167
0
0
0
0
0
82.02448976790195
455.16632323974864
1858.4590820762128
1858.1897208233397
1037.2909232098157
131.1660351319155
0
0
0
0
0
0
63.72840772932928
624.2242718670285
1184.4656890462916
1261.3284106997826
707.8792969308817
0
0
0
0
0
0
0
3.769678392876429
559.7291874118961
2166.565359756728
2257.0452716258455
1211.8194769555207
182.2017731633118
0
0
0
0
0
0
14.657092570052953
0
818.4301720295205
620.2806737728184
525.4171568172117
0
0
0
0
0
0
0
0
87.05002615322917
768.3928092216041
811.8236155039498
254.78808955929077
0
0
0
0
0
0
0
0
360.4405054696032
1016.889436314041
2081.587932796108
408.14807402072734
129.35114030912996
0
