24.45396505376344
12.528039127837513
4.568548387096774
4.075164277180407
1.7486559139784945
4.227710573476703
46.764112903225815
100.95056750298683
233.65292712066906
258.72909199522104
167.38836618876942
42.44892473118279
18.472744922341693
10.763142174432499
9.324708781362009
5.274342891278375
2.818233273596177
14.75280017921147
45.201986260454
134.0247909199522
224.5497311827957
300.80981182795705
207.31294802867384
62.085200119474315
50.55480884109917
15.594944743130227
3.6733124253285543
4.014590800477897
4.202479091995221
10.271692054958182
17.95672789725209
89.17338709677418
212.56645758661887
256.9847670250896
176.10625746714456
66.89814814814814
19.063881421744327
12.50459229390681
11.993316905615293
3.124186081242533
2.854625896057348
11.317764336917561
43.01149940262844
77.8673835125448
208.25604838709677
234.50940860215053
129.85849761051375
29.030540621266432
15.389635603345281
11.059699820788532
5.8066382915173245
4.308120519713262
5.890098566308244
22.845915471923536
65.92331242532856
150.08811230585425
291.68832138590204
241.03083930704898
196.09505675029868
60.96699522102748
18.97595579450418
2.8872535842293905
2.478685035842294
1.7477486559139785
6.398073476702508
22.821348566308245
30.146692054958184
111.75179211469533
215.45997610513743
274.01209677419354
111.12940561529271
59.79652031063323
15.096176821983274
7.508139187574671
5.633475209080048
3.733239994026284
5.032407407407407
8.41360513739546
42.78718637992831
77.07362604540023
163.8997162485066
206.49118876941458
112.48021206690564
40.06724163679808
29.150126941457586
10.552904719235363
5.574858124253286
3.5489844683393073
2.549518369175627
5.588037634408601
23.349835722819595
83.74589307048983
176.26456093189964
197.961096176822
104.54749103942652
58.503210872162484
22.44179360812425
6.08635752688172
7.194593787335723
3.011133512544803
4.568962813620071
4.161876493428913
6.792152031063321
99.54898446833931
157.24387694145761
160.59363799283153
89.29510155316606
58.82467144563919
30.163754480286737
11.305518219832736
7.441494922341697
3.6331541218637993
5.532892771804062
14.00182945041816
45.369997013142175
134.03337813620075
237.54069593787335
248.29077060931894
195.1157407407407
49.853270609319004
16.357302867383513
11.475619772998805
2.892932347670251
1.8829450418160096
5.3963560334528085
9.879704301075268
33.61338859020311
83.07571684587813
202.73297491039426
184.7069145758662
120.74484767025089
70.85760155316606
24.680742234169653
10.510416666666666
5.211581541218638
3.321057347670251
6.722856929510155
14.791479988052568
29.01571833930705
82.2054211469534
215.2471624850657
216.24738649940264
157.46565113500597
47.11880227001195
31.718600657108716
10.683206391875745
7.1843264635603346
2.6547341696535245
5.484770758661888
4.184957437275986
22.511462066905615
55.844907407407405
139.60946833930706
184.13866487455195
89.11999701314217
38.705122461170845
11.8896729390681
7.457362604540024
3.3390456989247306
4.78031660692951
3.276183542413381
8.758699223416967
45.611185782556745
84.3201164874552
198.12873357228196
233.86238052568697
120.33863500597371
48.30794504181601
17.06048387096774
7.4995146356033455
5.192764336917562
2.6753397550776583
1.7153823178016727
8.836880227001194
12.623431899641577
74.4298835125448
141.85147849462365
108.55921445639187
61.909348864994016
26.229316009557945
11.878136200716845
7.861857825567503
4.030387544802867
3.7111559139784953
3.687145310633214
6.305891577060932
33.25630973715651
77.21923536439665
159.44668458781362
180.0358422939068
71.8832138590203
47.68257168458782
29.64258512544803
7.656436678614098
6.515344982078853
3.897995071684588
2.011294056152927
8.082885304659497
21.017809139784948
83.68354241338112
205.33490143369175
208.95721326164875
189.21370967741933
57.72700119474313
16.239508661887694
12.347968936678614
4.595168757467144
5.680032855436081
3.8866300776583036
6.183169056152927
32.200007467144566
110.78554360812426
211.1047640382318
286.3971027479092
188.61297789725208
57.056451612903224
26.84808094384708
14.256907108721625
9.488873954599761
6.786551672640383
3.4508885902031072
6.294840203106332
36.506123058542414
99.54898446833931
248.6473267622461
235.31847371565112
160.35170250896059
60.11275388291517
20.723715651135002
9.901247013142173
5.343301971326165
3.721975806451613
2.4750746714456393
3.5616338112305854
24.19310035842294
84.30816905615293
163.77501493428912
139.51351553166072
82.79121863799283
34.92973416965352
