13.790210573476703
15.531698028673835
5.643854540023894
4.701795848267623
5.113310185185185
24.53349014336917
39.86570340501792
127.62059438470726
232.52240143369175
201.88172043010752
201.87836021505376
52.983124253285546
18.41308243727599
12.697356630824373
5.656436678614098
2.827105734767025
3.9138104838709684
3.938709677419354
31.67308841099163
65.73140681003584
289.0539127837515
197.84498207885304
122.63179510155317
42.324708781362006
16.958258661887694
9.378546893667862
5.396430704898447
4.294851403823177
2.3686865292712067
21.915247909199522
38.545736260454
86.30600358422939
209.27979390681008
263.85603345280765
51.704375746714454
35.40027628434886
14.908975507765831
13.306339605734767
1.8002053464755077
3.3983945639187576
3.6217629928315414
8.644638590203106
43.76680107526882
107.95101553166067
178.21124551971326
174.51052867383513
99.1625597371565
37.500336021505376
21.899305555555557
10.269787933094385
3.2932235663082436
3.3968152628434884
3.4665098566308243
8.076799581839904
34.59423536439665
125.44280167264039
144.94324970131422
235.5820639187575
226.45459976105138
68.07347670250896
40.92364844683394
27.08751493428913
5.388067502986857
6.851067801672639
1.1542824074074074
8.11372461170848
21.254480286738353
112.81922043010752
198.1123058542413
275.55256869773
153.82989844683394
54.164799880525685
33.726739844683394
8.575866188769414
8.305742234169653
4.850097072879331
6.530951314217443
7.088000298685783
24.417861409796895
71.8832138590203
109.12410394265231
225.62201314217444
104.48887395459977
44.61282855436082
14.422677718040621
5.907594086021505
3.4398521505376336
3.636111111111111
5.057179659498208
6.765830346475508
36.32661290322581
81.43705197132617
256.3328853046595
253.5506272401433
148.879554958184
73.41136499402629
32.20258363201911
9.05884109916368
2.5734953703703707
3.718806003584229
4.2257877837514926
9.3748133213859
28.02755376344086
156.27538829151732
244.75619772998806
248.6211917562724
260.8071983273596
47.360737753882916
17.108236260454003
10.711544205495818
3.0844459378733577
2.9879368279569896
2.30346848864994
5.894563918757467
28.962701612903224
65.52680704898447
244.54749103942652
185.53875448028674
169.39702807646353
42.73454301075268
18.41438918757467
10.934214456391876
3.3290919952210274
3.7868204898446836
5.617532855436081
8.732153524492235
46.21639784946237
102.07437275985663
154.4765531660693
239.1080495818399
126.86118578255673
15.19395908004779
12.21221624850657
6.479502688172043
5.073924731182796
5.712664277180406
4.48715651135006
12.882467144563918
35.800291218637994
63.31279868578255
295.46557646356035
268.9195041816009
181.29442951015528
76.93249701314217
20.674357825567505
6.323103345280765
6.907855436081243
4.094003882915173
2.1899641577060933
6.054808841099163
33.911887694145754
87.01463560334528
216.0588410991637
269.52807646356035
192.4996266427718
58.78584229390681
11.056302270011948
12.897513440860216
5.515793010752688
5.715135902031063
5.091547192353644
6.58639486260454
21.50022401433692
105.3132467144564
278.31615890083634
206.25821385902032
180.83034647550775
17.42458183990442
39.5973715651135
22.67125896057348
5.2975283751493425
3.710495071684588
4.09573252688172
8.366188769414574
28.921408303464755
126.25560035842291
219.75358422939067
198.15449522102745
99.03039127837515
33.458109318996414
16.952060931899638
14.049395161290322
8.56608422939068
3.4423200418160094
2.180514486260454
6.122087813620072
21.50825119474313
68.99529569892474
154.5840800477897
184.99775985663084
55.67876344086022
37.32672491039427
17.6800701911589
13.028337813620071
4.7652703106332135
3.440180704898447
1.8851627837514935
6.089717741935484
31.21591248506571
69.81145459976105
159.28502090800475
157.57131123058545
94.16479988052568
39.82056451612903
13.4133064516129
13.271729390681006
9.824596774193548
2.4802643369175628
4.6782855436081245
11.833520011947432
41.02411887694146
78.38709677419355
159.65763142174433
161.29218936678615
119.98245221027479
31.37593339307049
17.32810633213859
10.99723715651135
2.9956802568697727
4.059109916367981
6.433169056152927
9.703741039426523
28.36114844683393
111.43742532855438
151.43854540023895
199.58557347670254
50.909498207885306
28.95049283154122
16.63922491039427
11.374925328554362
3.20811678614098
1.0187765083632019
2.4548275089605736
13.673387096774196
36.38183243727599
58.221326164874554
162.7561230585424
173.13732078853047
86.800701911589
37.252016129032256
