7.741114097968937
3.531907108721625
2.3887022103020024
3.6764112903225805
1.7258064516401148
7.895773596176822
54.53629032258065
160.84229390681003
141.67040023894862
85.65598864994027
35.27180406212665
6.345579450445371
4.851403823205228
3.458669354865921
2.586122311827957
2.7816606929510157
1.7258064516401148
8.373670848267622
34.52247610513739
142.45071684587813
183.21759259259258
110.34236857825567
31.824223416965353
6.978419952210275
5.770833333333333
3.458669354865921
6.488537933094385
2.5906137993103657
3.8161589008363204
9.320131421744325
30.281884707287933
119.60125448028674
152.49402628434888
98.85043309438471
15.133288530493163
7.404308542413379
5.7827807646356035
3.458669354865921
4.580981182795699
3.4407855436081243
1.7258064516401148
11.000612305854242
58.43040621266428
124.58183990442055
199.41009557945043
101.43033154121864
27.989471326164875
10.604465352449223
4.958075716845878
3.6238463261648746
2.3887022103020024
2.705245669056153
1.7608318399044205
0.8142323775388292
58.691756272401435
114.93055555555556
214.94175627240142
68.05966248506572
48.424432497013136
14.859991039426523
8.518481182795698
3.458669354865921
2.675280017921147
6.334266726403823
1.7258064516401148
5.885991636798088
37.53360215053763
119.3847072879331
145.15755675029868
102.82295400238948
35.22326762246117
10.125074671445638
7.354950716845878
3.458669354865921
3.6982153524492234
2.5906137993103657
1.7258064516401148
8.784363799283154
39.33691756272401
141.7749402628435
119.9260752688172
88.28815710872162
28.232526881720432
8.399380227001194
4.950115740740741
3.458669354865921
3.6385155316606927
2.689325716845878
1.7258064516401148
9.7267174432497
53.87171445639188
183.21759259259258
214.94175627240142
149.0819145758662
31.369474313022707
12.952882317801672
7.705197132616488
3.458669354865921
4.193361708482676
2.809535543608124
1.7258064516401148
9.945131421744325
53.2444743130227
128.57676224611708
140.9199522102748
84.68152628434886
48.27396953405018
16.47513440860215
5.770833333333333
3.7213672341696533
2.3887022103020024
2.6065348715651133
1.7258064516401148
0.3334229390953121
2.7211768219832733e-11
102.87858422939068
111.08870967741936
64.91226105137396
26.835050776583035
6.345579450445371
4.954890979689367
3.458669354865921
2.3887022103020024
2.5906137993103657
1.7417275238948626
4.160707885304658
62.92189366786141
132.1423237753883
154.11439665471923
79.40598864994026
31.824223416965353
6.361500522700119
6.905204599761051
3.5541965352449223
2.3887022103020024
2.5906137993103657
1.7258064516401148
7.899507168458781
35.17734468339307
59.05017921146953
126.8107825567503
93.31727897252091
45.26471027479092
7.539650537634409
8.062761350059738
3.9044578853046596
3.0900164277180404
2.5906137993103657
2.505936379928315
11.55766129032258
47.046744324970135
106.2313321385902
171.7928614097969
74.78755973715651
47.14493727598566
12.797565710872162
6.801672640382318
5.504554958183991
2.50333408004779
2.5906137993103657
1.7258064516401148
10.593652927120669
32.25246415770609
136.1036439665472
148.21908602150538
115.46482974910394
47.14493727598566
6.345579450445371
5.2995818399044206
7.202322281959379
5.485327060931899
2.8453517025089607
1.7258064516401148
12.752031063321386
48.17801672640382
137.78375149342892
167.6859318996416
120.7179659498208
29.77150537634409
11.615516726403822
5.86398596176822
3.458669354865921
5.489396654719235
5.157108721624851
1.7258064516401148
1.161305256869773
39.87455197132616
128.57676224611708
161.67861409796893
62.6198476702509
15.133288530493163
10.171370967741936
5.223562574671446
4.286551672640383
2.3887022103020024
2.5906137993103657
1.7258064516401148
0.3334229390953121
2.7211768219832733e-11
121.21042413381123
73.60737753882916
81.28024193548387
30.98902329749104
6.668380376344086
4.851403823205228
3.458669354865921
2.5160692951015533
2.5906137993103657
2.2193473715651133
11.993742532855435
52.990591397849464
93.19369772998806
123.08841099163679
34.71326164874552
34.6777927120669
13.911663679808838
5.484244324970131
3.458669354865921
2.3887022103020024
2.621659572879331
2.9198775388291516
7.988366188769414
34.42204301075269
121.23282556750299
118.80973715651135
60.82399940262844
29.159572879330945
11.400462962962962
6.370258363201912
3.458669354865921
2.3887022103020024
2.6686267921146953
2.6042413381123053
9.118145161290322
74.80958781362007
141.81600955794505
140.19563918757467
103.34192054958184
31.369474313022707
11.671146953405017
