2321.026116158833
2029.510001331687
1333.3316847281083
1779.4144729335944
1332.051080600257
1844.616501635644
2151.7541703963275
2669.1187464936233
4266.840588070047
4093.7637828826873
4407.262492709906
2650.665305972865
2068.080493768747
1669.4324376934462
1234.2857537571986
1060.832572950808
1413.452809052166
1564.8790753959554
2187.4908753693676
2959.045059744881
3812.220584568605
4482.916560033768
4377.64186517462
2855.540900025417
2019.2473142176002
1798.8004588338144
1164.638575388495
1165.677562148773
1346.4546141728752
1911.0559033943168
2108.8609176378054
3081.4487184069244
3289.0224357761053
4162.261943205772
3912.0515968926866
2859.6664354691757
2136.693057544963
1346.650824865329
1207.4723946859897
1348.5783291175546
1230.0497098986868
1598.6816066623223
1752.7248787474325
2601.394642670522
3220.561370602739
4086.6122530077605
3938.0875953030622
2762.42104778071
2097.9529519246557
1725.1713235908323
1050.5001356651344
1046.5623878594035
1206.5792389682256
1620.4827327471814
1866.4980634490246
2571.2042978447225
3149.837828002845
4098.304681759671
4016.11061513027
2670.4293238737187
2483.31557256709
1870.1637856062566
1189.6095767744944
1356.6800861094234
1290.554989675009
1649.1786963925674
1698.5493195955423
2731.6685599515563
3542.107487041993
4741.074724767625
4208.852925999185
2845.1529984635
2425.2952131701654
1553.860747100938
1091.7548456696018
1267.693658336391
948.5920655736467
1360.0111509954488
1862.048969443248
2277.4413571511855
2649.2405853342084
3786.8941799857976
3751.3916355048304
2352.7971142870115
1936.0261958385865
1256.0310948834583
1533.7971560686574
1022.9659065031188
1479.9483308695878
1630.6917352086082
1895.4268738619817
2752.200325049884
3903.2271118706403
4123.980406626134
4582.347729116957
2573.7414735381035
1970.2080135874971
1514.0293419304708
882.472571934953
884.5532311818667
856.6645032068121
1323.6814970334485
1562.000901631934
2724.4406049230442
3350.386226240671
3697.488006096769
4079.2876899717
2469.9235528595227
1924.5510702152794
1028.4232332792355
731.910301823472
732.277924539077
708.2224599376154
833.1701312303904
1192.711688310032
1970.0714794468333
2632.8629388927234
3438.267483213928
3017.5984609455654
1991.5492633133683
1354.6155130652241
1006.2269970786314
649.4689703748757
580.0132508016624
605.3983875787216
945.3890391566715
1722.129920104907
1945.4275208189238
2904.4454529722516
3607.2288954528735
3328.334711078456
1985.588469905799
851.6123679053819
822.7754782537766
737.2166062041177
558.4532209401567
688.8949706155408
1015.2107894365183
1434.8077821718796
2324.1251279109297
2960.210664749737
4001.9798077406667
3608.9189170981135
2357.552881179663
1245.3414009564403
649.8045856384457
729.1238354309481
658.4468282203696
664.5772832596317
862.7595333017127
1473.2201638457832
2377.7947167893403
3023.4708774473597
3933.866659719854
4375.184000189177
2193.7046810374236
1390.0914809170279
1153.4624925393862
752.1549022680018
962.6026552417666
769.1917259304992
1145.5777513198973
1580.3262446913968
2024.371886737432
3286.547467711362
3394.3582775618015
3393.5563450675154
2050.242564980755
1782.0631072050214
2311.6931976619785
876.101816098905
751.7351625730055
882.3025983822035
1004.8742389179799
1162.0950194657503
1783.6117904220014
2229.9340271313
2310.3450070317945
2179.9736234025568
1505.3064927439295
1166.879158775646
1240.8632759969385
961.6357327225563
521.9276776524229
545.807408638378
749.9742159305092
1046.1660276731654
1540.7616955106091
2612.360317664964
3005.834314579837
2330.496012537276
1624.0021989876984
1050.5052606190197
746.3326485210588
663.4385248859678
643.6156457813375
531.8104801609066
750.8076858449971
1100.9503537971184
1488.3788158455527
2046.7338629519566
2161.5916915823063
2296.987067719323
1667.6961191621951
1118.6685410852829
931.7123963988869
845.3037210930654
631.2620966151243
548.4678803256543
852.078041458552
1305.6338900695962
1763.2373115173018
2560.423359356754
2935.4703279826495
2476.2983838944974
1593.6626413811612
1029.0886315903815
651.0986653842128
534.756076802263
656.2881435056107
784.9278846615582
833.3810666619762
1196.9861357473321
2024.8845086138374
2539.4488522308666
3378.6229543750383
2930.3222682390547
2444.5118391759297
1538.9527598076133
1113.4382794475719
622.2390562012116
714.0882211158662
594.5448061540724
1266.8804533028624
1357.0248431546327
1827.1685534008088
2768.13323608552
2989.143156891452
2722.433018972713
1958.6500708817907
