765.1535521206691
238.83014896953404
181.89054846176822
204.48159744623666
151.77204252538826
480.47949372759865
1063.5146878733572
3233.2669168160096
7171.573017473122
5953.859595280764
3382.889150238949
1216.889732676225
455.6101273148151
286.6761163381123
381.15238985961776
159.86696733124256
126.2278586842891
199.03218525985667
779.0663097371564
4060.035692951014
6546.064635603344
5293.472140083634
2030.3932235663078
798.8283803763436
586.3032336469533
262.8692163231779
120.88408169056154
141.18363463261647
107.04035875896056
109.73902031063321
822.9647341696535
3404.889150238949
7051.574622909202
4843.4462552270015
3876.402329749103
1123.4843301971332
264.80348192951016
208.5909976105138
230.89336096176825
171.49505357676227
72.77518671594983
363.30662895758667
561.8956451612903
2154.4062201314214
7125.716584528078
4470.802695639189
2196.3251530764633
562.1613754480285
464.35904756571085
210.5031044653524
156.1078188470729
83.80102374551967
85.68913638739546
117.06193249701316
550.3102090800479
2870.946225358424
4438.680697431302
4614.279838709677
2547.6395497311823
1072.4180107526886
521.721190636201
199.3719377240143
252.76872199820792
145.95836783154124
130.2628997162485
134.14215987156513
467.54203068996395
3474.4244810334512
7571.110584677416
6001.294933542414
2972.7891913082435
1396.0897140083628
287.41109953703705
151.71626008064513
101.34334539277184
149.75729345878136
76.7602937649343
280.89902889784946
1062.7153225806449
3836.838403524492
8952.362473864996
6205.377818847075
3949.5553614097976
1385.7339755077655
455.2887854689365
276.4186062574671
134.37569175627237
103.38947909199523
138.26087014635604
148.33412709080045
745.4092988351257
2931.5766838411
6690.165737007169
5919.341427718041
2758.3442502986845
1182.7675179211471
463.3290613799283
199.45436753285549
148.50687387992835
153.16177785244926
140.13389015830344
263.19183318399035
576.9089083034647
4385.1422117682205
8662.216289575863
7349.87396953405
3093.5106705495828
937.2558225059739
442.4649667712067
317.9332302867383
69.96708576015531
112.13452176672641
96.75264239844684
207.52980174731186
548.9309912634408
3045.761148446834
7713.970784796894
5086.826015531663
1907.461155913979
1006.3688582735967
273.0211663679809
228.43438060035848
150.70904868578253
159.16859233124248
237.5747771804062
82.25821983273599
632.8634072580647
2764.95410692951
7067.066860812422
5144.091382915174
1864.904902180407
865.9888358721629
401.96656698028664
123.13043533452807
144.10705432347672
148.01910386798087
204.52938724611707
170.24216136499396
637.2229237604541
2533.3330869175625
5318.737690412187
4333.010252389487
2553.5279084528074
838.0979386947434
454.31910170250916
314.26352822580634
150.31875186678613
179.45770441308244
138.4658142921147
323.6518835872162
583.763723864994
2316.0857190860224
6226.491920549581
4445.4540173237765
1573.5076874253277
748.1188261648748
608.1178550627241
344.061076388889
197.49991188769417
120.82349126344086
203.60485439068097
255.13832138590203
610.7123891129029
3502.2318809737158
6034.318514784946
4767.868111559141
3562.6216659199545
856.9225492831539
391.24018630525694
160.78947991338111
162.5419440710872
315.88285521206694
146.52130510752687
404.5294619922341
1212.6478531959376
3570.5598342293906
7258.657302867384
6938.7978457287945
4665.050197879333
1652.0128098864993
603.9667204301076
439.3790468189966
94.55045082885303
176.76502770310634
118.43938717144567
180.94396132019122
764.3963455794507
3100.13823551374
7568.46101403823
6854.164295848268
3271.2998618578254
1314.5858758960578
409.56716845878117
203.71256085722825
167.20268070489846
164.20816457586614
52.649598006272406
166.4461555406213
410.38167152031053
2096.2114844683388
4688.773439366785
3139.523260155316
1475.4757493279574
579.0359304062129
310.2770474910394
231.50175552568697
120.83356421744324
114.17151907855438
187.32760999103942
211.19106630824373
562.3780697431299
1888.8360868428908
4241.542334976105
3970.1446609916375
1362.536749551971
1023.66186155914
383.02637059438473
229.84041367980885
110.00626575567503
220.84865143369174
98.67629745370371
150.7047554510155
802.1895706391872
3941.3330234468363
7929.121636051377
6262.292581391876
3157.677019862605
1024.4502949522107
454.6632889038232
313.3457194593786
83.00504207735962
103.62541909348867
87.8673795922939
141.30360887096774
467.44632877837495
2474.6692241636792
7039.685088112307
3654.4418496117078
1893.2864396654716
433.8021550179212
