3295.0678574969465
2113.1347661166324
1538.0624642980004
1865.8526748451827
1783.8048567352623
2331.0164418984887
2869.0362305815133
3319.9434478078424
4117.011473673392
5776.5301359292835
4496.638351431532
3589.689760871311
3163.6270140793818
2517.203498774689
2303.6615228730893
1983.4421771921468
1613.3710533771357
2077.0332159276163
2514.8615668269545
3086.2410722896843
3814.183129371472
5114.394345278692
4301.639849045588
3566.699188555882
3238.54170265846
2384.8759927346514
1834.20974399662
2144.8872925848536
2013.0286553915128
2177.576861055608
2479.347073551785
3423.080267092707
3967.9980368812426
4749.5347179966875
5839.708784019333
3612.611850642411
3039.3309010336125
2279.0002088259025
1647.5741419978185
1658.403288048259
1566.4671344805263
1774.5199243146528
2111.0475564654726
2912.6123883395785
3616.737931235951
3847.8313390292665
3317.1477804882484
2460.473653814163
2300.7784223547633
1497.6140655263155
1495.442067415433
957.7004964316859
1352.3675898493482
1408.672355283024
1710.473212791915
2269.783520514973
2908.200096521364
3265.1891650332686
2988.272988188814
2537.6423988438496
1920.0581427582492
1438.6856568726841
1455.4850994746132
1287.5697329134855
1351.1233551170644
1436.644383369868
2024.0129303332965
3089.5196688225246
3890.4304671793893
4566.51614501852
4662.375850132996
2864.302304019055
1809.1345538213
1202.3199051803888
1019.6785467598046
882.3907872193063
1292.9561560754387
1905.9596392720316
2352.136794264036
2906.85540285011
4399.582823237435
5253.352438647683
4376.934459578904
3228.905201204573
2251.6102646856602
1884.0552286946886
1251.5415008267212
1202.007676589738
1356.4383626422884
1784.9392419290389
2211.3752049551717
3119.0634000200153
3675.8401271036164
4460.818518931989
3716.0885445291447
2983.0463570506486
2426.763912631702
1729.0115775935528
1193.2754243841755
1158.0634845794184
1325.1842836727626
1983.667219853043
1916.9123961809182
2779.947097605242
3070.3351995082917
4035.4017232413316
3920.0119283229546
2486.2232840423185
1805.9009432738221
932.1139105492473
801.0887740456945
859.7630201185272
848.7086651347473
1183.884762353449
1710.12175999462
2748.098148353645
3210.4149400874685
4198.610598506637
4002.6939657245384
2495.2830969453867
1541.481175400948
1040.1631380583212
818.5832102195596
634.4432313870868
898.2351180894749
1002.0025573018319
1643.3914568432585
2590.69907846528
3833.26969879065
4179.879657101619
3482.786017828756
2504.9369167397313
1584.6556437417023
1060.3623771486398
638.2063213325528
783.6523696856764
999.8290319954692
1444.6296999801268
1625.9414253917116
2355.973470204837
3038.174456565747
4119.951283248431
2960.3171025819847
2394.117042619327
1945.8792220436578
1337.012441074527
723.9715990211513
846.032812390023
891.5898530774335
1082.4069619904817
1319.2647800345524
2526.081653019925
2732.236890738877
3250.825142396079
2601.745417453218
2041.393338444834
1522.086123240803
972.5801299348466
1129.594086109101
704.4032712811932
685.711890954394
991.1217738706739
1650.2074103126633
1822.5727006561901
3110.874629449714
4157.58255324878
3742.1187330603475
2155.3304234036946
1802.5081116853078
1095.119343868669
972.1661343486066
876.2999400520978
1114.0168046247368
1269.4821130219223
1691.99413050219
3007.67795305641
4068.922837615171
4637.886972384244
4350.643351598495
3133.1861858442876
1620.2042483813793
1468.861786301598
1243.878683738088
1185.9559445281695
1072.7755724675294
1407.5193066563154
1793.7811023446116
2477.8312930315183
3303.032278537127
3523.9094340541506
2907.266618122699
2609.4558280199562
1862.302665786283
2326.8763425174743
1078.5395333238416
1128.507267645137
1115.6558990677165
1518.3997456568254
1934.024793761275
2621.069018951885
2768.133519463306
3190.9412659550653
3184.7712373728473
2327.8079396520384
2268.1282409060695
1641.5686949353274
1166.431681815886
1262.9743315314922
1097.0991206183667
1355.3072383671542
1744.98180300269
2346.853414414554
2592.0315844164907
3060.6584253542155
2769.1786220964095
2210.13711494747
1885.0243245413963
1390.7016410413216
1273.6423208285476
1481.808808828192
1219.940885706958
1443.1364131374844
1795.4927852395667
2515.1765187691526
3318.441777111392
4143.09050963191
3395.3524429702366
2758.6531100839347
2030.3031219641246
1582.5555360186586
1071.5247149153693
1001.8450374987821
768.1707507478595
1142.6148488375095
1565.2629330590535
2248.7802469491953
2857.029950541909
2849.439714537809
2560.4683859455317
2266.4034684325648
