5.815785543612612
4.146132019120379
2.863575268821692
3.1056227598611184
8.789202508960573
0.3997162485110588
4.487753882915173e-12
10.827546296296296
265.0817652329749
169.10170250896059
18.14142771804511
9.8469160692951
5.815785543612612
4.892831541218639
2.863575268821692
3.1056227598611184
2.068884408606638
0.3997162485110588
4.487753882915173e-12
78.77688172043011
493.9336917562724
241.53188470728793
18.14142771804511
8.72684811827957
5.815785543612612
4.146132019120379
3.236932497013142
3.1056227598611184
2.068884408606638
0.3997162485110588
4.487753882915173e-12
73.17839008363202
193.02755376344086
213.90120967741936
118.57452210274793
28.51482228195938
5.815785543612612
4.146132019120379
2.863575268821692
3.1056227598611184
2.068884408606638
0.3997162485110588
4.487753882915173e-12
75.41778673835127
395.3853046594982
201.58340800477896
96.91830943847073
24.034460872162484
5.815785543612612
4.146132019120379
2.863575268821692
3.1056227598611184
2.068884408606638
0.3997162485110588
4.487753882915173e-12
163.15710872162484
408.0783303464755
408.0480884109916
206.3138440860215
53.15830346475508
17.016465053763437
4.146132019120379
2.863575268821692
3.1056227598611184
2.068884408606638
5.626732377538829
4.487753882915173e-12
163.15710872162484
486.4964157706094
580.1851851851851
326.53487156511346
42.32900238948626
26.723827658303463
4.146132019120379
2.863575268821692
3.1056227598611184
2.068884408606638
0.3997162485110588
4.487753882915173e-12
198.254554958184
486.4964157706094
490.2053464755078
33.07579151732378
19.554099462365592
13.65628733572282
4.146132019120379
3.610274790919952
3.1056227598611184
2.068884408606638
0.3997162485110588
16.427680704898446
111.2585872162485
501.0584677419354
341.21677120669057
161.51022998805257
50.169504181600956
5.815785543612612
4.146132019120379
2.863575268821692
3.1056227598611184
2.068884408606638
0.3997162485110588
4.487753882915173e-12
73.92622461170848
320.3393817204301
336.7376045400239
142.47013142174436
12.833796296296295
5.815785543612612
4.146132019120379
2.863575268821692
3.1056227598611184
2.068884408606638
4.506656959378733
16.427680704898446
177.34655017921148
398.0006720430108
554.4235364396653
154.41532258064515
34.11495669056153
5.815785543612612
7.506335872162485
2.863575268821692
3.1056227598611184
2.068884408606638
0.3997162485110588
4.487753882915173e-12
137.0221027479092
455.86805555555554
561.8608124253286
205.94198028673836
36.728419952210274
5.815785543612612
4.146132019120379
2.863575268821692
3.1056227598611184
2.068884408606638
2.6398521505376342
4.487753882915173e-12
238.57452210274786
373.7287186379928
377.8057795698925
216.3959826762246
22.91427718040621
20.376642771804065
4.146132019120379
2.863575268821692
3.1056227598611184
10.656025985663083
0.3997162485110588
4.487753882915173e-12
86.24365292712066
347.22222222222223
243.77165471923536
161.51022998805257
7.606780167268525
5.815785543612612
4.146132019120379
2.863575268821692
3.1056227598611184
2.068884408606638
0.3997162485110588
4.487753882915173e-12
111.2585872162485
268.0689964157706
273.6420997610514
154.79166666666666
17.31414277180406
5.815785543612612
4.146132019120379
2.863575268821692
4.972431302270011
2.068884408606638
0.3997162485110588
39.94922341696535
102.30062724014334
398.0006720430108
266.91905615292706
168.23327359617682
45.68914277180406
17.763104838709676
4.146132019120379
2.863575268821692
3.1056227598611184
2.068884408606638
0.3997162485110588
4.487753882915173e-12
212.0676523297491
562.6680107526881
418.8739545997611
176.07153524492233
20.674320489844682
12.163007765830345
4.146132019120379
3.983643219832736
3.1056227598611184
2.068884408606638
0.3997162485110588
14.187724014336917
85.87141577060933
342.7430555555555
463.694743130227
164.49783452807645
7.606780167268525
12.163007765830345
4.146132019120379
4.3570116487455195
3.1056227598611184
2.068884408606638
0.3997162485110588
4.487753882915173e-12
193.02755376344086
474.14725209080046
442.3965800477897
191.3806750298686
34.11495669056153
17.016465053763437
4.146132019120379
9.210797491039427
3.1056227598611184
2.068884408606638
0.3997162485110588
4.487753882915173e-12
57.49738649940263
315.86021505376345
175.07205794504182
18.14142771804511
12.833796296296295
5.815785543612612
4.146132019120379
5.103711170848268
3.1056227598611184
2.068884408606638
0.3997162485110588
4.487753882915173e-12
190.03994922341695
513.7604540023895
422.9812574671446
297.7841248506571
64.35595878136199
