0
0
0
0
0
102.84354184123053
644.2426655905479
1829.913383147285
2362.953715294163
887.6405359959919
98.4740599096538
0
0
0
0
0
0
16.72200840684843
615.406849846206
1779.690197703898
1408.0303597912052
907.1024865008579
126.77363071358162
0
0
0
0
0
14.592174492335953
40.02892692026616
503.4026585874551
665.3277217893981
1593.2011297707809
760.6152276884618
265.7229929634566
0
0
0
0
0
0
0
324.0880131331587
1416.2628231188537
2210.175516762851
1231.991712349758
330.7354262396911
33.625600613891535
0
0
0
0
0
77.02066486294645
365.22084119749456
1019.9561799396539
1276.8801471697925
316.9758865011736
117.51172377284811
0
0
0
0
0
0
68.49718255088641
428.4957403989833
1389.406468412999
1480.75701982645
1015.8927787831686
213.20969645021668
46.42641043723515
0
0
0
0
7.079142144836705
0
355.62186040409557
933.8033642089767
1395.602663508523
374.8365229490348
108.8666263409892
2.57749763642191
48.08534116240043
0
0
0
0
27.17359418890519
395.6791602167175
502.0763027595842
965.8161952733172
0
0
0
0
0
0
0
0
34.22278441199033
404.49228792523354
1344.3221970943457
2270.415523957756
965.3683974188281
209.51345106786533
0
0
0
0
0
0
0
0
602.2571998773318
958.6395751776517
405.85770234450456
0
0
0
0
0
0
0
0
294.76103561667213
711.3844152607804
317.43036996674823
268.0276117677388
142.3586510023571
0
0
0
0
0
0
0
180.90581576747633
693.0790987870234
1267.1315759323913
634.95891071755
0
0
0
0
0
0
0
108.25695510771516
505.9671511688474
1611.6876715035044
1813.461326626667
991.8323571517337
284.88632912292394
0
0
0
0
0
0
0
563.9548633678515
894.6938637029895
1400.8530217971925
569.282176337779
186.53251374003008
0
0
0
0
0
0
0
276.8372088430939
748.3190731156394
796.2004735115115
428.1955677737343
48.797531547686106
0
0
0
0
0
0
28.686069019651853
352.56656577383876
876.9649423318353
1188.8157165540238
855.7063578627811
54.602833283777215
0
4.564512697617758
0
0
0
0
0
351.1300237320873
869.5107749299652
703.7462871575059
101.224420205222
53.31736456116121
0
0
0
0
0
0
38.206525067066124
596.0435590932284
1140.7169850522205
1106.498938408422
445.5721000669129
0
0
0
0
0
0
0
0
333.8862716729423
949.1742459002185
1113.1759153844757
48.24687092129787
77.0136481115349
0
0
0
0
0
0
0.920002461137571
436.612100451682
885.1951412124878
1069.398939367195
330.0764641043595
110.42058475357446
0
