287.58247722520906
174.57199260752688
157.77824559438474
95.1087935334528
76.08840180704898
283.5510278524492
512.9558370669057
4516.573633512545
7596.2828591696525
6225.077079599761
1649.1242682198326
449.088792562724
495.751341472521
226.4464572132616
146.3426859318997
96.2589625149343
127.80511323924729
200.47867607526882
677.9302848715648
2099.3780764635603
5869.894982078852
4814.993992682198
2601.126896654719
449.7800067204301
364.92416554659513
261.9651123805257
172.63850843787336
130.88381238799283
141.47048360961767
321.451030839307
734.9029999253287
3775.786409796895
7295.492551523296
6678.735834826761
3536.6888291517344
853.9475403225806
340.56960760155306
274.12699410095576
190.1508273596177
112.9074265232975
105.86925309886499
349.10497162485063
1057.437682945042
3253.6155839307044
9152.886439665474
6756.892514187574
3753.2486633811236
1303.4731182795701
631.2038653673836
210.40406025985666
153.35599518369173
138.35640016427723
126.15923200418162
293.0709856630824
590.2674010603346
2889.2065038829146
6861.431156660688
4915.869825268817
2943.2287485065713
926.3893854540028
502.974590800478
221.37983609617686
170.19281436678614
210.8357638515532
102.71657650089604
231.29329413082436
877.7709016577061
3446.9563620071676
7012.487951762246
5569.970590651135
3895.1376269414554
1358.9621639784948
349.18294578853045
183.70506197729983
156.25626456093192
129.85064209976105
135.66841140232972
389.22999066606945
559.5870288231779
2962.427131869773
7597.72939814815
6028.707093787337
2968.872771057348
1308.3134669952208
866.7255212066904
478.159631869773
104.02926855585423
176.5973342293907
80.04137022102749
148.28616263440858
562.4918346774193
2749.658307198328
4563.48782482079
2818.0877240143363
772.2543025686973
722.2306208930705
342.1178718637994
255.17942092293902
169.56233258661882
204.67377389486265
81.68834128584231
328.7928737305854
1468.951919056153
3955.526978793308
7334.415038829152
5812.572461170849
2686.0419989545994
1368.8504181600954
470.5342368578256
323.12293981481474
129.55612798685786
122.51046445639187
85.56216450119473
143.25720359169654
506.42977673237755
3118.4431787634417
6320.091192502986
4809.52486932497
2617.1454413082433
1184.5280204599758
299.71333594683387
275.3843096624852
387.881999327957
230.25864650537636
171.17789415322588
251.91585237455197
370.7779189068101
1644.3894489247318
4023.0978009259265
3945.5385827359587
2839.162514934288
734.6221871266425
297.78947804659487
240.6943623058543
131.8926582287933
168.035816532258
149.0626251493429
207.90030017921157
679.6978158602147
2456.615554062126
6911.828352747909
4565.530017921147
2149.9206578554363
803.5241853345283
297.9335663082437
272.38887806152934
207.9239441457586
129.9808745519713
98.20843133960572
161.57185521206688
654.4602852449221
3581.3294802867385
7527.001754778972
5404.6074820788535
2894.850903524492
932.2178390083631
430.39080458482687
247.74117906212655
137.2911066308244
122.95699503434886
107.00061167114691
100.85597352897253
689.0044597520906
2668.1080085125454
5986.239967891278
4527.831530017923
2068.5901732377542
607.1471673387096
288.186950044803
174.85638739545996
109.81868690262843
126.72083464008365
121.6998533527479
210.42646094683394
578.7323226553166
2892.2113276583036
6117.492652329746
4430.122031810037
2781.5648073476705
1147.5824148745523
350.0808777628435
163.92685894563917
125.89154879778971
247.42327800179214
182.55097323028676
223.88941681600957
743.2905126194746
3921.0773110812434
7167.952460424132
4780.59589680406
2298.7171296296297
988.3531137992838
327.26043234767025
170.8202975657109
209.46473566308245
97.98866270908006
116.21093544653525
82.50367465651135
939.8830197132617
2426.558725358423
5989.17220355436
4473.737570937873
3320.2199223416974
1206.0975022401437
306.8889665471923
177.43808169056152
157.86873319892473
120.2806339605735
371.0552912186381
259.95426448626046
652.5279368279572
2010.2315486857822
4590.304017323774
3017.2524118876936
462.97104054659496
422.93707175925937
460.5134121117084
227.91153785842295
116.27435793757469
102.84901254480285
111.48041849611708
217.59254853643966
785.1501291816007
2549.173181750298
6448.500769115892
3181.1895459976104
1703.276105137396
813.4454902180406
518.479362305854
299.3620795997611
181.31209304062133
140.45845676523297
90.75374040471924
323.06577359617694
720.1423857526883
2280.845739994026
5342.664908154121
4534.386656212665
2040.8555070191162
1264.154069593788
