15.169280167264038
8.756123058542414
4.364654271206691
4.124081541218638
3.6184923835125447
12.999626642771805
34.70034348864994
81.34296594982078
212.56645758661887
226.5990890083632
139.1905615292712
43.166442652329756
30.071759259259252
13.600321087216248
9.566942951015532
3.8291591995221026
2.1010341995221027
13.474387694145761
14.70243428912784
75.02650836320191
184.55122461170848
206.17047491039426
101.96721923536442
54.61730884109917
18.977411887694146
9.039015830346475
7.2386872759856615
5.593637992831542
5.872722520908005
10.220392771804063
44.05204599761051
68.23850059737157
140.7721027479092
225.2628434886499
97.87149044205496
20.575940860215052
23.260715352449225
11.45415173237754
12.313545400238947
5.699981332138591
3.8957549283154123
6.365964755077658
24.611111111111114
110.87141577060932
210.54472819593786
225.33788829151737
99.54599761051375
51.9212962962963
15.170437574671446
5.401321684587813
6.42006421744325
4.303834378733573
3.295034348864994
3.522524641577061
27.4245445041816
108.68578255675033
231.28322879330943
232.69787933094383
114.04607228195935
55.11723416965352
15.280689964157709
8.236932497013143
5.300395758661888
2.045967741935484
4.116842144563919
5.741114097968937
28.722931600955796
102.40330047789728
204.56914575866188
235.1937724014337
138.24746117084825
42.44631123058543
19.238537933094385
7.860439068100359
3.736320191158901
3.568746266427718
3.6921594982078854
9.785842293906809
34.835274790919954
69.12149044205496
238.2896505376344
220.09296594982078
93.38635005973714
46.51247013142174
18.437649342891277
9.827359617682198
5.288903823178017
11.030876642771805
3.5693735065710874
3.604207735961768
18.099014336917566
58.9336917562724
141.18055555555554
165.39911887694146
91.67226702508961
14.496042413381122
33.10020908004779
30.949447431302275
8.123543906810037
4.111521804062127
3.490356182795699
10.70683990442055
28.37387992831541
61.28210872162485
208.2093787335723
192.48655913978496
170.89120370370372
49.371266427718034
52.75164277180407
5.266913082437276
10.012358124253286
3.21065188172043
3.5678614097968935
22.358721624850656
52.09901433691756
127.62768817204301
232.6844384707288
220.66681600955795
138.16905615292714
20.75485364396655
13.611671146953405
8.095840800477898
3.7805779569892475
3.991431451612903
7.660506272401434
22.79035991636798
42.367458183990436
137.86962365591398
218.94862604540023
218.79069593787335
109.3656660692951
39.457287933094385
24.736820489844682
11.547416367980885
4.700231481481482
3.1321609916367987
2.4878994922341695
13.478158602150538
33.8786215651135
106.1839157706093
169.9723715651135
177.86140979689367
155.08997909199522
28.850843787335723
22.534386200716845
11.805630227001195
3.053027927120669
3.450981929510156
2.607411140979689
10.806862305854242
39.670698924731184
98.26650238948626
242.75164277180406
235.09333930704898
179.77859916367981
69.79278673835125
28.682198327359618
14.179323476702509
5.367234169653525
5.989882019115889
3.5077508960573476
8.580495818399044
23.469832735961766
87.886798088411
148.932945041816
163.60849761051375
68.16756272401433
36.03737305854242
30.47591845878136
11.55798237753883
2.5211656212664275
3.766457586618877
6.803427419354839
9.211133512544803
23.378061529271207
61.852598566308245
188.2567951015532
116.00918458781362
166.81600955794505
30.87380525686977
23.77938321385902
10.71419504181601
8.850171744324971
1.912589605734767
4.481783900836321
8.293421445639186
50.90165770609319
49.98510304659498
162.79308542413384
229.74126344086022
87.47535842293905
65.04368279569893
9.606705495818401
8.063956093189963
4.535211320191159
7.703591696535245
3.183792562724015
5.311790621266428
39.98316158900836
109.24395161290323
242.63403524492233
273.8410991636798
129.19840203106332
79.90255376344086
14.737753882915174
6.580458482676226
3.4561939964157697
3.712462664277181
1.8472894265232975
9.068287037037036
68.05406212664278
98.18996415770609
245.30129928315412
238.1257467144564
180.06832437275983
52.422341696535256
18.88369922341697
5.884445937873358
5.3489396654719235
3.70533527479092
5.292712066905615
5.547603046594982
33.7446609916368
80.72431302270012
194.8517771804062
207.01015531660693
184.1733870967742
48.74738649940263
29.647476105137397
13.93193697729988
2.7168869474313024
3.045019414575866
11.97883064516129
13.356966845878139
28.811678614097964
98.5577210274791
225.2471624850657
230.09968637992833
154.2372311827957
42.57179659498208
