4.851403823205228
3.458669354865921
3.6353046594982077
2.5906137993103657
1.8786477001194744
9.258527479091995
55.35394265232975
114.63186977299881
110.03584229390681
59.386574074074076
36.6274641577061
6.345579450445371
4.851403823205228
3.458669354865921
2.3887022103020024
3.469048685782557
1.8085946833930702
5.029883512544803
40.70340501792115
161.67861409796893
232.05645161290323
131.32877837514934
31.369474313022707
8.682833034647551
4.851403823205228
5.147812126642772
4.428576762246117
8.624813321385902
1.7258064516401148
0.3334229390953121
62.76881720430107
113.66114097968936
86.51060334528077
93.57116188769415
35.27180406212665
6.345579450445371
8.302344683393072
4.3979988052568695
6.846587514934288
2.5906137993103657
1.7258064516401148
1.670004480286738
37.130376344086024
47.64411589008363
173.4281660692951
64.23648446833931
30.063844086021504
8.691569593787335
4.851403823205228
3.458669354865921
4.004666965352449
2.5906137993103657
1.810188918757467
1.64689366786141
53.95385304659498
141.81600955794505
160.84229390681003
86.99260752688173
30.063844086021504
7.1957511947431305
6.463410991636798
4.023073476702509
2.3887022103020024
3.510043309438471
4.063060035842294
7.895773596176822
18.679062126642773
108.68428912783752
126.17234169653524
61.39523596176822
24.797267025089607
8.338859020310633
4.851403823205228
3.458669354865921
2.3887022103020024
3.6047640382317803
1.7258064516401148
7.988366188769414
53.95385304659498
119.57138590203107
158.61335125448028
72.3980734767025
29.876045400238954
10.803464755077659
4.946931003584229
3.458669354865921
2.966621863799283
8.643854540023895
1.7258064516401148
8.240008960573476
49.87679211469534
107.54554958183991
78.28554360812426
58.87507467144564
16.937948028673834
6.632157258064515
4.851403823205228
8.155129928315413
2.3887022103020024
2.5906137993103657
1.7258064516401148
9.355600358422938
81.94444444444444
119.9260752688172
181.01478494623655
90.97632915173237
26.835050776583035
6.393343040621265
13.302344683393073
3.570116487455197
2.5757691158900835
2.5906137993103657
2.9756197729988054
13.369563918757464
86.51060334528077
152.49402628434888
82.49701314217444
74.33953106332139
34.21856332138591
6.345579450445371
5.532034050179211
3.458669354865921
2.3887022103020024
4.1150686977299875
1.912873357228196
1.0339531063321385
46.33736559139785
98.77165471923536
103.65516726403823
56.62746415770609
32.48730585424134
6.345579450445371
4.851403823205228
3.67759109916368
2.3887022103020024
6.7535468936678615
2.6452359617682197
13.189605734767024
8.784722222222221
76.95639187574672
167.49178614097968
30.016801075268816
31.39374253285544
6.775836320191159
5.742980884109916
3.8439740143369177
2.5877090800477895
2.5906137993103657
4.97886798088411
9.328718637992832
49.91412783751493
142.45071684587813
232.05645161290323
129.55533154121864
50.875522700119475
15.130301672640382
4.851403823205228
3.458669354865921
2.3887022103020024
2.5906137993103657
2.7336096176821982
6.61739844683393
43.43264635603345
161.9586320191159
111.08870967741936
64.51650238948626
27.487679211469533
13.62940561529271
4.981160394265233
3.458669354865921
2.55586917562724
3.1319444444444446
1.7258064516401148
8.043623058542414
39.11663679808841
88.32138590203107
136.96983273596177
45.86469534050179
47.636648745519715
7.1269041218638
4.851403823205228
3.458669354865921
2.3887022103020024
4.636499402628435
1.7994399641577061
9.722983870967742
37.26291816009558
109.72968936678615
138.61260454002388
55.08176523297491
34.56466547192353
6.345579450445371
4.851403823205228
4.084378733572282
4.92006421744325
2.5906137993103657
1.7258064516401148
15.263978494623656
54.778972520908006
136.32392473118279
165.17697132616487
90.97632915173237
27.758736559139784
11.678987455197133
4.851403823205228
3.5287223715651135
2.3887022103020024
2.5906137993103657
1.8929734169653525
3.8121789127837515
46.99820788530466
142.64486260454004
214.94175627240142
86.99260752688173
48.45355436081243
6.472946535244921
4.851403823205228
3.649716248506571
2.3887022103020024
3.2791965352449224
1.7258064516401148
2.3354390681003583
53.263142174432495
114.85215053763442
141.4986559139785
75.05637694145759
35.03061529271206
7.3597296893667865
4.893992682198327
3.6560894563918755
2.5001493428912784
4.855361409796894
4.579599761051374
5.885991636798088
45.803464755077655
126.8107825567503
145.13515531660693
105.07803166069297
48.45355436081243
9.434289127837514
