0
0
0
0
0
4.458125174563868
437.2944875738215
1224.7211041747637
1722.5478759871137
1135.0998400581184
376.8990897782321
0
0
0
0
0
0
25.355072922977456
461.2618378987746
1647.3466343825119
1763.755046171133
975.1871639202127
0
0
0
0
0
0
0
28.885707087530207
860.637574955436
1721.6691943103062
2260.957252829323
1200.6085072583542
311.0876136325128
1.2279253213240438
0
0
0
0
0
70.55143646225572
367.7584880435531
1592.1573870376112
1931.4699462730061
1177.686903508659
145.29228854554535
0
0
0
0
0
0
0
107.02927160370726
301.3140801786024
1183.1043855210473
491.8930011965141
97.27975692697001
0
0
0
0
0
0
87.14047705506802
298.7589945805842
1159.5083949362963
1479.6078262780632
979.853352259871
138.90779979549745
0
0
0
0
0
0
35.08762426044655
637.5095545498541
1611.5296186892635
2271.98371189562
858.3669888988554
159.99353046285307
54.1386535504004
0
0
0
0
0
0
365.1377922358333
1639.5781695457247
1755.9603111634
903.6370541845986
158.76160970412923
0
0
0
0
0
0
0
328.73735960982117
1181.304723976066
1141.3466768848764
901.6127970604051
66.9631225135045
0
0
0
0
0
0
66.38313541086333
753.24169162878
2097.6846939036163
2268.996131330579
996.5682011497615
156.44323024453928
0
0
0
0
0
0
0
290.8046437409254
940.2815180086897
797.1283239691378
673.3010586016695
92.08456946113847
0
0
0
0
0
0
4.771660780984348
269.7400824938802
827.8998873174896
848.8841147615433
885.1358820437149
103.65559403435168
0
0
0
0
0
0
42.75116807067809
626.3110131760156
1861.5521428296695
2005.6323989086256
930.5285937108732
152.66149340010443
0
0
0
0
0
0
7.811982202700982
567.573814980755
1514.193565017207
2166.353320482975
832.4112832672893
119.34714187623081
0
0
0
0
0
0
36.60326814305128
336.5021954022336
1185.8190731156394
1341.1500702857054
477.40405044995885
99.49302139236949
0
0
0
0
0
0
50.887159222758186
354.6144301704933
701.9843569077012
1053.5039632684804
528.6872419726975
38.560158552594416
0
0
0
0
0
0
18.198889862410468
601.1386109483358
1259.9782181796666
1471.1895368588202
410.5119799423785
88.48750345005013
15.063430709937876
10.069378220387321
0
0
0
0
43.496287611868965
422.17109792238
1295.161802853893
1672.6167699496405
644.541260759864
68.14055549037728
0
0
0
0
0
0
86.69778071775032
610.0966958067537
1113.6220505597164
1383.3021101276058
593.3072427850973
85.45406029791482
0
0
0
0
0
0
4.425229462332297
330.0764821721121
1039.8576262781987
1344.0632912190467
536.8879933755661
8.045510082128772
0
