10.296158154121864
4.146132019120379
2.863575268821692
3.1056227598611184
2.068884408606638
0.3997162485110588
4.487753882915173e-12
143.74029271206692
467.8199671445639
467.76807048984466
355.28113799283153
27.021505376344088
15.523148148148149
4.146132019120379
2.863575268821692
3.1056227598611184
2.068884408606638
0.3997162485110588
4.487753882915173e-12
238.20303166069294
398.0006720430108
390.12768817204307
18.14142771804511
13.207325268817204
5.815785543612612
4.146132019120379
2.863575268821692
3.1056227598611184
2.068884408606638
0.3997162485110588
4.487753882915173e-12
177.34655017921148
738.1085722819594
435.6791367980884
371.71034946236557
35.235140382317795
5.815785543612612
13.479950716845877
2.863575268821692
3.1056227598611184
2.068884408606638
0.3997162485110588
4.487753882915173e-12
136.65023894862605
426.37432795698925
526.7633661887693
205.94198028673836
44.19586320191159
11.042801672640383
4.146132019120379
2.863575268821692
3.1056227598611184
2.068884408606638
0.3997162485110588
4.487753882915173e-12
125.82026583034646
424.1356780167264
246.7588859020311
167.48506571087216
30.381645758661886
12.163007765830345
9.37314814814815
2.863575268821692
3.1056227598611184
2.068884408606638
0.3997162485110588
4.487753882915173e-12
188.54428016726405
515.2199074074074
505.47715053763443
149.56466547192355
7.606780167268525
8.802658303464753
4.146132019120379
2.863575268821692
3.1056227598611184
2.068884408606638
0.3997162485110588
13.44108422939068
173.9829749103943
413.30533154121866
580.1851851851851
230.2090800477897
44.19586320191159
15.896244026284347
4.146132019120379
2.863575268821692
3.1056227598611184
2.068884408606638
0.3997162485110588
4.487753882915173e-12
123.2086320191159
331.1693548387097
331.8828405017921
132.38761947431303
21.794504181600953
14.029868578255678
4.146132019120379
2.863575268821692
3.1056227598611184
2.068884408606638
0.3997162485110588
4.487753882915173e-12
118.72983870967742
339.3839605734767
341.21677120669057
97.29465352449223
21.42096027479092
9.922726254480285
4.146132019120379
2.863575268821692
3.1056227598611184
2.068884408606638
0.773073476702509
20.90804211469534
173.23924731182797
423.7597072879331
435.6791367980884
253.35685483870967
51.6627464157706
5.815785543612612
4.146132019120379
2.863575268821692
3.1056227598611184
2.068884408606638
0.3997162485110588
4.487753882915173e-12
239.32272998805257
355.80869175627237
408.0480884109916
240.28711170848268
22.91427718040621
5.815785543612612
4.519489247311827
2.863575268821692
3.1056227598611184
8.789202508960573
0.3997162485110588
26.50817652329749
163.52859916367981
436.0812425328554
595.4554958183991
335.12134109916366
75.18630525686977
12.163007765830345
4.146132019120379
2.863575268821692
3.1056227598611184
5.055757168458781
0.3997162485110588
5.227016129032258
139.26149940262843
423.7597072879331
390.12768817204307
156.28322879330943
50.169504181600956
5.815785543612612
7.506335872162485
2.863575268821692
3.1056227598611184
2.068884408606638
0.3997162485110588
13.44108422939068
126.19623655913979
342.7430555555555
176.9403375149343
111.10775089605735
17.31414277180406
12.909647550776583
4.146132019120379
2.863575268821692
3.1056227598611184
5.802456690561529
0.3997162485110588
4.487753882915173e-12
116.86193249701317
408.0783303464755
435.3031660692952
160.76202210274792
53.15830346475508
5.815785543612612
4.146132019120379
2.863575268821692
3.1056227598611184
4.682388739545997
0.3997162485110588
4.487753882915173e-12
74.29771505376344
344.2349910394265
223.61111111111111
18.14142771804511
12.087152777777776
11.042801672640383
4.146132019120379
2.863575268821692
3.1056227598611184
2.068884408606638
2.6398521505376342
6.347222222222222
158.3019713261649
509.2458183990442
418.5024641577061
101.02561230585424
51.6627464157706
32.323962066905615
4.146132019120379
2.863575268821692
3.1056227598611184
2.068884408606638
0.3997162485110588
4.487753882915173e-12
81.01627837514935
229.2402180406213
234.8088410991637
96.91830943847073
18.807459677419352
5.815785543612612
4.146132019120379
2.863575268821692
3.1056227598611184
2.068884408606638
0.3997162485110588
7.840501792114695
105.6597222222222
352.8210872162485
400.58169056152934
111.4796146953405
30.754778972520914
19.629965651135006
4.146132019120379
2.863575268821692
3.1056227598611184
2.068884408606638
1.8931526284348865
4.487753882915173e-12
91.84662485065711
287.1135752688172
155.28375149342892
62.19739396654719
7.606780167268525
