1.1200899790919951
0.0
0.0
0.0
0.0
0.0
0.0
44.802830047789726
205.34595280764637
210.5752688172043
157.554846176822
17.921139486260454
0.0
0.0
0.0
0.0
0.0
0.0
0.0
43.30854241338112
145.98394563918757
154.57075119474314
184.06317204301075
12.320687724014338
0.0
0.0
0.0
0.0
0.0
0.0
0.0
51.52232676224612
155.6913082437276
131.0468936678614
88.11137246117084
0.0
0.7467278972520908
0.0
0.0
0.0
0.0
0.0
0.0
29.12205047789725
171.3713410991637
138.1439292114695
47.79110663082438
9.707194593787337
0.0
0.0
0.0
0.0
0.0
0.0
0.0
87.36458333333333
152.70306899641574
159.7959229390681
90.35285991636798
19.041304510155317
2.240142249103943
0.0
0.0
0.0
0.0
0.0
1.493414351851852
29.12205047789725
99.68679062126643
122.45971475507764
99.68679062126643
0.0
0.0
0.0
0.0
0.0
0.0
4.480283004778973
5.226911589008363
78.77740442054959
151.20911738351253
128.06283602150538
107.52684438470726
6.3471139486260455
0.0
0.0
0.0
0.0
0.0
4.106933243727599
0.0
43.30854241338112
84.38052568697731
117.98133213859022
59.73573775388293
17.921139486260454
0.7467278972520908
0.0
0.0
0.0
0.0
0.0
0.0
50.775164277180416
106.77968189964157
112.3786215651135
91.09961170848267
2.240142249103943
0.0
0.0
0.0
0.0
0.0
1.493414351851852
2.6135043309438473
47.043944145758665
110.88847819593788
75.04618428912784
48.53823178016727
0.0
0.0
0.0
0.0
0.0
0.0
0.0
0.0
86.24406362007169
138.51732377538832
160.91685334528077
159.7959229390681
8.587029569892474
4.480283004778973
0.0
0.0
0.0
0.0
0.0
2.240142249103943
45.54999253285544
121.33919504181601
109.7679211469534
110.51508363201911
0.0
2.6135043309438473
0.0
0.0
0.0
0.0
0.0
0.0
82.88620071684589
121.71255227001194
141.50141875746715
92.96733124253285
11.574025537634409
6.3471139486260455
0.0
0.0
0.0
0.0
0.0
0.0
47.417712066905615
121.71255227001194
145.98394563918757
169.13026433691758
25.014878285543606
0.7467278972520908
0.0
0.0
0.0
0.0
0.0
0.7467278972520908
25.761540471923535
126.56851105137396
112.3786215651135
107.52684438470726
10.080734767025088
0.0
0.0
0.0
0.0
0.0
0.0
0.0
75.04618428912784
91.47337962962963
131.0468936678614
69.06970579450419
15.307683691756269
0.0
0.0
0.0
0.0
0.0
0.0
0.0
9.707194593787337
90.7262171445639
54.8839605734767
38.08262395459976
0.0
0.0
0.0
0.0
0.0
0.0
0.0
0.0
27.62833408004779
121.71255227001194
85.87029569892474
33.975433094384705
1.8667764336917563
0.0
0.0
1.8667764336917563
0.0
0.0
0.0
0.0
34.72207287933094
119.84901433691756
120.96957138590203
48.53823178016727
0.0
0.0
0.7467278972520908
0.0
0.0
0.0
0.0
0.0
38.82937574671445
148.22087813620075
177.34367532855435
91.09961170848267
0.3733557347670251
