12.536103643966547
4.146132019120379
2.863575268821692
3.1056227598611184
2.068884408606638
0.3997162485110588
4.487753882915173e-12
75.41778673835127
370.369623655914
371.0872162485066
144.3376642771804
22.541143966547192
5.815785543612612
4.146132019120379
2.863575268821692
3.1056227598611184
2.068884408606638
0.3997162485110588
4.487753882915173e-12
150.0918458781362
262.09864097968943
367.3521505376344
85.72095280764636
18.06081989247312
12.909647550776583
4.146132019120379
2.863575268821692
3.1056227598611184
6.922341696535243
0.3997162485110588
1.4934363799283155
79.89658004778973
320.3393817204301
298.6570340501792
54.730510752688176
15.447281959378731
5.815785543612612
4.146132019120379
2.863575268821692
6.465826612903226
2.068884408606638
0.3997162485110588
4.487753882915173e-12
159.798013739546
188.54428016726405
338.9773745519713
41.28942652329749
7.606780167268525
10.669242831541217
4.146132019120379
2.863575268821692
3.1056227598611184
2.068884408606638
0.3997162485110588
4.487753882915173e-12
157.93010752688173
240.44242831541217
243.77165471923536
76.0103046594982
7.606780167268525
11.042801672640383
4.146132019120379
2.863575268821692
3.1056227598611184
2.068884408606638
0.3997162485110588
4.487753882915173e-12
79.89658004778973
248.28068996415772
239.66435185185182
101.02561230585424
7.606780167268525
5.815785543612612
4.146132019120379
2.863575268821692
3.1056227598611184
2.068884408606638
0.3997162485110588
4.487753882915173e-12
82.88418458781362
242.31033452807645
251.9858870967742
111.10775089605735
27.021505376344088
7.309221923536438
4.146132019120379
2.863575268821692
3.1056227598611184
2.068884408606638
0.3997162485110588
4.487753882915173e-12
148.96766726403823
235.2154271206691
239.66435185185182
120.06608422939068
39.34195788530466
10.296158154121864
4.146132019120379
2.863575268821692
3.1056227598611184
2.068884408606638
0.3997162485110588
4.487753882915173e-12
146.35640681003585
264.3380376344086
225.85088112305854
157.40292712066903
33.74182347670251
5.815785543612612
4.146132019120379
2.863575268821692
3.1056227598611184
2.068884408606638
0.3997162485110588
5.600545101553165
151.58340800477896
347.22222222222223
264.30779569892474
195.48797789725208
30.754778972520914
19.256869772998808
4.146132019120379
2.863575268821692
3.1056227598611184
2.068884408606638
2.6398521505376342
4.487753882915173e-12
79.15322580645163
320.3393817204301
210.16987753882916
111.10775089605735
28.88791816009558
18.88332586618877
4.146132019120379
2.863575268821692
3.1056227598611184
5.4290882616487455
0.3997162485110588
4.480372610513739
148.96766726403823
407.33049581839913
279.6124551971326
109.98805256869773
50.54293608124253
5.815785543612612
4.146132019120379
2.863575268821692
3.1056227598611184
2.068884408606638
0.3997162485110588
4.487753882915173e-12
85.87141577060933
413.30533154121866
345.7000448028674
161.51022998805257
7.606780167268525
5.815785543612612
4.146132019120379
2.863575268821692
3.1056227598611184
2.068884408606638
0.3997162485110588
4.487753882915173e-12
226.62933094384704
520.091472520908
188.89000896057348
97.29465352449223
38.59528076463561
5.815785543612612
4.146132019120379
2.863575268821692
3.1056227598611184
2.068884408606638
0.3997162485110588
26.50817652329749
131.42323775388292
459.23200418160087
296.78950119474314
111.4796146953405
7.606780167268525
12.536103643966547
4.146132019120379
2.863575268821692
3.1056227598611184
2.068884408606638
0.3997162485110588
4.487753882915173e-12
157.93010752688173
320.3393817204301
492.06541218637994
282.47946535244927
84.14426523297492
5.815785543612612
4.146132019120379
2.863575268821692
3.1056227598611184
2.4422416367980886
0.3997162485110588
4.487753882915173e-12
114.2461917562724
550.3173536439665
537.9618428912785
161.8817204301075
51.6627464157706
5.815785543612612
4.146132019120379
2.863575268821692
3.1056227598611184
2.068884408606638
0.3997162485110588
4.487753882915173e-12
132.54293608124254
377.8360215053764
543.1862305854241
129.77635902031062
18.434326463560335
5.815785543612612
4.146132019120379
2.863575268821692
3.1056227598611184
2.068884408606638
0.3997162485110588
4.487753882915173e-12
134.0344982078853
342.366711469534
328.5233721624851
157.40292712066903
12.087152777777776
5.815785543612612
4.146132019120379
2.863575268821692
7.58599537037037
5.055757168458781
0.3997162485110588
4.487753882915173e-12
85.87141577060933
338.6361260454002
418.8739545997611
88.7040770609319
12.460237455197133
