17.530017921146957
11.952658303464757
5.077284946236558
4.089549731182796
4.0913866487455195
19.72968936678614
52.048984468339306
85.37522401433692
251.93623058542414
205.88149641577064
121.69392174432497
31.658602150537636
21.358721624850656
8.87768817204301
5.136424731182796
3.7561753285543613
5.8234767025089615
19.79861111111111
42.274865591397855
79.75694444444444
210.14448924731184
205.2120669056153
102.1789127837515
9.734617682198328
22.05238201911589
11.524716248506572
4.255129928315411
1.2942502986857825
6.723752986857826
4.343574522102748
24.453330346475507
39.95583183990442
167.01538231780165
133.34266726403823
93.26687574671445
31.277404420549587
21.635454002389487
13.629965651135006
4.838963560334528
3.9318511051373957
1.6767958482676224
6.981257467144564
34.58807497013142
113.53121266427716
200.6526284348865
200.91435185185185
111.74133811230585
43.32586618876942
12.373693249701315
12.44470579450418
3.958135454002389
5.233534946236559
1.711170848267623
8.035655615292711
18.20482377538829
96.57370071684588
177.9140531660693
136.59124850657108
131.0203853046595
61.28509557945043
22.582213261648743
5.423387096774194
8.638926224611708
3.66303390083632
1.24597894265233
9.97532108721625
42.16360513739546
67.3163082437276
171.61663679808842
159.31526284348868
80.98155615292713
44.324036738351246
15.893070489844684
11.533714157706093
7.25843787335723
2.339411589008363
2.153688769414576
5.573476702508961
32.84655017921146
72.0415173237754
148.65255376344086
144.25776583034647
83.59916367980884
37.764262246117084
14.76228345280765
8.0459229390681
2.6849574372759855
4.244324970131422
5.09277927120669
4.098517771804062
27.902964456391874
98.94003882915172
160.14000896057348
183.56108124253285
70.58318399044205
32.10905764635604
22.344571385902032
10.726627837514934
4.015456989247312
4.058904569892473
2.4733684289127837
5.608385603345281
27.181675627240143
82.20803464755076
131.60095579450416
180.02277479091995
101.14396654719235
44.984692353643965
14.373879928315413
14.049469832735964
11.834640083632017
3.3696945937873357
2.933247461170848
7.933131720430108
33.47196087216248
81.2869623655914
226.00358422939067
187.10834826762246
107.36596475507766
45.41928016726404
24.71105884109916
5.928016726403823
4.675739247311828
3.9675029868578258
2.7257243130227002
7.328330346475508
23.13123506571087
77.41636798088412
193.4976105137395
168.07497013142174
86.47438769414576
45.86880227001195
23.433691756272403
8.747461170848268
5.578554360812426
4.5879965651135
3.002292413381123
7.568511051373955
20.869138291517324
112.23902329749104
156.636798088411
152.36484468339307
99.73080943847071
49.31712962962963
8.230361409796895
7.225619772998804
3.6570489844683394
2.4860103046594983
2.099719982078853
8.094347371565114
24.113313918757466
72.79607228195938
212.18003285543608
253.80712365591393
137.53285543608123
31.637843488649942
24.088971027479094
9.458930704898446
9.426261947431302
1.1784714755077659
4.424451164874552
8.425328554360814
43.2261798088411
87.87485065710871
184.21744324970132
151.8469982078853
81.72453703703705
59.19504181600956
28.773260155316606
9.158602150537634
3.077262544802867
2.1207213261648747
2.2321124551971327
8.198327359617682
30.68107825567503
99.79017323775388
162.96520310633213
157.72662783751494
95.03509557945041
31.83281063321386
7.735961768219833
17.642137096774196
3.1675925925925927
3.8806638291517332
4.850044802867384
29.981892174432495
48.28367682198328
119.05951314217444
193.53158602150538
246.34744623655914
142.94802867383513
71.48932198327358
17.502165471923536
7.965427120669056
5.343862007168458
3.342275238948626
3.226116338112306
6.692129629629631
28.88631272401434
57.086693548387096
208.89299581839904
226.08945639187576
129.13493130227002
70.37373058542413
26.778599163679807
8.926149940262844
4.768817204301074
4.906044653524492
2.755790770609319
7.586954898446834
36.6191009557945
101.71072281959378
205.94982078853047
238.67084826762246
120.71311230585424
70.83632019115889
13.43462514934289
4.684027777777777
5.035095579450418
4.916143966547192
4.389433990442055
5.445900537634408
21.529271206690563
82.9678166069295
204.56205197132616
224.30704898446834
99.22939068100358
30.10304659498208
22.197916666666668
9.82254330943847
5.672715053763442
4.15371490442055
2.15219160692951
3.210868428912783
6.908676821983272
93.89486260454002
185.09819295101553
168.26388888888889
88.6951164874552
35.85356929510156
