2290.3945824073394
2172.6736886076737
1753.8486239455515
1758.100117348171
1538.1433894413549
1856.7042118357638
2381.4271878694467
3091.3432611292264
3653.085659754635
4438.933809764407
4326.892234346705
3145.267493846222
2432.1255206504698
1671.1517029264216
1537.854697902957
1779.9913505792429
1280.1215620390242
1929.5327044282142
2207.4156513550306
2914.6802113279173
3972.923130864899
4930.853126640699
4701.7484959989915
2903.502615975238
2227.842311230742
1634.0005148373982
1561.189557318004
1415.7463229761327
1559.6390119476666
1922.7881166559657
2139.258789501606
3182.963779637508
3837.522719527598
4357.340796252369
3936.239660662103
2825.3975809291514
1919.7394546477108
1137.456705241673
1138.0274723442933
1003.5770559694067
1049.8740303885313
1755.974755557186
1841.8652199959395
2440.417182246389
3331.9278020543525
3256.677217165466
2880.5561959601705
2277.394091388835
1591.8220528804493
1455.5312996959688
1141.3056128156718
1175.9184437136455
1063.4162091743192
1582.9026345542304
2051.0087414657496
2581.9081098220213
3348.3947687137197
3857.003569155134
3501.4514529438898
2681.6720172727632
2047.5880262707951
1015.6976192382751
974.1166593611131
983.3124972504035
917.6166074318791
1071.6217317868332
1571.355432946798
2174.1430745871603
3653.1104925676837
3752.871730442656
3588.481958257249
2557.69141692228
1855.8406208762585
1438.012822967127
1325.0836352454678
1183.4494849492944
1157.9750218161792
1422.2159191406104
1984.3958407096763
2542.30329338177
3275.844949880205
3199.5032376321524
3105.8366026493945
2113.5500638091135
1695.7862876844647
1467.2300868189423
1183.3478915823966
1263.9305820556879
1354.323289800293
1699.0348953041873
2262.2171404390424
2908.4368281860843
3997.5797851083944
4909.254376160185
4542.308302593662
3128.410675300348
2114.4639163652732
1514.340546380889
1235.5063599053822
1254.6120177708758
1292.8670327767047
1980.0984810537595
2071.6813477938213
2951.6403734415617
3889.001067190493
4642.127791043007
3943.4162742010917
2843.4896744246366
2071.676843064743
1747.4273551430338
1261.8644946251445
1426.6892409966636
1264.3389656873169
1712.7713580822428
2042.675381559733
2905.715244381122
3653.376226676477
4419.8708284946915
4395.508967217969
3306.2979192273456
2534.305854313731
2156.231712580423
1135.1053055003244
1217.657829281352
1265.2758438959256
1549.1550203394663
1876.3519466879409
2793.713646864324
3411.475146072611
4086.6186430633898
3301.318346831145
2803.8298565545465
2386.479826089372
1316.3695717424264
1104.8861589221578
1065.0628983595118
1019.5584712129125
1495.91293101358
1911.5925865326924
2159.3749636337493
2853.3211523542786
3124.6478558290783
2829.238548221172
2270.46557532542
1646.4580489552452
1099.3560454652081
891.504611267269
989.6628863147545
869.0707222530605
1113.4329670681402
1771.017139652235
2218.3274303496733
3236.541393427052
4031.3578858249916
3851.287196127053
2665.0929912226106
1735.0614629958811
1304.838108578813
972.1690413062335
1085.7133407256374
970.8762764083964
1292.245668733278
1706.8061894345267
2558.9088864387472
3505.860490411481
3942.3896022332447
3602.515163765246
2364.8104861277097
1748.6655190927156
1468.436234549672
768.1708386496816
789.7300438454072
797.986526100244
1034.2981374394851
1289.7601891566105
2592.3558689763618
3667.8143026689336
4173.730498369905
3742.6269985519
2539.9081840521744
1994.1762839249882
1252.9766421857078
914.5494760021259
1119.960017855529
1063.0923126855707
1508.0032071192784
1678.6442628135471
2247.813599632473
2833.9658172169356
3614.400585487843
3116.791334371206
2495.3948214488682
1565.9875634864036
1414.6018838854554
1017.2039523799939
1422.7595264563677
1109.0894340139528
1712.8806727028232
2193.5952164016585
2861.665024029542
3943.947863848015
4248.762763864269
4071.822155831626
2728.937035380832
2132.0523747173024
2687.4796641706916
1467.5989831898396
1464.5588596079558
1570.0912300867058
1832.0426109776683
1890.0579156072306
2582.4768836499184
3571.7005770986902
3194.5872634665207
3270.5116828789655
2751.683553119514
2517.734961488828
2548.57951962555
1902.7699208882857
1812.8653675946193
1653.338786692621
2048.6050735317503
2267.4692487999014
2892.8859012362987
3536.435627917843
4098.31788418388
3588.7907270204146
2743.3054024973144
2887.3225813428594
2585.2666695312028
2217.614604401629
1908.794238514312
2498.5343835136896
2351.8049119348825
2747.3126791761374
3000.8085922299597
3639.1368651177772
4485.2017739762805
4611.126988096069
3332.293701407478
