28.640867682198326
8.536066308243727
8.129592293906809
2.877852449223417
2.8765681003584227
13.005787037037036
32.30884109916368
80.49656511350061
209.3163829151732
229.34177120669057
123.70743727598567
60.13067502986857
11.114508661887692
9.379816308243727
8.070228494623654
3.206996714456392
3.5539351851851846
2.294142025089606
29.661178315412187
97.4820788530466
190.5402479091995
226.53785842293908
115.10864695340501
52.76881720430107
26.474537037037038
8.524193548387098
5.877912186379929
3.626919056152927
3.7913194444444445
18.60943100358423
36.192166965352456
119.28128733572282
229.76590501792114
194.93988948626048
82.63515531660693
45.8549880525687
23.457885304659495
10.135267323775388
6.089680406212664
3.3085125448028676
5.346848864994026
5.660244922341697
30.62037037037037
74.59042712066906
141.06742831541217
140.12731481481478
93.97849462365592
31.157594086021504
19.784722222222225
15.065561529271207
3.397349163679809
2.9050067204301073
3.177479091995221
13.324820788530467
36.70471176821983
95.23932198327358
202.1871266427718
219.15621266427718
174.7685185185185
46.412783751493436
26.554510155316606
9.86215651135006
5.743839605734768
3.659740890083632
2.360659348864994
18.538194444444443
61.37470131421745
120.1373954599761
277.45557048984466
177.17480585424133
99.37163978494623
29.698215352449225
8.65714605734767
9.47883064516129
3.525257616487455
3.656123058542414
2.4491748805256868
7.601478494623654
36.67745669056153
65.19003882915173
114.11364994026285
165.42898745519713
84.39105436081243
31.289015830346475
15.691569593787335
7.854465352449224
5.755077658303464
3.551653972520908
6.141017025089606
8.486148446833932
32.600918458781365
63.05219534050179
162.93197431302272
163.52299880525686
76.82347670250896
35.63153375149342
23.566345579450417
7.152255077658305
5.409647550776583
3.2235924432497014
2.3405055256869773
9.495482377538828
31.446647252090802
63.55958781362007
206.24514635603344
131.66704002389486
81.46318697729988
58.31653225806452
22.05973715651135
8.401321684587815
3.6548536439665473
2.7670362903225807
1.9753248207885308
5.8677942054958185
9.6528151135006
62.92450716845878
171.84475806451613
166.4676672640382
85.66718936678615
12.379853643966547
9.071572580645162
8.382541816009558
3.5372610513739544
6.4129741636798085
5.339045698924731
9.571833930704898
32.01194743130227
81.41651732377538
233.77090800477902
233.80600358422936
74.43847072879332
35.09658751493429
14.131533751493428
15.54043458781362
5.310371863799284
3.193488649940263
4.60884109916368
7.7350283751493425
30.631197729988052
71.5169504181601
202.24462365591398
223.81757765830352
76.92390979689368
37.57803166069296
37.59569145758662
12.785692951015534
9.88045101553166
4.56836917562724
2.9862417861409796
4.866076762246117
29.595168757467146
74.27568697729988
174.96527777777774
196.34333930704895
103.89486260454002
33.45310633213858
30.67525388291517
13.885005973715653
5.131645758661888
3.86162261051374
3.445497311827957
2.0853569295101555
33.12742682198327
101.85894563918758
168.11715949820788
143.1063321385902
114.92308841099164
63.48118279569893
27.837141577060933
18.8433766427718
5.589792413381123
5.717592592592593
6.154047192353644
12.127240143369175
49.62925627240143
97.70049283154121
212.5377090800478
256.1294056152927
242.82258064516128
75.9098715651135
17.63709677419355
10.0992756869773
7.974761051373955
6.1892174432497
2.754554958183991
12.713597670250897
35.71882467144564
106.21415770609319
199.89508661887695
220.5988649940263
120.75007467144565
40.666218637992834
17.50224014336918
8.983833632019117
8.178502090800478
4.361906362007168
2.8663157108721626
8.181638291517324
28.491188769414578
81.50164277180406
211.65807945041817
238.59505675029868
83.96244026284349
57.958109318996414
19.873394563918755
3.8981406810035844
8.182571684587813
4.599514635603344
1.4055331541218639
7.875485364396656
30.69604988052568
94.41532258064517
117.94168160095582
230.09968637992833
79.15135902031064
27.340875149342892
24.085909498207887
10.650537634408602
5.027889784946237
3.6779047192353644
2.531418010752688
10.468152628434886
21.938732078853047
46.14527329749104
187.8875448028674
101.25149342891278
100.9195788530466
26.912074372759857
8.801112604540023
15.067017622461174
3.6303054062126643
4.249062873357229
3.1374925328554353
16.788829151732376
29.785095579450417
105.23745519713263
196.21229091995218
254.16928016726405
115.48200418160096
71.77606033452808
