0.7467278972520908
0.0
7.093738799283154
0.0
0.0
0.0
0.0
66.45937873357228
142.6219384707288
105.28573028673836
106.77968189964157
10.453856780167264
1.1200899790919951
0.0
0.0
0.0
0.0
0.0
0.0
38.08262395459976
131.0468936678614
146.7307347670251
139.63369922341695
8.960569743130227
8.2139075567503
0.0
0.0
0.0
0.0
0.0
1.8667764336917563
36.21580047789726
103.79144265232975
96.32515681003584
47.043944145758665
12.320687724014338
0.7467278972520908
0.0
0.0
0.0
0.0
0.0
0.0
64.21792861409797
82.88620071684589
91.09961170848267
43.682310334528076
19.41442652329749
4.853823178016726
0.0
0.0
0.0
0.0
0.0
6.7206541218638005
50.028001792114694
138.1439292114695
153.82362604540023
85.12731481481482
10.080734767025088
0.0
0.0
1.493414351851852
0.0
0.0
0.0
0.0
66.45937873357228
146.35734020310636
107.15344982078852
50.775164277180416
8.2139075567503
0.0
0.0
0.0
0.0
0.0
0.0
0.0
43.30854241338112
78.77740442054959
84.38052568697731
31.735513739545997
8.2139075567503
0.0
0.0
0.0
0.7467278972520908
0.0
0.0
0.0
50.028001792114694
126.94190561529271
94.08788829151733
51.895721326164875
2.240142249103943
0.7467278972520908
0.0
0.0
0.0
0.0
0.0
1.1200899790919951
29.86869026284349
84.00675776583033
107.15344982078852
72.05794504181601
37.70911738351254
1.1200899790919951
0.0
4.106933243727599
0.0
0.0
0.0
0.0
29.12205047789725
105.28573028673836
93.71449372759857
72.05794504181601
0.0
0.0
7.093738799283154
0.0
0.0
0.0
1.8667764336917563
0.0
0.0
139.26030465949822
224.76138739545996
51.148558841099174
0.3733557347670251
0.7467278972520908
6.3471139486260455
0.0
0.0
0.0
0.0
0.0
40.69593787335723
120.2227822580645
136.64964157706092
72.05794504181601
10.453856780167264
0.7467278972520908
0.0
0.0
1.1200899790919951
0.0
0.0
0.0
0.7467278972520908
85.12731481481482
104.91196236559139
51.148558841099174
13.814392921146954
1.1200899790919951
0.0
0.0
0.3733557347670251
0.0
0.0
0.0
70.93738799283155
129.55675029868578
79.52456690561529
44.802830047789726
11.947565710872162
0.7467278972520908
0.0
0.0
0.0
0.0
0.0
0.0
60.109132317801674
140.00709378733572
148.96766726403823
173.23906063321385
25.761540471923535
0.0
0.0
0.7467278972520908
0.3733557347670251
0.0
0.0
0.0
44.802830047789726
134.408527479092
120.96957138590203
51.148558841099174
16.05430854241338
0.0
4.853823178016726
0.0
0.0
4.853823178016726
0.3733557347670251
0.0
38.82937574671445
107.52684438470726
138.1439292114695
0.0
10.080734767025088
0.0
0.0
0.0
0.0
0.0
0.0
0.0
49.28539426523297
146.7307347670251
120.96957138590203
71.3111559139785
2.240142249103943
0.7467278972520908
0.0
0.0
0.0
0.0
0.0
0.0
33.975433094384705
138.1439292114695
84.38052568697731
84.75392025089606
0.0
0.7467278972520908
0.0
0.0
0.0
0.7467278972520908
0.3733557347670251
0.0
50.775164277180416
128.80958781362008
160.16969086021504
210.5752688172043
26.881705495818398
