500.7327710573477
143.78835368130228
230.42305704898442
176.58813470728796
108.16706940710867
660.8868145161292
908.8197841995218
3563.919395908004
6645.094832735962
4132.518313172042
2013.307377538829
361.7304708034647
488.36155167264036
309.5290001493428
231.6548192951016
157.43166334378733
70.491734916368
130.30472968936687
546.509590800478
2600.5378733572275
6897.504260005973
4136.438033900836
3142.927430555556
1244.7637619474315
644.0648207885303
324.66612081839907
226.50631720430098
92.29740150836321
120.93521916069292
372.6105895310633
673.8307048984469
2402.620333034647
5217.756589755077
4282.333781362006
4036.384711021505
401.14672416367983
445.2190277777777
226.55265270310628
176.3118316905615
177.56036447132624
142.14557918906812
214.51034759557942
550.5157489545999
2308.506981780167
5333.394746863799
5706.462623207884
2263.6256048387095
1160.2986335125443
417.3735551075268
278.1955424880526
179.80741748805264
102.04974081541219
127.01422311827959
135.96080719832736
750.381968712664
2601.466498655914
9026.702075866187
5810.582355137397
3300.0978531959377
1326.2950306152927
336.4014728942652
298.83951762246124
92.12841756272402
133.60706526284346
82.5417596326165
252.3935054510156
402.96534348864986
4021.793007019116
8471.496613649939
5263.191472520906
3166.004592293906
1193.3188545400244
314.58778039127833
445.3036689814815
249.12339979092005
136.1135282258065
182.28167947281958
147.98934550477892
867.6443660394267
2512.6433467741927
8600.737977897252
6337.258882168457
3973.7377912186366
1330.5015456989252
462.3532982377538
325.8562231182797
147.57768107825564
89.97925481630823
145.99586439665472
93.3746959752091
1107.3263963560337
3357.285132915174
6756.781780167264
4649.573596176822
2061.2142137096776
740.7835551075267
319.7668843339308
306.4251777180407
150.8268245967742
217.0341813396057
378.426370967742
186.80506683094384
802.5621438172042
3557.3781025985663
6542.55384557945
5113.36248133214
2732.2784274193536
1344.9999290621267
570.7539422789727
190.27510976702516
109.64712346923538
128.94953446087217
142.53736017771806
459.7313295250898
269.9216233572282
2311.553826911589
4967.103390083632
3765.363713410991
2176.8970766129023
798.3708710424131
475.7497169952209
239.12537410394262
241.3554596027479
202.45076732377535
113.09274955197132
139.15344933542414
308.00910319593777
2256.3502464157705
5880.579797640384
5239.878558094386
2624.6330906511344
796.8406096923535
396.36796706989236
145.9094606854839
122.10326019265231
97.79931996714456
101.51091080495819
200.24449820788533
717.1107116188766
2330.874921594983
6135.99772998805
3273.187854689366
1696.4363911290322
657.6397408900837
180.52800104540023
284.7721468040621
145.31029569892468
147.8516927270012
93.40705701164875
291.702800925926
752.022388739546
1841.9256309737164
5787.003143667863
4239.597800925925
589.1755309139786
494.8323756720431
358.83131757765824
228.14442353643963
109.61100250149343
168.0854040098567
123.8313937425329
301.19393667861414
904.1956966845877
4127.803240740741
7124.92410020908
4973.754932048983
2751.926015531659
656.3337597072881
237.91270235961778
180.11437014635598
128.51840987156513
136.10725578703702
63.77607784498207
243.23190262843494
550.5021132019118
2429.40004853644
5686.358568548387
4117.430615292711
2393.429801373955
714.4066050627237
415.2710730286739
147.05737668010747
138.05708818697727
263.41538272849454
160.68908900836317
203.60864396654725
899.612512694146
2719.2025164277184
6502.981067054955
4191.756851105137
1572.7232340203102
233.12595056750303
309.70322431302276
192.3146524044205
172.5721699522103
123.43561316457586
126.69017977150533
202.4563885155317
620.5960345728788
2297.5746415770614
4989.280981182797
4290.728195937873
1536.8837514934294
619.5684987305855
259.35107340203103
208.23827210274794
148.43745930406212
94.81683247461172
107.80065875149342
209.51047827060933
547.0654114396658
2943.8643555854246
4901.827628434887
3964.113552867382
2184.3818025686974
700.1123689516129
419.03900836320173
327.6112600806452
152.90712290919942
126.9596354540024
119.39570243428916
193.39725918458785
283.8179708034648
1985.0655887843488
5940.173416965353
3737.964209976105
1569.8585200119473
662.9655876642772
486.55180816905596
256.23863425925913
233.2854151732377
368.9972950268817
180.37014822281958
233.53921333632016
370.500989770012
2735.69361932497
6266.869142025091
2920.952359617682
1560.808512544803
866.5413033900838
