389.5650966995222
277.21189142771806
145.88739023297492
124.86987350657108
56.454103046594966
152.98043645459975
425.96898857526884
2174.989553464755
4129.422472371564
3354.8073924731175
1105.3427867383512
570.5982381272403
266.5629659498208
237.12028823178017
111.22519679659497
209.2085954301075
144.5979918608124
274.6731761499402
545.3148036140982
3228.9178464755078
7384.694033751492
4813.448719384708
2466.8758587216244
1387.5331541218638
459.4184509781959
289.1134524342892
234.59098118279573
105.46272296893667
128.5760084378734
166.80743652927117
654.18882541816
2460.048850059738
6254.026116338112
4385.695691457585
2425.7932982377542
1316.861002837515
280.78797117682205
234.3760349462365
102.10126131272402
217.91427904719237
114.85020314366787
232.9399350358423
560.7546867532853
3427.7671931003592
7584.576459826763
5792.915512992833
3651.510237455198
1334.978117532856
548.4210274790919
187.33133736559142
142.06036701015532
125.24550724313026
99.37342334976105
278.3410129181601
641.8919134557946
2590.4706130525697
6303.134117383512
4996.964519862606
2335.622408900835
1242.496617383512
485.82556899641565
375.9175866188769
181.353318025687
152.31206951911588
96.60192062425328
137.90848790322582
720.7820019414572
2972.2384595280764
7005.935984169653
4984.9356257467125
5240.682847968936
862.9776303016727
386.2840199372761
249.82388478195938
112.84420922939066
184.56732459677423
138.90055346475506
155.02566420250895
795.8421568847074
2502.858594683393
6205.126986260452
3880.8797677718035
2111.7303614097964
594.1491401583033
308.07214493727594
191.52317764336917
89.38943749999999
146.7428463635006
80.05785521206693
166.765047416368
780.1740654868578
2412.520008213858
5987.744220430105
4196.7061305256875
1939.9556675627243
650.4457444743131
377.5102169205496
178.250042562724
314.0863806750299
155.68639994026287
292.89791069295103
159.553661514337
448.94574223416964
2319.49160692951
4731.719201762246
3557.1681302270017
1904.159259259259
801.854083781362
373.7893234767025
239.0336092443251
341.04924843189974
113.07517704599758
142.0267528748507
153.2316341845878
677.8708800029867
2932.789336917563
6782.3370295698915
4931.719015083633
2094.8089120370364
825.9915348715649
407.8915587664277
214.86670698924732
113.80753838112304
93.1963460648148
82.75452688918757
174.10593600657108
298.45606742831546
1924.509139784947
3506.512668010752
3101.6734692353625
1645.0952247610517
509.3876340352449
478.3634217816608
548.1887287186381
152.8522604540024
187.42729465352446
197.77383673088406
171.0228815710872
688.4273771654719
2885.3758624551974
6034.907706093192
4616.344914874552
1982.9117308841103
745.1796598715651
480.07801821983264
187.42303173536436
128.61277583632025
122.75523950866186
99.96383023446836
441.9131671893669
516.0277042264036
2647.6211917562723
5988.234546744325
4261.225896057347
2814.5252090800486
849.0151135005975
694.1183945639189
309.8004902180407
231.0583299731182
206.18369959677415
302.05762582138584
264.266153300478
951.844489247312
3036.84573252688
7722.70394265233
6060.397057945041
2515.2941644265234
998.8016241039423
484.7109669952211
254.1360192652328
167.28647621714452
126.03871852598563
145.26886294056152
235.82660468936677
468.5562238649939
3191.559274193548
7482.3959752090805
4974.635517473118
2572.550884856631
925.229640083632
384.69761424731183
195.26064628136209
80.97418279569892
125.21803610364394
55.45434662485064
112.31010267323775
427.12383923237763
1031.2130249402626
3874.860987903226
3617.083803763442
1411.8451762246114
427.30881944444434
424.54245930406205
162.81169168160096
135.4594971251493
72.96057791965353
78.30093040621266
162.42879554958185
335.18887081839915
1558.517930107527
4839.8574036738355
2907.274141278375
506.6343884408601
472.2786477001194
210.13582063918759
176.05064926821987
108.67149690113501
104.75085472670254
97.63897901732378
98.85452322281962
233.05403748506566
1868.460633213859
4606.3898708184
2990.4650462962973
970.3203442353649
473.53376120071704
182.73563993428914
255.65895870669064
97.0590368130227
108.18720527180405
90.28547242383513
167.89968227299877
449.8676191009558
2294.5832250597377
5983.404920848269
4338.443761200717
2232.228001792114
635.4787149044205
289.75870183691757
304.95518705197134
152.99772285692956
163.02952527628437
91.68068294504182
118.60572169952206
511.9989377986857
2522.2444817801675
6103.170314366786
4281.644399641577
1836.3692278972524
957.5529345878138
