0
0
0
0
0
71.0726711721744
519.2008495809902
805.2467911520637
2184.137631064772
795.9215993173777
154.31904198850685
0
0
0
0
0
0
24.70636473898702
794.5798635857519
804.0394360551528
1695.6487140325432
1169.7880450432713
76.88037354512285
20.238686976067925
0
0
0
0
0
19.944398843802617
305.72232704623644
1136.2390867834242
1172.8061178233495
500.7339552870282
46.613860645654945
0
0
0
0
0
5.108372895563797
4.435621050069329
290.31284885597836
704.5379127245885
1451.1529659862679
493.26710064127525
132.8019211620328
0
0
0
0
0
0
0
350.05656401708836
1659.4652151845762
1780.4240539798286
1042.9051726421535
249.78405053509422
0
0
0
0
0
0
97.85650154730219
872.3540139951599
1682.333215724827
2493.7162492171315
1013.8195260949964
355.33529382178176
0
0
0
0
0
0
79.49895191875004
406.9203968437611
1323.2373546510319
1355.1598618358823
1126.1354327459285
125.59851851542172
0
0
0
0
0
0
10.482173938009119
421.9269200733483
1446.0887728910056
1693.263178546913
999.5726873984577
108.85076741022239
26.634606878278184
0
0
0
0
0
54.44881487794015
458.0705436002633
784.5200764252897
2253.0066231214355
671.8461453280278
229.96263714910788
0
0
0
0
0
0
5.122420058414136
635.9907208999866
2202.309843246507
2660.4716390964095
1346.0006981629035
315.3569847248259
0
0
0
0
0
0
23.804744504982658
426.53560252228726
1152.5713178892152
1406.4887630372382
557.6913662480257
48.701019580612794
0
0
0
0
0
0
0
381.38964939949545
976.2742899459246
1171.0783351916511
688.1018318645033
77.24042079659782
0
0
0
0
0
0
2.6487935187067677
667.511730021894
1681.372931360136
2354.1453170687214
1072.1332830776594
117.8274133523147
0.4046688644784524
0
0
0
0
0
0.3278498848992797
510.28849538696744
1854.6076181832764
2345.169404712366
922.7525317738601
211.24293787384124
0
0
0
0
0
0
0
432.04655024094325
808.8608144537517
1268.5899597719658
699.5463742253471
79.90621583681394
0
0
0
0
0
0
0
483.5746302899677
1184.2259937057897
1322.2950325635816
403.0267730360188
222.27573501615475
0
0
0
0
0
16.98609730708194
11.128885382123755
504.1896862171529
1605.3765903421513
1361.413924552966
699.1428789865838
165.63718236283387
0
0
0
0
0
0
66.36643396790244
595.1138995950205
1556.5342640247416
1905.0144700691144
1058.0788204970206
352.77537478547885
5.169121367147383
0
0
0
0
0
2.76744917653167
443.98819819623986
1262.293272184567
1062.2219876664349
690.7635599893981
80.6394321617141
0
0
0
0
0
0
0
313.53190331906546
1558.7170199460604
1284.503852748318
292.7377544269401
132.46086999849672
0
