22.843189964157705
11.312350657108722
7.6107750896057365
3.81671146953405
3.2573140681003583
9.365367383512545
36.188582735961766
125.6798835125448
190.71012544802866
180.94198028673836
107.3248954599761
56.17234169653525
27.06739097968937
6.917114695340501
4.998245221027479
4.921736857825567
3.9262544802867376
9.703367682198328
43.10595878136201
125.61155913978497
236.58602150537635
185.93525985663084
76.57034050179212
57.606033452807644
26.269638590203105
23.740479390681003
3.2811678614097968
3.240527927120669
2.8876568100358417
5.355361409796894
42.13429659498208
69.35521206690562
140.21916069295102
170.70489844683397
95.21244026284349
30.04864844683393
18.3694743130227
7.74454898446834
4.575477897252091
1.528233273596177
4.3405764635603346
4.245683990442056
42.508960573476706
109.65315113500597
179.0154569892473
230.95579450418157
179.72707586618876
66.97804659498206
11.579413082437277
10.349985065710872
3.2161178315412187
3.2831951911589004
1.0621901135005973
8.51097670250896
52.38351254480287
81.66890681003584
211.05921445639183
264.92756869773
137.45706391875746
32.338373655913976
13.040061230585424
10.65610065710872
5.877837514934289
4.766913082437276
6.194183094384708
13.351553166069294
34.73502837514934
149.43473715651135
235.47976403823182
269.4380973715651
93.94787933094386
36.20239695340502
8.438620071684587
6.294840203106332
5.170288231780167
3.454442951015531
3.1222670250896054
5.763328853046595
65.83968040621266
80.4868578255675
214.04047192353644
266.2387992831541
137.15800477897253
40.470019414575866
18.532220728793305
9.831130525686977
4.8667861409796895
3.8803054062126643
3.018552120669056
19.755077658303463
39.64381720430107
70.56638291517324
217.46341099163683
226.1159647550776
153.16270908004782
34.146281362007166
31.154047192353644
19.657668757467146
5.0999850657108725
7.5411066308243715
3.178539426523297
12.850022401433694
28.29689366786141
84.44295101553166
199.78419952210274
202.82034050179206
138.56145459976105
56.544205495818396
16.590464456391874
17.062948028673837
8.88328853046595
3.2706466547192354
5.08546146953405
6.884147252090799
54.20586917562724
115.92443249701311
280.04442951015534
270.1545698924731
224.00948327359617
72.30772102747909
35.2480958781362
10.52034796893668
3.171979540023895
5.151079002389486
2.390722072879331
5.605324074074074
8.360812425328556
107.53434886499404
157.2177419354839
195.59587813620072
99.21258960573476
37.906474014336915
10.379069593787335
7.718525985663082
5.309625149342891
3.738747013142175
3.437559737156511
8.758587216248507
30.168570788530467
105.83370669056156
235.24081541218638
247.67137096774192
126.2597072879331
25.186193249701315
24.67025089605735
13.954898446833928
3.1829338410991643
4.684811827956988
2.954297341696535
5.156996714456392
43.79293608124253
116.95676523297493
267.1695788530466
221.73051075268816
156.64725209080046
61.348192951015534
23.304920848267624
17.87134109916368
4.010864695340501
5.932833034647551
1.8757877837514934
5.1412783751493425
24.85132915173238
88.6771953405018
204.4593787335723
210.63806750298687
88.64097968936677
23.76702508960573
13.375373357228195
7.561230585424132
6.613799283154122
2.456332138590203
1.8817316308243728
7.325978195937873
37.03371415770609
117.9883512544803
165.85125448028674
185.533527479092
76.69802867383513
43.40576463560335
30.022513440860216
6.417749402628436
7.150164277180406
3.0767734468339305
16.413119772998805
15.69015083632019
36.30305406212664
91.68645459976103
192.5149342891278
188.05070191158902
197.15501792114694
57.32713560334528
21.010304659498207
9.844310035842293
3.9557571684587813
4.624361559139785
4.626052867383512
6.358310931899641
24.57228195937873
107.82407407407408
274.4351105137396
294.8741786140979
164.9540770609319
56.41427718040622
27.546520310633213
14.131757765830347
6.037149044205495
3.4143107825567505
5.504749103942653
14.876605436081242
44.09162186379928
100.18481182795698
249.29958183990442
300.2355884109917
231.69578853046596
70.65748207885305
14.130114994026284
14.69911140979689
4.3508027180406215
0.7642708333333332
4.1453330346475505
4.413605137395459
25.93817204301075
87.30884109916367
203.4826762246117
234.76553166069294
114.06399342891277
39.79446684587814
12.341435185185187
8.742906212664277
6.163866487455197
3.3016091696535246
2.969716995221028
14.867308841099167
43.74178614097969
76.59236857825566
125.02986857825567
170.73103345280762
108.2724761051374
38.554696833930706
