0.0
0.0
0.0
0.0
0.0
0.0
0.0
72.80510752688173
97.07194593787335
121.71255227001194
47.043944145758665
1.8667764336917563
1.1200899790919951
0.0
0.0
0.0
0.0
0.0
0.0
53.76340352449223
113.12574671445641
126.1951164874552
57.87219982078853
23.14804734169654
0.0
0.0
0.0
0.0
0.0
2.6135043309438473
0.0
10.827396953405017
99.68679062126643
110.88847819593788
0.0
7.467278972520908
0.0
1.1200899790919951
0.0
0.0
0.0
0.0
0.0
19.41442652329749
141.12802419354838
146.7307347670251
126.56851105137396
17.921139486260454
1.1200899790919951
0.0
1.1200899790919951
0.0
0.0
0.3733557347670251
0.7467278972520908
3.3602337216248506
169.13026433691758
122.83310931899643
156.06507616487454
8.2139075567503
0.0
0.0
0.0
0.0
0.0
0.7467278972520908
0.0
89.97909199522103
157.554846176822
200.86790621266428
130.67312574671445
6.7206541218638005
0.0
0.0
0.7467278972520908
0.0
0.0
0.0
0.0
71.3111559139785
122.0863201911589
157.554846176822
98.93966547192353
35.46875000000001
0.7467278972520908
0.3733557347670251
0.0
0.0
0.0
0.0
0.0
54.8839605734767
130.67312574671445
129.55675029868578
95.57803166069296
5.973573775388291
0.0
0.0
0.0
0.7467278972520908
0.0
0.0
0.0
40.69593787335723
177.71706989247312
148.96766726403823
96.32515681003584
13.440852747909199
0.0
0.0
0.0
0.0
0.3733557347670251
0.0
5.973573775388291
56.37828554360812
121.71255227001194
166.14202508960574
118.72849462365589
6.3471139486260455
0.7467278972520908
0.0
0.7467278972520908
0.0
0.0
0.0
0.0
48.911626344086024
116.11402329749106
76.1667413381123
53.76340352449223
0.0
0.0
0.0
0.0
0.0
0.0
0.0
0.0
33.975433094384705
107.15344982078852
156.4384707287933
118.72849462365589
6.3471139486260455
0.0
0.0
0.0
0.0
0.0
0.0
0.0
53.76340352449223
210.5752688172043
210.5752688172043
94.83086917562724
21.281257467144563
0.0
0.0
0.0
0.0
0.3733557347670251
4.480283004778973
0.0
88.11137246117084
123.20687724014337
132.54084528076464
78.77740442054959
7.467278972520908
0.0
0.0
0.0
0.0
0.0
0.0
0.0
40.69593787335723
148.22087813620075
179.21139486260455
97.44571385902032
17.921139486260454
1.493414351851852
0.0
0.0
0.0
0.0
0.0
0.0
53.76340352449223
156.4384707287933
177.34367532855435
172.49189814814815
9.707194593787337
4.853823178016726
0.0
0.0
0.0
0.0
0.0
1.1200899790919951
65.71221624850656
152.70306899641574
163.53132467144565
126.56851105137396
5.973573775388291
1.493414351851852
0.0
0.0
4.480283004778973
0.0
0.0
3.3602337216248506
12.320687724014338
103.79144265232975
199.37361857825567
162.78416218637992
6.7206541218638005
0.7467278972520908
0.0
0.0
0.0
0.0
0.0
0.0
26.508169056152923
102.67502986857825
151.95627986857826
89.97909199522103
11.574025537634409
0.0
0.7467278972520908
0.0
0.0
0.0
0.0
1.1200899790919951
51.895721326164875
120.96957138590203
132.91423984468338
163.53132467144565
3.3602337216248506
