0.0
0.0
0.0
0.0
0.0
0.0
0.0
69.81686827956989
100.80734767025089
151.20911738351253
86.24406362007169
6.3471139486260455
2.240142249103943
0.0
0.3733557347670251
0.0
0.0
0.7467278972520908
0.0
21.654760304659497
114.24630376344086
130.67312574671445
109.0207586618877
6.3471139486260455
0.7467278972520908
0.0
0.0
0.0
0.0
0.0
0.0
44.802830047789726
154.57075119474314
142.24854390681006
45.54999253285544
0.0
0.0
0.0
0.0
0.0
0.0
0.0
0.0
15.307683691756269
90.35285991636798
109.0207586618877
89.97909199522103
8.960569743130227
4.106933243727599
0.0
0.0
0.7467278972520908
0.0
0.0
0.0
38.08262395459976
111.262208781362
113.12574671445641
96.32515681003584
33.975433094384705
0.0
0.0
0.0
0.0
0.0
0.0
0.0
40.32254330943847
91.47337962962963
87.73797789725211
7.093738799283154
0.0
0.0
0.0
0.0
0.0
0.0
0.0
0.3733557347670251
46.67054958183991
94.83086917562724
60.109132317801674
41.06933243727599
4.853823178016726
0.0
0.0
0.0
0.0
0.0
0.0
0.7467278972520908
51.895721326164875
111.262208781362
123.20687724014337
118.72849462365589
11.947565710872162
1.1200899790919951
0.0
0.0
0.0
0.0
0.0
0.0
82.51280615292713
120.96957138590203
153.82362604540023
85.12731481481482
6.3471139486260455
0.7467278972520908
0.0
0.0
4.480283004778973
3.3602337216248506
0.0
0.0
61.97681451612903
205.34595280764637
172.49189814814815
124.7008288530466
14.187481332138592
0.0
0.0
0.0
0.0
0.0
0.0
0.0
51.148558841099174
130.67312574671445
200.86790621266428
136.64964157706092
7.467278972520908
0.0
0.0
0.0
0.0
0.0
0.7467278972520908
0.7467278972520908
85.12731481481482
126.56851105137396
152.70306899641574
139.63369922341695
10.080734767025088
0.0
0.0
0.0
0.0
0.0
0.0
0.0
48.53823178016727
141.12802419354838
156.06507616487454
130.67312574671445
11.574025537634409
0.0
0.0
0.0
0.0
0.7467278972520908
0.0
0.0
38.08262395459976
92.96733124253285
94.08788829151733
90.35285991636798
29.12205047789725
0.0
0.0
0.0
0.0
0.0
0.0
0.0
66.45937873357228
114.24630376344086
160.16969086021504
148.96766726403823
8.960569743130227
0.0
0.0
0.0
0.0
0.0
0.0
0.0
59.73573775388293
173.98622311827958
104.91196236559139
90.35285991636798
2.240142249103943
0.0
0.0
0.0
0.0
0.0
0.0
0.0
40.69593787335723
116.11402329749106
148.22087813620075
52.64288381123058
7.467278972520908
5.600451762246117
0.0
0.0
0.0
0.0
0.7467278972520908
0.0
51.148558841099174
148.96766726403823
163.53132467144565
143.36910095579452
18.667764336917564
0.0
1.1200899790919951
0.7467278972520908
0.0
0.0
0.0
0.0
13.814392921146954
130.67312574671445
91.84677419354838
66.45937873357228
18.667764336917564
0.0
0.0
0.3733557347670251
0.0
0.0
0.0
0.0
40.69593787335723
126.94190561529271
167.63597670250897
30.615330047789726
4.480283004778973
