12.163007765830345
4.146132019120379
2.863575268821692
3.1056227598611184
2.068884408606638
0.3997162485110588
4.487753882915173e-12
111.63493130227002
342.7430555555555
251.9858870967742
158.52262544802866
16.56750298685782
5.815785543612612
4.146132019120379
2.863575268821692
5.719127090800478
3.1889523596176823
0.3997162485110588
4.487753882915173e-12
180.329674432497
474.14725209080046
278.8687275985663
23.74197281959379
12.087152777777776
19.629965651135006
4.146132019120379
2.863575268821692
3.1056227598611184
3.562320788530465
1.1464157706093192
4.487753882915173e-12
53.76168608124253
319.21931003584234
340.09707287933094
191.3806750298686
40.089045698924735
5.815785543612612
4.146132019120379
2.863575268821692
6.092495519713261
2.068884408606638
0.773073476702509
4.487753882915173e-12
53.01795848267623
288.60513739545996
331.8828405017921
123.80114994026285
45.68914277180406
5.815785543612612
4.146132019120379
3.983643219832736
3.1056227598611184
2.4422416367980886
0.3997162485110588
11.200679510155314
145.23633512544802
339.3839605734767
193.3691756272401
142.84162186379928
54.278113799283155
12.163007765830345
4.146132019120379
2.863575268821692
3.1056227598611184
2.068884408606638
0.3997162485110588
4.487753882915173e-12
297.19160692951016
395.3853046594982
513.7085573476703
349.3107825567503
30.381645758661886
24.1103270609319
4.146132019120379
2.863575268821692
5.345758661887693
2.068884408606638
0.3997162485110588
4.487753882915173e-12
228.12089307048984
480.52195340501794
372.20691457586616
78.24970131421745
19.181003584229387
5.815785543612612
4.146132019120379
2.863575268821692
3.1056227598611184
2.068884408606638
0.3997162485110588
4.487753882915173e-12
72.43018219832736
319.21931003584234
298.6570340501792
111.4796146953405
23.661364994026286
5.815785543612612
4.146132019120379
2.863575268821692
3.1056227598611184
2.068884408606638
0.3997162485110588
6.720318100358422
123.2086320191159
542.8800776583034
398.71415770609315
29.34210722819594
15.447281959378731
15.523148148148149
4.146132019120379
2.863575268821692
3.1056227598611184
2.068884408606638
0.3997162485110588
23.14799880525687
136.65023894862605
474.14725209080046
595.4554958183991
136.87126642771804
7.606780167268525
5.815785543612612
4.146132019120379
2.863575268821692
3.1056227598611184
2.068884408606638
0.3997162485110588
4.487753882915173e-12
134.0344982078853
415.1732377538829
485.69071087216247
297.4126344086022
41.58232526881721
12.909647550776583
4.146132019120379
2.863575268821692
3.1056227598611184
2.068884408606638
0.3997162485110588
2.240135902031063
88.11118578255675
342.366711469534
431.9436977299881
172.7120669056153
45.68914277180406
19.256869772998808
4.146132019120379
2.863575268821692
3.1056227598611184
2.068884408606638
0.3997162485110588
6.720318100358422
134.0344982078853
474.14725209080046
543.1862305854241
101.02561230585424
49.42286439665472
11.042801672640383
4.146132019120379
2.863575268821692
3.1056227598611184
2.068884408606638
0.3997162485110588
4.487753882915173e-12
123.2086320191159
460.73924731182785
595.4554958183991
379.55309139784947
47.18245967741935
15.149604241338112
4.146132019120379
2.863575268821692
3.1056227598611184
3.562320788530465
0.3997162485110588
4.487753882915173e-12
76.53748506571087
328.55361409796893
271.39784946236557
150.68436379928315
15.820863201911589
16.64333183990442
4.146132019120379
2.863575268821692
3.1056227598611184
2.068884408606638
0.3997162485110588
5.227016129032258
181.453853046595
311.3810483870967
483.834005376344
291.4377986857826
53.15830346475508
11.042801672640383
4.146132019120379
3.983643219832736
3.1056227598611184
2.068884408606638
0.3997162485110588
4.487753882915173e-12
76.53748506571087
266.20594384707294
239.66435185185182
87.9603494623656
14.32709826762246
5.815785543612612
4.146132019120379
6.970515979689365
3.1056227598611184
2.068884408606638
0.3997162485110588
4.487753882915173e-12
163.52859916367981
355.80869175627237
174.70056750298687
61.07758363201911
21.42096027479092
16.269825268817204
4.146132019120379
2.863575268821692
3.1056227598611184
2.068884408606638
0.3997162485110588
4.487753882915173e-12
92.21848864994027
242.31033452807645
174.70056750298687
111.10775089605735
17.31414277180406
5.815785543612612
4.146132019120379
2.863575268821692
3.1056227598611184
2.068884408606638
0.3997162485110588
4.487753882915173e-12
101.92465651135007
266.20594384707294
350.17958482676227
85.34460872162485
7.606780167268525
