5.815785543612612
4.146132019120379
4.730383811230586
6.092495519713261
2.068884408606638
0.3997162485110588
4.487753882915173e-12
141.1290322580645
489.86036439665475
366.6084229390681
130.89605734767025
7.606780167268525
5.815785543612612
4.146132019120379
2.863575268821692
3.1056227598611184
2.068884408606638
0.3997162485110588
4.487753882915173e-12
74.29771505376344
323.3266129032258
250.11798088410987
157.40292712066903
24.034460872162484
5.815785543612612
4.146132019120379
2.863575268821692
3.1056227598611184
2.068884408606638
0.3997162485110588
13.067540322580642
124.70019414575866
423.7597072879331
498.0398745519713
230.2090800477897
35.235140382317795
5.815785543612612
4.146132019120379
2.863575268821692
3.1056227598611184
2.068884408606638
0.3997162485110588
10.080458482676223
4.487753882915173e-12
325.1941457586619
166.11409796893668
18.14142771804511
65.47565710872162
5.815785543612612
4.146132019120379
2.863575268821692
3.1056227598611184
2.068884408606638
0.3997162485110588
44.05596624850657
149.7155017921147
198.62641875746715
223.61111111111111
18.14142771804511
53.15830346475508
9.175989396654721
4.146132019120379
2.863575268821692
3.1056227598611184
2.068884408606638
0.3997162485110588
4.487753882915173e-12
158.3019713261649
424.8790322580645
340.8449074074074
18.14142771804511
14.32709826762246
17.763104838709676
4.146132019120379
5.477079599761052
3.1056227598611184
2.068884408606638
0.3997162485110588
4.487753882915173e-12
114.62253584229391
526.4183841099164
436.4224910394265
338.4808094384707
75.55779569892474
12.536103643966547
9.746677120669057
2.863575268821692
3.1056227598611184
2.068884408606638
0.3997162485110588
4.487753882915173e-12
227.74865591397855
536.9071087216248
526.013664874552
132.38761947431303
34.11495669056153
22.243466248506568
9.37314814814815
2.863575268821692
3.1056227598611184
2.068884408606638
1.8931526284348865
4.487753882915173e-12
98.565188172043
510.39650537634407
467.41151433691755
191.3806750298686
56.14135304659498
5.815785543612612
4.146132019120379
2.863575268821692
3.1056227598611184
4.682388739545997
0.3997162485110588
4.487753882915173e-12
139.26149940262843
329.3014486260454
354.28651433691755
183.5383064516129
14.700642174432497
5.815785543612612
4.146132019120379
2.863575268821692
3.1056227598611184
4.682388739545997
0.3997162485110588
4.487753882915173e-12
236.33512544802866
338.6361260454002
583.9038231780168
388.5110513739546
51.6627464157706
10.296158154121864
4.146132019120379
2.863575268821692
3.1056227598611184
2.068884408606638
0.3997162485110588
4.487753882915173e-12
98.565188172043
294.9522102747909
424.84879032258067
167.10909498207886
35.60868428912784
9.922726254480285
9.37314814814815
2.863575268821692
3.1056227598611184
2.068884408606638
0.3997162485110588
13.067540322580642
113.87432795698928
521.594982078853
440.531660692951
18.14142771804511
82.65270310633214
17.763104838709676
4.146132019120379
2.863575268821692
3.1056227598611184
2.068884408606638
0.3997162485110588
8.587141577060931
181.453853046595
471.18391577060925
485.69071087216247
284.3473715651135
80.03696236559139
5.815785543612612
4.146132019120379
4.730383811230586
3.1056227598611184
2.068884408606638
0.3997162485110588
3.7335722819593786
143.36880227001194
379.70392771804063
397.2225955794504
123.80114994026285
64.35595878136199
11.042801672640383
4.146132019120379
2.863575268821692
3.1056227598611184
8.789202508960573
0.3997162485110588
7.466995221027478
180.329674432497
574.9738649940263
543.1862305854241
163.37776284348865
38.96882467144564
19.256869772998808
4.146132019120379
2.863575268821692
3.1056227598611184
2.068884408606638
0.3997162485110588
4.487753882915173e-12
114.2461917562724
262.09864097968943
351.67114695340496
18.14142771804511
15.820863201911589
5.815785543612612
11.986633811230586
9.583893369175627
3.1056227598611184
2.068884408606638
2.6398521505376342
4.487753882915173e-12
75.0459229390681
342.366711469534
281.85185185185185
18.14142771804511
77.425701911589
5.815785543612612
4.146132019120379
2.863575268821692
3.1056227598611184
2.068884408606638
2.266524790919952
4.487753882915173e-12
112.37828554360813
275.16390382317803
341.21677120669057
18.14142771804511
7.606780167268525
5.815785543612612
17.960312126642773
2.863575268821692
3.1056227598611184
2.068884408606638
0.3997162485110588
4.487753882915173e-12
250.14822281959383
378.584229390681
308.73506571087216
104.01284348864993
74.06660692951016
