5.815785543612612
4.146132019120379
2.863575268821692
3.1056227598611184
2.068884408606638
0.3997162485110588
4.487753882915173e-12
171.74320489844683
430.8531212664277
145.5779569892473
18.14142771804511
12.087152777777776
5.815785543612612
9.37314814814815
3.236932497013142
3.1056227598611184
2.068884408606638
0.3997162485110588
4.487753882915173e-12
159.04980585424133
344.2349910394265
275.8814964157706
104.01284348864993
35.60868428912784
6.935853494623656
4.146132019120379
2.863575268821692
3.1056227598611184
2.068884408606638
0.3997162485110588
4.487753882915173e-12
129.1838410991637
316.9799133811231
365.112380525687
104.01284348864993
21.04786439665472
5.815785543612612
4.146132019120379
2.863575268821692
5.345758661887693
2.068884408606638
0.3997162485110588
16.427680704898446
163.52859916367981
460.73924731182785
354.28651433691755
112.97565710872165
7.606780167268525
31.950828853046595
4.146132019120379
2.863575268821692
3.1056227598611184
2.068884408606638
0.3997162485110588
4.487753882915173e-12
88.48715651135007
408.0783303464755
568.5887096774194
291.4377986857826
30.381645758661886
5.815785543612612
4.146132019120379
2.863575268821692
3.1056227598611184
2.068884408606638
1.5197841995221024
4.487753882915173e-12
202.35775089605735
486.4964157706094
512.6019265232975
147.3252688172043
44.19586320191159
11.042801672640383
4.146132019120379
2.863575268821692
3.1056227598611184
2.068884408606638
1.1464157706093192
7.840501792114695
85.87141577060933
389.0382317801673
335.2464157706093
288.44982078853053
19.181003584229387
5.815785543612612
4.146132019120379
2.863575268821692
3.1056227598611184
2.068884408606638
0.3997162485110588
4.487753882915173e-12
72.43018219832736
338.6361260454002
303.50806451612897
18.14142771804511
10.966984020310633
5.815785543612612
4.146132019120379
2.863575268821692
3.1056227598611184
2.068884408606638
0.3997162485110588
4.487753882915173e-12
139.26149940262843
385.6791367980884
533.138440860215
154.41532258064515
21.42096027479092
5.815785543612612
4.146132019120379
2.863575268821692
5.345758661887693
5.4290882616487455
2.6398521505376342
4.487753882915173e-12
171.74320489844683
502.16509856630813
472.28270609319
161.8817204301075
42.32900238948626
5.815785543612612
4.146132019120379
2.863575268821692
3.1056227598611184
2.068884408606638
0.3997162485110588
4.487753882915173e-12
148.96766726403823
562.6680107526881
595.4554958183991
391.87014635603344
65.85200119474312
5.815785543612612
7.133004778972523
2.863575268821692
3.1056227598611184
2.068884408606638
0.3997162485110588
4.487753882915173e-12
86.24365292712066
478.6618876941458
513.7085573476703
254.4765531660693
30.754778972520914
5.815785543612612
4.146132019120379
2.863575268821692
10.57261798088411
2.068884408606638
5.626732377538829
4.487753882915173e-12
171.74320489844683
474.14725209080046
284.09610215053766
132.01575567502988
41.58232526881721
5.815785543612612
9.37314814814815
2.863575268821692
3.1056227598611184
12.149342891278375
0.3997162485110588
4.487753882915173e-12
242.31033452807645
568.6417264038232
583.9038231780168
374.6975806451613
13.580421146953405
5.815785543612612
6.3862679211469535
2.863575268821692
3.1056227598611184
2.068884408606638
0.3997162485110588
11.947319295101552
163.15710872162484
399.4922341696535
414.7711320191159
183.5383064516129
18.434326463560335
28.963784348864994
6.3862679211469535
2.863575268821692
3.1056227598611184
2.068884408606638
0.3997162485110588
4.487753882915173e-12
32.482265531660694
285.24604241338113
418.8739545997611
254.4765531660693
60.62473864994026
27.09692353643966
4.146132019120379
2.863575268821692
6.092495519713261
2.068884408606638
0.3997162485110588
4.487753882915173e-12
4.487753882915173e-12
355.0649641577061
409.16778673835125
18.14142771804511
15.447281959378731
5.815785543612612
4.892831541218639
2.863575268821692
3.1056227598611184
2.068884408606638
0.3997162485110588
4.487753882915173e-12
139.26149940262843
235.2154271206691
279.6124551971326
130.89605734767025
12.833796296296295
5.815785543612612
4.146132019120379
5.103711170848268
5.719127090800478
10.282967443249701
0.3997162485110588
4.487753882915173e-12
139.26149940262843
255.3755973715651
281.1084976105137
167.48506571087216
28.88791816009558
12.536103643966547
4.146132019120379
2.863575268821692
3.1056227598611184
2.068884408606638
4.506656959378733
13.067540322580642
142.6205943847073
521.594982078853
414.7711320191159
101.02561230585424
14.700642174432497
