0.0
5.226911589008363
0.0
0.0
1.8667764336917563
0.0
0.0
67.206541218638
102.67502986857825
78.77740442054959
66.45937873357228
12.694190561529268
0.7467278972520908
0.0
0.0
1.493414351851852
1.8667764336917563
0.0
0.0
46.29678166069295
94.45747461170848
132.91423984468338
62.35058243727599
0.0
0.0
0.0
0.3733557347670251
0.0
0.0
0.0
0.0
22.401422491039426
111.63560334528077
131.0468936678614
77.28349014336916
45.54999253285544
0.0
0.0
0.0
0.0
0.0
0.7467278972520908
10.453856780167264
53.76340352449223
110.51508363201911
93.71449372759857
79.52456690561529
0.0
11.574025537634409
0.0
0.0
0.0
0.0
0.0
0.0
46.67054958183991
126.1951164874552
148.96766726403823
134.03513291517325
0.0
0.0
0.0
0.0
0.0
0.0
0.0
0.0
51.895721326164875
138.1439292114695
206.466472520908
88.11137246117084
10.827396953405017
0.0
0.0
0.0
0.7467278972520908
0.0
0.0
0.0
17.921139486260454
128.80958781362008
85.12731481481482
82.88620071684589
17.921139486260454
0.0
0.0
1.493414351851852
0.0
0.0
0.7467278972520908
0.0
12.320687724014338
100.06018518518518
111.262208781362
72.05794504181601
4.853823178016726
0.0
0.0
0.0
0.0
0.0
0.3733557347670251
0.0
64.21792861409797
114.24630376344086
171.3713410991637
91.47337962962963
1.1200899790919951
0.0
0.3733557347670251
0.0
1.1200899790919951
3.3602337216248506
0.0
0.0
47.79110663082438
171.3713410991637
106.77968189964157
92.5939366786141
15.307683691756269
0.0
0.0
0.0
0.0
0.0
0.0
0.0
77.28349014336916
154.57075119474314
210.5752688172043
205.71931003584228
38.08262395459976
0.0
0.0
0.0
0.0
1.1200899790919951
0.0
0.0
8.587029569892474
116.48738052568697
173.23906063321385
175.10259856630825
33.975433094384705
0.0
0.0
0.0
0.0
0.0
0.0
0.0
93.71449372759857
138.1439292114695
140.75425627240142
85.12731481481482
14.93414351851852
0.0
0.0
0.0
0.0
0.7467278972520908
0.0
0.0
61.97681451612903
141.12802419354838
224.76138739545996
91.09961170848267
0.0
0.0
0.0
0.0
0.0
0.0
0.0
7.840404719235366
52.64288381123058
156.06507616487454
142.24854390681006
54.8839605734767
22.401422491039426
11.200899790919951
0.0
0.0
0.0
0.0
0.0
0.0
30.615330047789726
107.52684438470726
160.16969086021504
88.11137246117084
13.440852747909199
1.1200899790919951
0.0
0.0
0.0
1.493414351851852
0.0
0.0
20.534595280764634
107.52684438470726
110.51508363201911
21.281257467144563
0.0
0.0
0.0
0.0
1.8667764336917563
0.0
0.3733557347670251
0.0
50.028001792114694
101.92790471923539
93.71449372759857
98.5662709080048
16.427848715651137
0.7467278972520908
0.0
0.0
0.7467278972520908
0.0
0.0
0.7467278972520908
26.881705495818398
99.68679062126643
95.20463709677419
54.13679808841099
11.947565710872162
0.0
0.0
0.0
0.0
0.0
0.3733557347670251
0.0
60.109132317801674
153.4502314814815
158.67540322580646
94.08788829151733
0.0
