6.109169653524492
3.458669354865921
2.8169802867383513
2.5906137993103657
1.7258064516401148
7.617249103942652
18.679062126642773
113.66114097968936
57.80689964157706
80.08176523297492
33.48230286738351
10.218413978494624
4.851403823205228
3.458669354865921
3.23252688172043
2.5906137993103657
1.7258064516401148
2.0050925925925926
45.411439665471924
131.47774790919954
148.1070788530466
68.05966248506572
34.21856332138591
11.923163082437275
8.33015979689367
3.458669354865921
2.3887022103020024
2.5906137993103657
1.7258064516401148
4.644952210274791
87.77628434886499
129.15919952210274
130.7347670250896
81.43331839904421
26.73237753882915
9.426672640382316
5.520086618876942
3.458669354865921
2.3887022103020024
3.179696833930705
1.7258064516401148
10.626508363201912
33.14068100358423
113.66114097968936
108.72535842293907
60.37970430107527
27.505600358422935
11.107004181600956
5.695228494623656
4.323178016726404
2.3887022103020024
2.7179808841099162
2.0283042114695338
9.970519713261648
84.42353643966547
132.1423237753883
173.4281660692951
129.23051075268816
38.256421744324975
11.615516726403822
4.976385155316607
3.485337141577061
2.4424357825567498
2.5906137993103657
1.7258064516401148
15.808333333333334
63.12724014336918
110.03584229390681
232.76956391875746
72.76396356033453
33.13284050179212
8.87694145758662
6.098006272401433
3.5565822879330944
2.55586917562724
2.5906137993103657
1.7258064516401148
8.043623058542414
44.14202508960574
170.75866188769413
211.52927120669057
135.80159796893668
35.27180406212665
8.037970430107526
4.851403823205228
3.458669354865921
2.3887022103020024
2.8931115591397845
6.168757467144564
6.379569892473119
54.4578853046595
82.49701314217444
77.36335125448029
67.4361559139785
47.14493727598566
11.81600955794504
6.677568697729988
3.56215651135006
3.342368578255675
3.2712440262843487
5.598640979689367
16.043548387096774
34.44780465949821
191.11036439665472
189.2659796893668
108.40091099163679
29.64531063321386
6.345579450445371
5.695228494623656
3.458669354865921
2.3887022103020024
2.5906137993103657
2.220952807646356
9.997401433691756
40.568996415770606
135.27105734767025
142.45071684587813
70.29233870967742
27.050104540023895
6.345579450445371
4.851403823205228
3.458669354865921
2.9260379330943844
2.5906137993103657
1.7258064516401148
5.467084826762246
47.136350059737154
165.17697132616487
174.82078853046596
72.76396356033453
19.670698924731184
7.870034348864992
6.197916666666667
3.458669354865921
2.4364658004778974
2.5906137993103657
1.7258064516401148
7.230451015531661
64.70280764635604
152.49402628434888
110.89083034647551
120.52008661887695
52.666890681003586
13.47035543608124
4.880061603942653
3.906063321385902
2.4842293906810036
3.036402329749104
3.244660991636798
6.481123058542414
51.76597968936679
135.27105734767025
176.77718040621266
117.17480585424134
52.868503584229394
7.735476403823178
5.715912485065711
3.458669354865921
2.3887022103020024
2.5906137993103657
2.314889486260454
2.0225657108721626
66.70773596176822
148.58124253285544
135.27105734767025
115.86058841099161
39.84206989247313
10.78853046594982
4.931011051373955
3.458669354865921
2.5757691158900835
3.0841547192353644
1.7258064516401148
4.791308243727598
41.18130227001195
139.45265830346474
190.54659498207886
129.23051075268816
50.43869474313023
7.046893667861409
6.204711768219833
3.458669354865921
2.3887022103020024
2.5906137993103657
2.665135902031063
6.136514336917562
37.53360215053763
87.3618578255675
135.44653524492233
70.29233870967742
47.636648745519715
6.345579450445371
6.33366935483871
4.981108124253286
2.9260379330943844
2.5906137993103657
2.48525238948626
12.059080047789724
40.834080047789726
168.30197132616487
222.52837514934288
87.33236260454002
39.591173835125446
14.274193548387096
5.104540023894862
3.458669354865921
2.3887022103020024
2.920967741935484
1.7258064516401148
0.3334229390953121
17.999551971326166
90.33004778972521
145.13515531660693
70.1280615292712
33.92734468339307
10.934513142174433
4.851403823205228
3.458669354865921
2.3887022103020024
2.5906137993103657
1.7258064516401148
0.9185110513739546
21.291816009557945
119.60125448028674
136.91756272401435
87.33236260454002
23.73058542413381
6.4964307048984455
5.8559961170848265
3.458669354865921
4.653449820788531
3.510043309438471
1.7258064516401148
0.3334229390953121
29.657631421744323
114.63186977299881
78.13246714456392
64.51650238948626
29.06810035842294
6.345579450445371
