5.815785543612612
8.253072729988052
2.863575268821692
3.1056227598611184
2.068884408606638
0.3997162485110588
4.487753882915173e-12
291.96460573476696
571.2514934289128
583.9038231780168
349.3107825567503
16.19392174432497
19.629965651135006
4.146132019120379
7.717032556750299
3.1056227598611184
2.068884408606638
0.3997162485110588
16.801224611708484
235.2154271206691
568.6417264038232
467.41151433691755
167.10909498207886
59.50526433691756
5.815785543612612
4.146132019120379
2.863575268821692
3.1056227598611184
2.068884408606638
3.386589008363202
2.240135902031063
86.24365292712066
347.9700567502987
340.09707287933094
161.8817204301075
7.606780167268525
20.376642771804065
4.146132019120379
2.863575268821692
3.1056227598611184
2.068884408606638
0.3997162485110588
4.487753882915173e-12
132.54293608124254
187.42420848267622
247.87858422939067
109.98805256869773
65.10416666666667
5.815785543612612
4.146132019120379
2.863575268821692
3.1056227598611184
2.068884408606638
0.3997162485110588
4.487753882915173e-12
76.53748506571087
226.62933094384704
220.25201612903226
101.02561230585424
7.606780167268525
5.815785543612612
4.146132019120379
2.863575268821692
3.1056227598611184
2.068884408606638
0.3997162485110588
4.487753882915173e-12
76.91345579450419
329.6733124253286
236.3048835125448
18.14142771804511
18.06081989247312
8.429289874551971
4.146132019120379
2.863575268821692
3.1056227598611184
2.068884408606638
0.3997162485110588
4.487753882915173e-12
79.89658004778973
329.3014486260454
273.6420997610514
18.14142771804511
7.606780167268525
5.815785543612612
4.146132019120379
5.850448028673835
3.1056227598611184
2.068884408606638
0.3997162485110588
19.414725209080046
135.15419653524492
406.95900537634407
467.41151433691755
208.1813769414576
76.67786738351255
12.163007765830345
4.146132019120379
2.863575268821692
3.1056227598611184
2.068884408606638
1.8931526284348865
4.487753882915173e-12
198.254554958184
467.8199671445639
372.20691457586616
175.69967144563918
42.32900238948626
17.016465053763437
4.519489247311827
2.863575268821692
3.1056227598611184
2.068884408606638
0.3997162485110588
4.487753882915173e-12
94.83422939068102
320.3393817204301
247.87858422939067
18.14142771804511
9.8469160692951
5.815785543612612
4.146132019120379
2.863575268821692
3.1056227598611184
2.068884408606638
0.3997162485110588
4.487753882915173e-12
171.74320489844683
427.1199223416965
364.3645459976105
115.96326164874552
21.04786439665472
5.815785543612612
4.146132019120379
2.863575268821692
3.1056227598611184
2.068884408606638
0.3997162485110588
13.814180107526882
131.42323775388292
406.95900537634407
525.6571087216248
268.28965053763443
45.68914277180406
5.815785543612612
4.146132019120379
2.863575268821692
3.1056227598611184
2.068884408606638
0.3997162485110588
4.487753882915173e-12
92.96632317801672
272.9241338112306
411.0356929510156
111.10775089605735
34.11495669056153
5.815785543612612
4.146132019120379
2.863575268821692
3.1056227598611184
2.068884408606638
0.3997162485110588
4.487753882915173e-12
79.15322580645163
404.3473715651135
351.67114695340496
155.53539426523298
21.42096027479092
12.536103643966547
4.146132019120379
9.957437275985663
3.1056227598611184
2.068884408606638
0.3997162485110588
14.934363799283155
224.76142473118279
571.2514934289128
749.6520310633214
433.31466547192355
35.235140382317795
5.815785543612612
4.146132019120379
2.863575268821692
3.1056227598611184
2.068884408606638
0.3997162485110588
4.487753882915173e-12
75.0459229390681
408.0783303464755
275.8814964157706
18.14142771804511
32.248543906810035
5.815785543612612
4.146132019120379
2.863575268821692
3.1056227598611184
2.068884408606638
0.3997162485110588
4.487753882915173e-12
138.14180107526883
500.3050328554361
496.18316905615285
161.51022998805257
47.18245967741935
16.269825268817204
4.146132019120379
2.863575268821692
3.1056227598611184
2.068884408606638
0.3997162485110588
4.487753882915173e-12
193.02755376344086
353.568921744325
320.6851105137396
370.9625149342891
44.19586320191159
5.815785543612612
8.253072729988052
2.863575268821692
3.1056227598611184
2.068884408606638
0.3997162485110588
4.487753882915173e-12
148.96766726403823
424.1356780167264
543.1862305854241
155.91136499402626
67.71505376344086
12.909647550776583
4.146132019120379
2.863575268821692
3.1056227598611184
2.068884408606638
0.3997162485110588
4.487753882915173e-12
170.6235065710872
340.127688172043
526.7633661887693
242.90285244922342
61.36846624850657
