36.089792413381126
14.61040173237754
4.75910991636798
3.5745743727598565
4.151247013142174
8.637582138590203
27.544317502986857
122.62320788530464
241.28509557945043
231.9638590203106
252.1609916367981
62.1972072879331
25.556526284348866
6.665098566308243
12.876381421744325
3.8311155913978494
3.798696983273597
15.076500896057349
63.0790770609319
143.9997759856631
223.4389934289128
294.7054211469534
166.70400238948625
77.86551672640381
18.753210872162484
9.302008661887694
4.197207287933094
4.217152031063321
4.562768817204301
8.342443249701315
34.49163679808841
120.34722222222223
203.8956093189964
210.58169056152929
150.36477001194743
42.21023745519714
27.799432497013143
4.9047565710872165
3.601821983273597
1.2879965651135006
4.3294877538829155
4.891987753882915
29.16550925925926
87.22632915173237
198.27135603345283
175.26247013142174
68.09662485065711
33.230809438470736
12.100433094384705
7.078703703703703
3.4733870967741933
2.8164090501792116
4.71383288530466
3.853434886499403
24.637955495818403
57.89725209080048
183.90419653524492
175.82287933094386
69.16143966547192
26.952770310633213
16.876717443249703
8.310222520908004
8.79129330943847
3.7628509557945047
0.8823263888888887
9.13803016726404
16.917525388291516
89.761798088411
206.57071385902032
175.49992532855433
76.84214456391875
23.814068100358423
25.01478494623656
6.150276284348865
4.654685633213858
4.410065710872162
4.811835424133811
7.326500896057348
28.046146953405017
83.52225209080048
159.21856332138591
175.98304958183988
99.60274790919952
27.561193249701315
16.047379032258064
17.533490143369175
6.049544504181601
4.386103643966547
12.954450418160093
28.746191756272403
68.98334826762246
96.64314516129032
212.18003285543608
225.76052867383507
188.7029569892473
69.67965949820788
32.92196833930705
7.4114396654719235
3.456866039426524
3.2323327359617684
3.0395123954599765
10.497610513739547
32.03244474313023
95.72132616487455
199.5866935483871
203.33818697729987
170.5159796893668
40.79558691756272
17.680592891278376
4.779820041816009
5.814926821983274
5.146094683393071
7.859953703703703
3.7850395758661888
37.790061230585415
91.76859318996415
199.84580346475505
185.61977299880525
77.94466845878136
34.43137694145758
26.80230734767025
14.24350358422939
4.906201463560334
2.1071875
3.074854390681003
8.607676224611708
32.36928763440859
106.17159498207886
225.055256869773
222.93682795698925
139.6602449223417
34.745183691756274
26.673349761051373
11.584080047789724
7.347856929510155
2.412944295101553
6.254405615292712
7.701874253285544
31.95183691756272
106.44078554360813
223.68988948626045
220.4652031063321
163.23252688172042
41.65247909199522
27.660468936678615
8.886014038231778
4.838635005973716
2.9747461170848273
6.263030167264038
7.598454301075269
26.67499253285544
99.8797789725209
197.31070788530468
211.2653076463561
98.95908004778971
46.352299880525685
16.587701612903224
11.78412485065711
7.583370669056153
3.03216472520908
6.070340501792114
5.967405913978495
37.864583333333336
64.6871266427718
156.2682945041816
177.2561977299881
104.209229390681
30.733796296296298
7.920586917562724
7.262992831541219
3.098842592592592
4.662111708482676
5.328195937873358
8.432086320191159
31.86674880525687
106.00843787335722
237.24313022700116
296.8522252090801
181.4792413381123
36.40023894862604
16.986073775388295
10.004965651135008
3.647868130227001
3.769646057347671
2.478782108721625
4.003169802867384
23.297005675029872
45.18891875746714
156.1122311827957
143.48528972520907
48.52635902031063
28.20762395459976
11.961320191158904
8.654121863799283
9.69582586618877
3.3494698327359615
1.9307609020310634
11.833520011947432
44.42278972520908
101.41091696535246
219.5538381123059
269.14650537634407
145.0918458781362
45.021281362007166
23.664463859020312
9.839381720430108
4.588971027479092
2.2524828255675033
3.1415546594982087
8.323738052568698
33.167786738351246
91.57743428912782
238.58870967741936
234.28464755077658
166.16412783751494
40.14620669056152
16.118802270011948
6.931862305854241
5.751194743130227
2.5320303166069293
5.6506869772998805
11.44489247311828
37.772214755077655
92.18003285543607
175.63769414575867
198.73319892473117
91.07377538829152
32.62313321385903
19.06600955794504
7.233982974910395
5.980809438470728
3.075242682198328
4.063175776583035
7.10566009557945
26.33561081242533
83.38336320191159
172.11917562724014
212.62320788530465
96.05772102747909
31.547789725209075
