2411.1833368876264
2280.744988637541
1533.965301812935
1588.6599702454214
1542.7009850208062
1798.5793959008772
1928.5531660653842
3083.4896843669812
3706.645620925482
4451.61219984804
4414.336454776814
2991.445697251242
2284.3435612717362
1987.6919583027652
1971.3426608659202
1698.4229179328863
1591.7904707158457
2169.488771483173
2706.9091437385437
3006.098811985024
4253.00627751962
5114.272220129349
4387.594635485254
3306.4627040875434
2381.4678003287113
2031.8280424658317
1614.610465322783
1427.1844580567777
1632.355995967977
1812.5039585765155
2027.7917121419882
2493.838212134523
3362.564199515651
3529.851996969214
3675.721963529485
3071.702277763082
2527.73411937292
2214.4549840648515
1489.5929031985352
1553.7056252645075
1628.5374122583037
2030.1535981497782
2077.0281217283164
2788.921188369447
4353.506920184576
4130.420758085417
3636.343923708081
2991.252667404366
2509.2682110345727
2178.7136697676533
1817.917257827621
1974.667154884494
1716.2911598911642
2029.0098033863696
2539.152187179611
3088.259136554399
3386.665572178475
5402.824469692767
4729.042328093231
3113.9396509346525
2659.8113274954057
2379.3405403852285
1852.214187736262
2270.654690350763
1913.7713091194526
2588.888493286236
2259.570220879892
3408.0881836074705
4631.886963595159
4453.342347228795
4392.129434362385
3382.0815005543013
2864.847942411502
1958.9728886779985
1790.2976996122538
1626.0205437903937
1635.7263323000504
2055.4109982923433
2306.887171354838
2897.9087107951514
3424.480542024769
3955.9069114672784
3796.7553601165396
2839.490737345553
2528.948694345157
2744.5523575776047
2482.1550003040206
1893.7878143585551
1961.2869584084171
2470.4021294738413
2730.646953013714
3571.401306979393
4671.778411153797
5102.603166482765
5253.442935210148
3592.8514645775313
2625.019841544486
1943.1327842841138
1423.8956678130883
1430.0645103037307
1454.8408950825594
1835.5743061732328
2067.8787417603694
2924.292173023403
3439.6239763900144
3986.173751317797
3849.1045955869927
2673.5403016647797
2382.6722171686847
1857.1069586376586
1413.4806684602704
1276.1376579620162
1366.687925887436
1492.3277036616923
1898.2866084115856
2426.712365796892
3090.8656756012074
3553.0899891876406
2984.631476925254
2572.293267196283
1943.1161104367902
1419.0126526939239
1371.331119419081
1372.0042118231675
1032.2088374741813
1351.3446152468737
1388.4572237190046
2086.9514492836793
2674.874496431033
3141.4473467670928
2838.021792918359
1867.8861849595633
1838.1365017166133
789.4265292543736
646.527280487272
580.6300914598703
808.7797600420638
907.5813741139377
1189.7229106067657
1986.8517594820169
2975.3244789671803
3152.9521419700573
2803.1525640515174
1867.7529259825303
1174.910404839356
690.4096446288877
491.8835651203148
602.7503172436674
450.35070097169864
854.8478520741137
1012.7429808260698
1640.2730098000923
2074.9727442335015
2805.512717067523
2244.611942244138
1723.6919868916673
1026.508427601615
883.3249402693745
678.7240293588022
697.5304778224115
482.27864349322306
857.5530089363849
1628.711733789365
1946.8796749692121
3014.5353037328664
3582.2749815641896
3275.8113107186496
1944.8116435351149
1144.9979601022737
605.0416967659212
657.161370310375
689.3175662468404
469.5428686928369
848.0391082429495
1579.4422263803256
2464.515964555813
3426.746444992709
4123.126742396189
3382.083502434815
2315.090124763047
1109.5572277720607
959.4343520124705
623.1030367100113
688.345438255768
767.0699291730256
968.6987630481915
1228.4398426373234
2083.7706411497957
2533.1683448453714
3327.3377494663373
2194.8516315635593
1620.642021269657
1170.2982079009787
840.4955106775703
433.0610984373419
731.0797624181354
444.1565188407155
1035.1394764662637
1400.3870921483733
1729.880652763115
2392.288977945982
2788.5670500052447
2464.1428696906482
1723.0821593354326
1473.6521507029645
1181.601367426366
614.4217766486215
603.0382129532362
464.34925316018223
917.5981949083724
1300.4660062583655
1998.9537616367772
2535.374834117806
3111.2235015190913
2739.656433476338
1743.7309470860603
1159.822980455375
1043.1566141596006
796.0857654223346
774.0992546167216
971.8280377380211
1254.1239878089295
1517.7984154665676
2291.108780567242
3102.520790701595
3793.677837887584
3218.318542133916
2192.4560894746146
1665.5114926331812
1437.3613267892688
1105.1555691567073
944.7620625883873
935.3567886809539
1316.6699701786088
1658.3362551916703
2689.7878074330674
3478.16383271037
4376.66693974689
4132.859701656404
2460.701220822052
