21.999514635603347
7.191793608124254
6.836842891278375
3.103307945041816
1.07988201911589
4.323439366786141
27.475993130227
98.77426821983275
238.94825268817203
253.86686081242533
143.3814964157706
62.54778972520908
15.82258064516129
11.053726105137395
3.1716397849462368
3.783288530465949
4.239945489844683
7.962328255675032
41.61290322580645
90.73738052568697
203.24148745519713
228.74626642771798
109.76329151732378
33.88175776583034
27.100843787335727
9.518817204301076
3.677755376344086
3.2847856929510155
3.2963074970131423
3.2756011051373957
22.7886798088411
73.0607825567503
176.9750597371565
237.53957586618876
111.63829151732378
56.238425925925924
16.6286215651135
9.111932497013143
4.442906212664277
3.8658751493428913
4.865953554360813
12.425776583034647
56.86865292712066
123.54502688172043
236.8014486260454
277.5298685782557
226.41502389486266
67.6288082437276
26.0569743130227
9.115255376344086
5.517361111111112
5.353550627240144
1.606339605734767
24.91341845878136
25.726702508960575
137.20952807646356
234.86111111111106
255.37447729988054
210.17361111111114
75.27255077658303
22.252874850657108
5.188844086021505
5.526060334528076
3.785457735961768
2.19742756869773
24.94694593787336
47.998431899641574
101.2600806451613
316.8537186379928
299.37238649940264
185.38717144563918
63.24223416965352
12.508661887694146
7.828853046594982
4.419317502986858
3.510110513739546
1.3459602747909198
5.184214456391876
38.08605884109917
107.33012246117083
174.11140979689367
206.46916069295102
76.30675029868578
30.199858124253293
14.355884109916367
8.067876344086022
3.9891129032258066
3.5943473715651133
13.77393219832736
4.596878733572282
34.48536439665472
141.17831541218635
225.12656810035838
242.13448327359617
126.18391577060932
58.47222222222222
28.856966845878137
11.856668160095579
5.638926224611708
2.8021094683393075
4.19479913381123
10.665957287933095
15.450268817204302
67.37753882915173
203.71751792114696
254.33542413381124
146.69914874551972
32.21415770609319
12.907370071684587
8.383064516129032
4.153726105137396
2.2510864695340502
2.251825716845878
5.735961768219833
40.34681152927121
94.46199223416966
149.65800477897253
141.41241039426524
97.66353046594982
31.400126941457586
15.995295698924728
6.475769115890084
7.3216472520908
3.855208333333333
2.997659050179211
10.796557646356035
26.95041816009558
72.78151135005973
159.96789127837516
184.38657407407408
75.58206391875747
22.70952807646356
13.1341472520908
7.053166069295101
1.7120706391875746
3.8520908004778973
3.1995930406212665
15.36786887694146
33.84457138590203
93.65815412186379
239.60162783751494
212.5556302270012
193.82579151732378
45.97061678614098
15.14236111111111
7.937126642771803
4.984729689366786
3.1604316009557945
3.9948850059737158
2.336533004778973
33.22427568697731
88.57750896057347
188.6499402628435
268.3818697729988
130.95878136200716
50.86656212664277
14.943212365591398
12.23603643966547
3.141102897252091
4.510454002389486
2.283277329749104
9.389859617682198
50.73252688172043
85.24454898446835
222.3898596176822
210.47229689366787
213.42816606929514
83.99678912783752
24.180070191158904
18.463224313022696
4.278263142174432
1.1165882616487453
5.420101553166069
9.070639187574672
16.663941158900837
85.89680406212665
142.74529569892474
189.44631123058542
119.56989247311827
25.501717443249703
21.948962066905615
6.9252165471923535
7.745034348864994
3.2755264336917564
3.3559363799283153
5.760640681003585
39.466173835125446
94.18085424133812
235.5058990442055
226.3829151732377
156.46580047789726
56.2597072879331
33.85678016726404
10.486895161290322
4.7629181600955794
3.1042824074074074
4.789385454002391
4.700231481481482
28.543608124253286
87.00268817204301
253.31429211469535
330.1922789725209
122.85543608124253
48.96244026284349
38.753434886499406
20.32086320191159
9.371229091995222
3.295138888888889
5.670459976105137
10.568809737156512
30.43664127837515
114.76030465949819
276.693921744325
200.15681003584228
98.04995519713263
24.505227001194744
22.94840203106332
4.48344160692951
4.786364994026283
4.35455495818399
4.472233422939068
13.693361708482676
34.292712066905615
103.44011350059738
226.9575119474313
250.05936379928315
167.80689964157705
38.085536140979684
21.33374402628435
10.773558841099165
6.356929510155316
2.955816905615293
2.7961021505376342
9.668645459976105
20.977747909199522
55.98528972520909
165.5421146953405
119.47729988052569
94.74611708482678
44.63859020310633
