2002.2665582137909
1402.6272392349122
1210.0578160005093
1448.9125986803083
1193.2974665022882
1609.1884934964564
1788.0179062087534
2704.61051023317
3464.1376348143735
3873.9989606007275
3850.8675554339206
2546.364458451959
1822.4231572992137
1588.855649312322
1335.2572815349758
1382.3253895577375
1541.0497247481048
1842.559887074569
2368.0280505485784
2825.494029278931
3824.453559478999
4775.58554151525
3717.313086799472
3325.091250981212
2462.761942353801
2290.0542484096813
2923.6550553765474
1614.721842316036
1883.9294248807605
1920.203534816063
2267.072018294916
2797.9480239624804
3840.9406406745525
4392.25160121055
4377.034724879545
3133.1895462816
3049.609518865153
1908.1206053312799
1908.6438029894553
1951.3196186934206
1681.2887126615292
2083.8272906527645
3174.7164184726403
4061.407351750569
3894.7622517257987
5005.369122780761
5191.633928935081
3693.188147541764
2605.7854900070924
2256.020595544237
1511.0904828873563
1920.280137262033
1694.0433970476765
2452.934110435355
2278.276311656909
3067.567832044244
4471.768887590657
4916.24707273936
4974.7696653094845
3204.5530544591434
2374.471169191942
1414.8587527508198
1169.2561120194166
1186.516057584931
893.4968684085816
1910.6070080711816
1918.8804799898082
2934.733210489191
4450.981904604718
4349.235716404423
3728.1263728331155
2471.7731074838102
1667.9103378714792
1073.9709434868407
879.9772194748587
1306.5997141906328
827.2332655437779
1128.350712300706
1684.989624311826
2116.404480657756
2808.656710632893
2816.074138169788
2696.339802320842
2124.6874630026628
1393.813483024966
918.5726234079511
529.918493434248
782.6694821452933
934.7529791670792
969.6755449457645
1308.7602221296042
2556.9586658503613
3112.787633077332
3435.9690939021207
3214.2182861659435
2241.456489965822
1616.8029433963375
1046.077837300841
744.6604602264695
598.2980773586892
803.9822974123083
1158.5533981684555
1477.8454382956131
1948.9517197677274
2913.024327345808
3781.101245344082
3681.0656170923703
2687.7606944365834
1821.6461941698801
1622.0193503640623
1031.5504489262203
1063.1683255247397
1212.7665851616298
1247.0049150565549
1455.9359401021468
2274.5121567168453
3072.280953378986
3424.8003013142834
2918.942285617012
1989.9115318318861
1688.1369661715573
1038.8819627297662
1010.9187090248164
982.6397890334426
982.4338524084709
1356.187164530028
1681.4818428946314
2349.6276253589485
2679.282997775119
3285.401647842362
2699.1404458454813
2400.7749245055606
1431.198953180173
1045.3958560912909
767.1731026198881
800.7024144885442
724.8694260740232
1234.4793676921938
1691.4460923570646
2610.3755012681586
3238.863756147588
4257.199715148074
3876.841632151876
1923.6005962334261
1287.514881392522
942.4436836073824
669.8001683162526
719.1371844031654
401.86795940957194
823.0092376027878
1460.5092580811477
2360.062888085636
2883.79960728607
3419.018952133235
2773.0474261151057
1613.9014029609616
1095.0687770639809
982.1780988715254
615.0554996395671
704.5926343337615
635.0225017668196
832.2509849668509
1703.2350536818378
2164.195102089882
2381.8783630219946
3042.5038868807965
2956.1376622718167
1700.9338433559044
1379.8119236626083
1175.0419917181314
890.1714136198138
805.8847406793382
696.0964386226453
1162.5068106025678
1444.932746840302
1867.701101204558
3165.884807447906
3770.6844260879457
2773.774175971255
1752.060819954204
1475.1601474255851
1082.4380258475956
826.8370058707045
726.5830644505115
841.2236605425004
1344.2641655272832
1897.9111688021978
2447.759156681458
3076.4681096303175
3584.0200971365884
3421.7162895683387
2572.7945003616514
1965.0510827516362
1594.9197714302577
972.0338433596836
858.3747497239898
1085.9207639124
1600.6406783031812
1924.4435922977166
2739.088153509829
3959.6656169842154
5163.329221450885
4501.431773513827
3236.2838095743805
2943.2820790183778
2886.5859253714084
1679.4361210333295
1655.4245443451132
1867.1924546984146
1945.504627853414
2329.4451579907422
2650.923493566286
3901.1996362384753
3466.5944692610256
3490.477558028309
2643.3870888124634
2802.7504968830954
2369.166489458287
1322.2890218440793
1576.350072269051
1569.411684691426
1840.3413750550487
1885.2870280711065
2682.6755517739325
3604.6913104148584
4252.581287708373
3081.503241954705
2397.047449988355
2067.582430506538
1274.7303243251108
1138.1200367492997
995.9934880662846
1273.9110822890784
1666.8024119348822
1637.869044543521
2812.4444531917284
2880.039239669748
3363.6180672857186
2311.78006455963
2761.366931694214
