8.429289874551971
4.146132019120379
2.863575268821692
3.1056227598611184
2.068884408606638
0.3997162485110588
4.487753882915173e-12
139.26149940262843
557.0452508960573
554.4235364396653
454.22267025089604
27.021505376344088
11.042801672640383
4.146132019120379
2.863575268821692
3.1056227598611184
2.068884408606638
0.3997162485110588
1.8668085424133811
148.96766726403823
514.1136499402628
447.6247013142174
360.8844832735962
26.647961469534046
9.922726254480285
4.146132019120379
2.863575268821692
3.1056227598611184
2.068884408606638
0.3997162485110588
4.487753882915173e-12
45.55152329749104
248.28068996415772
345.7000448028674
141.3500597371565
17.31414277180406
5.815785543612612
4.146132019120379
2.863575268821692
3.1056227598611184
2.068884408606638
0.3997162485110588
4.487753882915173e-12
171.74320489844683
571.2514934289128
525.6571087216248
373.950119474313
53.15830346475508
19.256869772998808
4.146132019120379
2.863575268821692
3.1056227598611184
2.068884408606638
0.3997162485110588
4.487753882915173e-12
76.53748506571087
311.3810483870967
537.6090203106331
101.02561230585424
7.606780167268525
9.549357825567503
4.146132019120379
2.863575268821692
3.1056227598611184
2.068884408606638
0.3997162485110588
13.44108422939068
239.32272998805257
521.594982078853
554.4235364396653
391.87014635603344
60.62473864994026
12.909647550776583
4.146132019120379
2.863575268821692
3.1056227598611184
2.068884408606638
0.3997162485110588
4.487753882915173e-12
114.2461917562724
509.2458183990442
574.2114695340501
181.29853643966547
37.47550776583035
7.682594086021505
4.146132019120379
2.863575268821692
4.225690710872162
4.682388739545997
0.3997162485110588
7.093862007168458
276.65994623655916
509.2458183990442
749.6520310633214
159.27045997610517
47.18245967741935
13.65628733572282
4.146132019120379
2.863575268821692
3.1056227598611184
2.068884408606638
0.3997162485110588
4.487753882915173e-12
109.01919056152927
323.3266129032258
300.148596176822
147.3252688172043
12.460237455197133
10.669242831541217
4.146132019120379
2.863575268821692
3.1056227598611184
2.068884408606638
0.3997162485110588
4.487753882915173e-12
92.59445937873357
316.9799133811231
335.2464157706093
75.63881421744325
12.833796296296295
9.549357825567503
4.146132019120379
2.863575268821692
3.1056227598611184
2.068884408606638
0.3997162485110588
4.487753882915173e-12
101.92465651135007
237.82706093189964
238.17278972520907
26.35551075268818
7.606780167268525
28.963784348864994
4.146132019120379
2.863575268821692
3.1056227598611184
2.068884408606638
0.3997162485110588
4.487753882915173e-12
92.96632317801672
424.1356780167264
372.95512246117084
177.9394414575866
32.248543906810035
5.815785543612612
4.146132019120379
2.863575268821692
3.1056227598611184
2.068884408606638
0.3997162485110588
19.414725209080046
256.49529569892474
467.8199671445639
541.3257915173238
175.69967144563918
7.606780167268525
7.309221923536438
4.146132019120379
2.863575268821692
3.1056227598611184
2.068884408606638
0.3997162485110588
4.487753882915173e-12
163.52859916367981
520.091472520908
537.9618428912785
175.69967144563918
15.447281959378731
19.629965651135006
4.146132019120379
2.863575268821692
3.1056227598611184
2.068884408606638
0.3997162485110588
5.227016129032258
171.74320489844683
514.47020609319
456.21677120669057
201.45833333333334
18.06081989247312
11.042801672640383
4.146132019120379
2.863575268821692
3.1056227598611184
2.068884408606638
0.3997162485110588
0.37335722819593786
98.565188172043
388.29039725209077
331.8828405017921
104.01284348864993
32.248543906810035
5.815785543612612
4.146132019120379
2.863575268821692
3.1056227598611184
2.068884408606638
0.3997162485110588
4.487753882915173e-12
85.87141577060933
310.6332138590203
377.8057795698925
104.01284348864993
41.58232526881721
11.41633064516129
4.146132019120379
2.863575268821692
3.1056227598611184
2.068884408606638
0.3997162485110588
4.106940710872162
158.3019713261649
413.30533154121866
469.6688321385901
172.7120669056153
23.287783751493425
8.055921445639187
4.146132019120379
2.863575268821692
3.1056227598611184
2.068884408606638
0.3997162485110588
4.487753882915173e-12
97.82183393070491
408.0783303464755
319.9369026284349
170.09632616487454
14.32709826762246
5.815785543612612
4.146132019120379
2.863575268821692
3.1056227598611184
2.068884408606638
0.3997162485110588
4.487753882915173e-12
140.75754181600956
334.1565860215054
308.73506571087216
109.98805256869773
41.58232526881721
