10.004330943847071
11.190300179211468
6.754853643966547
5.095691457586618
4.087029569892473
12.03853046594982
31.351627837514933
80.61715949820788
228.2918906810036
268.34005376344084
170.5436081242533
36.506123058542414
24.206765232974913
14.117756869772998
8.638291517323774
7.326762246117086
2.1542712066905616
5.350358422939068
20.869810334528076
85.94683393070491
184.28427419354838
203.72125149342892
127.08071983273598
49.970504778972526
16.843264635603344
5.517995818399044
5.982004181600956
2.187615740740741
4.0610140382317805
4.917002688172042
23.021766726403822
49.26149940262844
112.8957586618877
136.39262246117082
61.16786140979689
37.88325119474314
5.0122461170848265
5.819444444444444
3.379506421744326
1.3567514187574672
2.055940113500597
17.178464755077655
23.459826762246117
80.50701911589009
192.3409498207885
203.60028375149344
160.39165173237754
36.234580346475504
20.621714456391874
8.52930854241338
3.3068809737156504
3.4697841995221026
1.9099014336917566
6.735924432497013
42.330122461170845
78.12313321385902
190.40807945041817
213.61745818399044
49.61394862604541
21.804622162485067
17.40255376344086
7.956690561529271
8.668421445639188
4.585032108721625
6.341099163679809
6.927942054958184
69.43137694145759
110.30689964157703
248.7593339307049
297.4197281959378
189.23312425328555
56.16114097968936
22.701948924731184
9.282631421744325
5.289650537634409
2.2949858124253284
3.1389374253285545
10.792226702508962
45.021281362007166
97.80577956989248
188.69100955794505
274.26560633213865
151.33549880525686
39.80581690561529
32.82590352449223
6.9729316009557945
5.960760155316607
5.1685334528076465
3.222703853046595
6.742719534050179
33.564889486260455
132.2692652329749
223.85752688172042
243.3553614097969
163.09139784946237
83.50470430107526
18.782855436081245
11.682160991636799
1.3359729689366788
4.13395683990442
3.0238127240143364
5.704823775388292
25.474835722819595
88.6211917562724
181.29330943847071
188.0428614097969
110.70415173237754
20.746975806451612
21.741188769414578
5.898932198327359
5.0979689366786145
6.405241935483871
4.506559886499402
8.481854838709678
45.020161290322584
86.21938470728793
192.82930107526883
163.84968637992833
86.76336618876941
34.9214829749104
16.849649044205496
8.105473416965351
2.939631869772999
2.791095430107527
9.879965651135008
19.823066009557945
46.32803166069295
77.7482825567503
167.02695639187576
199.2521654719235
96.52441756272401
45.01157407407407
38.6356780167264
16.907482078853047
8.080533154121865
3.6943623058542414
7.034311529271207
30.677643369175623
44.84729689366786
89.3115292712067
245.90240442054957
240.52942054958183
193.10521206690558
54.49895459976105
30.49357825567503
11.813844086021506
5.916106630824372
4.281563620071685
4.339213709677419
10.211954898446834
47.16285842293907
108.1343339307049
225.55704898446834
230.95094086021504
163.84968637992833
59.84468339307049
23.33908303464755
21.49331690561529
7.015270310633213
5.842368578255675
3.0725171744324973
12.695937873357229
34.44384707287933
155.49843189964156
269.6524044205496
266.6188769414576
196.81190262843492
63.05592891278375
45.11264187574672
23.590837813620073
8.131907108721625
3.562772550776583
4.173682048984468
5.38877688172043
30.455719832735966
76.91233572281959
193.5293458781362
225.30241935483866
161.85521206690564
45.58617084826762
14.458221326164875
9.139747610513739
4.962253584229391
2.983609617682198
4.673312425328555
8.79233870967742
25.314590800477898
95.29047192353644
215.42376045400238
190.5813172043011
104.94026284348865
42.29465352449223
16.021542712066907
11.624439964157705
5.036252986857826
4.187645609318996
4.149354091995221
14.056675627240143
29.017921146953405
83.70706391875747
189.4115890083632
192.16248506571088
96.79846176821984
38.47935334528076
24.88045101553166
16.946423237753883
9.340203106332137
3.9020870669056147
5.354316009557945
9.765979689366786
43.379629629629626
107.46042413381123
230.34498207885304
210.39650537634412
131.83542413381124
44.09348864994026
20.677867383512545
7.142659796893668
4.24801747311828
3.2950903524492228
8.008027180406213
7.289725209080048
34.3018219832736
98.13134707287932
231.12007168458777
214.2558990442055
115.59625149342891
34.44899940262844
20.664613201911585
6.578143667861409
8.415098566308243
3.3329263739546007
3.6649193548387102
7.010976702508961
35.94552718040621
114.30368876941458
242.24014336917563
206.86491935483872
87.59595280764636
49.38060035842294
