0.0
0.0
0.0
0.0
0.0
0.0
0.0
50.028001792114694
132.91423984468338
135.90247909199522
53.01627837514934
16.05430854241338
6.3471139486260455
0.0
0.0
0.0
0.0
0.0
0.0
97.07194593787335
136.64964157706092
141.87481332138591
91.47337962962963
8.960569743130227
0.3733557347670251
0.0
0.0
0.0
0.0
0.0
0.7467278972520908
44.802830047789726
96.32515681003584
138.51732377538832
84.00675776583033
14.187481332138592
2.6135043309438473
0.0
0.0
0.0
0.0
0.0
0.0
29.86869026284349
110.51508363201911
114.24630376344086
84.00675776583033
17.5475993130227
1.1200899790919951
0.0
0.0
0.0
0.0
0.0
0.0
32.1086096176822
100.06018518518518
94.08788829151733
122.83310931899643
8.960569743130227
0.0
0.0
0.0
0.0
0.0
3.3602337216248506
0.7467278972520908
27.62833408004779
141.50141875746715
126.56851105137396
43.30854241338112
7.840404719235366
0.3733557347670251
0.0
0.0
0.0
0.3733557347670251
0.0
6.3471139486260455
31.735513739545997
128.80958781362008
95.20463709677419
8.587029569892474
0.0
0.0
0.0
1.1200899790919951
0.0
0.0
0.0
0.0
69.81686827956989
154.57075119474314
116.11402329749106
35.842293906810035
0.0
0.0
0.0
0.0
0.0
0.0
0.0
0.0
50.028001792114694
85.12731481481482
121.71255227001194
94.08788829151733
6.7206541218638005
0.0
0.0
0.0
0.0
0.0
0.0
1.1200899790919951
47.417712066905615
95.20463709677419
114.61969832735961
95.20463709677419
0.0
0.0
0.0
0.0
0.0
0.0
0.0
0.0
53.390008960573475
143.36910095579452
131.0468936678614
131.7936827956989
7.467278972520908
10.453856780167264
0.0
0.0
0.0
0.0
1.1200899790919951
0.0
44.802830047789726
131.0468936678614
128.06283602150538
107.52684438470726
29.12205047789725
0.0
0.0
0.0
0.0
0.0
0.0
0.0
33.975433094384705
154.57075119474314
243.42928614097968
69.81686827956989
20.161469534050177
4.480283004778973
0.0
0.0
0.0
0.0
0.0
0.0
45.54999253285544
148.22087813620075
166.14202508960574
142.6219384707288
25.761540471923535
0.7467278972520908
0.0
0.7467278972520908
0.0
0.0
0.0
0.0
9.707194593787337
142.24854390681006
153.4502314814815
100.43395310633214
1.1200899790919951
1.8667764336917563
0.0
0.0
0.0
0.0
0.0
0.0
61.97681451612903
138.1439292114695
142.24854390681006
92.96733124253285
1.1200899790919951
0.0
0.0
0.0
0.0
0.0
0.0
2.6135043309438473
10.827396953405017
106.03251941457587
100.80734767025089
7.093738799283154
0.7467278972520908
1.8667764336917563
0.0
0.0
5.973573775388291
0.0
0.0
0.0
35.842293906810035
125.44795400238948
126.1951164874552
54.8839605734767
25.014878285543606
0.0
0.0
0.0
0.0
0.0
0.0
0.0
34.34897700119474
155.31791367980884
99.68679062126643
53.01627837514934
7.093738799283154
0.0
0.0
0.7467278972520908
0.0
0.0
0.0
0.7467278972520908
38.08262395459976
101.92790471923539
92.5939366786141
54.8839605734767
13.814392921146954
