0
0
0
0
0
123.7636433943966
603.1349146944906
1580.6959398975837
2189.0375713276153
1040.0916261990983
24.589987329008622
0
0
0
0
0
11.997314229256212
44.250010198963125
352.48495617834453
864.8664223156068
944.7201746060199
267.54047186525463
9.007837702828951
0
0
0
0
0
11.823805316708711
21.649782655033206
563.0020462816008
1189.2285581095891
1720.1007713478414
542.2105831245431
297.3482543135163
0
0
0
0
0
0
0
469.68837155609793
1203.9035787938835
1893.7750537998877
1066.32078941069
308.61475718353813
13.62429386359284
0
0
0
0
0
0
375.5971852835162
1911.1303884223298
1717.5548036811424
1410.24649582017
288.05174766771074
0
0
0
0
0
1.7246995282267754
0
370.4390647717432
2142.3981798825334
1909.59811899013
959.5479460472067
300.8587406557125
0
0
0
0
0
0
13.573996721617412
273.47584039214814
1323.2373546510319
1486.1279771285947
384.0726340601459
67.2894534019211
0
0
0
0
0
0
0
618.5611046611618
1791.5222406329412
1731.8007382840697
1290.6027799910503
101.96919632300616
0
0
0
0
0
0
36.25108488988758
368.30575865402665
1640.731247273557
2253.0066231214355
1209.2330180878841
91.04779993285935
0
0
0
0
0
0
0
327.49945745912635
286.8901897220152
1270.0560925014267
27.22825939348904
181.8967472696288
0
0
0
0.6799223144160962
0
0
0
212.69827426661243
606.27688837906
1347.2365975653147
819.414783213378
135.47902137272752
0
0
0
0
0
0
2.7347357511157284
436.10813804943564
1405.6903592410256
1914.5162085488787
884.6157954248379
138.92911553972803
0
0
0
0
0
0
4.029356541406884
419.73469895857255
1419.2138065094787
2024.8991253124493
1169.9263685017934
20.512635873222692
0
0
0
0
0
0
0
339.7736357692852
1121.5953720661914
1715.578977591697
842.6905544739798
139.5450212071746
0
0
0
0
0
0
42.076274415452744
274.9613127857462
1117.0784070463442
912.2858229738773
307.9502720748094
0
0
0
0
0
0
0
35.3388094617068
261.7504442087252
1165.1448258443802
1319.8099668527097
328.589049021682
99.90853818222402
0
0
0
0
0
0
5.723494103748607
446.9480494190645
913.4433466145531
1762.8367889496205
993.1945516269664
101.63068594706326
0
0
0
0
0
0
103.36998086157026
285.08813794627497
1181.1833082302371
1606.360422876761
696.2437697204375
205.4104927663629
0
0
0
0
0
0
0
332.5881085905051
1018.6138367006961
905.6975701037109
796.0469381255989
75.01723234092557
0
0
0
0
0
0
36.58917062123315
553.4572318734263
1520.4703054896681
2013.4771203707792
739.4895465416354
267.26698558989466
0
