301.6583841099163
236.4376336618877
97.91935368130225
146.00555566756267
136.3916273894863
471.95667226702517
699.411659199522
4296.9837962962965
5917.907687425326
5906.412152777779
2622.972147550775
1200.4332959976102
322.8409094982078
315.1876026732378
221.03869026284355
284.02194175627227
312.1235607078854
130.6471326164874
779.6213732078851
2690.997252090801
4855.919168160097
4058.2595131421754
1898.6362604540025
706.7818260902028
446.3043817204301
346.35320975209083
234.6623211618877
128.72418025686977
141.078296744325
586.8286450866187
886.7463773148146
2561.4343936678606
6386.229831242534
4320.728830645161
2448.9099761051366
639.67601291816
547.8266013291516
209.29754517622456
154.36760088112302
110.52561809289128
64.32156843637995
261.58200978195936
409.9646460573477
1509.9302225209078
3992.3239209976114
3676.7337178912776
1527.307220728793
704.1946721923533
296.18344944743137
149.90121415770608
189.30687574671447
161.4709463485663
149.09336417264046
195.4085170250896
937.3537522401434
3707.544914874551
7535.181145459979
5323.80976702509
1921.2391950418157
480.9092226702508
338.57773820191153
243.95324335424135
99.38188892622458
146.67587443996416
119.03017965949823
191.34779308542414
500.95433729092
2583.0728382616485
4774.269496714455
5748.915860215056
1399.6529905913978
752.0441655465951
222.28740852747902
141.79019302568702
124.2597666517324
201.29155350209084
161.6792883064516
281.772405167264
498.80516315710844
2658.943428912784
6508.859072580643
4109.221606182795
1186.2850097072878
793.6588074970131
540.019357078853
273.678666367981
167.68575156810033
135.3078864620669
74.01470362903227
125.19735887096775
654.5887556003586
2118.934274193549
4284.732646356033
4700.599103942653
3159.867943548387
634.4167103494625
687.8121975806449
257.0033445340502
173.4054547491039
178.32351329151732
77.9808913903823
129.12445982676226
348.1811301523299
2223.1732900238953
6757.491715203105
2661.913720878137
1673.6541965352453
769.7443578255678
526.5279289874554
254.89197954002384
175.17958669354837
132.64747632915174
208.43386981033453
274.6479274940263
922.1306884707288
2720.9458482676223
8527.618346774194
6247.059147252088
2440.814926821983
1138.6929024790923
686.504826388889
267.73193585722834
120.53174544504186
135.06937877090803
122.76451011798089
249.55494212962955
396.9672789725209
2252.6647214755085
6480.450085872162
4572.556317204302
2353.9899716248497
876.1950268817202
434.1565326314219
385.0359860364397
242.89935185185178
125.33125657108722
104.62421972072877
107.58138963560337
570.1037552270013
2438.9677382019117
5891.105581690559
4610.707433542413
2367.4690934886503
1173.987686678614
328.9280574223418
278.43992122162484
186.58516913082428
98.10552527628435
97.70379215203106
265.84992458183984
532.5643133960576
3239.57800925926
8884.694392174433
3570.1281511350066
1734.7594123357226
639.8416002090798
573.1440793010754
367.6159068847073
140.86934655017922
129.60851433691758
92.13207187126642
115.2856520310633
749.523627165472
2888.918313172044
7564.817107228196
6346.91668533453
3929.057627688172
1199.2890494324965
632.34072468638
453.4482560483871
107.54595426373959
121.14504181600955
112.86847629181602
259.2096643518519
732.6678953853045
4535.498767921145
7157.311208183992
5197.965038829152
3422.3916517323773
1039.418671594982
441.730403972521
359.8947446236559
339.9571953405018
143.59048458034647
112.39262772550775
102.98703326612907
495.49249327957
2764.8284946236554
7209.304050925926
4584.824006869773
3857.660259856631
877.0467596326166
190.56347296893665
307.7527038530466
148.38798767921148
95.82373286290323
185.80251149940264
217.39767921146958
993.2492084826764
4148.776403823176
7453.531873506574
5847.558549880526
4212.788142174434
1324.2228867980884
462.0481757765829
233.68031810035842
201.05910058243714
125.44193716397847
143.30645165023893
160.42198439366777
656.9799066606929
2379.3385827359616
6531.952523894864
5795.7067465651135
2785.3291741338103
1453.4649305555558
453.97875746714465
237.80693025686978
126.26484666218639
117.06764751344087
230.8356717443249
236.48034722222226
1549.6175477897257
4024.589262246118
8069.69254032258
5934.569100955794
3581.7722819593782
786.1703382616487
416.885179958184
292.6858404271206
117.84803278076464
200.79104913381124
123.44876161140981
191.57850246415774
733.6584225657109
3339.4005451015532
9113.403337813617
6044.095262096775
4224.48303464755
1355.83107078853
