0.0
0.0
1.8667764336917563
0.0
0.0
0.0
0.0
29.49514635603345
123.20687724014337
138.1439292114695
85.12731481481482
12.320687724014338
0.0
0.0
0.0
0.0
0.0
0.0
0.0
50.775164277180416
173.98622311827958
126.56851105137396
94.45747461170848
26.508169056152923
0.0
0.0
0.0
2.240142249103943
0.0
0.0
0.0
29.12205047789725
105.28573028673836
92.96733124253285
37.33557347670251
0.0
0.0
0.0
0.0
0.0
0.0
0.7467278972520908
1.493414351851852
49.28539426523297
126.56851105137396
122.0863201911589
100.80734767025089
25.014878285543606
0.0
0.0
0.0
0.3733557347670251
0.0
0.7467278972520908
0.0
40.69593787335723
128.80958781362008
133.6613649940263
121.33919504181601
35.842293906810035
1.493414351851852
0.0
0.7467278972520908
0.0
0.0
1.1200899790919951
0.0
37.70911738351254
121.71255227001194
97.81910842293907
87.36458333333333
7.840404719235366
0.0
0.0
0.0
0.0
3.3602337216248506
0.0
10.080734767025088
14.187481332138592
50.028001792114694
111.262208781362
0.0
0.0
0.0
0.0
0.0
0.0
0.0
8.2139075567503
0.0
48.164463859020316
141.87481332138591
120.96957138590203
0.0
0.0
0.0
0.0
0.0
0.7467278972520908
0.3733557347670251
0.0
0.0
45.54999253285544
163.53132467144565
162.78416218637992
86.99085274790922
17.174473566308244
0.0
0.0
0.0
0.0
0.0
0.0
0.0
45.54999253285544
112.3786215651135
151.5825119474313
97.44571385902032
0.7467278972520908
0.0
0.0
0.0
0.0
0.0
0.0
0.0
37.33557347670251
111.262208781362
136.64964157706092
123.20687724014337
0.0
0.0
0.0
0.0
5.226911589008363
0.0
0.0
1.1200899790919951
0.0
121.71255227001194
73.92562724014337
95.57803166069296
1.493414351851852
10.080734767025088
0.0
0.0
0.0
0.0
0.0
0.0
50.028001792114694
155.6913082437276
224.76138739545996
123.20687724014337
22.774962664277183
0.0
0.0
0.0
0.0
0.0
0.0
0.0
49.28539426523297
139.63369922341695
126.56851105137396
86.24406362007169
15.307683691756269
0.0
0.0
0.0
0.0
0.0
0.0
0.0
54.8839605734767
114.24630376344086
102.30167264038232
85.12731481481482
10.080734767025088
5.226911589008363
0.0
0.0
0.0
0.0
0.0
0.0
26.881705495818398
153.4502314814815
94.83086917562724
47.417712066905615
0.0
0.0
0.0
0.0
0.0
0.0
0.0
0.0
63.0973715651135
190.0396505376344
145.98394563918757
123.95366636798086
10.453856780167264
0.0
0.0
0.0
0.0
7.467278972520908
0.0
0.0
75.04618428912784
122.83310931899643
106.03251941457587
100.06018518518518
10.453856780167264
2.6135043309438473
0.0
0.0
0.0
0.0
0.0
1.493414351851852
11.947565710872162
111.262208781362
169.13026433691758
99.68679062126643
9.707194593787337
6.3471139486260455
0.0
1.1200899790919951
0.0
0.0
2.6135043309438473
0.0
68.69631123058544
116.11402329749106
109.0207586618877
100.80734767025089
8.587029569892474
