291.2890550328554
257.5742088560335
189.32972819593783
217.50293652927124
108.0637575044803
310.49365666069286
584.5747379032264
1812.971389635603
5936.536081242532
4542.175948327359
1400.6027665770612
704.5975541367982
577.3420777329749
186.80800515232974
157.9626274268219
120.87300922192352
110.02726892921147
55.68875959528077
523.3989109169652
1874.5604465352453
3946.8362903225807
2617.530264336919
1594.9520198626046
802.7257941308242
197.53493578255677
197.155539874552
118.4724764784946
152.06354498954605
58.667200642174436
269.71569967144575
572.9813836618875
2261.009274193548
6746.496288829152
3942.298962066904
536.93369885006
226.26696497909208
282.9193126493429
261.98900462962956
160.20670138888886
142.38534528076462
101.68127871117082
213.85371042413377
412.68534908900847
2802.3587552270014
5342.423398297492
3893.307104988054
2317.85642921147
890.2610726553164
377.11380264336924
197.5154726702509
147.1643746266428
102.50874551971326
138.0030403225806
120.33882877837517
636.2899238351257
1796.6225657108725
4832.3178987455185
3405.1925701911596
1465.725694444444
668.6910144115892
329.0699115143368
403.9285872162487
107.52867256571088
82.32749663978494
95.65240091099166
173.50827882317805
452.61260491338095
3620.824802120669
5917.459005376342
4778.726788381124
1824.0843376642772
645.4789635603346
466.66393630525687
184.64819780465953
297.245333781362
169.87537040770604
149.515711880227
260.0410689217443
994.1204338410994
3511.265669802868
6777.880339008363
6107.030525686975
3568.2318100358443
722.3110726553165
603.7614437724014
199.3765527927121
142.1775806451613
81.39796860065712
93.81776149940262
345.7096945937871
691.5627770310631
1955.406052120669
6379.080017921149
4722.462025836318
2924.656884707288
1319.8956877240141
449.3782082586618
425.792919280167
219.4209666218637
137.57480062724014
361.52331765232987
134.18071609916365
426.95923536439676
2026.3369810334532
4125.5353718638
3909.8702135603367
1937.9179024790924
866.6754767771804
370.8813026433691
485.87252725507756
161.84295885603342
128.0183974014337
151.61412686678617
203.37633549880525
573.3777691905614
2499.9003322879325
6811.075537634407
5022.499178614095
1900.820000746715
751.923290770609
574.3211070041817
345.53310969235366
131.1854991786141
170.52864172640378
148.3615589157706
223.36521132019124
686.5030645161289
3276.6156810035855
5402.721464307047
3751.3655876642756
1929.7516017025082
529.611685334528
284.9093705197133
134.29421658452807
135.85967211768218
145.11580398745522
113.79921326164875
189.37286402329752
674.6406806302269
3227.9969048685775
6477.6798760453985
6167.447491039425
2659.339796146953
526.071189889486
453.1255200866187
209.36304547491045
187.21127426821988
108.37868761200716
102.0964963784349
174.07202172939068
692.9013941158902
2600.5851291816007
7285.284774492234
4345.3347520908
3891.7708408004787
1634.3537858422935
751.3987966696535
313.85445564516124
148.05811753285548
98.40517275238949
140.5817368951613
178.13375037335726
436.6084983572282
2804.5551448626047
6862.074439964158
6055.179976851852
3638.6261200716817
1031.772909199522
450.734671072282
248.46990554062126
134.38840923685788
130.66580779569892
148.85125026135003
156.3188224313023
840.7457668757465
3703.7586842891287
6235.233919504184
5787.0143705197115
1920.1905876642768
1074.777938321386
293.0459957437277
206.52225246415767
142.26542413381122
160.85233120519712
107.39809083781363
673.3634307795701
760.5134819295102
2272.6512843488654
6389.384968637991
5273.715113500597
1699.6671706989243
617.2108340800481
450.6928692502987
273.1908501344085
170.05447576911587
142.7131877986858
141.07196161887694
170.53668533452807
623.9434031511352
2549.723700716845
4509.07545922939
3835.9493615591377
1325.145677643369
726.5837451463559
222.31422080346462
295.82453330346476
147.07526359020306
126.4518225907258
182.93481507616488
160.725
276.4744059886499
2649.9918309438463
5681.54013590203
3859.5613537933095
1279.1380973715652
712.9861032706093
358.13518854540035
378.215466323178
84.12526956391875
66.87649716248508
105.53000896057345
134.847900985663
698.1235412933095
3249.8675141875747
6670.251989994025
4243.6463859020305
1437.6697311827954
573.0707735961769
354.7742443249702
183.5691808542414
149.5272797192354
269.19737865890085
70.86193249701316
205.53034199522102
1210.2245669056156
3195.5701724910396
6386.7423088411015
5218.806059587813
2061.0818847072883
721.1527367084823
