0.0
0.0
0.0
0.0
0.0
0.0
0.0
68.32291666666666
128.06283602150538
113.12574671445641
34.72207287933094
0.7467278972520908
0.0
0.0
0.0
0.0
0.0
0.0
0.0
14.93414351851852
101.92790471923539
50.028001792114694
21.654760304659497
0.0
0.0
1.1200899790919951
0.3733557347670251
0.7467278972520908
0.0
0.0
0.0
47.417712066905615
62.35058243727599
112.75201612903226
40.69593787335723
0.0
0.0
0.0
0.0
0.0
0.0
0.0
8.2139075567503
33.22883064516129
141.50141875746715
125.44795400238948
95.20463709677419
14.561017771804062
0.0
0.0
0.0
0.0
0.0
0.0
0.0
42.93514784946237
117.98133213859022
94.83086917562724
64.21792861409797
17.5475993130227
0.7467278972520908
0.0
0.3733557347670251
0.0
0.0
0.0
0.7467278972520908
16.427848715651137
131.7936827956989
147.10450268817203
41.06933243727599
0.0
0.0
0.0
0.0
0.0
0.0
0.0
0.0
35.842293906810035
110.51508363201911
138.1439292114695
120.2227822580645
1.493414351851852
2.240142249103943
0.0
0.0
0.0
0.0
2.6135043309438473
6.7206541218638005
17.5475993130227
131.7936827956989
125.44795400238948
145.98394563918757
0.0
2.240142249103943
0.0
0.0
0.0
0.0
0.0
0.0
0.0
126.1951164874552
123.20687724014337
35.842293906810035
7.840404719235366
0.0
0.7467278972520908
0.0
0.0
0.0
5.973573775388291
0.0
36.21580047789726
125.0745594384707
129.55675029868578
62.35058243727599
8.960569743130227
0.0
0.3733557347670251
0.0
0.0
0.0
2.6135043309438473
0.0
37.70911738351254
114.24630376344086
91.47337962962963
48.911626344086024
7.467278972520908
5.226911589008363
0.0
0.0
1.1200899790919951
0.0
0.0
0.0
51.895721326164875
130.67312574671445
128.06283602150538
94.83086917562724
12.320687724014338
6.3471139486260455
0.0
0.7467278972520908
0.0
0.0
1.8667764336917563
0.0
33.975433094384705
135.90247909199522
145.98394563918757
126.94190561529271
24.64175627240143
9.707194593787337
0.3733557347670251
0.7467278972520908
0.0
0.0
0.0
0.0
31.735513739545997
125.0745594384707
105.28573028673836
41.06933243727599
13.814392921146954
0.0
0.0
0.0
0.0
0.0
0.0
0.0
49.28539426523297
132.1674507168459
154.57075119474314
85.12731481481482
10.827396953405017
0.0
0.0
0.0
0.0
0.0
0.0
2.240142249103943
15.307683691756269
85.12731481481482
141.50141875746715
52.64288381123058
0.0
0.0
0.0
0.0
0.0
0.0
0.0
0.0
20.908131720430106
158.67540322580646
118.72849462365589
29.49514635603345
10.827396953405017
0.0
0.0
0.0
0.0
0.0
0.0
7.093738799283154
12.694190561529268
118.72849462365589
94.83086917562724
70.56399342891278
8.960569743130227
1.1200899790919951
0.0
0.0
0.0
0.0
0.0
0.0
52.64288381123058
95.20463709677419
141.87481332138591
86.24406362007169
4.480283004778973
0.3733557347670251
0.0
0.0
0.0
0.0
0.0
7.093738799283154
51.148558841099174
210.5752688172043
147.85129181600954
106.77968189964157
21.281257467144563
