5.937201314217443
6.539762544802867
2.3887022103020024
2.5906137993103657
3.7899492234169654
3.8675104540023897
44.14202508960574
111.8839605734767
168.35050776583034
64.35222520908005
21.493802270011948
7.276956391875746
4.851403823205228
4.163978494623656
2.4842293906810036
2.5906137993103657
1.7258064516401148
4.876807048984468
19.085274790919954
121.6995221027479
82.93757467144565
31.535991636798087
30.87402927120669
6.44906660692951
4.851403823205228
3.458669354865921
2.822543309438471
2.5906137993103657
1.7258064516401148
8.863888888888889
26.667786738351253
48.17801672640382
54.64083034647551
59.54338410991637
15.133288530493163
6.345579450445371
4.851403823205228
3.458669354865921
2.969832735961768
2.5906137993103657
2.4263366188769413
7.9517771804062125
39.03076463560335
98.77165471923536
179.00985663082437
68.91465053763442
38.88254181600956
11.042040023894863
4.851403823205228
3.458669354865921
2.5001493428912784
2.5906137993103657
2.9756197729988054
9.7267174432497
49.44369772998805
99.74611708482678
134.21445639187576
75.04144265232975
31.647998805256865
6.68310185185185
5.814628136200717
3.458669354865921
2.3887022103020024
2.5906137993103657
2.837514934289128
6.481123058542414
44.14202508960574
92.46191756272401
135.52867383512546
73.91763739545998
26.102897252090802
6.345579450445371
5.1539015830346475
3.545041816009558
2.3887022103020024
2.5906137993103657
1.7258064516401148
5.746729390681003
40.568996415770606
107.37380525686977
116.819743130227
70.04218936678615
34.6777927120669
7.019041218637992
7.434550477897252
3.458669354865921
4.420176224611708
2.5906137993103657
1.7258064516401148
12.059080047789724
60.66308243727599
50.459229390681
134.21445639187576
61.80219534050179
30.87178912783752
9.68746266427718
7.948028673835125
4.637208781362008
2.3887022103020024
2.743455047789725
2.275089605734767
9.997401433691756
40.568996415770606
73.60737753882916
96.90486857825567
55.08176523297491
27.758736559139784
6.345579450445371
4.851403823205228
6.041816009557945
2.8981854838709675
2.6813620071684587
4.376568100358423
5.885991636798088
43.82467144563919
126.17234169653524
114.91562126642772
63.50097072879331
22.24723715651135
9.56160394265233
4.949316756272402
3.458669354865921
2.6020422640382317
2.695691457586619
1.7258064516401148
5.885991636798088
28.22729988052569
140.5428614097969
136.1036439665472
68.91465053763442
29.159572879330945
6.441106630824371
4.851403823205228
3.458669354865921
2.3887022103020024
2.686140979689367
3.337813620071685
13.432661290322581
44.784199522102746
211.52927120669057
185.07691158900838
80.35058243727597
45.26471027479092
10.958781362007167
6.211469534050179
3.5733012246117086
2.3887022103020024
2.6686267921146953
1.7258064516401148
13.189605734767024
37.53360215053763
66.70773596176822
189.2659796893668
42.53360215053763
49.27718040621266
15.270683990442052
9.226403823178016
3.458669354865921
2.55586917562724
2.6383773894862603
1.7258064516401148
0.3334229390953121
45.411439665471924
82.93757467144565
185.07691158900838
119.2469384707288
36.04988052568698
7.659050179211469
4.851403823205228
3.458669354865921
4.62869623655914
3.13511798088411
5.888739545997611
11.932511947431303
45.452508960573475
114.85215053763442
148.1070788530466
120.19153225806451
31.39374253285544
6.345579450445371
4.851403823205228
3.722954002389486
2.3887022103020024
2.5906137993103657
1.7258064516401148
3.4221326164874553
35.17734468339307
75.05227001194743
127.47535842293907
90.97632915173237
18.733049581839904
9.851366487455197
4.851403823205228
3.458669354865921
2.3887022103020024
3.1685334528076465
1.7258064516401148
7.9517771804062125
17.556376941457586
95.44877538829152
100.73924731182795
55.43272102747909
20.403225806451612
6.44906660692951
5.042450716845878
3.5836506869773
2.3887022103020024
2.5906137993103657
1.7258064516401148
9.010244922341695
40.834080047789726
100.73924731182795
121.44937275985663
57.51232078853047
21.18652927120669
11.107004181600956
5.859206989247312
4.163978494623656
2.3887022103020024
3.0841547192353644
1.7258064516401148
10.323715651135005
73.60737753882916
109.61768219832736
97.00940860215053
64.98319892473118
23.86424731182796
8.435931899641577
7.828666367980884
3.458669354865921
2.3887022103020024
4.63048835125448
1.7258064516401148
9.320131421744325
65.72207287933094
145.58318399044205
317.07362604540026
132.4189814814815
45.51075268817204
11.054360812425328
