419.1232534348866
268.14639486260455
192.90867234169653
245.95901452359618
202.50187257317805
255.12930032855436
1388.15495818399
3696.1910394265224
8253.842678464754
6223.439262246117
3623.3395683990443
1196.377034796894
445.9936525537635
312.26196236559156
125.17995250896062
173.75909737156516
107.96290561529273
178.50329338410992
543.6525014934289
2901.982683691757
5935.358673088409
3841.6709938769413
1165.7398110812426
526.1342988351255
426.7139911887694
259.02558243727583
192.21122535842292
186.30859311529272
131.01492876344082
526.185171744325
655.0293231033454
4053.863500597371
7240.057377538829
5637.849215949822
2420.59896953405
1165.8782108721628
469.9949376493429
230.29969571385897
156.02666554659496
100.85215811678617
123.52323924731178
251.3371557646357
509.565516726404
2054.5543122759855
5183.676672640383
4675.691991487456
1863.2716957885293
939.7421333632019
327.50406474014324
245.2789508661888
127.99554386947426
127.98581895908006
108.24494149492233
173.73669504181603
535.476262694146
2399.7683057048985
6771.059755824372
5228.248424432496
1933.916110364397
698.8056496415772
268.30637470131416
110.66807459677422
73.29759139784946
133.87467301373957
107.91341397849462
241.2077165471924
671.5893201164873
2866.1971027479094
5827.696594982081
4336.61559139785
2620.8757243130212
754.566009557945
433.5646983273596
159.347148297491
116.6962469384707
150.3791879480287
78.85618257168454
132.86923909796894
525.9823603643969
1820.2026359020315
5280.655271804062
3660.9084938769406
1838.0143593189957
584.1614631869774
259.16261126045407
325.9866513590204
127.64875302419358
111.9930664202509
65.9056567727001
188.43781530017915
504.9097248357227
2491.754233870968
5315.272595579449
4611.5034162186375
1786.5806190262847
1037.2641427718045
272.5118260902031
234.25702583632022
107.63230017921147
148.37756048387098
130.15528457287934
104.52273260155314
607.84665546595
2482.805454749104
5180.363343787336
4499.335894563918
2142.7148670848264
634.9273801523299
352.01246303763435
210.05946385902027
233.73972222222227
118.10313429659497
110.05769511648744
185.54506981780168
488.7469832735962
2023.8073439366783
5052.614665471921
3291.966270908005
1322.6479129330946
764.5560334528077
495.1580574223415
231.72146692054963
181.41360327060934
345.91213485663087
110.09848148148146
250.87654271206696
526.1773939665475
2177.2744362305853
5513.448357228195
4017.9764896953407
1590.0766913082439
579.3321490442056
586.1476142473116
538.9281339605736
218.42108908303462
215.81779644563923
188.92921034946235
255.0536846624851
738.2454472819594
3071.242379778973
7071.422311827957
5542.169560185186
3826.138246714457
1359.8662410394265
621.6530458482679
321.815240442055
233.94359468339306
193.13707187126636
131.2542216248507
323.7232332735961
1052.49841323178
3707.8347744922335
8189.424581839901
6227.808710424135
4010.632665023895
1443.5825716845877
529.9105058990442
243.19075194145762
171.5119623655914
87.68212141577062
113.72750533900835
118.13124850657104
624.571146953405
2311.9655279271205
5877.928255675032
4803.562865890083
2206.6537485065705
599.4601157407408
347.24525910991633
219.38112604540024
114.47644713261649
93.77695758661886
110.40576941457589
110.29892473118275
494.50387918160106
2317.5432123655905
4880.073502837513
3364.372927867384
1526.8815300179212
614.4149014336917
342.0905913978496
333.57625336021505
102.22877475358422
157.3280489097969
162.72167495519707
399.99191905615294
572.525499178614
2759.2832698626044
7217.543895609318
4898.178136200717
1721.4906959378734
622.3633594683394
386.6148357228196
223.9468204898447
109.75131474014336
168.43195138888885
108.86341304510155
140.4834697954002
769.5414489994025
2935.288425925926
6743.96071908602
4088.6974574372775
1815.7350582437273
633.3793208632019
477.2694799133812
129.7200986409797
185.48375597371566
150.93080850507764
374.49056712962965
223.43826986260459
509.26327770310604
2405.126340352448
6081.071367234167
3571.39916367981
1258.0491226105144
536.590710125448
319.8487178912783
335.8700246415772
120.75077210274793
144.85759113649942
173.35241151433695
673.1748730585424
842.7056339605733
2824.213840352449
6552.4156959378715
4947.959009109915
3156.428255675029
932.1020788903822
490.9443044354838
261.7786144713262
136.32302494026283
86.87609886499403
98.28271509109916
225.44844758064517
544.6312380525688
2425.057489545998
6546.570265830348
6245.866394115888
2071.8210946833924
771.2946408303466
