0
0
0
0
0
72.41134351387093
651.4731016717906
2022.0844554292437
1882.6139602165051
1278.107979245693
261.81590578779
0
31.32957726466504
0
0
0
0
57.373890127278514
383.7525039680698
811.8971122797647
1134.949042586904
575.7240516143586
41.450863389806244
0
0
0
0
0
0
49.97535015802005
497.22023624575854
1177.5805593043324
1204.9473215270532
370.97925098595283
103.91101566357605
6.6583315339883455
0
0
0
0
0
38.948688553056215
758.7803667771253
1893.9916910997374
2668.581281398455
1171.6821992075836
145.29228854554535
0
0
0
0
0
0
0
526.9199899430142
1803.9731303578137
1892.489466166208
820.2763643984255
162.82444778718505
7.053667435010468
0
0
0
0
0
66.08563087824605
431.7398413547778
1589.5692521644924
1574.1874260391148
854.9608791415912
161.4211659842669
0
0
0
0
0
0
30.015865001187272
406.9203968437611
1361.5755416283316
988.588774619634
885.3017260553672
101.97669205186139
0
0
0
0
54.059495551148544
0
0
491.44118231946544
779.6722555672304
791.4520226329347
372.61928238053645
52.54659327641116
0
0
0
0
12.764247290128498
0
131.05440030207396
473.697037029176
1211.251333892434
1141.3466768848764
951.8760139062834
89.05138416225002
0
0
0
0
11.720534700088766
0
0
361.967050051719
893.4896520876066
679.8324515217377
332.73680927401466
49.54612749662999
0
0
0
0
0
0
19.74485800558002
345.0537476835777
1194.3783668736835
1639.3143305402248
689.6802402026253
206.92443654596525
6.679212979118475
0
0
0
0
0
0
436.10813804943564
1479.282055776271
2007.138669719727
1024.3350307892345
179.25595245729076
0
0
0
0
0
0
44.098763650128504
363.1512909537935
974.7730956373161
1680.6122376183034
969.505968262845
289.66810182304346
0
0
0
0
0
0
35.29895203543692
504.6134655183892
1514.193565017207
2091.4735415104547
1128.5653304596428
265.3427362609381
0
0
0
0
0
0
1.5743329578661047
502.1507169076101
893.4855904394148
595.2741742283577
0
52.89777796345673
0
0
0
0
0
0
56.91191280698757
352.56656577383876
1189.346588090497
1466.1114901502006
648.0614952582412
111.28327683216429
24.546590887410716
0
0
0
0
0
0
0
520.2070861605505
553.4595488062515
342.71740108933193
76.99056497932133
0
0
0
0
0
0
20.633869750459155
445.482776536478
917.2578303329849
893.1902466521494
468.2725928984543
79.8970145704251
0
0
0
0
0
0
22.489410048694168
442.7549992715087
1113.6220505597164
1377.3048729710945
0
48.43733389409162
0
0
0
0
0
0
23.111572054924892
399.93609985431044
1182.3930952148771
912.1431149944349
536.8879933755661
0
0
