520.5402561230585
301.75510790023895
150.56787522401433
162.55086402329746
201.6506093189964
341.25468115292705
1247.3931115591397
4303.701135005975
7906.767786738353
5856.712182646357
3622.6401471027484
1169.1519003882918
497.4062806152928
129.40876456093193
148.05665807945041
128.5936960498805
100.04992058691757
162.13939628136205
647.133349387694
2315.304200268818
6155.93547267025
4251.924477299879
1750.0068959080047
645.3626541965353
253.12691793608116
204.34028487156507
194.21443809737156
118.76837443996416
145.10688788082436
167.0168313172043
701.4623275089605
2353.483008512545
6251.177576164874
3671.703173536438
1760.4488799283165
630.3919369772998
373.1302318548388
314.6781720430108
117.4476036066308
128.69981141726404
226.66566942951016
187.40137806152924
782.7206660692954
4299.328270609316
7527.177516427718
6295.428722371564
2247.642264038231
1012.4990367383516
579.2467256197731
319.19432870370383
139.32737518667867
126.78064491487457
183.9478615218041
209.31873394563922
719.0514157706092
3236.4896020011947
7416.3769190561525
5906.257474611711
2491.430279271207
992.3702135603348
467.5114952956989
410.08144937275995
202.67150537634407
223.43454151732382
118.75573133960573
194.8366853345281
637.7745631720431
2941.0999178614093
6755.512111708485
5400.105044056154
2266.5304323476703
774.6242544056153
507.3987451463562
347.1824701314216
156.91476179808836
71.56149910394268
108.51484374999998
176.28477934587815
531.727554136798
1864.9139448924734
5943.346680854242
4010.082605286738
2159.0530689964153
628.9734565412189
430.1184053912784
143.99764534796896
167.7854681899641
144.7424536290322
102.47663108572279
187.65001642771807
943.0667898745525
2357.4342144563907
5457.346098416965
4589.956171594983
1626.1977523894866
562.6866535991636
362.1638384856632
214.5217835274791
161.5660551075269
102.58196662186381
99.91011447132617
210.34546296296287
368.4449103942652
2130.9515344982074
5197.964471326166
3485.1175515232967
1497.9661327658303
296.7541237305855
275.34862753882913
265.57600881123057
338.57616636798093
160.96837096774195
145.41599891726403
345.01341173835124
573.8572031810038
2913.6631123058537
6516.195351702506
5086.98214979092
1656.8406324671457
636.5580335274789
538.2776933990444
303.7484860364396
123.8062550403226
204.7052359617682
121.46081324671445
299.63922267025094
1472.1273297491034
3898.755521953405
7990.341916816011
6277.519231630826
3469.7420736260447
1304.0390755675032
927.0407362604535
331.2930062724015
101.11169526583033
164.43867529121866
179.13663717144564
190.87155488351254
512.9664389187576
3428.2372423835127
7249.846908602149
5794.836913829153
2656.4725283751477
1344.8194183094386
604.7843727598564
237.76357825567513
164.79294130824374
141.69493735065706
242.2432690785544
131.92333445340498
609.3317286439664
2445.5671482974913
6023.207851702509
4200.884050179212
2189.8240143369176
1311.647293160095
372.1484233124254
349.694482900239
99.44625518966551
123.4337949522103
99.75355357676224
151.63932609020307
510.816966845878
2315.5750746714457
6129.6575268817205
4275.129853643966
2141.9938545400237
588.3949410468936
284.7167316308244
262.0783534946238
321.68304360812425
166.86382437275986
156.84725552568702
347.80171370967753
1054.0662149044203
3300.680286738352
7428.492502986858
5537.781895908006
3811.4575903524487
957.4735625746713
235.06085162783756
293.36143294504177
168.9521650985663
238.05402479092
113.46519041218637
282.58251866786145
1108.3174350358431
4191.498734318997
8888.768111559139
6755.718346774193
4212.3923387096775
1040.1256533751496
616.2073730585423
287.72877912186385
201.83183990442055
136.4741221251493
172.87373282556752
203.75052456690557
551.6525190412185
3218.1232713560335
6527.817928614097
5224.3509819295095
1955.4243092891286
855.8121901135006
403.65213672341696
238.30480137395452
141.63493092891278
146.57029820041816
79.28272517174436
113.05684550477899
513.4496012544801
2502.9372461170847
6874.498502837512
3635.1145721326156
1567.6415285244918
864.7218160095578
249.15194892473122
192.18776321684587
128.58202322281963
109.78942211768224
123.16450567502989
35.82029218936679
413.49796445639197
2029.1286103643963
4403.646225358421
3508.194358572282
2038.8524230884118
746.5068749999996
398.070554808841
238.4409315262844
214.77190561529272
150.12580309139784
70.10213522998805
299.96350321087215
645.8888037634407
3229.431981780168
7288.291367980885
5393.773704450419
2069.6558654420546
1199.5214392921148
