5.815785543612612
4.146132019120379
2.863575268821692
3.1056227598611184
2.068884408606638
0.3997162485110588
4.487753882915173e-12
145.23633512544802
403.2276732377539
259.8241487455197
188.7649342891278
44.19586320191159
5.815785543612612
4.146132019120379
2.863575268821692
3.1056227598611184
2.068884408606638
0.3997162485110588
4.487753882915173e-12
99.31302270011948
348.713784348865
251.9858870967742
18.14142771804511
7.606780167268525
5.815785543612612
4.146132019120379
2.863575268821692
3.1056227598611184
2.068884408606638
3.0132205794504183
19.414725209080046
92.59445937873357
282.6303016726404
414.7711320191159
156.28322879330943
24.034460872162484
21.123282556750297
10.866450119474313
2.863575268821692
3.1056227598611184
2.068884408606638
21.307758363201913
4.487753882915173e-12
240.44242831541217
627.2401433691756
644.7573178016727
226.1021505376344
47.556003584229394
5.815785543612612
4.519489247311827
2.863575268821692
3.1056227598611184
8.789202508960573
0.3997162485110588
4.487753882915173e-12
114.2461917562724
562.6680107526881
281.1084976105137
177.9394414575866
39.71546445639187
5.815785543612612
4.146132019120379
5.103711170848268
3.1056227598611184
2.068884408606638
0.3997162485110588
4.487753882915173e-12
136.65023894862605
514.47020609319
398.71415770609315
133.88366188769413
41.95545848267623
14.029868578255678
4.146132019120379
5.103711170848268
5.345758661887693
2.068884408606638
0.3997162485110588
4.487753882915173e-12
4.487753882915173e-12
568.6417264038232
470.37821087216247
132.38761947431303
37.47550776583035
35.31100657108722
4.146132019120379
2.863575268821692
3.1056227598611184
2.068884408606638
0.3997162485110588
14.560857228195937
111.63493130227002
276.65994623655916
239.66435185185182
130.51971326164875
7.606780167268525
5.815785543612612
4.146132019120379
2.863575268821692
3.1056227598611184
3.9356929510155325
0.3997162485110588
4.487753882915173e-12
126.19623655913979
356.55615292712065
374.81854838709677
160.76202210274792
7.606780167268525
5.815785543612612
4.146132019120379
2.863575268821692
3.478979988052568
2.068884408606638
0.3997162485110588
4.487753882915173e-12
115.74223416965353
322.57840501792117
411.0356929510156
18.14142771804511
19.554099462365592
5.815785543612612
4.146132019120379
2.863575268821692
3.1056227598611184
2.068884408606638
0.3997162485110588
31.73517771804062
98.565188172043
237.82706093189964
276.62522401433694
18.14142771804511
34.11495669056153
28.590651135005974
4.146132019120379
5.103711170848268
3.1056227598611184
2.068884408606638
0.3997162485110588
6.347222222222222
163.52859916367981
323.3266129032258
470.775462962963
168.97662783751494
83.77240143369175
5.815785543612612
4.146132019120379
2.863575268821692
3.1056227598611184
2.068884408606638
0.3997162485110588
26.88168309438471
171.74320489844683
489.86036439665475
390.12768817204307
213.03203405017922
40.462141577060926
13.65628733572282
4.146132019120379
2.863575268821692
3.1056227598611184
2.068884408606638
0.3997162485110588
4.487753882915173e-12
222.52202807646353
513.7604540023895
543.1862305854241
313.0936379928315
28.51482228195938
5.815785543612612
7.506335872162485
2.863575268821692
3.1056227598611184
2.068884408606638
0.3997162485110588
15.307497013142175
212.0676523297491
504.4224163679809
554.4235364396653
407.1796594982079
34.48846326164874
5.815785543612612
4.146132019120379
2.863575268821692
3.1056227598611184
2.068884408606638
0.3997162485110588
4.487753882915173e-12
246.41763739545996
484.6397102747909
543.1862305854241
206.68570788530465
81.53300477897253
5.815785543612612
10.866450119474313
6.970515979689365
3.1056227598611184
2.068884408606638
0.3997162485110588
4.487753882915173e-12
150.0918458781362
557.0452508960573
526.7633661887693
175.69967144563918
34.862044504181604
5.815785543612612
4.146132019120379
2.863575268821692
14.306302270011948
2.068884408606638
0.3997162485110588
16.427680704898446
82.88418458781362
398.0006720430108
288.20340501792117
18.14142771804511
23.287783751493425
9.175989396654721
4.146132019120379
2.863575268821692
3.1056227598611184
2.068884408606638
0.3997162485110588
4.487753882915173e-12
188.1724163679809
356.55615292712065
309.11140979689367
274.63672341696537
65.85200119474312
5.815785543612612
4.146132019120379
8.464120370370368
5.345758661887693
2.068884408606638
1.8931526284348865
2.986872759856631
208.70855734767025
426.37432795698925
554.4235364396653
257.4641577060932
44.19586320191159
