1702.7255040322577
736.9006712962961
704.9021094683393
720.3087962962964
799.9755712365591
1324.803722371565
1730.437354390681
1991.6407930107528
2309.1531698028675
2615.6154420549574
2647.8242980884115
1680.5340875149338
1253.1056488948625
857.3828741039423
877.1613828778376
674.933216472521
820.7784823028677
1054.9765210573478
1623.8830383811235
1932.9416405316615
2568.43710797491
3308.625362156512
2281.9078181003592
1782.7405913978494
1165.716315710872
993.8233833632019
787.2110215053764
693.5924469832739
764.6822916666669
1029.1817204301078
2020.6230734767025
2113.9266315710875
2802.077311081242
3231.315822879331
2597.4207138590205
1683.8304510155317
1367.5106481481478
1149.9748394563926
478.50259856630834
528.6798909796893
861.0481668160099
734.1871699522102
1499.7785207586621
1837.2830869175623
2851.7692801672642
3477.1865666069293
2775.22229689367
2284.3683243727583
1959.7544989546002
1336.8968600657106
790.0150336021504
495.8858012246116
735.1404980585424
787.5654532556748
1254.50718339307
1662.8642323775389
2522.5094832735967
2732.2063918757453
2371.000373357228
1543.726627837515
1002.3951866786144
904.9390083632021
573.6340613799283
719.7418869474313
585.0561865292711
645.0060121714455
1536.922173685783
1628.5238799283154
2502.07414874552
2597.706727897252
1924.130936379928
1541.711954898447
1107.497308094385
2224.1702135603337
1099.9389075567503
1052.2898558841102
1333.6981929510162
1426.0116412783752
1777.1741823476702
2293.2252837514934
3420.591285842295
3635.8271356033447
3117.93354241338
2424.8478195937873
1913.2167338709678
1133.767297640383
879.4602038530468
913.8202994324972
1009.2617383512545
1300.9933430406213
1636.6149268219833
2481.218298237753
3206.2161140979683
4003.3805630226993
3513.680331541217
2421.5999850657104
1667.3093974014334
1142.108788829152
831.0602785244919
796.8385043309434
809.7075742980886
1081.792221102151
1142.9852187873362
2043.2273148148151
2498.8876717443254
2751.1344459378734
2413.9769265232976
1502.3075343488656
1403.682045250896
1816.010215053764
2016.2721886200716
1539.6890154569887
1129.0462888291515
1598.516565860215
1871.2181488948627
2333.4411290322582
3428.668272102749
3456.4660991636806
3292.825489097967
2507.513470728794
2204.476900388292
1895.866842144565
1316.988929958184
1407.1804622162488
1023.9151695041816
1488.1247386499404
2411.5453181003586
2938.9562238649937
4127.592107228197
4551.507616487456
4655.885229988053
3186.2356257467136
2771.2617607526886
1441.5317913679803
1238.0704599761048
827.6973977001195
1006.4925664575862
1304.1221774193546
1568.174865591397
2461.5802232676224
3720.7971923536447
4094.7926000597363
3518.6658079450426
2249.7466024492232
1769.4063620071688
912.7523297491041
812.592278972521
731.5666517323776
733.7802008661887
932.7611932497015
1501.1716584528078
1636.476851851852
2807.020758661887
3086.95934139785
2377.656884707288
1666.3732078853043
1295.3251568100359
1093.454857377539
775.2623991935486
785.3881160394262
879.2159460872165
1364.8915695937876
1782.8124215949824
2515.451060334528
3162.8846363500593
3788.6494175627254
3051.0885603345273
2097.4624402628438
1586.2547416367984
1278.2776022998796
1067.4058740666073
961.265919093488
1057.0359580346478
1424.877594832736
1904.7788605137398
2483.6017734468337
3840.9338074970133
4402.531511350059
4336.358273596177
2722.8827658303453
1982.6934065113496
1456.946617383513
944.3249365292714
1006.211144713262
876.2174413829159
1349.5001642771808
1735.461462066905
2672.571049880526
4258.858609617681
4465.318399044206
4186.673797789723
2594.141129032259
1709.8501456093186
1382.372155017921
907.8876306750301
996.0481268667857
1042.1189624402627
1342.819317502987
1814.572632915174
2567.797296893669
3546.9177942054966
3866.8289650537627
3430.383960573476
2270.650313620072
1790.5334266726416
1367.5483684289131
1065.5850462962962
1087.8269675925922
1165.4495486484466
1448.9809599014336
1868.207194967145
2509.947113948626
2894.6524529569892
3100.955981182796
3299.723491636799
2575.2186753285546
1942.8871602449226
1703.0018567054963
1425.3494997013145
1638.8077882317805
1217.8380339008365
1695.2169142025089
1792.9143884408609
2565.012653076463
3392.1830010453996
3975.9889486260445
3617.361671146955
2612.601814516129
2398.678035394265
2104.303856780168
1305.9077732974908
1097.3130712365592
937.5829338410991
1408.2436790621268
1706.5363313918758
2541.857784498208
3661.2204338410993
4241.351366487455
3536.2800552568706
2132.3370071684585
