499.5087466397849
301.4614658004778
137.22561081242537
177.86290658602152
302.7720788530465
425.5217331242534
720.5409412335724
3245.495620519714
5164.8833408004775
3615.75551448626
1852.6112791218638
592.8161689814813
427.7990505525687
312.56837813620075
111.56222692652335
117.36825649641578
147.18898439366785
114.66112275985665
1347.0414949223418
3077.8267473118276
6591.626138739546
5328.223189217446
3276.664732676226
752.3559333930706
338.7423140681005
233.7502333482676
117.24846934737157
264.50277337216255
107.28947397700118
174.12102673237754
730.9103573028674
2679.2653001792105
6895.182459677418
4897.320512246117
2497.3263702210274
979.1549955197131
374.1908826164876
461.8257732228196
186.0441013291517
138.73119332437275
123.38545157556753
112.05120295698924
525.732014262246
3035.138041367981
6088.872087813621
4219.172860663083
2302.758553614099
883.75595504779
321.9192114695341
222.18169728195943
231.92348528972522
438.5605966248506
133.23115053763442
599.2050821385902
661.94888739546
4170.073062275986
7815.2257019115905
4993.538821684587
3656.309781959381
931.7297192353649
625.6540244175624
317.0117682198328
145.26226284348868
110.47343660394264
144.0020400238948
307.53784722222224
1294.4173237753878
2466.7114732676223
8245.569821535244
6267.844392174432
2912.0451874253276
756.3654842443246
521.7238795549582
309.3351904121863
105.75543843339308
143.57683885902026
54.62108594683393
150.99786663679808
349.1900713112306
2749.4644526583033
6450.776896654719
5356.428136200718
2705.196423237754
1339.7358908303465
659.8056978046596
334.4542786738351
191.7917282706093
104.92866991487455
69.24029619922341
132.95954487753886
433.22688470728787
2373.704196535245
5728.609020310631
5632.099622909202
3724.046262694145
625.0208236260452
455.943257541816
228.76897886798085
161.62600507765836
108.4400999850657
127.12750680256869
149.1439493727598
466.9420732526881
3275.762231182796
7922.9120930406225
6231.111551672639
1819.736876493428
518.1632063918757
190.17172491039426
318.56454786439673
239.83340539127838
79.60225918458782
117.97712182646355
156.79240632467142
650.0099096475509
4646.5061230585425
8042.406668160095
5531.943925477895
1401.52897625448
686.385548088411
337.0863000298686
170.72209882765827
225.57884968638
128.37568806003583
48.75478643966545
127.3850321087216
530.9573958333332
2036.5645945340498
4691.192932347671
4278.6319556451635
3601.761084976106
1175.3321833930704
299.4816110364397
182.40384557945046
86.38505619026283
151.97532911439666
145.01834460872163
266.05816942951
445.24057907706083
2776.1276321684595
5045.787761350059
4753.112462664277
3094.442738201912
1162.3545138888892
334.06318175029867
415.4410203853047
79.83363586469534
212.25045609319002
75.82568384109915
224.5813190710873
868.2291517323778
4795.935480137395
9693.484300328551
5742.440815412184
3891.727128136199
1331.5273894862598
356.108246341099
259.60602486559134
94.26398084677416
153.0705823626046
99.01289124103941
171.60596848864998
692.4101280615292
4113.992338709679
7430.828349014337
5537.549858124254
1871.900436827958
728.6119283900837
540.0138466995222
293.57904420549585
241.4997815860215
160.43378300477892
91.49388011499403
234.2413071236559
401.15242532855416
2238.460166517324
5174.5683915770605
3031.474746117085
1934.5613052568708
1366.5247722520912
281.47115442054974
268.9282866636798
211.72381720430107
128.2684650537634
214.18477822580655
112.2296044280167
436.04464045698916
2132.3277068399043
6800.629946983274
3487.2890232974905
1687.2094272700117
473.9536521804061
409.7678539426523
182.88535431600957
161.96814665471925
162.04733109318994
198.210453255675
126.77160954301075
763.1619339904419
2654.9346064814813
6205.209897700121
3836.324802120669
2721.310401732378
868.9897229689367
277.2817629928316
255.9376198476703
149.37743242234168
149.9144932422342
96.40045870669059
164.53669231630826
702.7160293458785
2525.274171146953
5622.32642622461
4017.6599611708484
1388.3262992831535
505.7254928315412
755.0220993876941
240.81967405913974
264.047116935484
137.22405757168463
145.8170520086619
255.3148148148148
612.5523178016728
2584.7142286439657
4900.122274492236
4043.554823775387
1580.7272140083628
557.9249339157705
193.42878024193547
185.264769265233
154.90362193847076
124.41403688769414
57.91156701762246
294.5107280465951
725.0161155913977
1430.0744735663081
4451.548021206692
2364.1213597670253
969.3966364247308
487.9297808393071
