21.46415770609319
11.06537485065711
5.993092891278375
1.3894787933094386
2.531418010752688
8.769601254480287
37.086880227001195
132.1486708482676
246.0849761051374
301.307123655914
222.8513291517324
78.24074074074075
33.9761798088411
22.699559438470725
5.4662485065710875
3.370239695340502
3.379678166069295
6.870557048984469
24.30940113500597
72.39359318996416
194.36267921146953
212.0870669056153
128.6391129032258
54.791666666666664
32.294765531660694
5.921221624850657
6.351590501792114
4.948364695340502
7.977561230585424
10.993279569892474
30.551971326164875
94.55346475507764
197.79009856630822
215.84192054958183
149.85215053763443
41.67170698924731
17.219907407407412
7.400910991636796
6.370893070489845
2.3785244922341695
3.6917786738351253
7.781847371565112
25.4761798088411
78.83512544802869
188.13769414575867
186.7297640382318
85.91285842293907
32.469160692951014
18.12163978494624
5.875186678614098
5.584901433691757
3.544843936678615
2.509647550776583
5.578927718040621
27.516726403823178
84.11589008363201
187.15501792114694
182.83527479091995
95.11163381123059
36.832175925925924
14.648521505376344
9.543309438470729
4.163235513739546
4.157366338112306
3.620661589008363
10.766950418160096
22.875858721624855
67.26702508960574
171.36798088410993
207.58624551971326
79.5952807646356
35.64755077658303
22.685073178016722
8.958520011947432
3.3678875448028673
4.111252986857825
2.3669989545997616
4.018962813620072
13.125336021505376
68.89299581839904
119.96602449223417
99.50007467144563
39.108086917562716
14.788493130227002
14.41569593787336
8.834378733572283
9.589344384707287
3.733646953405018
7.578927718040623
23.915770609318997
32.05350209080048
91.95153823178016
111.79883512544802
177.1389635603345
66.99484767025089
27.665098566308245
17.86506869772999
10.532295400238947
7.738687275985663
4.718443847072879
2.9789575866188764
9.11391129032258
34.05566756272401
94.69235364396654
155.7922640382318
133.34266726403823
74.62813620071685
27.412111708482676
15.840464456391873
14.798835125448031
5.7923013739546
6.662205047789725
3.896434438470729
16.445153823178018
31.303352747909198
92.98797789725211
207.04189068100354
215.84304062126643
151.53748506571088
43.12675477897252
17.172565710872163
9.040285244922341
3.639564665471923
3.5956018518518524
2.4829189068100357
13.191046893667862
75.83930704898447
100.43346774193549
256.49230884109915
256.5176971326165
168.7873357228196
55.29756571087216
12.764448924731182
15.342181899641574
4.93424432497013
3.995243428912784
1.756533751493429
9.213597670250895
38.98752986857826
69.32683691756273
208.2844235364397
210.7631421744325
102.9226403823178
67.38575268817205
17.051933990442055
9.998730585424134
3.9703629032258063
2.8189292114695337
4.865292712066905
6.822692652329749
34.00470430107527
92.04375746714456
148.98372162485063
152.16696535244924
57.405167264038234
34.267622461170845
13.964792413381122
7.661589008363202
3.0940225507765837
1.8105809438470732
3.4772065412186386
11.74540770609319
33.15483124253285
80.3494623655914
152.3334826762246
161.29480286738348
91.41278375149344
29.884483273596178
13.834154719235364
5.271057347670251
5.02116935483871
3.6369660991636796
3.635857228195938
7.231854838709677
27.14433990442055
69.17562724014336
200.15681003584228
202.95288231780168
126.83169056152924
13.059289127837514
16.418906810035846
15.610999103942651
6.40625
7.0958408004778954
3.5331429211469536
7.670138888888889
24.972110215053764
109.29734169653523
219.44033751493424
229.96229091995215
137.1942204301075
44.76030465949821
22.646468040621265
7.933169056152925
9.430592891278375
3.1608646953405013
3.9431190262843487
4.44285394265233
33.00746714456391
81.06332138590204
158.33183990442055
176.31795101553166
118.12873357228196
38.663418458781365
49.39142771804062
7.0892323775388295
4.971736857825568
3.4508885902031072
1.0107900238948626
4.865188172043011
22.232302867383517
53.50731780167265
119.82788231780167
136.46692054958186
39.26545698924731
24.24940262843489
10.894265232974911
8.161551672640384
2.8989209976105137
3.0158826164874553
1.6010491338112305
9.753397550776583
48.603270609319
90.0821385902031
226.8283303464755
221.5236708482676
173.3027180406213
51.545325567502985
20.305368876941458
12.602747909199522
6.39433990442055
3.700328554360812
3.2747871863799283
10.375709378733573
44.63859020310633
115.2113201911589
259.07519414575864
270.8546146953405
210.80645161290323
78.8336320191159
