14.295325567502983
10.17558990442055
5.222558243727599
2.8698850059737158
9.637694145758662
13.297192353643966
55.320340501792124
86.47438769414576
210.51187275985657
205.82175925925927
90.0910991636798
32.12996565113501
12.81795101553166
9.71135752688172
7.347222222222222
2.9564740143369175
3.5096662186379928
22.712701612903224
40.17995818399044
74.90964755077657
235.60334528076464
218.15785543608123
87.30473416965353
65.92331242532856
45.637694145758665
10.453068996415771
6.950866188769415
3.9938097371565107
3.565886350059737
5.769003882915173
45.99537037037037
107.38127240143369
208.50993130227002
196.4781212664277
92.12776284348865
39.29450418160096
17.148185483870968
12.004144265232974
5.67461917562724
4.229484020310633
1.8755861708482673
8.755749701314219
37.12182646356034
82.59595280764636
212.84834229390685
271.09692353643965
95.28935185185185
33.123917264038234
18.732862903225808
6.6577434289127835
5.868988948626045
4.438508064516129
6.22526508363202
8.922304360812426
36.408266129032256
98.02942054958184
219.57138590203107
195.8165322580645
92.67659796893668
40.183057048984466
29.497759856630825
7.937462664277182
5.010827359617682
3.628965053763441
1.1291517323775389
4.315905017921147
16.413194444444443
88.72834528076463
197.29316009557948
237.21102150537635
119.57101254480287
43.51075268817204
23.412111708482676
11.172080346475507
4.548200418160095
5.872722520908005
1.5086245519713262
14.096699522102751
14.088037634408602
80.04928315412185
151.08273596176824
178.95758661887695
34.6308990442055
46.512395459976105
22.09087514934289
8.43656660692951
10.172939068100359
2.7189852150537632
8.002613500597372
5.5004853643966545
60.23110812425328
89.6046146953405
162.93757467144567
190.5141129032258
91.8376642771804
31.363313918757466
13.937387992831539
5.044877538829151
2.303864247311828
2.8180256869773
3.4545176224611707
4.184442204301075
39.658751493428916
42.00336021505376
142.14643070489842
91.05137395459977
47.092293906810035
13.304734169653525
15.005040322580642
9.695564516129032
8.03490890083632
3.5914575866188763
2.600810185185185
7.244100955794505
28.018817204301076
82.48879928315412
128.0036589008363
106.95564516129032
79.82078853046595
28.774678912783756
17.692876344086024
7.426336618876942
3.25884109916368
4.017480585424134
6.103158602150537
9.136051373954599
67.05085125448029
94.24432497013142
228.23962066905617
227.28494623655914
141.1712216248507
39.04685633213859
24.796706989247316
13.025350955794506
7.277815113500598
2.510020908004779
4.288552867383513
4.780731033452808
37.72692652329749
107.20019414575866
187.09640083632016
198.04734169653523
176.72304360812424
57.373431899641574
23.981332138590204
12.81795101553166
6.2801299283154135
3.638941158900837
3.616431451612904
2.7226926523297497
24.674731182795703
85.27852449223418
162.02919653524492
216.7906212664277
80.80682497013143
34.71400836320191
8.944295101553166
8.963112305854242
6.14975358422939
5.9124477299880525
2.7824932795698927
9.024044205495818
25.975881123058542
69.72856929510154
174.74649044205498
139.80548088410993
94.15098566308242
36.86786887694146
10.870221027479092
2.047420101553166
10.244959677419354
3.344653524492234
3.274253285543608
4.487836021505377
24.265083632019113
88.73319892473118
186.32019115890083
187.07922640382318
129.7311827956989
45.442428315412194
27.01037933094385
7.868951612903226
10.89889486260454
2.4183131720430104
2.99174880525687
12.179360812425328
36.31485215053763
87.59781959378734
146.73349761051375
172.25731780167263
88.60961768219833
33.51138739545998
18.165023894862603
14.748207885304659
9.150276284348864
4.421833930704898
2.788007765830346
15.838037634408602
36.417898745519715
97.38799283154121
242.48618578255676
227.49514635603344
202.68257168458783
46.98402031063321
23.233012246117084
8.893817204301076
6.16353046594982
3.2092555256869773
3.326388888888889
7.44653524492234
21.929958183990443
40.457661290322584
130.77546296296296
153.70967741935485
69.75694444444444
26.0569743130227
17.2517174432497
10.6396729390681
5.431488948626045
3.8275089605734767
3.71781660692951
16.684289127837516
41.09233124253286
83.3826164874552
179.1248506571087
222.09864097968932
100.52792712066903
67.07287933094385
24.58202658303465
8.434177120669057
5.691569593787336
2.07463784348865
3.522524641577061
6.489359318996415
41.16300776583034
117.33497610513741
239.2278972520908
266.4975358422939
165.79749103942652
34.44657258064515
