5.815785543612612
4.146132019120379
2.863575268821692
3.1056227598611184
2.068884408606638
0.3997162485110588
4.487753882915173e-12
76.16562126642772
250.14822281959383
261.69168160095586
85.72095280764636
20.674320489844682
5.815785543612612
4.146132019120379
2.863575268821692
3.1056227598611184
2.068884408606638
0.3997162485110588
4.487753882915173e-12
111.2585872162485
738.1085722819594
418.5024641577061
54.730510752688176
37.47550776583035
14.029868578255678
6.0129405615292715
2.863575268821692
3.1056227598611184
2.068884408606638
0.3997162485110588
4.487753882915173e-12
82.88418458781362
368.50209080047796
192.997311827957
167.85692951015528
37.47550776583035
5.815785543612612
4.146132019120379
2.863575268821692
3.1056227598611184
2.068884408606638
0.3997162485110588
4.106940710872162
157.55824372759858
415.1732377538829
435.6791367980884
60.70415173237754
7.606780167268525
5.815785543612612
4.146132019120379
2.863575268821692
3.1056227598611184
2.068884408606638
0.3997162485110588
4.487753882915173e-12
41.81608422939068
132.54293608124254
125.41778673835128
78.24970131421745
22.167637395459977
11.41633064516129
4.146132019120379
2.863575268821692
4.599059139784946
2.068884408606638
0.3997162485110588
4.487753882915173e-12
283.75
423.7597072879331
414.7711320191159
150.68436379928315
18.807459677419352
7.309221923536438
4.146132019120379
2.863575268821692
3.1056227598611184
2.068884408606638
3.386589008363202
13.44108422939068
132.54293608124254
472.29054659498206
422.9812574671446
176.07153524492233
21.794504181600953
12.163007765830345
4.146132019120379
2.863575268821692
3.1056227598611184
2.068884408606638
0.3997162485110588
4.487753882915173e-12
44.05596624850657
264.3380376344086
294.17376045400243
92.43914277180406
7.606780167268525
5.815785543612612
4.146132019120379
2.863575268821692
3.1056227598611184
2.068884408606638
0.3997162485110588
13.814180107526882
187.42420848267622
322.57840501792117
350.17958482676227
150.68436379928315
60.62473864994026
5.815785543612612
4.146132019120379
2.863575268821692
3.1056227598611184
2.068884408606638
0.3997162485110588
4.487753882915173e-12
76.91345579450419
417.7844982078854
511.8484916367982
191.3806750298686
65.47565710872162
12.536103643966547
4.146132019120379
2.863575268821692
3.1056227598611184
2.068884408606638
0.3997162485110588
4.487753882915173e-12
67.57952508960574
311.3810483870967
380.0455495818399
101.02561230585424
28.88791816009558
5.815785543612612
4.519489247311827
2.863575268821692
3.1056227598611184
5.055757168458781
0.3997162485110588
4.487753882915173e-12
88.48715651135007
387.1706989247312
152.67249103942652
33.07579151732378
40.462141577060926
15.896244026284347
4.146132019120379
2.863575268821692
3.1056227598611184
2.068884408606638
4.506656959378733
4.487753882915173e-12
163.15710872162484
480.52195340501794
251.9858870967742
133.88366188769413
10.966984020310633
10.669242831541217
4.146132019120379
2.863575268821692
3.1056227598611184
2.068884408606638
0.3997162485110588
4.487753882915173e-12
136.65023894862605
428.988201911589
327.4036738351254
31.582511947431303
7.606780167268525
5.815785543612612
4.146132019120379
2.863575268821692
3.1056227598611184
2.068884408606638
0.3997162485110588
4.487753882915173e-12
154.57063918757467
455.86805555555554
210.16987753882916
240.6634557945042
21.42096027479092
11.41633064516129
4.146132019120379
2.863575268821692
3.1056227598611184
2.068884408606638
0.3997162485110588
4.487753882915173e-12
101.92465651135007
413.30533154121866
644.7573178016727
169.7248357228196
84.52023596176824
5.815785543612612
4.146132019120379
2.863575268821692
3.1056227598611184
2.068884408606638
0.3997162485110588
4.487753882915173e-12
67.20318100358423
444.67331242532856
408.0480884109916
110.35991636798089
18.434326463560335
12.536103643966547
4.146132019120379
2.863575268821692
3.1056227598611184
2.068884408606638
2.6398521505376342
4.487753882915173e-12
143.36880227001194
339.3839605734767
435.3031660692952
117.45445041816009
9.100216547192353
15.896244026284347
4.146132019120379
2.863575268821692
7.58599537037037
2.068884408606638
0.773073476702509
4.487753882915173e-12
123.2086320191159
518.9848416965352
554.4235364396653
155.53539426523298
30.381645758661886
10.669242831541217
4.146132019120379
2.863575268821692
3.1056227598611184
2.068884408606638
0.3997162485110588
4.487753882915173e-12
138.14180107526883
288.60513739545996
295.293458781362
18.14142771804511
12.087152777777776
