0.0
0.7467278972520908
0.0
0.0
1.493414351851852
1.493414351851852
0.0
26.881705495818398
103.79144265232975
125.44795400238948
47.043944145758665
7.467278972520908
0.0
0.0
0.7467278972520908
0.0
0.0
0.0
1.493414351851852
18.667764336917564
156.4384707287933
159.7959229390681
91.47337962962963
0.0
1.1200899790919951
0.7467278972520908
0.0
0.0
0.0
0.0
0.0
51.895721326164875
107.52684438470726
159.7959229390681
52.64288381123058
8.2139075567503
0.0
0.0
0.7467278972520908
0.3733557347670251
0.0
0.0
0.0
16.427848715651137
133.6613649940263
163.53132467144565
78.77740442054959
0.0
0.0
0.0
0.0
0.3733557347670251
0.0
0.0
0.0
29.12205047789725
77.28349014336916
97.07194593787335
48.164463859020316
1.493414351851852
0.7467278972520908
0.0
0.0
0.0
0.0
0.0
0.0
98.93966547192353
169.13026433691758
123.20687724014337
54.8839605734767
0.0
0.0
0.7467278972520908
0.0
0.0
0.0
0.0
0.0
25.761540471923535
162.78416218637992
166.14202508960574
114.24630376344086
4.106933243727599
0.0
0.0
0.0
0.0
0.7467278972520908
0.0
0.0
23.52158751493429
85.87029569892474
136.64964157706092
91.09961170848267
0.0
1.493414351851852
0.0
0.0
0.0
0.0
0.0
7.467278972520908
50.028001792114694
121.71255227001194
110.51508363201911
45.54999253285544
19.41442652329749
4.853823178016726
0.3733557347670251
0.0
0.0
0.0
0.0
0.0
19.41442652329749
121.71255227001194
107.9002016129032
110.51508363201911
35.46875000000001
4.853823178016726
0.0
1.8667764336917563
0.0
0.0
3.3602337216248506
0.0
34.72207287933094
114.24630376344086
126.94190561529271
60.109132317801674
14.187481332138592
0.0
0.0
0.0
0.7467278972520908
0.0
0.0
0.0
52.64288381123058
146.35734020310636
100.06018518518518
0.0
15.307683691756269
0.0
0.0
0.0
0.0
0.0
0.0
0.0
62.35058243727599
152.70306899641574
121.71255227001194
103.04842443249701
5.973573775388291
0.0
0.0
0.0
0.0
0.0
0.0
0.0
40.69593787335723
127.68906810035843
177.71706989247312
0.0
10.080734767025088
2.6135043309438473
0.0
0.0
0.0
0.0
0.0
0.0
61.6034572879331
131.0468936678614
96.32515681003584
107.52684438470726
17.5475993130227
0.0
0.0
0.0
0.7467278972520908
0.0
0.0
0.0
61.6034572879331
92.96733124253285
178.83800029868578
111.262208781362
13.067312574671446
0.0
0.0
0.0
0.7467278972520908
0.0
0.0
0.0
15.307683691756269
102.67502986857825
141.50141875746715
121.33919504181601
0.7467278972520908
0.0
0.0
0.0
0.0
0.7467278972520908
0.0
0.0
53.76340352449223
110.51508363201911
141.50141875746715
84.00675776583033
0.7467278972520908
9.707194593787337
0.0
0.0
0.0
0.0
6.3471139486260455
0.0
20.161469534050177
116.48738052568697
130.67312574671445
33.975433094384705
11.200899790919951
0.7467278972520908
0.0
0.0
0.0
0.0
0.0
0.0
52.64288381123058
82.88620071684589
93.71449372759857
75.04618428912784
6.3471139486260455
