0
0
0
0
0
39.811470455328475
651.7273579441919
1595.6530038163407
3251.110450658559
1259.2317845025632
326.0276740076227
60.816575156334316
0
0
0
0
0
67.53697256455453
643.1752936932787
890.8076558878887
1367.7761035188037
638.8046221042033
134.3121985152543
0
0
0
0
0
0
19.69596694416103
503.4026585874551
1432.9681041072
2278.366153665643
1078.1768316311143
106.3683035966705
0
0
0
0
0
0
48.09855414445404
353.47458720723273
1577.0009503589974
1300.6918698094462
780.3108581084197
257.4707159649002
0
0
0
0
0
0
18.85840381157253
541.4241715439701
1179.620905148734
969.8292959153127
413.1515884127625
188.05876678360082
0
0
0
0
0
0
75.31367747322811
379.4138258231172
1805.370850133429
1132.1694302207154
27.465770121280656
112.99800290182955
0
0
0
0
0
0
3.4565385376269546
644.9942469034982
1178.4079789043176
1864.4859520389891
1014.4631657208392
296.0861977268912
0
0
0
0
0
0
0
84.18042963129338
533.7355022816868
717.3204515457185
459.63429134111004
77.88675904702045
0
0
0
0
0
0
50.54006338451124
284.7261215572526
587.9863249318605
1271.4754851286039
332.955763010226
0
0
0
0
0
0
0
97.86935852914294
507.6394664197
905.8604704866508
1583.8311074357161
581.3438134556156
63.03638287297407
0
0
0
0
0
0
0
391.9268808974368
1349.7856996096452
1406.4887630372382
894.2191440258033
118.22271163557096
0
0
0
0
0
0
30.786557734389348
701.7816744891011
1116.25450201283
1794.003589074566
921.2884358071556
122.83824039038515
23.151750345032966
0
0
0
0
0
30.156036648933778
495.1457652668163
1557.1319666050579
1813.461326626667
876.1031904850672
215.1111275100208
0
0
0
0
0
0
90.09252282396741
600.8048484335625
1411.345969437756
2345.169404712366
951.6432874488904
119.34714187623081
0
0
0
0
0
0
0
604.6962664894498
1608.5946107500477
1761.341975900998
1114.4160725527067
42.74276004230974
9.443981420295117
0
0
0
0
0
63.72840772932928
275.120926586264
573.6670779351805
896.6872069960789
251.5812831913355
157.67787808664463
0
0
0
0
0
0
114.6734268994475
87.55258944295936
833.2902701509927
1187.1852805864185
335.5164602291169
182.2017731633118
0
0
0
0
0
0
56.55341126778292
558.2639145293095
643.6049032123161
946.213320128852
994.6454274265308
151.4252030411539
0
0
0
0
0
0
0
94.23916892503317
886.9195415991429
1377.3048729710945
635.6664871100675
0
0
0
0
0
0
0
0
460.98598037999733
1212.7522648684019
2118.937843190373
1054.416368524909
71.07758146803083
0
