31.592667264038226
10.197729988052568
7.109094982078853
2.6343301971326163
3.0548499103942652
14.496042413381122
69.36939964157706
137.92637395459974
259.1681600955794
290.33788829151734
198.46512843488648
82.54704301075269
24.288530465949822
8.041778673835125
5.351067801672641
3.269481780167264
3.8356257467144563
16.121191756272403
52.34057646356033
90.1381421744325
219.6994474313023
221.52927120669057
196.21565113500597
61.425104540023895
16.024193548387096
14.533975507765831
6.062649342891278
2.756436678614098
1.5716659199522103
11.157818100358423
49.9817054958184
113.95123954599761
231.01030465949822
266.46766726403825
118.08803763440862
50.6981780167264
23.856145459976105
13.421744324970131
5.4749850657108725
3.6294616188769413
2.896393369175627
3.781414277180406
37.387694145758665
104.87007168458781
196.74805854241336
213.26239545997612
135.63844086021504
32.54588560334528
20.38959826762246
8.76739844683393
8.28490890083632
2.32553390083632
2.5118727598566304
3.0790322580645166
16.43477449223417
95.586917562724
218.68242234169648
225.8139187574671
136.13388590203107
66.1305256869773
26.90232974910394
7.4115143369175644
5.177942054958184
3.8269787933094377
3.741565860215054
5.89243578255675
35.45079151732377
111.61215651135007
244.4758064516129
196.01217144563918
135.32892771804063
45.20964008363201
23.293309438470725
14.89340651135006
1.2468451314217444
3.107321535244922
2.6007803166069294
8.987903225806454
32.66737604540023
78.27023596176822
190.81951911589007
218.56070788530462
180.1855585424134
53.967667264038234
28.16166367980884
7.569668458781362
4.640725806451613
4.853494623655914
2.840050029868578
8.833183990442055
20.677867383512545
46.29778972520908
125.49731182795699
162.66913082437276
76.46430704898447
35.926485961768215
14.247685185185182
8.855436081242534
5.613127240143369
4.50491711469534
1.5846468040621267
8.55514486260454
32.35812425328554
78.06563620071684
177.58549880525686
183.98409498207886
83.38000298685783
38.4739023297491
21.227374551971327
7.531399342891278
4.790098566308243
2.7494100955794503
1.8607862903225807
9.647364097968937
37.57530615292712
97.07661290322581
231.12081839904425
200.46408303464756
104.24096475507766
30.34259259259259
20.461992234169653
8.900798984468342
4.357172192353644
4.14150238948626
3.674708781362007
8.234841696535245
31.232974910394265
76.43518518518519
191.3873954599761
172.63216845878136
111.19959677419355
46.37694145758662
9.37496266427718
6.965912485065711
7.712253584229391
4.276232078853047
6.656287335722819
21.499738649940266
26.725582437275985
106.3959826762246
216.3698476702509
224.8196684587813
153.36208183990445
68.54950716845879
13.55055256869773
14.144377240143367
4.02681078255675
7.331914575866189
4.257224462365591
6.970131421744325
31.528785842293907
72.24686379928315
191.33661887694146
218.79069593787335
147.5642174432497
42.168272102747906
21.50022401433692
10.069967144563918
4.476594235364397
8.438844086021506
2.107452210274791
7.9153972520908
27.891278375149348
84.98618578255675
247.61648745519713
203.87432795698925
128.53681302270013
63.26650238948626
15.199858124253286
7.727262544802867
8.372013142174433
0.6789127837514934
2.473525238948626
8.317876344086022
11.382728494623656
55.88410991636798
110.81130525686977
129.17674731182794
94.90106033452808
60.791890681003586
18.087104241338114
10.564590800477898
4.91170101553166
2.8779495221027473
5.213971027479092
3.7418346774193547
22.98711917562724
76.2597072879331
199.28203405017922
209.74126344086022
103.95161290322581
42.85920698924731
16.484020310633216
4.699999999999999
6.438732078853047
4.519059886499402
5.916554659498209
8.081503882915174
24.046968339307046
78.86238052568697
189.75993130227002
185.2199074074074
171.8764934289128
37.18567054958184
22.536850358422942
10.381347072879333
3.800328554360812
3.087298387096774
11.31899641577061
12.569705794504182
42.59669952210275
77.24910394265233
180.495445041816
190.1381421744325
132.24611708482675
50.15793010752688
12.335200119474315
6.967965949820789
3.8916890681003586
5.0665285244922345
3.4293944145758664
5.725806451612903
31.128098864994026
109.39553464755078
109.5053016726404
179.56914575866188
7.589016950418161
37.38183243727599
10.549917861409796
11.264896953405017
5.060663082437276
3.595486111111111
1.3741151433691756
7.184811827956989
30.160244922341697
99.12933094384708
218.29375746714456
221.42622461170848
111.0748954599761
22.667936081242534
