5.610849761051374
3.5541965352449223
2.3887022103020024
2.5906137993103657
1.7258064516401148
8.811992234169654
67.5739247311828
158.59468339307048
317.07362604540026
136.44003882915175
51.656959378733575
17.31518817204301
5.693623058542413
3.458669354865921
2.3887022103020024
2.5906137993103657
1.7258064516401148
11.55766129032258
66.8570788530466
91.2410394265233
136.91756272401435
77.1770459976105
33.411364994026286
6.627385752688172
8.062761350059738
3.458669354865921
2.882243130227001
2.5906137993103657
2.3037261051373954
7.072147550776583
53.580495818399044
143.2534348864994
224.19354838709677
119.35894563918758
30.843413978494624
6.855062724014336
4.851403823205228
3.458669354865921
2.3887022103020024
2.5906137993103657
1.7258064516401148
9.886140979689365
39.33691756272401
157.1609916367981
130.7347670250896
90.97632915173237
45.41517323775388
9.442204301075268
6.045474910394265
3.458669354865921
2.3887022103020024
2.5906137993103657
1.7258064516401148
7.18452807646356
57.433542413381126
119.2465651135006
99.18608124253286
55.96662186379928
38.88254181600956
11.440412186379929
5.388739545997611
3.4905111260454
2.3887022103020024
2.5906137993103657
1.7258064516401148
12.687813620071685
42.04002389486261
179.26747311827958
114.85215053763442
19.181974313022696
31.811155913978496
8.256048387096774
4.9564814814814815
3.458669354865921
2.3887022103020024
2.5906137993103657
1.7258064516401148
5.911006571087216
67.5739247311828
119.3847072879331
185.07691158900838
113.79218936678615
49.45191158900836
7.905839307048983
7.818623058542413
3.458669354865921
2.3887022103020024
2.5906137993103657
1.7258064516401148
0.4703442353643967
14.007243130227002
57.80689964157706
75.40322580645162
60.82399940262844
28.683915770609318
7.868018219832736
5.450828853046595
3.7181824970131423
3.4744997013142176
2.5906137993103657
1.7994399641577061
10.626508363201912
33.32026583034648
63.1347072879331
128.57676224611708
48.84296594982079
15.133288530493163
6.345579450445371
5.002255077658304
3.458669354865921
2.6418384109916366
2.5906137993103657
1.7258064516401148
15.263978494623656
54.778972520908006
93.69399641577061
158.61335125448028
72.76396356033453
27.505600358422935
7.046109617682198
4.851403823205228
3.458669354865921
2.3887022103020024
2.5906137993103657
1.7258064516401148
4.791308243727598
43.82467144563919
136.32392473118279
141.7749402628435
102.8602897252091
32.912933094384705
9.426672640382316
5.042450716845878
4.412335722819594
2.3887022103020024
2.5906137993103657
1.7258064516401148
9.064381720430108
73.60737753882916
114.11290322580645
179.00985663082437
105.60073178016727
33.48230286738351
14.942876344086018
4.851403823205228
3.5549917861409797
2.3887022103020024
2.5906137993103657
1.7258064516401148
9.118145161290322
53.95385304659498
156.45534647550775
181.01478494623655
101.43033154121864
42.445116487455195
11.270908004778972
4.937376792114695
3.5382765830346474
2.3887022103020024
2.913803016726404
1.7258064516401148
14.971639784946236
64.19877538829152
142.648596176822
232.05645161290323
108.81533751493428
33.411364994026286
6.345579450445371
4.851403823205228
3.458669354865921
2.3887022103020024
2.5906137993103657
2.314889486260454
1.7233198924731183
64.70280764635604
161.67861409796893
176.32541816009558
124.55981182795699
26.21415770609319
14.0165770609319
4.851403823205228
3.458669354865921
2.3887022103020024
2.5906137993103657
2.206615890083632
12.687813620071685
33.29114396654719
62.76881720430107
93.71266427718041
42.132616487455195
37.35364396654719
7.308803763440859
5.25739247311828
3.458669354865921
2.3887022103020024
2.5906137993103657
1.7258064516401148
17.687440262843488
15.474910394265233
87.77628434886499
121.67712066905615
50.332661290322584
39.84206989247313
6.345579450445371
5.415807945041816
3.458669354865921
2.3887022103020024
2.5906137993103657
2.512283452807646
12.250238948626045
60.67054958183991
69.77673237753883
98.77165471923536
113.5943100358423
37.04002389486261
6.345579450445371
4.851403823205228
3.458669354865921
2.3887022103020024
2.5906137993103657
2.4064366786140976
2.5257019115890085
16.398222819593787
93.23103345280765
140.19563918757467
79.40598864994026
19.006123058542414
6.345579450445371
4.851403823205228
3.458669354865921
2.3887022103020024
2.78803390083632
4.826500896057347
5.029883512544803
51.65023894862605
124.58183990442055
211.3500597371565
119.66509856630825
29.64531063321386
6.345579450445371
