0
0
0
0
0
0
394.0963095570952
1282.482454234501
1790.3323741949994
838.2173729135548
26.002920423393334
0
0
0
0
0
8.337909360677951
0
555.132432283482
1255.7527723753437
1881.4025222762712
717.1943323789941
102.83613071358168
0
0
0
0
0
0
71.7992002177572
679.6713264488649
1700.034636365264
1616.4945138806972
984.2569540922852
140.83649356082816
2.085302860153206
0
0
0
0
0
70.11923813489611
736.7896260363846
1425.3215895465719
2275.9181242897334
1005.2361866627806
223.95410156824542
50.01079326622127
0.1972734522223618
0
0
0
0
68.46159974944591
280.94791706368335
454.86769427657134
433.82421825700897
46.331285246693284
0
0
0
0
0
0
0
76.48165089019345
727.9752804228782
1722.2118746256633
2364.088859730871
1125.251724422356
141.76428127697895
0
0
0
0
0
9.87294441484865
11.718000604532556
615.0958000695675
1588.0368618194905
1927.535533878893
968.3139721724517
147.94260453692715
13.970680133435046
0
0
0
0
0
51.142381524628
458.90795352615595
1539.8910429029534
1741.4288744847863
939.501002810644
135.70795827043747
0
0
0
0
0
0
0
296.23586618090843
1078.0031260071294
1277.5238722253782
876.5269248979201
91.08151409056542
0
0
0
0
0
0
0
297.4666020230452
1153.1013605702828
1383.6683236842227
591.7194108271808
136.7863455372513
0
0
0
0
0
0
0
497.77402844821336
1338.7977963838389
1406.9132702056968
658.6945771201881
105.54577764512891
0
0
0
0
0
0
0
272.35866074955516
1770.9293078670712
1802.9608023362148
1173.9355385550652
291.0282418838141
0.7388545863711045
0
0
0
5.333458431470582
0
0
83.07434202906241
951.1709450996816
1010.553620533477
325.7156456821996
185.29944889592278
0
0
0
0
0
0
0
102.62462889951222
913.8086337149371
1011.5119973049586
232.7604469470981
84.41154599809457
0
0
0
0
0
0
0
337.4057198944678
1145.5924452781246
1391.4476359965777
448.5767655037224
5.983500783050502
0
0
1.772675981481484
0
0
0
51.922964180942174
793.7874439100394
1434.1852977679162
1851.17794773682
1138.1118984840477
282.24769588831725
0
0
0
0
0
0
8.451316684393746
135.75091680257708
1308.3492605930478
1641.6569801085213
445.1255552111958
261.01199568421987
0
0
0
0
0
3.9201083810610804
2.702567480447229
440.9688876475891
1640.2797837380028
2475.777238886319
960.6792535914054
103.86363643422435
0
0
0
1.0038372357213916
0
0
0
357.14157334558286
677.7909573697523
1261.9819189687048
441.5349160228512
87.70868992754444
0
0
0
0.09165442249077671
0
0
36.58917062123315
369.9988238686474
1016.889436314041
2335.2837959980193
906.0677275452194
0
0
