515.6495919205497
278.084165546595
100.97223887395458
103.2813954226404
96.17981735364397
116.61889896953407
629.3898163082433
2165.0552643369174
5320.733758960574
3900.8287522401433
1648.1222296893675
699.1919373506572
248.0674596774194
222.9511103643966
123.37151433691756
271.11938358721613
90.37256216397849
111.19838605137397
472.0415057497014
2441.260058243727
5492.651355286737
3672.113903823176
1428.9094608721625
562.8060831093189
276.66272177419364
310.0866438918756
108.12543574522104
117.28251093936677
124.98131985513739
145.43205682497012
473.80497386499394
2874.495329301075
7147.102045997611
5070.492103494625
1891.3898185483874
903.991079749104
215.82978419952218
346.4928237007168
132.92070601851847
152.4218052195341
387.9781257467145
214.62516465053764
644.6547181152929
3104.2317614994017
7486.188974761054
5522.143145161291
2832.1888216845873
778.3552994324968
660.3787272252092
185.6795153823178
122.05937163978497
93.42334262992834
63.31239209976103
123.0408381869773
535.5611607676225
1840.2818697729986
3633.860394265233
3955.217872610512
1363.6639411589008
885.3105204599765
452.2677385752687
550.0059136051373
132.3580224761051
168.6021394862604
99.508125
223.2181369474313
566.8526848118278
2715.909748357228
6108.677688172042
4900.7652479092
2375.436126045399
813.9188918757467
421.66625373357226
319.27508773894857
160.41557347670252
136.18091252240146
110.47247192353642
271.7138855286739
712.7442334976106
4132.77965949821
8056.312272252091
5441.284251792115
3695.6327620967754
1377.8162223715653
593.7182541816009
183.92673909796895
271.12773372162485
179.7271359767025
144.05830268070486
266.7397812126643
944.425420400239
3124.6986783154134
7288.522662783753
6169.729446684587
1801.5194033751493
932.0895545848266
384.5000481630823
135.75718761200716
115.01561006571087
160.24450884856634
138.03614844683392
192.4557026583035
783.0817152031065
2676.6481929510155
7041.679640830351
5212.768757467145
2019.8474313022696
863.1340897550776
330.6100776583035
179.82289859617677
159.57355734767023
121.83669404383215
78.6614535170251
156.23022028076463
277.28865068697723
2518.4472259557942
6301.05016427718
4703.115236708482
1900.360513739546
1005.2196285095574
526.3027919653524
221.21226329151733
207.04034050179217
199.78709136051373
116.34285043309441
248.34369399641574
565.0504543757467
4090.346721923537
7632.493835872161
4739.482209528076
2825.1285431600954
1061.117973416965
374.9591117831541
445.49505637694165
122.2990470803465
184.8228204151733
157.79902370818397
239.06338112305846
1097.9389598267621
4042.1549283154127
7801.519552718039
6477.371874999999
4225.34860737754
1361.6086469534046
450.7764198775389
232.4394933542414
102.94380548088412
160.802619474313
165.01652613500596
189.28935446535252
774.1718996415772
2691.362492532855
7117.534270459974
5409.737253584229
3389.5975955794506
848.7078968787335
468.3159632616487
201.84576724910403
174.06353755973717
125.80546673387097
139.47459109916366
238.4674171146955
851.3056179062127
3137.63260528674
7004.649443697732
5047.8518182497
2390.5774566905607
831.5661951164875
361.0743298237754
217.27061603942653
89.24426037933092
137.42277199074076
84.89864534796894
138.78614023297493
728.2261137246117
2110.921636051373
5584.596456839904
3529.2310521206696
1541.237078106332
341.01160879629623
501.51966621863784
579.9487283452806
321.4101709976104
246.00989770011944
160.0222962216248
496.71633288530467
672.8207381272402
3816.5591883213865
8008.017357377543
5263.936895161292
2511.768731332138
1054.6125112007169
518.0454700567503
190.73914725209082
186.92821684587813
104.67595844534053
128.68660177718039
324.4811745818398
444.1123663381123
2943.9061790621267
6907.038859020309
5070.561749551973
3214.0976142473123
871.3264826015528
575.1686409796893
375.89483572281955
100.4449160319594
128.71351000597377
335.9635827359618
149.2981376941458
694.9168749999999
3209.7193809737155
6887.4318623058525
5057.251780913978
2562.5558505077656
1384.0478158602148
250.4672841995221
254.87851963859023
367.3997718787336
182.21079002389487
91.23098469235364
209.06048349761056
760.6485300925928
2936.872763590202
5646.142252837512
3843.768585722819
2291.0205794504177
839.2304946983277
388.7718548387097
278.02302382019104
186.5325227747909
185.78662776284347
136.51307534348868
189.85135752688169
766.381348192951
3853.7548835125453
7682.253942652328
5324.875526433691
2638.5529159199527
968.3032321535239
