5.7827807646356035
3.6791778673835127
2.3887022103020024
2.5906137993103657
1.7258064516401148
5.555570489844683
69.18682795698925
167.6859318996416
211.3500597371565
55.04069593787336
34.56466547192353
10.508512544802867
4.988325119474313
3.458669354865921
2.3887022103020024
2.5906137993103657
1.7258064516401148
11.000612305854242
30.13142174432497
56.9481780167264
101.23581242532856
57.27337216248507
34.29136798088411
6.345579450445371
5.758885902031063
3.458669354865921
2.3887022103020024
3.4328330346475506
2.3737679211469533
7.072147550776583
14.51202210274791
61.510603345280764
123.08841099163679
45.371490442054956
30.39837216248507
6.345579450445371
4.851403823205228
3.458669354865921
2.3887022103020024
3.3309438470728794
2.1974686379928317
1.5832362604540025
3.4787559737156513
129.15919952210274
110.03584229390681
72.55114994026285
33.48230286738351
10.172864396654719
5.2367084826762245
3.722954002389486
2.4842293906810036
2.5906137993103657
1.7258064516401148
0.3334229390953121
42.04002389486261
84.36379928315412
57.80689964157706
64.51650238948626
27.914053166069294
10.882989844683394
7.417898745519714
3.649716248506571
2.3887022103020024
2.5906137993103657
1.988504330943847
4.9171296296296285
30.281884707287933
72.08408004778973
85.26359020310633
70.29233870967742
22.788231780167266
7.917002688172043
5.632728494623656
3.7961917562724015
5.600059737156512
2.5906137993103657
1.7258064516401148
11.303031660692952
58.43040621266428
171.30749701314218
164.57959976105138
74.78755973715651
21.280988649940262
8.585573476702509
6.176821983273596
3.458669354865921
2.3887022103020024
2.5906137993103657
2.505936379928315
12.687813620071685
62.58960573476703
41.076762246117084
113.66114097968936
51.191382915173236
20.266950418160096
6.730884109916368
4.851403823205228
3.5541965352449223
2.3887022103020024
2.5906137993103657
1.7258064516401148
6.367622461170848
15.060110513739547
141.4986559139785
163.90008960573476
74.2648596176822
34.6777927120669
9.930630227001195
5.551933990442055
3.458669354865921
2.3887022103020024
2.5906137993103657
1.7258064516401148
9.064381720430108
64.71027479091995
161.67861409796893
181.01478494623655
64.08714157706093
29.140531660692957
9.322841995221028
8.33015979689367
3.506432945041816
2.3887022103020024
2.5906137993103657
1.7258064516401148
3.7843637992831543
48.17801672640382
104.16293309438471
104.16293309438471
64.27008661887695
31.647998805256865
7.655092592592593
5.508139187574671
3.493694743130227
2.3887022103020024
2.5906137993103657
1.7258064516401148
10.57871863799283
47.64411589008363
98.61111111111111
64.28838112305854
21.331018518518515
29.876045400238954
12.952882317801672
5.14594160692951
3.629816308243728
2.3887022103020024
2.5906137993103657
1.7258064516401148
15.808333333333334
53.263142174432495
141.67040023894862
173.4281660692951
137.1046146953405
31.39374253285544
6.364684139784945
6.204711768219833
4.023073476702509
2.3887022103020024
2.5906137993103657
2.0919952210274793
3.6753061529271207
49.75731780167265
126.17234169653524
177.24761051373955
98.17465651135007
22.059065113500598
9.43186230585424
4.851403823205228
3.493694743130227
2.3887022103020024
2.5906137993103657
3.0858721624850656
11.96574074074074
64.63560334528077
158.61335125448028
199.41009557945043
93.99305555555556
36.04988052568698
8.399380227001194
4.851403823205228
3.458669354865921
2.3887022103020024
2.5906137993103657
2.0299059139784945
9.118145161290322
66.70773596176822
224.19354838709677
164.060633213859
93.07833034647551
36.6274641577061
16.611036439665472
5.137981630824372
3.6720094086021504
2.883848566308244
2.5906137993103657
3.7656810035842287
7.895773596176822
42.85394265232975
98.77165471923536
161.67861409796893
129.78307945041817
31.369474313022707
11.400462962962962
5.036092443249701
3.458669354865921
2.3887022103020024
2.5906137993103657
1.7258064516401148
12.958870967741936
32.25246415770609
97.12888291517322
161.67861409796893
66.57743428912784
39.591173835125446
11.392622461170848
6.335648148148148
3.458669354865921
2.3887022103020024
2.5906137993103657
1.7576482228195938
10.626508363201912
61.12231182795699
190.54659498207886
98.45430107526882
64.40822879330943
37.35364396654719
7.5921818996415755
5.499365292712067
4.0031735364396654
2.3887022103020024
2.6256391875746714
4.732489545997611
5.4282556750298685
43.82467144563919
93.69399641577061
118.75
61.036813022700116
20.710872162485067
6.510756421744324
