0.0
0.0
1.1200899790919951
0.0
0.0
0.0
0.0
20.908131720430106
124.7008288530466
128.06283602150538
46.29678166069295
0.0
0.0
0.0
5.973573775388291
0.0
0.0
0.0
0.0
70.56399342891278
170.25082138590204
210.5752688172043
121.33919504181601
3.3602337216248506
5.226911589008363
0.0
0.0
0.0
0.0
0.0
7.093738799283154
21.654760304659497
96.32515681003584
145.98394563918757
72.80510752688173
0.0
0.0
0.0
0.0
0.0
8.960569743130227
0.0
0.0
27.62833408004779
125.0745594384707
153.82362604540023
97.44571385902032
11.200899790919951
0.0
0.0
0.0
0.3733557347670251
0.0
0.0
10.080734767025088
67.94914874551971
128.80958781362008
155.6913082437276
111.262208781362
10.080734767025088
0.0
0.0
0.0
0.3733557347670251
0.0
0.7467278972520908
0.0
40.32254330943847
92.96733124253285
94.83086917562724
70.56399342891278
0.0
0.0
0.0
0.0
0.0
0.0
0.0
1.1200899790919951
47.043944145758665
153.82362604540023
150.0885976702509
107.52684438470726
14.187481332138592
1.1200899790919951
0.0
0.0
0.3733557347670251
0.0
0.0
0.0
39.57579151732378
89.97909199522103
96.32515681003584
100.06018518518518
12.320687724014338
0.0
0.0
0.0
1.1200899790919951
0.0
0.0
0.0
54.8839605734767
112.3786215651135
141.12802419354838
122.45971475507764
38.455607825567505
0.0
0.0
0.0
0.0
1.8667764336917563
0.0
0.0
0.0
177.34367532855435
151.5825119474313
140.75425627240142
25.014878285543606
0.0
0.7467278972520908
0.0
0.0
0.7467278972520908
0.0
0.0
66.45937873357228
142.6219384707288
153.82362604540023
153.4502314814815
22.774962664277183
0.7467278972520908
0.0
0.0
0.0
0.0
0.0
0.0
46.29678166069295
116.48738052568697
166.14202508960574
148.22087813620075
6.7206541218638005
0.0
0.0
0.7467278972520908
0.0
0.0
0.0
0.0
37.70911738351254
107.52684438470726
123.20687724014337
86.24406362007169
1.493414351851852
0.0
0.0
0.0
0.0
8.587029569892474
0.0
0.0
50.775164277180416
153.82362604540023
95.20463709677419
0.0
0.0
0.0
6.3471139486260455
0.0
0.7467278972520908
0.0
1.8667764336917563
0.0
70.93738799283155
156.4384707287933
125.44795400238948
84.75392025089606
19.41442652329749
0.0
0.0
0.7467278972520908
0.0
0.0
0.7467278972520908
0.0
66.45937873357228
142.6219384707288
163.53132467144565
125.0745594384707
16.427848715651137
0.0
0.0
0.0
0.0
0.7467278972520908
0.0
0.0
67.206541218638
109.7679211469534
137.7701612903226
91.84677419354838
20.161469534050177
0.7467278972520908
1.1200899790919951
0.0
0.0
1.1200899790919951
0.0
0.0
54.8839605734767
120.96957138590203
156.4384707287933
90.35285991636798
1.1200899790919951
0.0
0.3733557347670251
0.3733557347670251
0.0
0.7467278972520908
0.0
0.0
49.28539426523297
138.89071833930706
120.96957138590203
76.1667413381123
0.0
0.0
10.080734767025088
0.0
0.0
0.0
0.0
0.0
69.81686827956989
131.0468936678614
148.96766726403823
49.65464456391876
0.0
