0
0
0
0
0
26.313374577192278
335.0737587805121
1194.0666089537367
1419.7536704912957
773.7609810378079
10.826023768674105
0
0
0
0
0
0
25.355072922977456
318.1189167518212
1546.839615266622
1696.150506147239
935.7501866203321
151.146689255995
0
0
0
0
0
0
2.929576561843234
513.3802571537633
1628.369089770282
2144.1606578472442
701.2428411890592
290.0428107651293
0
0
0
0
0
0
69.4785571313119
459.06262484164137
1416.2628231188537
824.2354032622537
362.13060123864665
113.63540383825742
0
0
0
0
0
5.935497566736721
0
647.3280693934324
1160.8152749217325
1683.4191256644165
895.0355489862393
117.51172377284811
0
0
0
0
0
0
0
394.2558957155903
681.051107003202
1172.881795812113
1088.2374621762392
349.72149453862755
18.46576228908701
0
0
0
0
0
69.68592921863052
387.64508322368937
1379.284248318893
1864.4859520389891
596.9325504281269
160.21340053453767
0
0
0
0
0
0
33.22776832271639
395.6791602167175
821.0118613019973
1621.597631951931
1191.3442674462474
119.73510134092727
0
0
0
0
0
0
73.61410012286248
490.07696534458825
1861.9692998422552
2489.622886562296
1637.295294073547
55.98425453262038
0
0
0
0
0
0
46.2561192818311
594.8725160015397
1690.6961933062444
2136.6600351537577
691.2276993576468
325.913660352066
0
0
0
0
0
0
0
425.60706309576415
1632.456323862931
1915.9929446381936
1221.7762676817174
249.8378923404694
0
0
0
0
0.5719653608134614
0
0
97.21559025971048
662.5552785958647
2199.14135789177
421.96645253355945
85.16257581451896
0
0
0
0
0
0
0
64.98552034447458
687.4500669634808
730.5476468178257
574.3947078088423
30.459059110976582
0
0
0
0
1.1106196102553199
0
0
377.94978570954805
592.6803481713288
782.3076215582441
711.2628364333586
0.746148746003783
0
0
0
0
0
0
52.151617904102665
0
600.2108741909082
1262.9268773346898
307.9502720748094
82.99645627886889
0
0
0
0
0
0
8.726727621802397
564.7846810665509
1115.4853276364945
1260.9233181071897
617.9614355210846
271.76707312846065
0
0
0
0
0
0
0
392.6742292279055
1021.9618651330716
805.362550598366
358.5876967882567
133.9293343938972
0
0
0
0
0
0
7.135773872322957
402.9551481015916
1404.9086666531757
1151.009840439485
1100.659465658311
92.43793452263539
0
0
0
0
0
0
0
397.79382842324105
1305.0012321606723
1739.0267965075336
788.0365587946553
268.8293589836974
11.837144624836824
0
0
0
0
0
8.349848637959553
412.4133250633904
1020.7174679747338
767.0087063922847
722.704898990859
35.69350888738566
0
