8.802658303464753
4.146132019120379
2.863575268821692
3.1056227598611184
2.068884408606638
0.3997162485110588
4.487753882915173e-12
208.70855734767025
423.7597072879331
284.09610215053766
94.6789127837515
12.833796296296295
5.815785543612612
4.146132019120379
6.970515979689365
3.1056227598611184
2.068884408606638
0.3997162485110588
4.487753882915173e-12
78.77688172043011
320.3393817204301
353.91017025089604
123.05331541218638
7.606780167268525
14.029868578255678
4.146132019120379
2.863575268821692
3.1056227598611184
2.068884408606638
2.6398521505376342
4.487753882915173e-12
190.03994922341695
412.18563321385903
483.834005376344
226.84998506571088
35.235140382317795
8.802658303464753
4.146132019120379
2.863575268821692
3.1056227598611184
2.815583930704898
0.3997162485110588
4.487753882915173e-12
157.93010752688173
467.8199671445639
281.85185185185185
205.94198028673836
22.167637395459977
16.64333183990442
4.146132019120379
2.863575268821692
3.1056227598611184
2.068884408606638
0.3997162485110588
4.487753882915173e-12
194.8906063321386
337.1397102747909
364.7405167264038
90.57160991636799
20.674320489844682
5.815785543612612
8.626504629629629
2.863575268821692
8.706167861409796
2.068884408606638
0.3997162485110588
4.487753882915173e-12
158.3019713261649
456.22461170848266
515.9658751493429
425.1004330943847
61.36846624850657
5.815785543612612
4.146132019120379
2.863575268821692
3.1056227598611184
2.068884408606638
0.3997162485110588
4.487753882915173e-12
151.58340800477896
478.6618876941458
574.2114695340501
141.3500597371565
39.71546445639187
16.64333183990442
4.146132019120379
2.863575268821692
3.1056227598611184
2.068884408606638
0.3997162485110588
4.487753882915173e-12
67.20318100358423
297.19160692951016
537.9618428912785
144.3376642771804
33.74182347670251
5.815785543612612
4.146132019120379
2.863575268821692
3.1056227598611184
2.068884408606638
0.3997162485110588
4.487753882915173e-12
287.1135752688172
513.7604540023895
541.3257915173238
202.57840501792114
45.68914277180406
10.296158154121864
4.146132019120379
2.863575268821692
3.1056227598611184
2.068884408606638
0.3997162485110588
4.487753882915173e-12
79.15322580645163
501.0584677419354
418.5024641577061
202.57840501792114
37.47550776583035
16.269825268817204
4.146132019120379
2.863575268821692
8.332638888888889
2.068884408606638
0.3997162485110588
4.487753882915173e-12
171.74320489844683
459.23200418160087
511.8484916367982
285.4666965352449
7.606780167268525
12.163007765830345
4.146132019120379
2.863575268821692
3.1056227598611184
2.068884408606638
0.3997162485110588
4.487753882915173e-12
148.96766726403823
373.7287186379928
261.69168160095586
123.80114994026285
22.91427718040621
5.815785543612612
4.146132019120379
2.863575268821692
3.1056227598611184
2.068884408606638
0.3997162485110588
4.487753882915173e-12
97.82183393070491
323.3266129032258
284.09610215053766
64.81276135005973
7.606780167268525
5.815785543612612
4.146132019120379
2.863575268821692
3.1056227598611184
2.068884408606638
0.3997162485110588
4.487753882915173e-12
143.74029271206692
354.68862007168457
422.9812574671446
142.47013142174436
39.71546445639187
20.75014934289128
4.146132019120379
2.863575268821692
3.1056227598611184
2.068884408606638
0.3997162485110588
4.480372610513739
187.42420848267622
312.12477598566306
175.07205794504182
161.8817204301075
15.447281959378731
6.189142771804061
4.146132019120379
2.863575268821692
3.1056227598611184
6.175825119474312
0.3997162485110588
5.227016129032258
134.0344982078853
267.3252688172043
331.8828405017921
167.10909498207886
10.966984020310633
22.243466248506568
4.146132019120379
2.863575268821692
3.1056227598611184
2.068884408606638
0.3997162485110588
4.487753882915173e-12
140.38119772998806
458.83475209080046
531.6349313022699
492.288679808841
34.11495669056153
14.776508363201911
4.146132019120379
2.863575268821692
3.1056227598611184
2.068884408606638
0.3997162485110588
6.720318100358422
187.42420848267622
388.29039725209077
469.6688321385901
161.8817204301075
10.220284498207887
8.802658303464753
4.146132019120379
2.863575268821692
3.1056227598611184
4.682388739545997
4.13328853046595
6.720318100358422
171.74320489844683
396.5046296296296
483.834005376344
314.5852001194743
55.76963859020311
5.815785543612612
4.146132019120379
2.863575268821692
3.1056227598611184
2.068884408606638
0.3997162485110588
4.487753882915173e-12
159.04980585424133
327.43391577060925
408.0480884109916
167.10909498207886
34.11495669056153
