3255.3285131122407
2004.1647018991903
1833.4140510662198
1853.0645662729012
1587.8188897400419
2123.927739688213
1869.3353195898758
3026.166577288127
3604.7893597247667
4247.310153850428
4119.580742411223
2830.516485781708
2253.1187927532173
1489.816790292012
1599.9853916006873
1437.4800191873678
1381.7464037355596
1443.919115718537
1899.8540586130955
2372.6285237532447
2809.518979132522
2731.4340331520502
2476.8613618890768
2017.3112330600643
1573.6554496716021
1351.7987227227031
1135.984061499607
1532.4312632389774
1015.9865112009516
1604.0067061123573
1880.0796788385226
2092.035318616004
3096.7900283686986
4022.108530720706
3164.9273473407175
2299.7610441908
1491.4834921327763
1244.9925251341463
1033.9774499428595
1115.0169118535164
1366.285567470371
1562.4457486874117
1657.1445494463578
2269.221173435158
2802.9587496349964
3179.0336986469492
2866.231419974508
2005.4200770519167
1725.8426995351688
1290.5922801320498
1216.0911825588023
1219.3409123516383
1449.3904938218698
1724.0771771916263
2078.159051352249
2797.4091290872548
3158.744421491497
4131.014135164692
3795.6830464325412
2964.6298540409834
2552.2227335587286
1875.6596973446071
1201.8767101376961
1517.5663540305704
1503.4732121212453
1653.57155033522
2572.630584529831
2854.78553277115
4089.2532569045975
4775.058894421149
4444.316112976485
2874.7224802436663
2067.1329894545142
1188.395375983854
1140.3985433995895
889.8007931930217
1117.938914438641
1603.0471168705972
1553.8164873643955
2602.312339827409
3231.054485423814
4094.4857271781502
3874.8866698536963
2443.420471515207
2143.325393120547
1452.1031565620729
873.1300413733164
842.1488690927241
906.3686149645696
1244.490088329874
1816.3035091666416
2439.429562654422
2949.8904817929833
3861.149462779061
3352.986842020184
2362.1334986277097
1860.7741836890507
1756.6438057894916
1280.3954647067567
907.4239973108988
911.7195465162517
1442.5105442258027
1863.9927613242878
2798.417550114203
4243.624051061462
4573.028814041811
4595.97164307803
3080.6300567424373
2627.388491810263
2442.7323319948873
1045.2743699238301
1801.3269127409878
1095.8785195254286
1385.5344121443686
1720.6272782144524
2278.0881983835116
3324.7614193288073
3821.759381362073
3149.30007384879
2425.1994649262706
1739.9803177993929
1287.7181111766004
993.7540472864645
1028.6669321039324
1101.511553648016
1698.2905381859418
2555.4719451945125
3124.7982048093654
4188.333184453734
4841.627491629697
4428.7017884380775
2711.983586393256
1965.9977248348932
1384.0503524323906
1229.859654292529
1260.7130178338246
1414.1668945253373
1832.9485507865784
2251.8540224645917
2685.798104314753
3793.824598441495
4911.48327996289
3947.456028806597
2641.7018245787067
2453.7839636804556
2162.916014103202
2131.1597822648787
1698.7192409294496
2123.1286314525837
2183.9833001027882
2826.127384574575
3743.346572374762
4247.632186437804
4319.704548011371
4513.223949412599
3943.3067195678914
2217.2045073507184
2049.9432855501404
1725.3423499979892
1999.045206765064
2406.916893941253
2260.6387097279026
2670.8507160175614
2846.711257257146
4602.094996086513
4470.176564598838
3855.473347755688
3038.8305727465854
2259.865970854962
2018.8952063238664
1543.415055346217
1521.2943359601024
1529.0639674831593
2116.5330762835724
1921.4702804424521
2852.2436900635785
3158.5928383618852
3831.4273696363334
3902.1518641432976
2735.590318908805
2377.6418454542595
2129.254009270535
1591.024087710611
1458.961287270105
1445.1305601467411
2060.67366224174
1851.983547834456
2716.9682665978257
3401.223948937368
4395.8146759896335
4362.443178755912
3143.0853456424165
2833.624036754025
2061.3055801220153
1414.72354616733
807.5025148076213
934.1753696471674
1120.7941382046151
1539.6351992272262
2198.7880713712393
3060.6990585911444
3054.8457985118166
2571.952420168546
2070.1581001956474
1861.0701987913753
961.9170148278001
541.5690772758614
770.1384668361516
728.6915922432166
1002.5447562883018
1295.888273283455
1840.5850191039217
2554.010209715176
3023.1393467998546
2159.0407300713186
2196.3454968172427
1755.8906365186976
1147.8403544523135
825.1471759659432
612.2483548258019
737.394141195309
890.2171800132311
1756.1242891224813
2155.337741887433
3257.2497333539236
3934.6632769556854
4008.555922659605
1929.4369362488083
1146.4587484575534
750.5548938442266
665.7166429320955
730.4725165907766
687.7161681612406
985.0544788404968
1543.4849835369503
1644.6634496074994
3144.789381545496
3079.668731861584
2987.9825361844787
1825.5883623991137
