19.629965651135006
4.146132019120379
2.863575268821692
3.1056227598611184
2.068884408606638
0.3997162485110588
4.487753882915173e-12
146.35640681003585
399.4922341696535
467.41151433691755
175.32370071684588
14.32709826762246
20.75014934289128
4.146132019120379
2.863575268821692
3.1056227598611184
2.068884408606638
0.3997162485110588
4.487753882915173e-12
139.26149940262843
238.57452210274786
429.3279569892473
92.43914277180406
36.728419952210274
11.042801672640383
4.146132019120379
2.863575268821692
3.1056227598611184
2.068884408606638
2.6398521505376342
4.487753882915173e-12
97.4454898446834
353.568921744325
371.0872162485066
110.35991636798089
47.18245967741935
8.802658303464753
4.146132019120379
2.863575268821692
3.1056227598611184
2.068884408606638
0.3997162485110588
4.487753882915173e-12
288.60513739545996
500.3050328554361
586.5173237753883
284.3473715651135
64.35595878136199
12.909647550776583
4.146132019120379
2.863575268821692
3.1056227598611184
2.068884408606638
0.3997162485110588
4.487753882915173e-12
143.36880227001194
270.30839307048984
338.9773745519713
99.15770609318996
12.833796296296295
13.65628733572282
4.146132019120379
2.863575268821692
3.1056227598611184
2.068884408606638
0.3997162485110588
4.487753882915173e-12
41.06940710872163
237.82706093189964
209.798013739546
18.14142771804511
7.606780167268525
11.042801672640383
4.146132019120379
2.863575268821692
3.1056227598611184
2.068884408606638
0.3997162485110588
2.240135902031063
125.82026583034646
480.52195340501794
279.6124551971326
157.40292712066903
56.88948626045399
5.815785543612612
10.866450119474313
2.863575268821692
3.1056227598611184
2.068884408606638
0.3997162485110588
4.487753882915173e-12
126.19623655913979
322.57840501792117
419.62178912783753
161.51022998805257
10.966984020310633
10.669242831541217
4.146132019120379
2.863575268821692
3.1056227598611184
2.068884408606638
0.3997162485110588
4.487753882915173e-12
44.05596624850657
250.14822281959383
204.1950418160095
63.69295101553166
19.554099462365592
5.815785543612612
4.146132019120379
2.863575268821692
3.1056227598611184
2.068884408606638
0.3997162485110588
4.487753882915173e-12
137.0221027479092
474.14725209080046
435.3031660692952
192.1244026284349
22.541143966547192
5.815785543612612
4.146132019120379
2.863575268821692
3.1056227598611184
2.068884408606638
0.3997162485110588
4.487753882915173e-12
109.01919056152927
347.9700567502987
303.50806451612897
111.10775089605735
37.10200119474313
6.935853494623656
6.3862679211469535
2.863575268821692
3.1056227598611184
2.068884408606638
0.3997162485110588
4.487753882915173e-12
99.31302270011948
268.0689964157706
242.28009259259258
85.72095280764636
14.32709826762246
18.88332586618877
4.146132019120379
2.863575268821692
3.1056227598611184
2.068884408606638
0.3997162485110588
4.487753882915173e-12
92.96632317801672
248.28068996415772
257.96109617682197
46.14333183990443
7.606780167268525
17.016465053763437
4.146132019120379
2.863575268821692
3.1056227598611184
2.068884408606638
0.3997162485110588
4.487753882915173e-12
101.92465651135007
402.85170250896056
307.9872311827957
143.9616935483871
41.58232526881721
12.163007765830345
4.146132019120379
2.863575268821692
3.1056227598611184
2.068884408606638
0.3997162485110588
10.827546296296296
92.21848864994027
340.127688172043
239.66435185185182
104.01284348864993
19.927643369175627
5.815785543612612
4.146132019120379
2.863575268821692
5.345758661887693
2.068884408606638
0.3997162485110588
4.487753882915173e-12
136.27389486260455
448.03726105137395
279.6124551971326
94.6789127837515
15.820863201911589
5.815785543612612
4.146132019120379
2.863575268821692
4.225690710872162
2.068884408606638
0.3997162485110588
36.58908303464755
160.9173387096774
529.7823327359617
554.4235364396653
391.87014635603344
40.089045698924735
5.815785543612612
4.146132019120379
2.863575268821692
3.1056227598611184
2.068884408606638
0.3997162485110588
5.973640979689367
188.1724163679809
526.4183841099164
580.1851851851851
205.56563620071685
56.14135304659498
9.922726254480285
4.146132019120379
2.863575268821692
3.1056227598611184
2.068884408606638
0.3997162485110588
29.86872759856631
276.28360215053766
458.12537335722817
422.9812574671446
226.1021505376344
53.15830346475508
8.802658303464753
4.146132019120379
2.863575268821692
3.1056227598611184
2.068884408606638
0.3997162485110588
4.487753882915173e-12
173.23924731182797
452.151284348865
526.7633661887693
189.88463261648747
44.19586320191159
