8.587029569892474
0.0
0.0
0.0
0.7467278972520908
0.0
0.0
44.42947281959379
107.52684438470726
141.50141875746715
65.71221624850656
0.0
0.0
1.1200899790919951
1.1200899790919951
0.0
0.0
0.0
0.0
70.93738799283155
95.20463709677419
126.94190561529271
82.51280615292713
8.2139075567503
0.0
0.0
0.0
0.0
0.0
0.0
0.0
45.54999253285544
111.262208781362
154.57075119474314
125.44795400238948
29.12205047789725
0.0
0.0
1.8667764336917563
0.0
4.106933243727599
0.0
0.0
73.92562724014337
138.1439292114695
153.82362604540023
150.0885976702509
33.22883064516129
7.840404719235366
0.0
0.0
0.0
0.0
6.7206541218638005
0.0
42.93514784946237
85.12731481481482
137.7701612903226
66.45937873357228
0.0
7.467278972520908
0.0
0.0
0.0
0.0
0.0
0.0
42.18798536439665
99.68679062126643
114.99309289127838
0.0
0.0
1.1200899790919951
0.0
0.0
0.0
0.0
0.0
0.0
48.53823178016727
175.10259856630825
146.7307347670251
86.99085274790922
20.161469534050177
0.0
0.0
0.0
0.0
0.0
0.0
0.0
21.654760304659497
102.67502986857825
134.03513291517325
126.56851105137396
8.960569743130227
0.0
0.0
0.0
0.0
0.0
0.0
0.0
46.67054958183991
100.43395310633214
121.71255227001194
35.09561678614098
13.067312574671446
0.0
5.973573775388291
0.0
0.0
0.0
0.0
0.0
67.94914874551971
169.13026433691758
184.06317204301075
158.67540322580646
11.947565710872162
0.0
0.0
0.0
1.8667764336917563
0.7467278972520908
0.0
0.0
38.08262395459976
114.61969832735961
111.262208781362
78.77740442054959
13.814392921146954
0.0
0.0
0.0
0.0
0.0
0.0
0.0
44.802830047789726
102.67502986857825
128.80958781362008
37.70911738351254
0.7467278972520908
0.7467278972520908
0.0
1.493414351851852
0.0
5.973573775388291
0.0
0.0
11.574025537634409
127.68906810035843
93.71449372759857
38.08262395459976
9.707194593787337
0.0
0.0
0.0
0.0
0.0
0.0
0.0
69.06970579450419
145.98394563918757
103.04842443249701
86.99085274790922
25.761540471923535
0.0
0.0
0.0
0.0
0.0
0.0
5.973573775388291
16.427848715651137
142.24854390681006
132.1674507168459
127.68906810035843
11.574025537634409
0.0
0.0
0.0
0.0
0.0
0.0
0.0
47.417712066905615
171.3713410991637
121.71255227001194
33.975433094384705
13.814392921146954
0.0
0.0
8.2139075567503
0.0
0.0
0.0
0.7467278972520908
0.0
178.83800029868578
156.4384707287933
163.53132467144565
13.067312574671446
0.0
0.0
0.0
0.0
0.0
0.0
1.493414351851852
62.35058243727599
134.03513291517325
177.34367532855435
126.1951164874552
29.12205047789725
0.0
0.0
0.0
0.0
0.0
0.0
5.973573775388291
72.80510752688173
142.6219384707288
148.96766726403823
142.6219384707288
35.09561678614098
0.0
0.0
8.587029569892474
0.7467278972520908
0.0
0.0
0.0
16.427848715651137
128.06283602150538
139.63369922341695
93.71449372759857
19.41442652329749
