0
0
0
0
0
41.0498963812544
472.95495651050027
1573.3251214985391
1454.8604506585596
976.4820085168998
199.97107305182817
0
0
0
0
0
0
0
479.5667960827652
934.7402275724766
850.0700103288397
407.9802493443466
79.54905634082176
0
0
0
0
0
0
0
418.3201466400237
1358.2667898897564
1593.0017570109242
924.5429457290833
218.88529135055336
2.085302860153206
0
0
0
0
0
42.32559267492
797.9776487365041
1777.2025632622228
2275.9181242897334
1044.2792720869147
207.13559051687153
31.928766683186637
0
0
0
0
0
69.10228075303012
432.3934069083666
1335.9877659611593
1625.6107325939265
612.4392228213646
152.93772437021966
0
0
0
0
0
0
44.38009772412414
461.6771173404409
1682.333215724827
1876.3095885241805
745.5414496314361
170.90257279430273
0
0
0
0
0
0
116.50249881241785
534.0153042511685
1370.6443887012108
1231.2291569374358
807.5941394364902
143.63290471613857
22.140707015155478
0
0
0
0
0
103.71873307779407
509.5452743146864
1450.7363236675887
1411.1720047117874
608.1498230018028
177.89445020592132
0.9266469021730543
0
0
0
0
0
0
689.69166068509
1385.326901395421
1867.1434212098466
805.2731913256382
134.4513990965392
6.157530497325226
0
0
0
0
0
10.271202913850225
476.1852400158768
1270.7051538797211
1840.8789718323708
778.6724424878738
146.77570485624767
0
0
0
0
0
0
0
363.22541733710233
1086.1301589883792
1060.7823711614917
440.05807771755957
124.17171103819942
0
0
0
0
0
0
37.66390988492698
356.63158488336643
1206.5330265050638
1052.488505442547
896.9698127486131
180.5068111789156
0
0
0.8081017127551746
0
0
0
51.405215263031735
503.73559501592035
1266.2892993410196
2024.8991253124493
1003.191377462367
161.92370218146647
0
0
0
0
0
0
0.40211063758748367
171.68444072746922
1011.7760769646383
776.8943151066314
0
52.891608722108884
0
0
0
0
0
0
110.29857130912056
545.4030317224248
1721.7248377512428
1628.9984125796118
1263.0872941775574
334.7513472585582
2.58193691611352
0
0
0
0
0
0
20.56413895185537
276.4351857607478
949.5068007834147
515.9445597743701
148.1964712766088
0
0
0
1.8809292071044226
0
0
0
272.1163961932581
771.7408376539795
571.7618934896445
56.60696202123154
20.699719698556706
0
0
0
0
0
0
0
349.6647508495008
1069.712654108373
1169.6190847644557
646.9602422413456
38.32540465405708
0
0
0
0
0
14.545496585121967
3.066097623365607
312.21885829181934
1100.3693623876732
1459.9725103665544
593.3072427850973
117.37453520830914
0
0
0
0
0
0
19.993329820755264
315.62830415538565
1284.8012493367412
1591.2716992238256
817.5361415237143
10.198735888580387
0
