199.36598864994025
284.896407183393
225.6480899044206
134.78825619772996
109.96656959378734
606.6889400388294
1102.0284423536439
3207.5082399940256
7087.144395908006
5212.11873506571
3053.348192951014
870.7037205047792
537.9314131571086
169.88497946535242
138.52382205794507
118.55157172192355
85.10728561827955
168.95298685782555
382.2702102001195
2217.683553614097
5743.571090949821
3874.593656660693
1534.0644227897246
567.0848797789724
142.56665135902034
297.2215684737156
178.14656735364403
223.33645795997612
113.4177584453405
342.9754640830346
890.6688175776582
4114.167088560334
9084.506104390684
6833.426056600957
3712.5139187574664
1389.8272625448021
781.7112205047787
174.08605585424132
144.90690307646355
170.55031880973718
98.20178995669058
224.05479465352457
619.4993686529272
3412.4744324970134
7015.8794989545995
5342.148637246118
2711.6895683990433
1195.1890232974904
369.91614284647545
242.39188806750295
133.1476512096774
95.47708124253285
118.91224432497013
243.42066756272396
722.5941569593783
2939.183042114695
6634.542476851853
5297.963474462365
2547.329446684588
819.8127228942656
551.1319526583034
404.65529159199514
185.6623898596177
156.48131615890088
111.14694787933097
185.98264000896063
787.1034509408603
3500.421516577061
7519.371079749102
5724.976351553164
2546.131388142174
953.4277027329749
549.7599749850657
186.1681369474313
182.07565636200715
89.51763396057349
118.72408038381124
186.51851366487455
475.14304958183993
2209.795777329749
4630.373028673836
3501.5781100657123
1803.0134520609315
711.1036264187575
376.5786417264038
322.346740591398
151.0398476702509
123.45991965352445
122.58301765979694
149.963947879331
507.0852956989248
2272.686402329749
6298.925858721625
4824.144761798088
2497.2681078255673
822.5641427718042
360.8039855884111
108.86603154868577
82.33830241935486
101.95814004629632
61.40510394265233
158.05430816905618
492.28183467741917
1905.0862514934292
5830.614960424132
3908.5656474014336
1708.27102374552
981.9095243428912
288.9985704151732
195.55142323775385
164.4900634707288
109.24536273148146
153.6573910170251
216.57927195340505
738.3893021953406
3110.4934251792115
6348.431862305853
5129.163048835125
2409.4276657706105
792.5951724910393
464.47064516129024
323.93699186081244
172.2185719086022
148.64929614695345
94.30443283303465
204.95741674133816
824.3676687574673
3195.7079823775384
7033.6591547192365
5746.195956541221
3495.892103494623
923.1666965352449
504.15284946236557
241.5728098864994
185.2396273894862
187.39137821087215
154.28562981630824
342.4314859617682
1131.0262880824375
2787.552669504182
6635.093473715651
5704.7068735065695
2855.4333669354837
1158.185394265233
643.6452277479094
236.94102374551977
213.83076239545997
230.46725395758656
96.66072271766723
140.16070639187578
336.7960954301074
1639.0410887096778
5520.861406063321
4365.934098715651
1971.6873357228192
706.2168432646357
459.2926665173239
636.5718626792116
330.6707299133811
153.54256832437272
112.24474395161288
195.7375496565114
506.23798611111096
3013.8405353942658
6028.430850507765
4743.90502165472
2200.3089979091997
962.4878797043007
567.6016767473118
339.50615554062125
133.4858478195938
141.67874406362006
177.88526904121863
221.39742943548373
903.6886917562724
3562.8420624253295
8330.949876792114
6502.890333781364
4054.9123394563935
1253.360188918757
697.5859789426524
237.89294802867383
109.84358068249699
102.48115195639187
85.84097128882915
205.67102523894866
572.3860073178016
2206.80194519116
5152.824495967742
3548.5374178614093
2827.395601851852
820.3775339755077
405.5057295400239
220.96481929510156
378.55899716248496
110.39602161738351
75.39666730137397
133.66023969534052
282.3642256571087
1530.4356444145758
4922.0096774193535
3026.260390531662
2065.1601665173243
611.3236842891279
487.18338336320227
371.17133139187564
114.78319209229393
153.61874369026282
201.36145683990443
277.3589392921147
601.8472356630825
3208.614131571088
6780.738030167263
5944.620489844682
3529.8187686678616
816.3522812126641
354.4928703703703
150.25909823028672
113.57246221624848
108.66785849761055
154.0413249327957
153.88982377538832
545.2559449671446
2738.4067390979694
6597.81164874552
5661.290046296295
2601.721217891279
739.4376657706097
297.01498954599765
348.9101724910394
101.43505100059738
180.0354991786141
116.31605439814814
160.24768929211473
652.6139433990444
3088.309438470729
6433.898652180407
5112.4731444145755
2340.2390307646365
699.0774615442054
