6.535058243727598
3.565341248506571
2.3887022103020024
2.5906137993103657
1.7258064516401148
9.333572281959379
46.99820788530466
124.58183990442055
121.6995221027479
80.35058243727597
34.859244324970135
10.934513142174433
7.948028673835125
3.5864359318996417
2.3887022103020024
2.6383773894862603
1.7258064516401148
5.911006571087216
61.01777180406213
75.50776583034647
148.58124253285544
103.2709826762246
21.4616935483871
8.338859020310633
7.125709378733572
7.091136499402628
2.3887022103020024
2.689325716845878
1.7258064516401148
14.26823476702509
49.316756272401435
167.6859318996416
317.07362604540026
166.0846027479092
35.520833333333336
13.19668458781362
4.851403823205228
3.9044578853046596
2.3887022103020024
2.5906137993103657
1.7258064516401148
7.617249103942652
59.05017921146953
140.7706093189964
179.26747311827958
120.52008661887695
28.683915770609318
6.345579450445371
4.851403823205228
3.458669354865921
2.3887022103020024
2.5906137993103657
1.7258064516401148
12.059080047789724
32.9043458781362
122.78972520908005
174.82078853046596
89.52023596176822
47.636648745519715
6.47056078255675
5.701575567502987
3.458669354865921
3.077284946236559
2.5906137993103657
2.0283042114695338
4.160707885304658
46.33736559139785
154.11439665471923
119.60125448028674
104.68227299880526
42.445116487455195
7.70683990442055
4.851403823205228
3.458669354865921
3.3081317204301075
2.5906137993103657
1.7258064516401148
12.035185185185183
33.14068100358423
54.99178614097969
132.1423237753883
62.336096176821975
46.09655017921147
9.322841995221028
4.851403823205228
3.458669354865921
2.462335722819594
3.521990740740741
2.6731257467144562
0.3334229390953121
20.088112305854242
137.78375149342892
92.51045400238948
50.530540621266425
30.608198924731184
10.4413082437276
4.851403823205228
3.458669354865921
8.438582735961768
2.5906137993103657
2.2902105734767026
0.3334229390953121
52.97565710872163
118.89187574671446
145.13515531660693
92.56683094384707
41.613649940262846
7.69209229390681
7.858086917562724
5.549021804062127
6.551635304659499
5.806638291517323
1.7258064516401148
11.55766129032258
37.29540023894862
119.8439366786141
154.11439665471923
67.06279868578255
22.69563918757467
6.345579450445371
10.176971326164875
3.485337141577061
2.822543309438471
2.5906137993103657
1.7258064516401148
10.57871863799283
61.510603345280764
141.7749402628435
190.54659498207886
110.34236857825567
33.411364994026286
7.735476403823178
4.851403823205228
3.477774044205496
2.3887022103020024
6.096400836320192
1.7258064516401148
8.284438470728793
51.40755675029869
168.35050776583034
136.96983273596177
85.65598864994027
30.87178912783752
8.849126344086022
4.851403823205228
3.474590427120669
2.3887022103020024
2.5906137993103657
1.7258064516401148
0.9225059737156511
36.235439068100355
100.71311230585424
164.060633213859
53.0880376344086
33.55361409796894
7.019041218637992
4.851403823205228
3.458669354865921
2.3887022103020024
2.743455047789725
2.314889486260454
1.4996415770609317
21.313097371565114
69.18682795698925
135.52867383512546
70.64702807646356
27.328629032258064
9.68746266427718
6.029569892473118
3.6560894563918755
2.76086096176822
4.583893369175628
1.8085946833930702
7.988366188769414
3.8728345280764636
70.45250896057348
83.52747909199522
29.717368578255677
30.41106630824373
9.235289725209078
4.981160394265233
3.458669354865921
2.3887022103020024
2.5906137993103657
1.7258064516401148
11.993742532855435
34.318623058542414
118.89187574671446
142.45071684587813
64.91226105137396
22.222968936678615
6.345579450445371
4.851403823205228
3.458669354865921
3.089232377538829
2.6869362305854243
5.392883811230584
12.752031063321386
65.72207287933094
157.69862604540023
217.79047192353644
106.75813918757467
34.6777927120669
12.952882317801672
5.520086618876942
3.493694743130227
2.3887022103020024
2.5906137993103657
1.7258064516401148
1.006884707287933
48.17801672640382
67.06242532855435
135.27105734767025
81.71333632019116
39.591173835125446
6.598715651135006
4.851403823205228
4.218115292712067
4.955197132616488
7.048499103942652
1.8165546594982078
4.870833333333334
49.316756272401435
114.63186977299881
141.4986559139785
44.15173237753883
30.843413978494624
6.415632467144563
4.878071609916368
4.1392995818399045
2.3887022103020024
4.622087813620071
2.518667861409797
9.997401433691756
35.74223416965352
108.72535842293907
114.93055555555556
48.84296594982079
34.14239844683393
13.107825567502987
