15.856108124253282
6.904009856630823
3.5852374551971327
4.179394414575866
5.172453703703703
7.813022700119473
48.608497610513744
123.15374850657109
236.04353345280765
234.8547640382318
173.03390083632016
82.63590203106334
25.2425701911589
9.104017323775388
5.082885304659499
3.0078405017921153
5.597263291517325
3.4385528673835117
37.82933841099163
50.58579749103943
184.86857825567503
166.41614396654722
122.8401284348865
31.108721624850656
9.279569892473118
9.499663978494624
15.643817204301078
4.922603046594982
4.949111409796894
4.8983721624850665
38.49197281959379
95.72617980884108
190.46520310633213
220.40135902031062
93.32101254480288
42.78076463560334
21.191830943847076
5.896206690561529
5.750074671445639
2.2088896356033447
5.8550253882915175
8.730286738351255
21.893182497013143
102.22334229390681
196.10737753882916
234.29622162485066
113.91913082437276
90.57497013142175
17.20150089605735
8.24268219832736
2.8630451015531664
3.7500261350059745
3.7788381123058543
9.565822879330945
44.42278972520908
75.16278375149344
201.03681302270013
224.2719534050179
65.09072580645162
37.68518518518518
24.001866786140976
9.780876642771805
6.39896953405018
2.3338896356033456
4.296538978494623
5.4914501194743135
40.5790770609319
94.46983273596176
109.91338112305854
152.21998207885304
115.66905615292713
38.06877240143369
14.587440262843488
9.955645161290322
3.4703330346475507
3.4590277777777776
12.049805854241338
8.936006571087216
30.26743578255675
83.2810633213859
203.5397998805257
225.05936379928315
87.47946535244922
57.30398745519713
23.665583930704898
14.121453106332138
7.251120071684587
5.286028972520908
3.9154233870967743
10.678838112305856
20.705047789725207
71.11073775388293
118.96580047789728
179.86783154121864
137.1247759856631
43.469422043010745
8.668458781362007
14.434886499402628
2.9042749402628436
4.345467443249701
7.405055256869773
8.10846027479092
48.67868876941458
84.63522998805256
184.2936081242533
234.36529271206692
136.03643966547193
55.38045101553166
14.072244623655914
14.312686678614098
5.789687873357229
1.5367383512544806
1.7436827956989247
10.048125746714456
29.370781063321385
72.19235364396654
184.50940860215056
202.75425627240142
184.36006571087216
35.864471326164875
22.146430704898446
15.139784946236556
6.417749402628436
4.317159498207885
4.818193697729988
7.578629032258065
19.823066009557945
86.0282258064516
194.93914277180406
168.58012246117084
80.64889486260454
31.710125448028673
28.2057945041816
7.979017323775389
7.46415770609319
4.830533154121863
3.5998095878136196
8.847595579450418
33.63463261648746
98.58161589008363
161.5625
201.7932347670251
81.78576762246117
41.522588112305854
28.097894265232974
7.175104540023895
8.571012544802867
3.618820937873357
5.672043010752688
7.7235663082437265
25.461768219832734
59.473192951015534
166.3877688172043
181.99074074074073
93.07982377538828
44.395908004778974
9.333968040621267
8.603382616487455
5.815561529271207
3.717006421744325
3.3315524193548387
5.547416367980883
22.560894563918755
104.04159199522103
188.42219235364396
226.79435483870967
157.47797192353644
38.38366188769415
16.27456690561529
11.19306302270012
4.455085125448029
4.534669952210275
7.2750149342891275
22.518891875746714
58.300104540023895
118.89187574671446
272.8408751493428
255.25948327359623
183.38298984468338
42.827695639187574
16.2461917562724
10.028860513739547
5.40165770609319
4.45659348864994
5.176299283154121
4.446173088410992
38.05775836320191
76.89329450418161
199.21669653524492
175.4047192353644
82.2976403823178
46.83990442054958
38.68981481481482
10.644862604540023
7.179323476702509
3.2957623954599753
2.4056376941457587
12.719011350059738
42.22091547192353
75.75156810035841
196.98775388291514
238.5827359617682
114.37649342891278
47.33475209080048
24.891875746714458
16.60573476702509
11.351627837514934
4.573767921146953
3.7405167264038233
7.694481780167266
21.11854091995221
75.74522102747909
186.55876642771804
207.6022998805257
83.39792413381124
38.22800925925926
20.908900836320193
8.213448327359618
6.986447132616488
5.055742234169654
2.203670101553166
4.675470430107527
34.945116487455195
72.9965651135006
169.50082138590204
133.09587813620072
67.55973715651135
21.903039127837516
13.141091696535245
17.112604540023895
11.402479091995222
4.204849910394265
4.8698103345280765
21.59725955794504
44.00500298685782
58.59356332138589
162.46751792114696
95.5607825567503
80.95392771804062
43.49178614097969
