5.815785543612612
4.146132019120379
2.863575268821692
3.1056227598611184
2.068884408606638
0.3997162485110588
4.487753882915173e-12
267.3252688172043
510.39650537634407
483.834005376344
210.79301075268816
49.42286439665472
17.39000896057348
4.146132019120379
3.236932497013142
3.1056227598611184
2.068884408606638
0.3997162485110588
10.080458482676223
111.2585872162485
368.50209080047796
364.7405167264038
167.85692951015528
39.34195788530466
5.815785543612612
6.3862679211469535
13.6911215651135
3.1056227598611184
2.068884408606638
0.3997162485110588
4.487753882915173e-12
173.23924731182797
355.80869175627237
423.72909199522104
206.3138440860215
22.541143966547192
5.815785543612612
4.146132019120379
2.863575268821692
3.1056227598611184
2.068884408606638
0.3997162485110588
23.14799880525687
88.48715651135007
444.67331242532856
568.5887096774194
94.30704898446834
7.606780167268525
5.815785543612612
4.146132019120379
6.2237791218637994
3.1056227598611184
2.068884408606638
0.3997162485110588
4.487753882915173e-12
112.37828554360813
448.03726105137395
366.2320788530466
96.91830943847073
59.50526433691756
21.870370370370374
4.146132019120379
2.863575268821692
3.1056227598611184
2.068884408606638
0.773073476702509
4.487753882915173e-12
114.62253584229391
515.2199074074074
583.9038231780168
164.49783452807645
53.15830346475508
5.815785543612612
4.146132019120379
2.863575268821692
3.1056227598611184
2.068884408606638
0.3997162485110588
13.44108422939068
38.08236260454002
389.0382317801673
351.67114695340496
246.26232078853047
77.79719235364396
5.815785543612612
10.493354241338112
2.863575268821692
3.1056227598611184
2.068884408606638
0.3997162485110588
4.487753882915173e-12
151.95489844683394
320.3393817204301
296.78950119474314
199.5952807646356
37.47550776583035
5.815785543612612
4.146132019120379
2.863575268821692
3.1056227598611184
2.068884408606638
0.3997162485110588
4.487753882915173e-12
113.12649342891278
312.12477598566306
335.2464157706093
158.52262544802866
62.86439665471922
11.042801672640383
4.146132019120379
2.863575268821692
3.1056227598611184
2.068884408606638
0.3997162485110588
4.487753882915173e-12
159.798013739546
474.14725209080046
336.7376045400239
104.01284348864993
34.11495669056153
5.815785543612612
4.146132019120379
2.863575268821692
3.1056227598611184
2.068884408606638
0.3997162485110588
19.414725209080046
224.76142473118279
411.4377986857826
364.7405167264038
168.97662783751494
40.462141577060926
21.123282556750297
4.146132019120379
3.983643219832736
3.1056227598611184
2.068884408606638
0.3997162485110588
4.487753882915173e-12
72.43018219832736
342.7430555555555
273.6420997610514
131.26792114695337
7.606780167268525
15.896244026284347
4.146132019120379
2.863575268821692
3.1056227598611184
2.068884408606638
0.3997162485110588
10.827546296296296
124.70019414575866
404.3473715651135
498.0398745519713
413.5267323775389
7.606780167268525
5.815785543612612
4.146132019120379
2.863575268821692
3.1056227598611184
2.068884408606638
0.3997162485110588
4.487753882915173e-12
137.76993727598565
399.4922341696535
263.5599611708483
152.1759259259259
44.19586320191159
5.815785543612612
4.146132019120379
2.863575268821692
3.1056227598611184
2.068884408606638
0.3997162485110588
4.487753882915173e-12
114.2461917562724
427.1199223416965
541.3257915173238
181.29853643966547
32.248543906810035
5.815785543612612
4.146132019120379
2.863575268821692
3.1056227598611184
2.068884408606638
0.3997162485110588
4.487753882915173e-12
85.87141577060933
339.3839605734767
216.88844086021504
104.01284348864993
9.100216547192353
9.922726254480285
4.146132019120379
9.210797491039427
3.1056227598611184
2.068884408606638
0.3997162485110588
4.480372610513739
173.9829749103943
350.5813172043011
298.6570340501792
111.10775089605735
7.606780167268525
5.815785543612612
4.146132019120379
2.863575268821692
3.1056227598611184
2.068884408606638
0.3997162485110588
4.487753882915173e-12
139.26149940262843
212.0676523297491
530.5283004778971
273.51702508960574
44.19586320191159
11.41633064516129
4.146132019120379
2.863575268821692
3.1056227598611184
2.068884408606638
0.3997162485110588
4.487753882915173e-12
82.88418458781362
241.5621266427718
418.5024641577061
220.1269414575866
26.647961469534046
5.815785543612612
4.146132019120379
2.863575268821692
3.1056227598611184
2.068884408606638
0.3997162485110588
4.487753882915173e-12
112.75462962962963
269.56503882915166
281.1084976105137
76.0103046594982
7.606780167268525
