11.96680854241338
4.791143966547193
3.520023148148149
4.633587216248507
3.046057347670251
9.654345878136201
35.96680854241338
97.70049283154121
251.51433691756276
300.443921744325
163.95982676224614
72.22782258064515
22.412261051373953
9.178688769414578
7.181787634408602
4.963672341696536
1.4231668160095579
7.983497610513741
38.67193100358423
88.27396953405018
181.26045400238948
222.66166367980884
195.63844086021507
59.83833632019117
15.82258064516129
6.6587888291517325
5.4410095579450415
2.614236111111111
4.4059027777777775
9.174171146953405
21.104428016726406
86.38216845878136
170.38306451612902
217.7415621266428
102.021729390681
19.52960722819594
12.380861708482675
7.048088410991637
3.0342480585424134
4.269888739545998
5.359505675029869
13.306750298685783
49.89135304659498
111.38104838709677
249.53181003584228
235.70564516129036
106.58714157706093
55.181451612903224
17.72132616487455
10.759781959378733
4.74820788530466
3.453666367980884
3.5218862007168457
12.448738052568698
38.469944743130235
103.38261648745522
212.31780167264037
189.85401732377537
73.87246117084827
55.45661589008363
14.445153823178016
9.119063620071685
4.233512544802867
2.432097520908005
1.383001045400239
5.1232078853046605
41.52695639187575
89.13082437275986
219.43287037037032
232.54928315412187
182.78711170848268
60.99910394265233
15.414911887694142
5.73812724014337
4.957885304659499
3.1234057646356037
1.3051523297491041
6.6183915770609305
35.49690113500597
76.00955794504182
259.81182795698925
268.6443399044206
177.9386947431302
67.07287933094385
13.892921146953405
7.796072281959379
3.327184139784946
3.600100806451613
3.1696945937873355
6.885790023894862
29.258624551971327
104.69123357228196
194.48775388291514
211.36238052568697
109.0344982078853
42.4628509557945
27.106593488649942
9.14893219832736
5.363500597371565
2.8792786738351257
3.2452732974910394
5.487567204301074
26.256571087216255
85.18070489844683
149.4310035842294
186.01329151732378
75.49955197132617
35.18656660692951
14.555891577060935
12.70135155316607
7.564516129032258
4.833221326164875
2.0100806451612905
8.741375448028675
31.259707287933093
103.25604838709677
203.33370669056154
192.4070340501792
97.1307497013142
45.00522700119474
10.622162485065711
12.190076164874553
11.227262544802867
3.1438993428912783
3.2559102449223416
8.88321385902031
71.70698924731182
115.12134109916366
244.0845280764636
170.43496117084825
90.62313321385902
39.785879629629626
21.467368578255677
6.589904420549582
10.144974611708482
2.8145198626045405
3.3784124850657107
7.229353345280765
33.020721326164875
98.8683542413381
170.74260752688173
195.4943249701314
68.59580346475508
32.81362007168458
24.99152479091995
14.942764336917563
4.0811454599761054
1.8458706690561528
3.985035842293907
3.925459229390681
29.767883811230586
76.3142174432497
193.64732676224608
217.84199522102753
148.62417861409796
42.57179659498208
14.410132915173238
11.817428315412187
4.98346027479092
2.9600134408602146
2.877374551971326
6.265905017921147
30.064777479091994
88.07683691756273
221.49566905615288
161.43742532855433
102.64486260454002
54.76179808841099
15.566046893667862
14.392435782556753
3.355607825567503
7.534091248506571
3.2503957586618886
8.802643369175627
24.7721027479092
68.51403823178016
156.49268219832737
206.93623058542414
98.82541816009557
37.529233870967744
30.234729689366787
9.223827658303465
3.7802045997610523
2.8909423536439665
4.541636798088411
9.34938769414576
18.116188769414578
78.79629629629629
216.16300776583034
132.28457287933094
74.36603942652332
33.101553166069294
15.773820191158897
14.58646953405018
5.388216845878136
3.121990740740741
3.0117308841099164
9.407892771804063
34.80689964157706
103.68055555555557
179.1916816009558
143.4098715651135
119.3201164874552
15.59640083632019
21.474014336917566
11.908676821983274
3.5670736260454
3.4813321385902025
3.5098379629629624
14.244810334528076
41.2223715651135
70.24790919952211
192.76097670250894
264.74947729988054
206.26642771804063
41.44003882915173
14.59371266427718
14.281436678614101
10.624738649940262
4.476594235364397
6.1241412783751485
9.501045400238949
32.275052270011955
50.26807048984468
170.48275089605735
190.51784647550775
89.17338709677418
39.86163381123058
22.517473118279568
8.958557347670252
3.9494175627240136
9.006197729988052
2.072968936678614
32.396020011947435
21.10894563918757
68.5200119474313
140.0843787335723
139.84281660692952
84.61357526881721
29.43301971326165
