16.265307646356035
12.75462962962963
3.2756011051373957
5.422267025089606
2.9435409199522105
15.346214157706093
37.72565710872163
117.31854838709677
223.8179510155316
225.8139187574671
190.61043906810033
59.81854838709678
30.40158303464755
9.17562724014337
4.448655913978494
5.679584826762246
4.643361708482676
12.759707287933095
46.77045997610514
99.79017323775389
191.92316308243724
244.8738052568698
180.83034647550775
48.34378733572282
13.992831541218639
11.100545101553166
5.932534348864994
4.785211320191159
3.4043682795698924
8.73801523297491
48.92995818399044
75.89083034647552
188.15150836320188
201.84513142174436
174.36865292712068
61.1114844683393
19.936678614097968
11.602635902031063
0.8593630525686977
4.134636350059737
3.171419504181601
7.387171445639187
34.450194145758665
72.79943249701316
158.87582138590204
193.5412933094385
177.03405017921145
35.40636200716846
20.72043010752688
10.178800776583037
7.140718339307051
1.5055555555555553
4.39963784348865
3.3247797192353645
24.135827359617686
127.61910095579451
230.05040322580646
249.10244922341695
107.8304211469534
26.49738649940263
24.636536738351253
6.9548237753882916
4.98443100358423
5.396430704898447
2.667670997610514
10.61577807646356
38.03565561529271
100.51075268817205
216.48372162485066
263.41659199522104
212.27673237753882
62.43503584229391
17.194071087216248
9.54689366786141
8.71781660692951
3.2281025985663083
3.527479091995221
5.472408900836321
38.45881869772999
91.44451911589009
189.64456391875746
222.11058841099168
122.4817054958184
32.837701612903224
17.37051971326165
9.040135902031064
9.846960872162487
4.788605137395461
4.3228979988052565
13.851254480286736
56.2597072879331
82.02658303464756
228.4113649940263
243.69623655913975
163.5017174432497
33.89195041816009
28.817502986857825
12.151732377538828
8.803128733572281
4.797005675029868
5.999850657108722
25.117943548387096
31.668906810035836
76.86417264038232
238.54801373954595
209.7894265232975
130.7280465949821
55.47528375149343
22.28490890083632
13.04140531660693
8.809326463560334
12.599350358422939
4.5979689366786145
6.678614097968937
41.269041218637994
161.33885902031062
204.9727449223417
271.7006421744325
180.2475358422939
72.52016129032258
16.325940860215052
13.185595878136203
5.778785842293908
3.5677083333333335
2.5252053464755075
18.552195340501793
33.79368279569893
97.94392174432498
190.20123954599762
242.3327359617682
117.66875746714456
34.51194743130227
22.126194743130227
17.27105734767025
5.247871863799284
3.59689366786141
3.2394078554360815
15.051000597371566
26.87055704898447
83.99604241338112
172.04861111111111
173.01149940262843
72.26926523297492
26.876269414575866
13.414127837514934
9.80499551971326
4.8089904420549585
4.585013440860215
6.68570788530466
1.46598715651135
34.53356481481482
84.58968040621266
222.2909199522103
214.39180107526883
162.54778972520907
61.26045400238949
26.87055704898447
8.19507915173238
4.436603942652329
5.369362305854242
2.161678614097969
8.348491636798089
39.783154121863795
125.52307347670249
213.30533154121864
257.0284498207885
152.70497311827958
53.97625448028674
18.73808990442055
7.283490143369176
4.1780951314217445
9.211880227001195
5.787970430107527
39.70396505376344
53.603270609319
130.52942054958183
279.63859020310633
325.402105734767
147.60379330943846
73.48678315412187
13.179174133811228
10.630413679808841
4.479958183990442
3.8520908004778973
3.479151732377539
7.55977449223417
34.835274790919954
89.65464456391875
172.11656212664278
185.9748357228196
115.57235663082437
48.91502389486261
22.094347371565114
5.655353942652329
5.64609468339307
1.5293533452807644
4.620198626045401
8.113463261648745
39.61805555555556
83.85902031063321
207.68107825567498
135.40621266427718
97.29129330943846
24.015083632019117
14.259072580645162
6.970728793309437
5.224686379928316
5.372647849462366
3.920023148148148
3.13955719832736
17.603681302270008
70.1019265232975
125.97147550776586
165.68100358422942
92.60678016726403
27.42428315412187
9.458930704898446
9.06332138590203
4.827322281959379
1.7129778972520904
2.938257915173237
13.100433094384707
27.861559139784948
74.26149940262844
174.22603046594983
238.84557945041817
145.66494922341695
51.782407407407405
13.527404420549582
8.352822580645162
3.909557945041816
4.982638888888889
2.2919616188769414
9.176261947431302
35.97659050179211
79.49858124253285
236.30451015531656
218.79069593787335
100.31362007168458
65.59065113500597
