0
0
0
0
0
0
510.5845114686842
1207.5985683324698
1088.1616752702682
738.3842635945582
239.35163607452836
0
0
0
0
0
0
24.340736005414755
402.54693347822507
1629.600591969131
2020.6688753228655
925.8636872177041
127.11192969804999
0
0
0
0
0
0
110.9653815200272
303.24099490764615
1189.2285581095891
1325.4140180622983
835.6017868282469
106.6675120793467
0
0
0
0
0
0
0
513.0273052478541
947.4646600364165
1868.4203644331023
942.8224321824938
278.0538999553423
0
0
0
0
0
0
0
357.9556828940298
832.9912008476585
850.5972917337116
0
69.01161176567967
0
0
0
0
0
0
39.48911803475737
461.6771173404409
1744.3560651871924
1793.9895467081706
1002.4605057843631
284.9917678361187
11.354987199481272
0
0
0
0
0
0
348.70989803850415
2033.735039836217
2138.965865420112
1014.4631657208392
292.657434286031
0
0
0
0
0
0
14.75588212199957
482.907729511819
1170.4144897368838
1230.717628965073
1053.4335744952318
72.51052696816741
0
0
0
0
0
0
0
385.2169743051618
1086.9103094002
1277.5238722253782
500.8548818871675
190.5820741264077
0
0
0
0
0
0
24.950003690433256
495.14693356426386
1056.7625015499716
1193.323714962598
918.9423797638594
106.66765527440778
0
0
0
0
0
0
0
289.19745288071033
1472.8961386777457
1226.859880122065
279.8452640974878
209.11697686854586
0
0
0
0
0
0
0
324.91003470415484
1718.8754697547654
1369.2526183457728
774.1140033101426
205.59096589815098
0
0
0
0
0
0
0.9599867684080863
0
1177.8734540602554
645.1291133650179
757.3046540454015
18.899993997475974
0
0
0
0
0
0
96.77483315849548
433.4273096044106
1203.5006140016749
1679.5776335056757
765.2648525623907
0
0
0
0
0
0
0
43.11543958869045
506.29199528275933
1202.3278096747792
1766.065691552133
725.4902212982263
81.00000317253676
0
0
0
0
0
0
94.27070910328386
561.1657294536475
1200.7347302649296
1609.6539035313237
904.766244362184
99.90853818222402
21.152885690278083
0
0
0
0
4.262937958216931
39.197321762052084
446.9480494190645
1471.4697803063095
1718.2265738958572
646.3188049125099
146.5043418610418
17.133435190224645
0
0
0
0
0
16.88334705033968
498.92251667984726
1336.5439713126743
1847.8844670822573
737.3182918231854
115.00196528727095
0
0
0
0
0
0
46.47779863889724
731.1439628318434
1792.0543235585217
2344.453543819362
992.8323323908321
130.91351370293273
0
0
0
0
0
0
0
0
1277.0268317740172
903.6589453409108
508.76187330388143
86.14631653374168
0
