8.595056750298685
4.4887619474313025
3.0454375746714457
4.1150686977299875
1.7258064516401148
0.3334229390953121
23.391950418160096
107.54554958183991
37.73521505376344
70.1280615292712
30.87402927120669
7.3597296893667865
4.911107377538829
3.458669354865921
2.3887022103020024
2.5906137993103657
1.7258064516401148
5.109781959378733
54.72296893667861
64.71027479091995
154.0359916367981
115.46482974910394
34.29136798088411
7.269003882915172
4.851403823205228
3.458669354865921
2.3887022103020024
2.6065348715651133
1.7258064516401148
6.485229988052569
57.80689964157706
148.21908602150538
168.30197132616487
112.50784050179212
32.912933094384705
6.894862604540024
4.851403823205228
3.458669354865921
2.3887022103020024
2.803953853046595
1.7258064516401148
9.205510752688172
37.73521505376344
176.32541816009558
137.78375149342892
90.05787037037035
31.64613201911589
6.345579450445371
5.018570788530466
3.9068473715651133
2.465520459976105
3.510043309438471
2.3069369772998805
9.320131421744325
20.088112305854242
76.95639187574672
140.19563918757467
101.43033154121864
21.374327956989248
6.345579450445371
4.851403823205228
4.302494026284349
2.5395534647550777
2.8501269414575865
5.392883811230584
0.8142323775388292
80.34274193548387
245.17995818399044
232.76956391875746
129.2641129032258
32.48730585424134
9.996303763440858
5.520086618876942
3.5864359318996417
2.3887022103020024
2.5906137993103657
1.7258064516401148
8.00442054958184
64.12783751493428
191.82347670250897
261.6636798088411
117.66390382317802
35.03061529271206
11.382915173237754
4.851403823205228
3.493694743130227
2.3887022103020024
2.621659572879331
2.6731257467144562
9.333572281959379
63.1347072879331
129.15919952210274
191.82347670250897
151.12791218637992
27.551896654719236
11.615516726403822
5.057575418160096
3.458669354865921
2.4046232825567504
2.7967853942652328
1.7258064516401148
7.617249103942652
58.43040621266428
172.50597371565112
207.77329749103941
76.69168160095579
48.424432497013136
12.379778972520908
6.915546594982079
3.5494175627240145
2.822543309438471
2.660666816009558
1.7608318399044205
16.593876941457587
47.54704301075269
106.20146356033453
222.52837514934288
157.8483422939068
47.636648745519715
8.435931899641577
4.851403823205228
3.458669354865921
2.3887022103020024
2.5906137993103657
1.7258064516401148
8.240008960573476
18.278076463560335
145.13515531660693
64.70280764635604
48.66002090800478
30.193399044205496
6.345579450445371
4.851403823205228
3.458669354865921
2.3887022103020024
3.7846848864994027
1.7258064516401148
9.205510752688172
51.76597968936679
73.60737753882916
186.08124253285544
73.75709378733572
32.130002986857825
6.460211320191159
4.851403823205228
3.458669354865921
2.3887022103020024
2.706836170848267
4.6930256869772995
7.7762992831541204
12.625448028673835
119.63485663082437
142.45071684587813
25.865442054958184
26.357526881720432
9.945340501792115
6.101217144563919
4.983124253285544
2.3887022103020024
2.5906137993103657
1.7258064516401148
0.3334229390953121
53.87171445639188
157.1609916367981
261.6636798088411
138.7884557945042
56.034572879330945
12.586618876941458
4.851403823205228
4.901135005973716
2.3887022103020024
5.84367532855436
2.689030764635603
0.3334229390953121
34.52247610513739
94.76926523297492
122.78972520908005
128.37925627240142
31.087589605734767
16.47513440860215
4.9425515232974915
4.194220430107527
2.4842293906810036
2.95680256869773
1.9391465053763441
10.49433990442055
37.53360215053763
124.58183990442055
140.19563918757467
56.36611409796894
25.378584229390682
9.82433542413381
7.983796296296297
3.458669354865921
2.3887022103020024
2.5906137993103657
1.7258064516401148
3.5447804659498208
54.88724611708483
132.1423237753883
154.11439665471923
104.65240442054959
22.320041816009557
12.89165173237754
4.851403823205228
3.458669354865921
2.3887022103020024
3.1757019115890084
1.7258064516401148
4.160707885304658
47.54704301075269
187.50373357228196
142.64486260454004
68.6570340501792
31.369474313022707
8.347595579450417
4.851403823205228
3.458669354865921
4.580981182795699
4.416778673835125
2.6492308841099166
5.911006571087216
35.74223416965352
53.2444743130227
124.46236559139786
72.3980734767025
31.69952210274791
6.345579450445371
4.851403823205228
3.458669354865921
2.3887022103020024
2.686140979689367
4.009333930704899
11.414292114695339
21.494175627240143
93.64172640382318
54.84991039426523
30.54584826762246
19.59117383512545
6.345579450445371
