3112.0629291815344
2696.9055098442313
2456.5972163888005
1682.1476942597587
1740.557524746015
1816.5168481111527
1819.7864784907117
2727.4369177899193
3712.360715758218
4779.1303076736085
4396.731690738582
3354.581636618029
2432.592777221555
1953.0802908893836
1551.0513899579141
1891.9189230105465
1649.6340982546744
1904.8714772030048
2130.6802992791654
3077.4184804438064
3206.96879618748
3549.4745424113094
3701.8505718651822
3105.687017110245
2797.4349075569085
2436.838354592475
1758.6082475808469
1553.726180727029
1876.9482573927085
1967.9946593680315
2036.2095283755607
3009.321795617199
3484.942903219355
4335.273330601232
4207.425219204515
2934.4372314667853
2396.625670298845
1921.8991634256638
1986.3368622785817
1786.014681417435
1641.4702333455207
2240.8785451330505
2804.731438633933
3385.2990632201054
4279.386228726994
5025.16232021206
4533.2830851477465
3257.491612296838
2534.980908913903
2185.356478907439
1961.7501431322787
1633.7044950876
1879.1451107573535
1585.7919598977192
2281.8264535326557
2987.983737062165
3632.4928720589987
3558.011745678428
3238.873660231825
2392.0679252775426
2624.139579436863
1762.8588236886922
1097.209923996716
1140.1732088692802
1024.9813626215448
1610.4452846542158
1842.2748870985304
2569.7293089061563
3376.621577543786
3507.7367244689394
2860.4897240875957
2428.700078809975
2176.225055613415
1488.2102804044023
906.853258901381
1081.1346865621977
927.7111142594289
1276.3034154070378
1751.5037036129024
2705.84207026349
3287.2437402027867
3873.7787752665627
3321.4082125657646
2119.775261688443
1398.8916714956947
1047.831908802216
830.3563555907596
964.4296859983398
889.0126528528614
1204.9690612241395
1530.1088332407162
2307.322722750003
3406.443845741609
3410.069340317892
3061.8944174383464
2149.578279093659
1475.6966299256092
690.3639446783802
771.0392049994683
609.5816249990718
889.8826969045426
1097.2556532461124
1843.3266621606078
1714.9248641823033
2745.7009477161787
2854.9486169091942
2790.0590086694315
2146.704280159403
1660.1444804602024
1406.7788000355083
1109.2277898760403
1255.4564378305943
1084.6621601317615
1105.748642281764
1439.1447311714417
2403.689068305853
3006.605692028926
3991.901817144632
3677.4308982215516
1720.6654520827835
1614.0167264762165
1266.521478858799
945.4539539471579
1092.9288608673737
1005.8729130416845
1562.4964614983676
1650.9387910726489
2289.392865801003
2962.213474925658
3242.7672765759353
2842.2797454273214
2435.423595353828
1689.2343511789786
1090.7826243111244
953.7462321001743
998.4060696558082
1040.968607861658
1475.5046365093976
1823.0449610846638
2214.3582596313604
3081.158600084265
3720.572213654646
4026.1241889021767
2600.898587571537
1402.020534020957
1606.6882587268574
1194.7161741406253
1216.621798351791
1213.7364458193695
1648.2656115573884
2262.643241056058
2895.3647772732106
3717.5389666050673
4402.812933614715
4380.579236150947
2775.998811861798
2296.71262413686
1964.2497909264848
1437.1286216527096
1494.3385908749801
1342.5494506915506
2037.340367060638
2305.7765224691752
3018.174350895138
4426.903613171337
4881.740670034919
4232.62048783932
3052.336957155189
2281.2986246781397
2125.379540254571
1439.2108886795509
1706.1654007749164
1639.1217437675084
2344.597715620488
2130.135868106731
3214.9037072380115
3968.679856731062
4707.730647712799
4196.633569639115
2869.672296955399
2164.9531283096962
1657.6237561343348
1561.6423971490804
1459.4206062665207
1491.2827129245195
2089.889143125849
1782.0138584676695
2937.9045606539776
3361.901118142862
4299.540068014725
2964.8308355659487
2618.6228307081283
2433.7675552725436
1327.48669197984
1074.7169489451076
1075.1776902855192
1202.2064665707032
1744.2578941783304
2068.2201230623527
3018.394250433366
4864.251515281705
4326.644222944314
3823.4944601924412
2874.087423672351
1793.0246753445424
1574.9049777907635
1201.3177630584184
1421.7818472124961
1381.653024441544
1827.8180537793407
1822.107239830647
3166.920704587791
3731.161023633935
4606.17160486437
4747.942761134639
3250.177146309477
2107.648163400418
2022.408454810736
1669.235934179802
2299.8492882188716
1712.5618639028962
1902.2039232181294
2363.6129987999007
2953.664268918496
4617.0181025295515
4170.690121340392
5036.404638310739
2784.6306713145195
2461.523776085988
2237.7873983245136
1964.3159376602916
1835.1968072120426
1720.9160526071792
2118.083348688167
2970.8574223063647
2604.341675413951
3393.790904842985
4257.713497393245
3152.1741057782683
2518.8830943286234
