7.989396654719235
5.648036140979689
3.5627128136200725
4.607978643966547
2.7640456989247317
3.850160543608125
28.60282258064516
108.99380227001197
238.5192652329749
175.64740143369175
87.97677718040622
28.696535244922348
16.134781959378735
6.96598715651135
6.030615292712067
3.818014486260454
2.2533714157706095
11.197393966547192
26.809326463560335
99.03225806451613
209.70915471923536
170.99835722819594
121.85334528076464
39.49966397849462
18.613313918757466
17.376045400238947
10.39336917562724
2.9314852150537636
2.5041965352449225
5.12865890083632
51.14209976105136
60.41853345280766
197.98200418160096
174.76963859020307
109.13418458781362
38.314516129032256
31.554099462365595
13.051821983273596
7.2975283751493425
2.6151097670250896
1.8491748805256873
7.995258363201912
22.75612305854241
74.02292413381123
197.03031660692952
220.2314814814815
126.0659348864994
61.25672043010753
17.109729689366787
7.570116487455197
5.624402628434886
2.4453405017921153
3.9320228494623657
5.73812724014337
16.30689964157706
52.07168458781362
181.44601254480287
191.7954749103943
90.54360812425328
18.946273894862603
22.423536439665476
8.061753285543608
3.855947580645162
3.272349163679809
6.142995818399044
6.732862903225806
57.08482676224612
126.24402628434886
275.38157108721623
198.16644265232975
101.24514635603346
45.607078853046595
17.22871863799283
9.224499701314215
2.9010416666666665
4.283183990442055
2.4344944743130226
13.303614097968937
23.885192652329753
102.28569295101553
199.24656511350057
264.6161887694146
182.38388590203107
44.478419952210274
17.86462066905615
12.517958482676226
4.54066233572282
5.320153823178017
5.680704898446835
2.427090800477897
52.76956391875747
131.51657706093187
295.4540023894862
236.7267771804062
201.72155017921142
52.13336320191159
32.24260752688173
12.033975507765831
5.185259856630825
4.274775985663083
1.830533154121864
9.473230286738351
22.413381123058542
98.11379928315412
119.35969235364396
121.88134707287934
63.19407108721625
36.60450268817204
9.214717741935484
7.177494026284349
11.190449522102748
9.675253882915172
2.2949858124253284
7.785618279569892
45.69631123058542
84.57250597371565
190.00373357228193
150.73364695340499
105.36999701314217
27.9050925925926
28.259147252090802
17.03871714456392
8.684774492234169
3.742921146953405
3.0136835424133817
5.936753285543608
23.37705346475508
99.77337216248506
235.29009856630825
199.53218339307048
148.59505675029865
76.16823476702508
42.478793309438466
6.255040322580644
5.385454002389486
1.8432198327359617
4.186346326164874
9.554883512544803
22.842219235364396
103.46699522102747
216.7271505376344
242.96968339307048
134.6964605734767
79.95631720430107
9.20131421744325
14.134707287933095
6.207847968936678
5.292118428912784
3.6675291218638
13.873581242532856
56.26568100358423
104.31974313022698
240.02464157706092
253.98260155316603
131.76000597371564
64.47020609318996
13.788493130226998
9.11308990442055
5.597707586618877
3.026422491039427
7.733945639187574
25.47991338112306
41.80406212664277
100.68473715651135
204.36491935483872
192.32937574671445
107.32638888888889
30.322916666666668
9.874962664277179
8.644265232974911
14.938172043010756
3.1248543906810036
1.208105958781362
13.19212962962963
35.561342592592595
51.666666666666664
230.58579749103941
192.30585424133812
141.77083333333334
37.58057048984468
34.352225209080046
18.736708482676224
5.239658004778972
4.056358273596177
7.282706093189964
11.260454002389487
24.672229689366787
107.28083930704898
220.37074372759858
256.21901135005976
125.77807646356034
41.08721624850657
23.537634408602152
14.158154121863799
4.707250597371565
5.337059438470729
3.1790471923536434
7.500074671445639
15.361372461170848
71.89740143369175
232.89986559139786
295.70452508960574
140.45325567502988
59.86671146953405
21.524342891278376
8.565113500597372
5.133811230585424
2.9858908303464755
1.5733310931899642
3.7305256869773
19.444593787335727
91.71744324970132
186.9212962962963
223.0417413381123
64.34849163679809
41.01415023894862
14.839493727598565
9.602075866188772
9.3307945041816
3.1172603046594984
1.3668869474313023
6.196012544802868
38.361484468339306
80.44578853046596
206.93324372759852
214.84468339307048
86.74021804062127
49.88015232974911
14.100209080047792
11.329114396654719
2.566248506571087
4.177075866188769
2.1934065113500596
4.006757765830346
18.040210573476703
82.9689366786141
185.24305555555554
142.023596176822
163.47894265232975
55.08699223416966
