1969.73872443243
1958.535538966096
2381.671876633722
1498.023079937776
1496.532360842193
1615.8874760980107
2024.8367570152045
2331.8632394745073
3484.550190817956
3592.789731210046
2902.3574374530376
2577.3898056741796
1852.3069535955103
1519.7196576755243
1200.0234927058248
1066.6518605852173
1036.735954960171
1537.2684238875925
1893.5063204111834
2505.4354681976884
3165.2984370178287
3760.861116485383
3551.6142442068763
2500.1574845534947
1800.418580645317
1579.2768701241368
1089.2298276286385
943.5908051296569
1030.6164126346428
1286.0304012288443
1855.7555748958705
2546.2532845658247
3561.9124036673848
3892.7034381281137
4040.3658927409547
2589.4750152182805
1786.0685503765035
1393.2620815857595
1541.4750305880214
971.5811024150464
1140.353055179451
1529.2574952525258
1824.6610458621271
2692.172741535518
3558.179941391267
4399.943794226399
3892.122914896849
2546.966784041164
2041.1453802400672
1514.5216409444758
1130.646689577918
1146.7632129788785
1347.879254275872
1465.0769804323672
1719.9246151216641
2380.521890437315
2926.7951010016504
3410.2540171838054
3178.58608556038
2176.0463825654756
2347.1188917128497
1776.5618553493866
1435.3648747135624
1488.2581289708335
1720.1844692150335
2045.7700666135947
2371.407186232341
2818.246811893015
3580.3203155963574
4514.594624707887
3937.5748121999004
2790.698701121803
2182.977822190475
2180.0642006552994
1979.8197874258744
1707.4553369504895
1460.435804746287
1996.3116815360704
2097.9322979229373
3314.5802572407906
4062.689461528953
4869.307486437409
5044.7952346685115
3276.2932687075604
2534.451236907882
2168.3017639396116
1575.0804371319782
1684.7148263806566
1539.1244808098506
1917.759966242061
2454.5539945310384
3259.6473643270633
4706.4492967571405
5375.7880156464435
4189.432257193422
3107.5031969550687
2243.8619711741158
1585.3082584477954
1251.2109903937335
1789.817138738618
1194.9329044911617
1619.3382320244875
1912.8373917006322
2383.231536075971
3070.449547626572
3400.7545794241296
2592.0665467518656
2519.434846915676
1960.567132043237
1819.8415688527127
1614.8228204913332
1462.160085530713
1168.8399856992642
1695.2868725685007
2267.2788911176785
2602.3614510716843
3443.8334698067033
3856.7704327360284
3743.1164194282437
2492.682667584575
2510.791218710385
2464.984229008141
1655.819399735688
1533.8781671696438
1383.7678009598442
1710.0613924272795
1808.196258217213
2915.167593250226
3620.839307512275
4657.644031354906
4954.651795905219
2926.384766202096
2541.997575492001
1483.304506778269
1353.4604010069852
1460.0761712089738
1434.7785204960664
1516.0179164526471
2187.684884173073
2916.6174964891848
3865.2647231428073
4984.6205634156995
4517.620903358569
3048.184302923988
2352.4592287640867
1772.2626314867139
1520.8090504847114
1453.1467759503582
1370.4839502996558
2157.9367073608514
2751.1169081707535
3166.9007651764355
4408.749192859547
5252.881594008981
4650.141176115105
3338.1320257208163
2599.064647733036
2289.840132174991
2060.685349923319
2028.9289209227695
2302.3904901180745
2635.895892747615
2503.2076903305847
3706.191129568974
3780.0905979383606
4134.047382997881
3683.225143603954
4248.506349329621
2845.4467765598606
2073.21414300248
1981.470958123995
2007.9455829732444
1818.4086057000063
2186.1380083325566
2242.2648480947823
2869.842767871224
3687.1885186187565
4340.54277435557
4177.345972566238
3110.2550702528897
2726.62240847696
2118.9919983685036
1462.7870058707047
1238.135585358516
1303.8614987668132
1729.7261241593028
1949.0738218786605
2590.0637191067854
3389.054317814308
4039.747322345667
3603.021210416607
2497.1069768401458
1868.7568399200945
1131.443356406363
1010.9600978399698
1014.7709063846833
947.068422962579
1317.2104292739104
1750.30699955578
1879.5885044656234
2902.2793042601993
3463.0093663134903
3081.834924648833
1960.134018654429
1329.198618743586
1140.3861979221851
944.6909074729945
931.6189551874061
716.0464593280436
1031.6420416078947
1351.003068683694
2300.0491282735743
2681.5741770090835
3656.1371066564852
2367.2295517559082
1926.8246298817596
1259.731041237933
1057.351809052074
1098.75458337335
864.0057962087166
843.6985160086307
1074.6971983077353
1554.0496064761264
2194.0276201729766
2837.9538104148555
3185.310454375039
2309.3240827551826
2298.027960741043
1177.0283422448892
918.0904038502
808.3839405724783
736.9025009097728
694.1627403685288
937.8787268990388
1213.4385942747044
1711.4231382275707
2494.6281957629394
2904.549298617857
2312.4441177256986
2098.297920344155
