451.40784572879346
251.915278151135
92.6298218339307
159.89203311678614
201.08632015382327
105.83391438918758
424.47863649940274
2720.2212850955807
6694.029730436083
4517.43013739546
2279.534494474313
841.1450470430111
669.4318783602149
240.9940677270012
180.78815038829148
101.0889350358423
145.56536622610514
108.88024943996416
565.3501247013143
3712.4563694743138
5537.526672640382
4112.29733422939
1809.372554510155
432.38344758064517
608.1380951314217
236.22516241039432
103.53133110327063
131.29367872610516
70.55158129480289
157.67797939068103
536.6380525686977
3018.13350881123
7727.1707847968955
4487.3686193249705
2011.122147550776
543.0299551971328
452.3520038082438
237.7709240591397
119.58061077508957
116.04971916069293
77.72168824671446
212.44074708781363
510.38782482078835
2573.5016465053764
5428.498570041816
4706.511633811231
3092.3244698327353
979.6620930406212
353.786650985663
192.66757392473116
139.98754704301078
278.77264867084835
94.93947442502984
245.9774749850658
640.4297838261649
2411.5712477598568
4062.1998618578277
4655.666069295103
1815.4489994026287
740.3066730137397
136.36225653375152
255.69644899940258
160.32046479241342
257.2530219534051
95.37272438769415
195.90855025388288
585.5674003136202
3338.242641129032
7371.350056003583
5861.532000448031
3589.940315113501
1426.3229689366785
434.6920949074075
352.021235439068
407.1916102897252
113.33890165770606
323.1342682198327
333.73383885902047
788.0965946087215
4269.829103195938
8881.012839755078
6625.250604838707
1866.8364396654715
881.5265023894859
425.38166069295113
185.16473192951017
182.0516644265233
138.01278020459975
112.93283154121866
156.91782183393067
688.7821199223416
1618.674541890681
6635.382713560333
4661.351683841101
2346.7070489844677
755.600858721625
293.0488832885305
353.3943309438472
159.4647909199522
125.66675229241338
91.82269985812427
265.401066681601
943.607694892473
2981.065494324969
7288.834688620072
4582.011084976106
3181.008281063322
478.0685024641577
361.3859009109918
449.5923431899641
211.33323588709678
112.88689493727595
122.73626586768222
127.13181302270016
372.8542827807646
3063.697315561529
7986.565781810037
5153.392715800479
2531.615520459976
1307.979820041816
465.11149716248514
300.75567428315406
171.24304435483862
160.41619675925924
165.89669836469537
94.36551851851853
899.2471363500597
3681.192801672641
7878.539994026286
5775.496370967741
1877.9204823775385
865.5906929510155
767.5651209677418
376.53640905017915
124.20323835125444
126.16808172789729
124.07075380824372
241.2076989994027
472.91984953703695
2262.6228121266427
6485.8328591696545
3978.903595430106
1609.9198327359613
594.3557855436082
393.7704155465951
265.774036364994
110.88813773148146
138.99178923984468
90.03786648745519
171.60639336917566
1069.2493055555556
3873.188982228196
7951.554741636798
6231.013683542412
3462.312768817205
1275.0503136200723
430.8248528972522
162.03030689964163
173.52030241935483
188.7983553614098
156.02815271057347
272.3269728195938
347.58021878733575
2465.6541965352444
7099.297423835124
3895.2064180107536
2139.2130339008363
879.9158355734763
264.0816461320191
207.85552904719248
162.32013851553162
186.3491857078853
107.35670273297492
264.83456690561536
585.9666024492235
2322.79627016129
4837.85304286141
1423.715729540024
1687.0923536439673
658.5096576314215
257.07107228195946
308.2364344384708
155.97571273894863
148.95962085573476
112.13526418757463
394.38741524790913
534.5722099014336
1987.0832175925918
5370.319993279571
4777.99991786141
2592.5784834229403
718.0042043757466
403.0033740292714
219.07315486857834
153.4473958333333
53.25730667562725
108.13094347371565
102.89542435782558
664.6975795250895
1290.618612977897
6007.5449783452805
3032.9280428614093
1248.0770422640378
432.9944373506571
431.2710177718042
361.4170392771804
180.84635528673832
86.63185972968935
114.00309875298687
124.62945829599764
847.8819791666665
3688.8452322281946
7653.570803464753
6282.781832437275
3307.7180854241333
1390.2181974313028
783.4118122759858
157.1133829898447
107.4063504330944
115.04203244474313
106.25153524492237
126.22070153823181
588.365976329152
2319.1862231182804
6792.94046445639
6346.796352299882
3698.7796856332125
1659.0951015531653
586.5341513590203
479.77904457885313
173.33886350059737
166.2324167413381
93.4528925253883
214.91779159199527
498.41546520310635
4374.956544952211
8345.624925328553
5479.957915173237
3421.3435259856633
1060.0889448924731
