22.692988351254478
8.65625
3.2137246117084826
3.4574858124253294
3.505409946236559
4.151247013142174
22.134595280764636
93.66375448028673
221.73051075268816
193.86088709677418
102.47647849462365
43.965613799283155
35.023334826762245
9.660394265232977
7.734393667861409
3.1244175627240143
4.429420549581841
4.521202956989248
29.625149342891277
80.04890979689367
106.45908004778973
160.64553464755076
93.88590203106332
20.38425925925926
26.780615292712067
9.20590651135006
2.1652516427718043
4.72061678614098
0.9491080495818397
4.97539949223417
27.385117980884115
100.04741636798087
237.81474014336916
186.6270908004779
100.24977598566308
23.7940188172043
22.358982974910397
8.76388888888889
4.3493055555555555
2.2878397550776586
3.0801523297491036
11.689180107526882
25.81892174432497
89.30406212664278
200.73663381123058
205.94571385902032
166.13201911589007
54.320116487455195
18.732862903225808
7.077620967741934
4.995519713261648
5.670336768219833
2.372054211469534
11.520011947431303
35.16416517323775
59.498581242532865
137.97752389486257
180.13328853046596
90.46520310633214
41.04069593787336
5.110207586618877
10.587738948626045
6.0605958781362
3.32503733572282
3.429797640382317
7.803987455197133
32.52161738351254
87.37231182795698
217.72737455197134
249.15882616487454
176.1865292712067
72.36857825567503
24.02497759856631
14.978195937873354
17.391129032258064
2.9195116487455195
10.794429510155316
12.523596176821984
44.343637992831546
101.60692951015531
237.7859916367981
264.49783452807645
91.69802867383511
43.18589456391876
23.90621266427718
7.825119474313024
7.70676523297491
3.918910543608124
2.3641465053763437
7.525873655913978
36.84195788530466
48.120930406212665
200.23297491039426
198.66487455197134
109.62178912783752
41.700716845878134
14.13325119474313
14.734617682198328
7.346363500597372
1.4396247759856629
4.260476403823178
12.897326762246117
41.76803315412186
91.2406660692951
209.34923835125448
197.961096176822
163.44795400238948
22.492010155316606
16.954674432497015
18.66185035842294
8.24824522102748
2.713526732377539
2.4354764038231784
5.4426896654719235
17.357041517323776
99.04047192353644
242.8218339307049
222.40106033452807
131.2753882915173
71.44638590203105
26.58378136200717
10.13679808841099
7.029980585424134
4.253655167264038
4.296135752688172
2.650996863799283
47.22147550776583
83.11454599761052
235.97222222222223
263.9796146953405
95.18518518518519
43.843339307048986
40.26937724014337
15.715800477897252
4.4857004181600955
3.356638291517324
3.7568100358422947
12.219832735961766
24.780988649940266
52.79047192353643
190.52792712066906
163.79965651135007
96.56735364396656
32.692614994026286
19.805368876941454
11.28864247311828
4.16471027479092
4.446016278375149
2.4379181600955793
9.157034050179213
54.260379330943856
101.32392473118277
204.43399044205495
262.7643369175627
187.32340203106332
64.66883213859019
21.890867682198326
7.295885603345281
5.751194743130227
5.567876344086022
1.3018966547192354
12.025201612903226
16.61495669056153
91.16487455197132
213.65479390681003
156.8555854241338
98.64433990442055
41.24932795698925
13.504965651135006
8.474425029868579
5.651583034647551
5.642361111111111
3.8353345280764635
12.12869623655914
30.204973118279568
94.13791816009558
157.87373058542414
62.62246117084827
80.44840203106331
34.265046296296305
11.61111111111111
12.259557945041816
5.615292712066906
3.1890195639187575
3.450589904420549
14.16543458781362
25.252202807646363
69.22192353643966
156.3705943847073
223.44982078853047
149.2208034647551
37.63250448028674
22.288343787335723
8.602486559139784
5.541106630824372
1.8211021505376341
4.835946833930705
4.020908004778972
34.65341248506571
44.89041965352449
195.42413381123063
126.91121565113501
70.91584528076463
23.031548685782553
23.46049880525687
15.861708482676224
7.584453405017922
3.485457735961768
4.975433094384707
4.658527479091995
39.466173835125446
131.89142771804063
223.9982825567503
269.822655316607
176.94556451612905
69.82377538829152
41.38321385902031
5.02583632019116
3.3187724014336926
4.46728270609319
3.9948103345280765
6.6809289127837514
31.626344086021504
77.24574372759855
229.84655017921148
290.3192204301076
197.61350059737157
87.30025388291517
28.574820788530467
21.50840053763441
5.347670250896058
5.873543906810036
1.1395575716845876
11.682272998805256
24.367308841099163
141.34221923536438
257.50037335722817
214.8708183990442
185.6634557945042
56.1842891278375
