0
0
0
0
0
30.237993752819534
519.2008495809902
1384.1984040552895
2188.865453645418
1069.8769457928856
143.04619252614123
25.80541177521126
0
0
0
0
0
48.408836363837665
374.9263390935178
862.6225453741492
1941.3943084172506
590.4664351269033
0
24.16330615169518
0
0
0
0
5.29463118289749
38.248871663396415
116.1379109769413
1316.8846214309751
943.4845079069813
813.771216338402
164.90422056202297
0
0
0
0
0
0
0
115.02741725502254
1217.5299975513506
1423.0821027843565
791.9588569136765
309.94950927433865
6.214422298479342
0
0
0
0
0
0
506.18522291792476
923.8820311941341
1467.82026067039
710.623586620648
287.7438399616176
0
0
0
0
0
0
0
456.774563577
1354.4225227738114
1479.6078262780632
650.4682716147096
194.27831950875904
0
0
0
0
0
0
0
405.83616745307995
588.519612715548
792.4500350736363
543.1616424233479
66.61976254170608
0
0
0
0
0
0
155.260138394401
690.9177354855346
1098.6914461287597
1184.8562938396256
524.8235834558053
0
0
0
0
0
0
0
0
346.28178911997657
1562.962430069256
1134.7061452241837
924.5290903698435
65.51628858279962
2.3307682512081556
0
0
0
0
0
107.53419574539146
109.60586426916223
1574.5163844651456
1407.9365435169586
553.8322393815416
152.30217588372676
0
0
0
0
0
0
0
408.50356847210816
1407.1621183671123
2200.618093981085
824.039185841813
56.97256229267967
0
0
0
0
0
0
22.173393158523155
469.86971212350966
2169.6498126460438
3236.3688071151864
993.4423336566181
286.24646918369456
31.427063965104665
0
0
0
0
0
17.968648656102218
485.06063981878765
1866.624947489168
1801.4545315251135
969.2252036272416
324.0091263152776
17.877488458265773
0
0
0
0
0
27.813288952999677
819.4768167728695
1772.8121432728817
3233.326140076762
737.159267138257
242.93349940311248
0
0
0
0
0
5.7572383212568
0
18.54625155516075
554.4585593760934
898.285673630986
228.51407882510816
0
0
0
0
0
0
0
24.5603969766411
366.36136864122216
1131.069258341393
1407.8625355504398
681.4661398221599
79.52293483694328
0
0
0
0
0
0
0
525.9284108288615
1259.5731255870737
1337.9211676831928
760.1386227141825
286.161786604172
0
0
0
0
0
0
28.692262820949026
402.9551481015916
613.0818297356134
966.5187263415164
302.721517629637
53.167325203638924
0
0
0
0
0
0
0
426.2417824256305
1214.0756795919742
1383.3021101276058
829.4101400371878
203.87875414498765
0
4.89356636034762
0
0
0
0
103.71827755074328
0
1600.3041615231207
1179.7245068701816
464.61014092634275
25.18563104987072
0
