0.0
0.7467278972520908
0.0
0.0
0.0
0.0
0.0
40.32254330943847
151.20911738351253
175.475993130227
68.32291666666666
10.453856780167264
0.7467278972520908
0.0
0.0
0.0
0.0
0.0
0.0
49.28539426523297
125.44795400238948
91.84677419354838
22.774962664277183
10.080734767025088
0.0
0.0
1.1200899790919951
1.1200899790919951
0.0
0.7467278972520908
0.0
38.455607825567505
153.4502314814815
224.76138739545996
126.94190561529271
17.921139486260454
1.8667764336917563
0.0
0.0
0.0
0.0
0.0
0.0
66.45937873357228
125.0745594384707
96.32515681003584
154.57075119474314
29.12205047789725
0.0
0.0
0.0
0.0
0.0
0.0
0.0
32.1086096176822
70.93738799283155
92.5939366786141
67.206541218638
12.320687724014338
0.3733557347670251
0.0
0.0
0.0
0.0
0.0
0.0
47.043944145758665
92.5939366786141
68.69631123058544
130.67312574671445
12.694190561529268
0.0
2.6135043309438473
0.0
0.0
0.0
0.0
0.0
37.70911738351254
138.1439292114695
107.9002016129032
68.69631123058544
0.0
0.0
0.0
0.0
0.0
0.0
0.0
0.0
44.42947281959379
135.15568996415772
128.80958781362008
91.47337962962963
8.960569743130227
0.0
6.3471139486260455
0.0
0.0
0.0
0.0
0.0
29.86869026284349
119.84901433691756
91.47337962962963
50.028001792114694
27.62833408004779
0.0
0.0
0.0
0.0
0.3733557347670251
0.0
1.493414351851852
54.8839605734767
141.87481332138591
120.2227822580645
29.86869026284349
16.05430854241338
0.0
0.0
0.0
0.7467278972520908
0.0
0.0
0.0
60.109132317801674
103.79144265232975
135.15568996415772
34.72207287933094
8.2139075567503
1.1200899790919951
0.0
0.0
0.0
0.0
0.0
0.0
57.87219982078853
186.30424880525686
177.71706989247312
84.00675776583033
26.881705495818398
0.0
0.0
0.0
0.0
0.0
0.0
0.0
67.206541218638
170.25082138590204
163.53132467144565
153.4502314814815
10.080734767025088
0.0
0.0
0.0
0.0
0.0
0.0
0.0
50.028001792114694
136.64964157706092
118.72849462365589
53.76340352449223
13.814392921146954
1.493414351851852
0.0
0.0
0.0
1.8667764336917563
5.973573775388291
0.0
0.0
91.47337962962963
107.15344982078852
65.71221624850656
0.3733557347670251
0.0
0.0
0.0
0.0
0.0
0.3733557347670251
0.0
53.01627837514934
109.7679211469534
94.83086917562724
63.0973715651135
0.0
0.0
0.0
0.0
1.1200899790919951
0.0
0.0
7.093738799283154
38.82937574671445
109.0207586618877
141.50141875746715
71.3111559139785
14.93414351851852
0.0
0.0
0.0
0.0
0.0
0.0
0.0
35.842293906810035
148.22087813620075
90.35285991636798
20.908131720430106
9.707194593787337
1.8667764336917563
0.0
0.0
0.0
0.0
0.0
0.0
17.921139486260454
120.2227822580645
205.34595280764637
141.87481332138591
0.0
11.200899790919951
0.0
0.0
0.0
0.0
1.1200899790919951
0.0
0.0
65.71221624850656
128.80958781362008
85.87029569892474
14.93414351851852
