0.0
0.0
0.0
0.0
0.0
0.0
0.0
37.33557347670251
172.49189814814815
205.34595280764637
160.16969086021504
13.067312574671446
0.7467278972520908
0.3733557347670251
0.7467278972520908
0.0
0.0
0.0
0.7467278972520908
32.1086096176822
120.96957138590203
145.98394563918757
126.56851105137396
25.761540471923535
0.7467278972520908
0.0
0.0
0.0
4.853823178016726
0.0
0.0
0.0
125.44795400238948
92.5939366786141
50.775164277180416
12.694190561529268
0.0
0.7467278972520908
0.0
0.0
0.0
0.0
0.7467278972520908
48.911626344086024
126.56851105137396
146.35734020310636
121.71255227001194
13.814392921146954
1.493414351851852
1.493414351851852
0.0
0.7467278972520908
0.0
0.0
0.0
7.093738799283154
126.94190561529271
200.86790621266428
70.19026284348865
9.707194593787337
0.0
0.0
0.0
0.0
0.0
0.0
1.1200899790919951
54.8839605734767
158.67540322580646
179.21139486260455
210.5752688172043
30.615330047789726
2.9868690262843485
0.0
0.0
0.0
1.1200899790919951
0.0
0.0
85.12731481481482
222.89366786140985
210.5752688172043
102.30167264038232
15.681186529271207
0.7467278972520908
0.0
0.0
0.0
0.0
0.0
1.1200899790919951
67.94914874551971
151.5825119474313
167.63597670250897
110.88847819593788
10.827396953405017
0.0
0.0
0.0
0.0
1.1200899790919951
0.0
0.3733557347670251
31.735513739545997
97.81910842293907
128.06283602150538
86.24406362007169
0.0
0.0
2.6135043309438473
0.0
0.0
0.0
0.0
0.0
37.70911738351254
118.72849462365589
148.96766726403823
29.12205047789725
12.320687724014338
0.0
0.0
0.0
0.0
0.0
0.0
0.0
38.08262395459976
103.04842443249701
87.36458333333333
67.206541218638
7.093738799283154
9.707194593787337
0.0
1.1200899790919951
0.0
0.7467278972520908
0.0
0.0
31.735513739545997
107.9002016129032
138.1439292114695
67.206541218638
6.3471139486260455
0.0
6.7206541218638005
0.0
0.0
0.7467278972520908
0.0
0.0
45.54999253285544
134.78192204301072
126.56851105137396
91.47337962962963
0.0
0.0
0.0
0.0
0.0
0.0
0.0
0.0
45.54999253285544
173.23906063321385
151.20911738351253
87.36458333333333
10.453856780167264
8.587029569892474
0.0
0.0
0.0
0.0
0.0
0.7467278972520908
61.6034572879331
148.22087813620075
205.34595280764637
119.84901433691756
0.0
0.0
0.0
0.0
0.0
0.0
0.0
0.0
37.70911738351254
111.262208781362
84.00675776583033
50.775164277180416
10.827396953405017
0.0
0.0
1.1200899790919951
0.0
0.0
0.0
0.0
37.33557347670251
95.57803166069296
178.83800029868578
111.262208781362
17.5475993130227
0.7467278972520908
0.0
0.0
2.240142249103943
4.106933243727599
0.0
6.3471139486260455
54.8839605734767
145.98394563918757
153.82362604540023
113.12574671445641
16.427848715651137
0.0
0.0
0.0
0.0
0.0
0.0
0.0
45.54999253285544
139.63369922341695
89.97909199522103
103.04842443249701
0.0
0.0
0.7467278972520908
0.0
0.0
0.7467278972520908
0.0
0.0
49.28539426523297
121.33919504181601
97.81910842293907
67.94914874551971
32.1086096176822
