234.8637119175627
187.37954487753882
114.24210539874552
130.10615124701312
129.31453024193544
201.39990068697733
494.05493092891294
3595.943570788529
6369.992357377541
4758.559852897252
1768.914310782557
666.3572184886501
387.436942204301
298.7782825567504
183.58537559737158
183.50886611409794
130.23366125298685
280.0927262544802
1326.3448364695337
2861.428151135007
7126.7636499402615
4662.235588410991
3490.0260454002373
1114.1906810035837
331.1751825716846
187.47507579151736
117.59528151135008
169.98417321535248
135.32108225059733
113.20921636051375
676.3619679659495
1735.728128733572
3700.43166069295
4186.010659348865
1511.358833632019
504.71969347371567
230.48546931003594
729.8762750149347
137.73683225059733
197.25237380525684
84.15098771654719
193.7411880227001
598.6706989247313
3129.0074783452806
6147.897927867385
5284.84528823178
2759.3204861111103
1379.0566457586617
625.4209569145759
224.4849596774193
137.09641129032258
96.74916035692952
131.16403169802874
288.96811902628434
637.0973689516126
3647.2820937873366
7425.414967891277
6090.437257317802
2469.523562574671
1082.6702434289125
512.7785513739544
211.97758176523294
130.70932803166068
222.9040554435484
145.02288728345277
213.52589680406217
641.9219231630825
3228.6611073775393
5423.3032034050175
5680.850791517323
2619.861204450417
617.4416957885309
411.54502012395454
181.21168010752683
187.41795250896058
93.23616692801677
101.98779035991635
471.4813354988053
333.9606223864994
2607.4797341696544
3928.367264038231
3834.837160244923
1900.021102150537
658.3289770011946
381.1423379629629
229.75101254480288
190.92770497311827
134.11033460274794
159.78870863201908
125.27797520908003
751.0367357377539
2978.9704711768222
7260.234770758662
5913.469646057349
3448.7155353942653
1272.2093488649937
443.8041282108721
192.75234543010754
120.82495519713261
110.12718970280764
84.95600433094384
119.7179643443847
615.9314994026283
2834.404065860215
6506.502352150537
3516.960823626046
638.5238175776584
440.2039407855435
340.58748133213874
173.2301975059738
200.5191845878136
81.25004700567506
115.4106392622461
681.3286988500597
535.1041662933094
2679.204211469534
6082.753808243726
3304.2218936678614
1268.4332623954601
898.599806600956
323.7317525388291
296.370222520908
157.90169653524498
95.2550962141577
60.92169750597371
150.25720654121864
570.9748644713261
2846.341808542413
6186.374749850658
3154.0445377837527
2148.9127725507765
739.0139299581833
462.4707553016728
218.65603793309444
110.25979928315415
57.48261551672642
106.55276956391876
140.48899193548388
385.1915117234171
1337.8553382616485
4409.731425477898
3748.012085573479
1927.9459304062123
614.6895654121861
221.882421594982
337.1428703703703
131.4100835946834
291.5724503434887
116.98588396057346
140.24637227449224
525.8997367831538
2993.228274342891
6168.463549133813
4604.788407258066
1663.7266651732375
750.1624798387097
275.2526933990442
356.7587537335723
168.01522218488648
127.87770094086024
110.7545710125448
105.00713784348868
454.24326463560317
3808.3210237455196
8734.576889187574
5901.59049432497
3060.343350507767
1416.5874178614101
371.17876642771813
187.11035543608125
132.90278688769413
207.8910471176822
117.36813661140978
142.28301037933096
618.9700952060928
2153.051579301075
7002.767659796892
4074.073297491039
1334.5656511350062
649.5495919205498
168.31410095579452
269.1452419354839
136.2770168757467
132.67358807497013
430.46322617980894
243.95663941158907
974.4779472819592
3123.7677456690553
6103.480014187576
3753.134371266427
1763.9061902628432
680.637848342294
299.10236745818395
235.07818100358438
111.67238463261647
251.0541179062126
127.96348977001192
314.70492532855434
835.4432534348865
2397.3112641875737
7165.186129778976
5517.841076762245
3506.976366487456
744.9100171744323
657.8923663381122
188.5466857078853
135.55241674133808
140.1444566905615
130.07294317502982
189.570502165472
355.39274342891287
2873.8770161290327
5379.863638739546
4713.114609468339
2095.3510229988046
911.2945303166075
293.38693361708476
376.5029151732378
183.53572356630823
101.26679853643967
112.35258997909202
241.4323614844683
778.0357612753886
2367.6136238052577
5488.047894265233
4142.447965203106
1460.3138216845873
1021.6361260454009
413.79286215651143
230.07460461469535
135.90537261051375
117.67732399940263
146.152892510454
139.09361409796892
625.460687350657
2661.924660244923
4506.121490442054
4709.6954786439655
1064.2647401433696
720.6047528375152
