0.0
4.480283004778973
0.0
0.0
0.7467278972520908
0.3733557347670251
0.0
63.0973715651135
106.40628733572282
114.99309289127838
23.52158751493429
0.0
0.0
0.0
0.0
0.0
0.0
0.0
0.0
62.35058243727599
87.36458333333333
167.63597670250897
148.22087813620075
0.0
0.3733557347670251
0.0
0.0
0.0
0.0
0.0
0.0
37.70911738351254
125.0745594384707
91.84677419354838
78.77740442054959
2.9868690262843485
0.0
0.0
0.0
0.0
0.0
0.0
0.0
46.29678166069295
95.20463709677419
145.98394563918757
46.29678166069295
11.574025537634409
0.0
0.0
0.0
0.0
0.0
0.0
0.0
62.35058243727599
110.88847819593788
152.70306899641574
66.45937873357228
6.7206541218638005
0.0
0.0
0.0
0.0
0.0
0.0
0.0
60.109132317801674
146.35734020310636
177.34367532855435
93.71449372759857
8.960569743130227
0.0
0.0
0.0
0.0
0.0
0.7467278972520908
13.814392921146954
8.960569743130227
152.70306899641574
126.1951164874552
130.67312574671445
4.853823178016726
0.0
0.0
0.0
0.0
0.0
0.0
0.0
37.70911738351254
156.4384707287933
162.78416218637992
136.27624701314218
17.5475993130227
0.0
0.0
0.0
0.7467278972520908
0.0
0.0
0.0
33.975433094384705
140.00709378733572
127.68906810035843
11.574025537634409
13.814392921146954
0.0
0.0
1.493414351851852
0.0
0.0
0.0
0.0
43.682310334528076
139.63369922341695
120.96957138590203
53.76340352449223
11.574025537634409
0.0
0.0
0.0
0.0
0.0
0.0
0.0
72.05794504181601
126.1951164874552
118.35510005973715
45.54999253285544
24.64175627240143
8.2139075567503
0.0
1.1200899790919951
0.0
0.0
0.0
1.493414351851852
22.401422491039426
97.44571385902032
154.57075119474314
145.98394563918757
7.467278972520908
0.0
0.0
0.0
0.0
0.0
0.0
0.0
51.52232676224612
151.95627986857826
116.48738052568697
38.82937574671445
0.0
2.6135043309438473
1.1200899790919951
0.0
0.0
0.0
0.0
0.0
48.53823178016727
142.6219384707288
120.96957138590203
145.98394563918757
32.85528673835125
0.0
0.0
0.0
0.0
0.0
0.0
0.0
23.52158751493429
153.4502314814815
116.48738052568697
70.93738799283155
0.0
0.0
0.0
0.0
0.0
0.0
0.3733557347670251
0.0
33.22883064516129
125.44795400238948
79.52456690561529
10.080734767025088
27.62833408004779
0.0
0.0
0.0
0.0
0.0
0.0
0.0
35.842293906810035
151.95627986857826
152.70306899641574
173.23906063321385
16.05430854241338
6.3471139486260455
0.0
0.0
0.0
0.0
0.0
0.0
27.25524566905615
148.96766726403823
163.53132467144565
90.35285991636798
10.827396953405017
0.0
1.1200899790919951
0.7467278972520908
0.7467278972520908
0.0
0.7467278972520908
7.467278972520908
71.3111559139785
155.6913082437276
167.63597670250897
66.45937873357228
2.240142249103943
0.0
0.0
0.0
0.0
0.0
0.3733557347670251
0.0
20.908131720430106
102.67502986857825
151.20911738351253
53.76340352449223
2.240142249103943
