0.0
0.0
1.493414351851852
0.0
0.7467278972520908
0.0
0.0
72.05794504181601
123.95366636798086
151.95627986857826
122.45971475507764
8.2139075567503
0.0
0.0
0.0
0.3733557347670251
0.0
0.0
0.0
42.93514784946237
109.0207586618877
146.7307347670251
50.028001792114694
8.587029569892474
4.480283004778973
0.0
0.0
0.0
0.0
0.0
4.853823178016726
76.90972222222223
122.83310931899643
48.53823178016727
118.72849462365589
7.467278972520908
0.0
0.0
0.7467278972520908
0.0
0.3733557347670251
0.0
0.0
33.22883064516129
92.96733124253285
92.96733124253285
17.174473566308244
6.3471139486260455
0.0
0.0
1.1200899790919951
0.0
0.3733557347670251
0.3733557347670251
0.0
48.164463859020316
136.27624701314218
114.24630376344086
126.1951164874552
0.0
0.0
0.0
0.0
0.0
0.0
0.0
0.0
45.54999253285544
142.24854390681006
139.63369922341695
47.043944145758665
12.320687724014338
0.0
0.0
0.0
0.0
0.7467278972520908
0.0
0.0
86.99085274790922
126.1951164874552
99.68679062126643
56.37828554360812
9.707194593787337
0.0
0.0
0.0
0.0
0.0
0.0
11.200899790919951
26.508169056152923
105.28573028673836
114.61969832735961
118.72849462365589
0.0
1.1200899790919951
0.0
0.7467278972520908
0.0
0.0
0.0
0.7467278972520908
47.79110663082438
120.2227822580645
37.70911738351254
45.54999253285544
17.174473566308244
1.1200899790919951
0.0
0.0
3.3602337216248506
0.0
0.0
0.0
57.87219982078853
111.262208781362
92.96733124253285
105.28573028673836
20.534595280764634
6.7206541218638005
0.7467278972520908
0.0
0.0
0.0
0.0
0.0
6.3471139486260455
100.80734767025089
152.70306899641574
118.35510005973715
29.12205047789725
2.240142249103943
0.0
0.0
0.0
0.0
0.0
3.3602337216248506
44.42947281959379
120.96957138590203
135.15568996415772
44.42947281959379
9.707194593787337
0.0
0.0
0.0
0.0
0.0
0.0
0.0
51.148558841099174
141.87481332138591
125.44795400238948
62.35058243727599
14.561017771804062
8.2139075567503
0.0
0.0
0.0
0.0
0.0
0.0
38.82937574671445
243.42928614097968
153.82362604540023
116.11402329749106
6.7206541218638005
0.0
0.7467278972520908
1.8667764336917563
0.0
0.3733557347670251
0.0
0.0
76.1667413381123
136.27624701314218
136.64964157706092
130.67312574671445
6.7206541218638005
1.1200899790919951
0.0
0.0
0.0
0.0
0.0
0.0
42.18798536439665
97.07194593787335
134.78192204301072
99.68679062126643
0.0
0.7467278972520908
0.0
0.0
0.0
0.0
0.0
0.0
48.53823178016727
114.24630376344086
147.85129181600954
151.20911738351253
29.12205047789725
0.0
0.0
0.0
0.0
0.0
0.0
0.0
70.19026284348865
107.9002016129032
132.1674507168459
90.7262171445639
36.21580047789726
1.8667764336917563
0.0
0.0
0.0
0.0
0.0
0.0
39.57579151732378
86.99085274790922
135.15568996415772
111.262208781362
0.0
0.0
0.0
0.0
0.0
1.1200899790919951
0.0
0.0
51.148558841099174
102.30167264038232
99.68679062126643
87.73797789725211
12.694190561529268
