573.9327815113502
379.7135442801672
235.29539239844675
321.93657638888874
229.0261715949821
251.30182011648742
1224.144560185185
4545.3740031362
9547.853550627236
6828.533393070493
4009.1867271505375
1266.587910692951
419.3217054958186
199.35190897550777
134.63350216547195
147.76815979689363
82.28590311379928
331.94920661589015
396.2733329599761
3199.001097670251
6077.861402329748
5064.195605585424
2001.200089605734
540.470356556153
393.4780193399045
225.3115815412186
139.34274141278377
197.06805772102746
178.92561174581843
288.2757553016726
694.7206824970128
4380.647673984469
8250.393929211468
6339.793488649941
3460.1113799283153
1235.4717816606928
394.3476885454002
189.4286771953405
116.1614581466547
139.07983714157703
82.88487496266427
150.30860659348866
572.1127867383515
2698.1422901732376
6532.313000298687
4290.740158303465
2215.4377016129033
729.4196606182794
273.653946385902
213.1175910991637
108.93094496714457
101.2207701239546
73.96237037037037
158.83924917861407
394.5157287933093
2163.1453703703705
4806.607735961769
2920.9540882616493
1980.6604801373962
888.8952770310632
362.7821755525687
206.04850657108722
164.94227561230588
155.74356014784945
88.33672031810035
106.85068690262841
355.96557683691765
2061.3628546893665
5556.531164127837
4771.1773708184
2191.086252986858
761.977967816607
382.00743130226994
362.6362346923536
141.09427561230584
299.7428293757468
133.27026978793305
283.4049059139786
690.9647502240146
3224.5979577359603
7356.58023820191
5172.525802718041
2650.4559401135
964.0364150238951
632.940649641577
277.86248917264044
152.86435902031062
221.20271150686978
233.50773857526877
373.2527158004779
825.2498245221029
3817.171404569894
9132.968245967742
6155.950504032258
3769.5360476403816
1337.2364695340502
716.4930073924734
256.2695889336917
180.13698290023902
146.61500078405018
136.60922771057346
372.93645198626047
1059.7439814814816
2998.515946087216
7458.8633811230575
5780.703203405018
3015.6876008064514
1017.141931750299
373.92562051971316
588.3966588261648
160.41500033602148
277.2717562724013
106.92564329450418
214.8022606780167
1004.5342592592594
2607.607829301074
6607.4975619772995
5020.5639784946225
2942.037597072879
1137.3940561529275
581.7866311977299
199.6789012096774
407.9207444743129
166.6515558542413
164.41656765232975
276.8603606630824
537.8164079301076
3040.83007019116
5480.610890830345
4334.445803464756
1798.7573887395467
527.1944149492233
470.5121983273598
240.2423170549582
176.65659539277186
161.1974534796894
113.90706533751492
287.7769086021506
1047.9087290919952
2989.6116151433694
7477.212365591397
6292.334027777774
2569.968283303465
1107.3214792413382
702.6083549880525
200.56880189665472
137.14140046296296
128.6984389560932
102.68413743279567
134.54920698924738
830.4393074223415
3110.8377725507753
6509.288007765832
5387.613668608125
2593.4569444444446
591.8429663231778
235.48539501194742
154.15699074074067
84.77184360065712
82.36252508960575
86.04165811678614
42.674426597968946
283.0981477747911
1396.6166629330946
3945.71485588411
3384.1577546296303
1279.213347520908
340.16519526583033
251.5879853643967
265.4515143369176
200.51693287037043
135.88931137992836
151.47356261200719
204.65227150537638
676.2852729241334
2886.29772625448
6635.618339307049
5243.246643518521
2462.9516166367985
1059.5841621863797
554.1115949820788
162.482585125448
147.6865678016726
110.2112837514934
124.08853535692951
162.84241188769417
282.3953916517323
2271.2584752090797
5475.631306003583
4090.218279569892
1378.0538418458775
540.7819440710872
200.41590128434896
249.03448887395464
151.4569510528674
180.93965621266426
188.09795150089607
326.0006496415771
859.0470504778974
4749.201392622461
8288.93989321983
5521.315106033451
3425.863142174434
983.4464867084821
673.1781567353647
212.39485439068096
105.75628124999997
133.34480055256867
94.65495527180406
101.06188511798089
540.5987100507766
2264.7559625149347
4891.679543757468
4326.465494324972
2111.837544802868
849.8096624850659
431.02948215352467
280.882948402031
132.0025661589008
170.2512822580645
150.37172718787338
240.53361596475503
387.62519489247313
3040.6077919653517
6903.072102747908
5647.748734318996
2172.584042712066
987.9592178166067
429.2673077210276
214.01029532556745
129.90753987455196
134.00301556899646
79.55930063470731
178.14272177419352
638.2063119773
2312.392517921147
6067.722700119474
4896.040382317801
2495.727803912783
744.2288142174432
