1.1200899790919951
0.0
0.0
0.7467278972520908
0.0
0.0
0.0
76.1667413381123
177.34367532855435
170.25082138590204
96.32515681003584
20.534595280764634
0.0
0.0
0.0
0.0
0.0
0.0
0.0
51.895721326164875
116.11402329749106
135.90247909199522
26.881705495818398
8.587029569892474
1.1200899790919951
0.0
0.7467278972520908
0.0
0.0
0.0
0.0
70.93738799283155
151.95627986857826
141.12802419354838
82.51280615292713
1.493414351851852
0.0
0.0
0.0
0.0
0.0
0.0
0.0
38.455607825567505
91.09961170848267
105.28573028673836
69.44347371565114
0.0
0.0
0.0
0.0
0.0
0.0
0.0
0.0
29.12205047789725
95.57803166069296
98.93966547192353
40.69593787335723
0.0
0.7467278972520908
0.0
0.0
0.0
0.0
1.1200899790919951
0.0
43.682310334528076
135.90247909199522
102.67502986857825
100.80734767025089
12.320687724014338
0.0
0.0
0.0
0.0
0.0
0.0
0.0
49.28539426523297
121.71255227001194
136.64964157706092
88.11137246117084
13.814392921146954
5.973573775388291
0.0
0.0
0.7467278972520908
0.0
0.0
10.080734767025088
37.70911738351254
126.56851105137396
175.10259856630825
128.06283602150538
32.85528673835125
9.707194593787337
0.0
0.0
0.3733557347670251
0.0
5.973573775388291
0.0
49.65464456391876
206.466472520908
178.83800029868578
177.71706989247312
25.761540471923535
0.3733557347670251
0.0
0.0
0.0
0.0
0.0
0.0
64.21792861409797
91.84677419354838
139.26030465949822
76.90972222222223
0.0
0.7467278972520908
0.0
0.0
0.0
0.0
0.0
0.0
50.028001792114694
97.07194593787335
110.51508363201911
42.18798536439665
0.0
2.240142249103943
0.0
0.0
0.0
0.0
0.0
0.0
21.654760304659497
130.67312574671445
222.89366786140985
107.52684438470726
0.0
1.493414351851852
0.0
0.0
0.7467278972520908
0.0
0.7467278972520908
0.0
32.1086096176822
97.44571385902032
98.5662709080048
41.06933243727599
0.0
0.0
0.7467278972520908
0.0
0.0
0.0
0.0
0.0
59.73573775388293
109.0207586618877
127.68906810035843
153.82362604540023
14.187481332138592
0.0
0.0
0.0
0.0
0.0
0.0
0.0
8.587029569892474
132.1674507168459
138.1439292114695
70.56399342891278
7.467278972520908
1.493414351851852
0.0
0.0
0.0
0.0
0.0
0.0
54.8839605734767
124.7008288530466
159.7959229390681
70.93738799283155
0.0
0.0
0.0
0.0
0.0
0.0
0.0
0.0
90.35285991636798
155.31791367980884
175.475993130227
178.83800029868578
19.041304510155317
0.0
0.0
0.0
0.0
0.0
4.106933243727599
0.0
45.54999253285544
142.24854390681006
222.89366786140985
96.32515681003584
35.842293906810035
0.0
0.0
0.0
0.0
0.0
0.0
0.7467278972520908
70.56399342891278
171.3713410991637
126.56851105137396
118.72849462365589
10.080734767025088
3.733557347670251
0.0
0.0
0.0
0.0
0.0
0.0
50.775164277180416
140.75425627240142
157.554846176822
152.70306899641574
1.8667764336917563
