0
0
0
0
0
105.2544961423058
442.53156941372595
1403.448702741072
1573.1209793323949
1092.8985258406756
114.07647179734793
0
0
0
0
0
0
32.87639162070745
79.02315062278902
903.5395107265985
706.3554792655182
566.8732451627458
60.6209276072495
0
0
0
0
0
0
0
21.38133988972507
284.14141653252824
439.44627612681415
0
0
0
0
0
0
0
0
107.7776909425425
417.20965291810495
1456.0171540627007
1528.006311267033
666.4910403067471
173.2475230138847
1.7071418325295014
9.867860369785085
0
0
0
0
14.687256858167515
365.22084119749456
1159.9024164987936
773.8484864768418
584.8350561546981
93.93171331884574
0
0
0
0
0
0
76.69868344694378
610.9195755244314
1823.63025873558
2493.7162492171315
1051.2362674331089
298.6469724358797
14.773856673794299
0
0
0
0
0
0
439.2874816705233
1412.3416706605897
1180.4555607606137
1035.751621515343
159.99353046285307
2.7020496077480516
0
0
0
0
0
42.076446638128594
429.35934241504486
1177.0483009674697
1538.836655249422
806.7605607556858
24.60789853328093
0
0
0
0
0
0
0
184.73314067314266
817.7843386714067
918.2563991070988
659.3401716123766
25.79526110370759
0
0
0
0
16.00361788407921
0
5.089191265104702
383.2073427637859
1300.6006138558264
1860.310722131057
716.0518481031664
189.30038376903138
0
0
0
0
0
0
0
103.96884624988603
1013.7854755953089
1166.5503669798907
476.48131547144243
176.85402137272752
0
0
0
0
0
0
10.21886806891743
349.36642657990166
487.7703323593055
692.8252736623795
150.7920200365464
22.916944094088862
0
0
0
0
0
0
0
358.7572497351555
589.2406882299086
1247.1542029707527
391.7360309868591
85.79888886008052
0
0
0
0
0
0
0
385.3026829616389
657.1038846109942
480.5711370899049
471.6507545934541
42.99323655962384
0
0
0
0
0
0
26.65684490529739
417.000253944647
898.5550348838592
1389.8903629977724
735.4842475825753
244.34184905067295
0
0
0
0
0
0
0
388.4805442684624
821.7125528455748
789.4433300546214
186.4634516501169
0
0
0
0
0
12.045004377187773
0
3.769678392876429
262.8335780928997
1320.9448400434655
1044.64981164974
349.4598592733224
80.08080542137628
0
0
0
0
0
0
39.154591076624015
494.17602623779226
492.9238996280866
1140.4311367357816
488.67171177539575
103.86363643422435
0
0
0
0
0.8411687577298643
0
36.16668006064155
610.0966958067537
1715.158788910971
2254.8735707010824
1516.7667708615609
253.06143783674392
0
0
0
0
0
0
18.296495890050366
112.35366257832482
1117.731356863623
1696.233990143778
760.2956247973104
174.9855489112805
0
