18.88332586618877
4.146132019120379
2.863575268821692
3.1056227598611184
2.068884408606638
0.3997162485110588
4.487753882915173e-12
173.23924731182797
526.4183841099164
490.2053464755078
205.94198028673836
56.14135304659498
8.055921445639187
4.146132019120379
2.863575268821692
3.1056227598611184
2.068884408606638
0.3997162485110588
4.487753882915173e-12
136.65023894862605
347.22222222222223
348.6831690561529
189.88463261648747
27.021505376344088
5.815785543612612
4.146132019120379
2.863575268821692
3.1056227598611184
2.068884408606638
0.3997162485110588
4.487753882915173e-12
4.487753882915173e-12
207.9607228195938
104.88164575866186
87.9603494623656
7.606780167268525
5.815785543612612
9.37314814814815
2.863575268821692
3.1056227598611184
2.068884408606638
0.3997162485110588
4.487753882915173e-12
149.34363799283153
403.2276732377539
399.83385603345283
248.12985364396656
65.10416666666667
12.163007765830345
6.0129405615292715
5.103711170848268
3.1056227598611184
4.309020310633214
0.3997162485110588
2.6135043309438473
207.9607228195938
320.7153524492234
418.5024641577061
300.771729390681
55.76963859020311
11.042801672640383
4.146132019120379
2.863575268821692
10.946124551971327
2.068884408606638
0.3997162485110588
10.080458482676223
188.1724163679809
355.80869175627237
348.6831690561529
240.28711170848268
40.462141577060926
5.815785543612612
4.146132019120379
2.863575268821692
3.1056227598611184
2.068884408606638
0.3997162485110588
4.487753882915173e-12
348.713784348865
502.16509856630813
533.138440860215
106.62858422939068
7.606780167268525
18.88332586618877
4.146132019120379
2.863575268821692
3.1056227598611184
7.295900537634409
0.773073476702509
4.487753882915173e-12
149.7155017921147
515.2199074074074
482.7273745519713
95.0548835125448
48.67618727598566
28.963784348864994
10.866450119474313
2.863575268821692
3.1056227598611184
2.068884408606638
0.3997162485110588
4.487753882915173e-12
123.2086320191159
423.7597072879331
328.5233721624851
18.14142771804511
7.606780167268525
5.815785543612612
4.146132019120379
16.304659498207887
3.1056227598611184
5.4290882616487455
4.88008885902031
4.487753882915173e-12
159.04980585424133
520.091472520908
520.7892771804061
315.7093787335723
44.19586320191159
5.815785543612612
11.986633811230586
2.863575268821692
3.1056227598611184
2.068884408606638
0.3997162485110588
16.427680704898446
94.08602150537635
389.0382317801673
396.8458781362007
259.7035543608124
49.42286439665472
17.016465053763437
4.146132019120379
2.863575268821692
3.1056227598611184
2.068884408606638
0.3997162485110588
4.487753882915173e-12
111.2585872162485
268.0689964157706
330.7627688172043
97.29465352449223
7.606780167268525
5.815785543612612
4.146132019120379
2.863575268821692
3.1056227598611184
3.562320788530465
0.3997162485110588
4.487753882915173e-12
151.58340800477896
355.0649641577061
336.7376045400239
152.1759259259259
7.606780167268525
5.815785543612612
4.146132019120379
2.863575268821692
6.465826612903226
2.068884408606638
0.3997162485110588
4.487753882915173e-12
194.8906063321386
412.18563321385903
463.694743130227
141.72192353643968
17.687238649940262
14.402927120669059
4.146132019120379
2.863575268821692
3.1056227598611184
2.068884408606638
0.3997162485110588
4.487753882915173e-12
154.57063918757467
509.2458183990442
537.9618428912785
268.28965053763443
7.606780167268525
18.88332586618877
4.146132019120379
2.863575268821692
18.4131197729988
2.068884408606638
0.3997162485110588
4.487753882915173e-12
91.84662485065711
250.14822281959383
11.543458781366494
87.9603494623656
7.606780167268525
34.93742532855436
4.146132019120379
2.863575268821692
3.1056227598611184
2.068884408606638
1.8931526284348865
4.487753882915173e-12
100.43309438470729
269.56503882915166
276.62522401433694
18.14142771804511
7.606780167268525
5.815785543612612
7.87970430107527
2.863575268821692
6.092495519713261
2.068884408606638
1.5197841995221024
9.707362604540023
177.34655017921148
356.55615292712065
440.531660692951
158.52262544802866
7.606780167268525
5.815785543612612
4.146132019120379
2.863575268821692
18.4131197729988
2.068884408606638
0.3997162485110588
4.487753882915173e-12
137.76993727598565
510.39650537634407
512.6019265232975
338.4808094384707
41.95545848267623
16.64333183990442
4.146132019120379
2.863575268821692
3.1056227598611184
2.068884408606638
0.3997162485110588
4.487753882915173e-12
240.44242831541217
448.03726105137395
411.0356929510156
172.7120669056153
55.76963859020311
