1605.1632577358944
1062.3575969111366
911.8314868487772
798.2847536982289
728.0469923386082
930.0160185113907
1229.422386495491
1650.4510680288695
2478.178211277931
2817.9204809113608
1917.1511239823092
1671.921634377884
1383.7731797006472
960.4619366480455
784.5880685720126
676.3917538050493
675.9476335742696
1062.3565582215228
1289.3305322540755
1747.3743570865788
2622.857677609226
2857.9206669632804
2222.971539607116
1763.9569879883807
1473.9684201017103
991.1809882543637
797.5172268221867
665.6085619994301
707.387567055193
985.3174640275313
1317.2283646210801
1946.9215417342837
3005.341730877658
2618.952056706369
2285.097990261864
1732.4844984918752
1150.6492216728002
854.2107897697498
615.7924066334214
585.1754580004698
452.6053304183997
927.0882486874127
1513.7531792253294
2077.481074868851
3122.4927848799193
3469.7688390292647
3300.172720751092
2141.3502181809486
1968.8677032687415
1792.2944381368295
940.7180941478107
1073.5811005236808
628.7123710620128
1117.4164256235263
1535.9416342375534
2398.3854694397032
3152.480674478353
4189.418705057164
3310.0281031828413
2335.57631461446
1871.657205631607
1280.962378049506
954.2547492655337
1005.5444976984319
919.7977988147942
1436.2489099529018
1796.447785097335
2631.078438983815
3802.7526968687575
3972.704391732978
3719.025529045781
2621.0248622627823
1758.140180314729
1416.9283658285372
1202.3524225811905
1253.6209619504893
977.2666810157014
1773.7763544751383
2119.5853979080025
2733.220187796347
3468.494934945916
4042.7055599141113
3825.5179422551287
2506.998017811502
2009.654694195816
1472.6386815023354
1246.4588869527668
1327.0623823842423
963.2981942208427
1737.8698116721691
2168.2315818966285
2895.9921634608754
3569.1081229220163
3977.611268334615
3348.9427485315355
2409.3381730602064
2015.6341261920352
1580.6466694394317
1365.9597695155976
1356.4769109907086
1245.9567269224633
2019.8201656415733
2001.981444866701
2710.4796431548243
2953.272930989775
3185.2657838745477
2555.2873912859177
2326.7852240064763
1943.7422216489722
2116.708190716512
1664.4421305271765
1827.1443373228283
1440.3492606395264
2149.121251302074
2366.690547330343
3202.7032745483857
4438.342101825817
4519.997620609384
4061.7584445178472
2988.8514213181456
2229.607153596885
1553.5160987811405
1435.5188023641226
1418.9567767873248
1256.9942634747783
2058.9881486996815
2283.232593342661
3049.0251201319466
3920.932333199254
4533.739760148215
4355.884210779772
3272.1631040157185
2652.8321931742003
2170.507796055449
1481.624065881537
1676.0253901456526
1277.7397970044299
1932.6394296694948
1978.6570914610077
2804.399213185721
3902.2685127186737
4343.715246808769
3993.37822116024
2806.692591454454
2106.6906803769903
1824.084737968195
1584.3516020080085
1470.1106424378133
1447.1808887703846
1895.1112074355249
2203.1324286307304
2850.1135937307968
3352.9287851534536
4048.5803693972734
3642.1306101055484
2840.7705785882017
2559.7465921774806
2145.9645422705703
1540.221035033832
1478.8954569144069
1327.0286109364722
1860.9119097727053
2518.250185850298
3220.6200647541586
4026.3448094078967
4866.671748290593
5298.07882117265
3454.857827824241
2941.427130502513
2047.1174136117995
1613.7230153223231
1697.9845950700194
1452.9390716498253
1912.9146316897838
2200.984777903623
2863.4458480683566
3388.343461868457
4365.817826625582
4035.4292685638466
2796.4897252708124
2426.05315071113
1668.2100912597823
1341.0090152793066
1451.0723528316344
1183.929840687363
1722.3443100165302
1862.7924117084106
2663.537095002843
3713.677801983963
3994.6296401473396
3620.269156951851
2660.9423871597396
2202.711025254622
1695.9352134852172
1153.8892197037699
1149.81965937154
931.8054215438217
1344.6286188647105
1729.9158197469396
2061.1166556006297
2880.0708402518376
3365.096918583502
3232.641600276073
2377.300603182506
2396.017062590659
2666.969393113344
1818.1415309795664
1639.7352746318497
1297.955582311915
1654.991915413152
1950.6433509417593
2905.9098436260238
3877.061733012668
4365.696134434264
3556.8540477236484
3449.758037886538
2486.217488370549
1610.3224109039254
1247.0945886003512
1339.678484754117
1035.3252375588102
1565.8669395711763
1964.5841420197332
2810.8331719949597
3712.3921654029095
4777.611865665362
4248.374471046701
3282.1454114578883
2243.6483093894535
2974.3652507737374
2227.213398457782
1812.2045170388046
1624.116290622412
2147.4898768393014
2563.6110214700448
3160.4389200376054
3750.428262967241
4228.833755756447
4349.790481226296
3872.0370556488133
