0
0
0
0
0
0
354.4558525678478
1648.5539894794229
1472.8133329763614
715.9604284691103
34.35227078181629
0
0
0
0
0
0
0
513.6558044459672
2187.8622407146513
2187.654015705184
1101.997946476963
257.89855604213597
33.446086916330785
0
0
0
0
0
1.9220347458336846
291.73125028399033
929.4025425779284
1720.1007713478414
491.5695287637306
96.23068412235745
0
0
0
0
0
0
0
26.509234758009413
901.5719629038
1407.0915860579528
584.3281818838079
102.77291130540195
0
0
0
0
0
0
0
624.9184218426558
1323.0890204414459
1182.7926322355036
582.9540824390468
54.54353380869041
0
0
0
0
0
0
12.776043064625938
255.01683508237633
381.0959098705855
497.0768376281229
242.20733224792343
0
0
0
0
0
0
0
52.432232982071405
145.1272367481816
1183.2220470046757
786.3990344762648
394.1118365691066
16.55703852736916
0
0
0
0
0
0
42.24285195473551
346.5207074090711
1331.9881904537299
387.40483027929065
710.6039000627347
89.24783282240877
0
0
0
0
0
0
31.295701078657004
361.86385303873413
623.2648494240946
1125.762746179978
557.0544786613611
68.5852849985702
0
0
0
0
0
0
75.4068435948538
611.334582907155
1906.1875314185506
2351.1365883198264
577.5411700864402
125.47903520272321
0
0
0
0
0
0
0
156.5335490575324
694.5508579131101
814.6779804804878
10.959362066424546
53.65289383389836
0
0
0
0
0
0
0
322.0852139156245
1151.0995587631285
1224.1294104604683
871.8839405861281
22.916944094088862
4.910001539776118
0
0
0
0
0
75.23201484487163
361.67802333133244
619.4904642155715
919.4955261487694
457.8568493859034
47.043213830211954
0
0
0
0
0
0
17.135197555150192
738.3294900106235
1203.5006140016749
1640.200766719534
998.3207814751746
64.58399970179826
0
0
0
0
0
0
4.311228119156439
98.35326320390628
1341.4194315385785
1766.065691552133
916.3612637116074
185.1174240208044
0
0
0
0
0
0
96.04146776517153
425.07291284671794
1631.9040851036389
2167.915552276844
802.7833441232351
240.3271089707545
0
0
0
0
0
0
0
787.4001850224098
1355.7562946432267
1849.5475117692147
1181.460307301996
186.12038128756504
0
0
0
0
0
0
96.18083808976625
663.2624211003968
1466.9042610378833
2164.7941893044786
724.7607948100432
29.660343423471645
0
0
0
0
0
0
84.70136494714099
444.37686307079184
1036.4969012168253
1759.4774386819665
1249.9772696668174
294.436213822407
0
0
0
0
0
0
0
418.15219901799026
1696.5313867322013
2161.3676520314716
693.7028828618264
129.35114030912996
0
