4.851403823205228
4.981108124253286
2.810595878136201
2.5906137993103657
1.7258064516401148
0.9225059737156511
39.11663679808841
163.65740740740742
146.8563321385902
84.4388440860215
23.738425925925927
6.930667562724015
5.332213261648746
3.458669354865921
3.6353046594982077
2.5906137993103657
1.7258064516401148
0.3334229390953121
54.4578853046595
215.3935185185185
215.3935185185185
121.51321684587813
45.24044205495819
14.796520310633214
6.370258363201912
5.549021804062127
3.3200791517323776
2.5906137993103657
1.7258064516401148
5.370758661887694
33.32026583034648
95.05301672640383
170.75866188769413
63.20975209080048
29.873058542413382
7.105025388291516
4.851403823205228
3.458669354865921
3.336021505376344
2.5906137993103657
1.7544642323775388
3.4289277180406215
8.040247909199522
92.51045400238948
140.9199522102748
72.21886200716845
30.608198924731184
6.345579450445371
4.851403823205228
3.458669354865921
2.3887022103020024
2.5906137993103657
3.8161589008363204
0.3334229390953121
65.42712066905615
132.9786439665472
119.57138590203107
72.21886200716845
26.102897252090802
6.345579450445371
8.314142771804063
3.458669354865921
3.5549208482676224
4.202620967741935
1.7258064516401148
6.701777180406212
30.13142174432497
42.93981481481482
54.0621266427718
39.73640979689367
16.52318548387097
6.345579450445371
4.851403823205228
3.458669354865921
2.4750746714456393
2.5906137993103657
3.2502613500597373
10.598879928315412
19.72595579450418
119.8439366786141
81.8847072879331
54.41345579450418
22.69563918757467
7.827844982078852
5.174204749103943
3.9482153524492234
2.3887022103020024
2.5906137993103657
1.7258064516401148
9.7267174432497
39.11663679808841
134.21445639187576
43.82467144563919
84.84580346475508
29.77150537634409
6.450657108721625
4.851403823205228
3.458669354865921
2.3887022103020024
3.13511798088411
2.314889486260454
8.784363799283154
40.70340501792115
66.50985663082437
114.63186977299881
70.29233870967742
27.914053166069294
7.370893070489843
4.851403823205228
3.458669354865921
2.3887022103020024
2.7816606929510157
1.7258064516401148
13.114187574671446
64.70280764635604
189.44519115890083
232.05645161290323
72.3980734767025
33.48230286738351
8.807385005973716
5.814628136200717
3.458669354865921
2.3887022103020024
2.5906137993103657
2.23528972520908
2.607728494623656
21.291816009557945
73.60737753882916
85.12918160095579
18.31429211469534
26.73237753882915
8.385454002389487
8.45116487455197
5.958333333333333
2.3887022103020024
2.5906137993103657
1.7258064516401148
4.592308841099164
37.26291816009558
117.44698327359617
124.46236559139786
100.87029569892474
23.918010752688172
13.19668458781362
7.818623058542413
3.665636200716846
2.3887022103020024
2.5906137993103657
1.8169541517323775
13.432661290322581
41.18130227001195
66.70773596176822
95.44877538829152
61.39523596176822
26.357526881720432
8.99634109916368
4.851403823205228
3.458669354865921
2.3887022103020024
2.5906137993103657
1.7258064516401148
7.988366188769414
77.36335125448029
122.75238948626045
164.57959976105138
113.28442353643966
28.169429510155318
11.898148148148149
5.158673088410992
3.5541965352449223
2.3887022103020024
2.5906137993103657
1.7258064516401148
6.879495221027479
16.23618578255675
136.1036439665472
176.77718040621266
105.60073178016727
39.84206989247313
9.550440561529271
4.851403823205228
3.549817054958184
2.3887022103020024
2.5906137993103657
1.7258064516401148
15.780704898446833
47.64411589008363
164.060633213859
215.3935185185185
94.89284647550777
45.26471027479092
8.619885005973716
4.851403823205228
5.018929211469534
2.7867383512544803
2.5906137993103657
4.687051971326164
6.693936678614098
82.46341099163679
137.78375149342892
185.07691158900838
131.3063769414576
40.217293906810035
10.23446833930705
6.250858721624851
4.036589008363202
2.3887022103020024
2.689325716845878
1.7258064516401148
16.043548387096774
70.72132616487455
148.58124253285544
215.41218637992833
87.76172341696535
25.38493130227001
12.713933691756273
5.249439964157706
4.239994026284349
2.878248207885304
2.5906137993103657
1.7258064516401148
15.073192951015532
49.91412783751493
107.54554958183991
176.77718040621266
138.2060185185185
50.875522700119475
6.345579450445371
4.851403823205228
3.458669354865921
2.3887022103020024
2.5906137993103657
1.7258064516401148
6.383303464755078
47.54704301075269
170.88933691756273
215.41218637992833
85.1370221027479
35.22326762246117
13.107825567502987
