29.521580047789726
9.611185782556749
4.189012096774194
4.146882467144564
3.4087589605734765
5.856742831541219
27.37044504181601
105.48573775388292
238.12612007168454
235.87066905615296
193.98185483870967
68.57302867383511
14.884669952210276
12.046893667861411
4.688433393070491
8.001232078853047
2.912794952210275
8.863761947431303
65.3222072879331
87.90434587813618
194.63859020310636
248.56854838709677
234.41644265232975
80.80570489844683
6.266838410991637
7.358310931899641
4.5416554659498205
3.3880114994026282
3.1663791816009565
8.722856929510156
28.19982078853047
94.0445788530466
143.32623954599762
174.45303166069297
185.91621863799284
49.94212962962963
29.575642174432495
3.5066420250896058
6.443324372759856
3.5819071087216248
1.7909610215053764
10.019862604540023
29.18283303464755
115.67764336917563
180.21281362007167
191.6789874551971
108.8048835125448
40.45601851851851
21.93208632019116
9.839867084826762
9.71139486260454
4.8253024193548395
3.173248954599761
8.581765232974911
50.58579749103943
99.3014486260454
196.21042413381124
200.5973715651135
84.2756869772999
36.67670997610514
27.163903823178018
23.055816905615295
5.421482974910394
2.947364097968937
2.9712066905615298
5.345206093189964
35.872498506571084
122.93234767025089
209.27979390681008
224.38321385902032
168.73991935483872
40.34767025089606
27.983236260454003
6.380861708482677
5.600246415770608
4.014807347670251
3.5073850059737155
25.16554659498208
46.7461917562724
116.26269414575864
284.39740143369175
273.30981182795705
108.72834528076464
58.78360215053763
18.242122162485067
13.390195639187574
4.423267622461171
3.0337701612903225
3.5169429510155314
4.30070564516129
40.130861708482676
117.32078853046595
198.91987753882918
200.12171445639189
121.9030017921147
61.893667861409796
24.82467144563919
8.343749999999998
5.7851329151732385
3.6892435782556743
1.578864247311828
8.167189366786141
30.82392473118279
135.0280017921147
213.3729091995221
283.5390531660693
173.94451911589007
52.52464157706094
34.49850657108722
10.644302568697732
4.885678016726404
3.901138739545998
6.053912783751493
4.356197729988053
22.535543608124254
99.90666069295101
152.1706989247312
157.80801971326164
71.82310334528076
35.81070788530466
21.940748207885303
13.973566308243727
5.762544802867383
3.530895310633214
3.63125
8.315934886499402
33.61368727598566
92.32041517323775
203.3366935483871
215.7444743130227
135.85200119474314
57.05981182795698
22.26560633213859
10.528263142174433
5.656660692951015
3.1171706989247316
1.8970206093189965
22.270571983273594
34.51937724014337
97.45855734767026
171.68832138590204
180.47117682198328
107.13037634408602
52.66278375149343
23.127949522102746
5.524566905615293
6.384781959378733
3.541472520908005
2.2685185185185186
8.465539127837516
44.78808243727599
79.52359617682198
181.97132616487454
233.21199223416966
119.52247610513737
42.637283452807644
13.28024193548387
9.788269115890085
7.08900836320191
3.943921744324971
1.1779047192353644
5.080943847072879
26.120221027479094
76.54943249701314
126.30600358422939
113.50545101553168
8.72142174432497
37.94485513739546
17.67734468339307
21.749551971326166
1.8027329749103942
3.949070340501792
3.3275238948626047
9.611260454002391
33.05648894862605
97.64299581839904
219.67293906810036
240.63284050179212
114.54711768219833
43.88328853046595
26.04241338112306
6.240852747909199
2.6788642473118283
5.129778972520909
6.11025238948626
4.9798013739546
21.022102747909198
95.55443548387096
200.2016129032258
267.1419504181601
217.01500896057348
66.69317502986858
27.009856630824377
14.711208183990442
5.40998357228196
5.729390681003585
1.1693809737156509
8.604577359617682
45.6981780167264
87.86439665471923
194.4537783751493
178.47147550776583
107.84087514934289
53.7410394265233
33.54428016726404
7.895347968936679
8.430854241338114
8.039015830346475
6.68835872162485
8.300963261648745
51.75664575866189
108.41099163679809
208.2448476702509
237.9233870967742
110.54435483870968
49.62925627240143
14.738164575866188
5.66084229390681
3.595773596176822
4.745557048984468
3.6448252688172045
8.705421146953405
24.24749850657109
82.0855734767025
177.43354241338113
149.1543458781362
79.9551971326165
56.37992831541217
21.922043010752688
8.141689068100359
5.567764336917563
0.8209005376344084
3.444407108721625
5.993951612903225
25.964755077658303
77.77815113500596
216.5165770609319
167.55152329749103
85.7444743130227
43.454301075268816
