1.0590531660692953e-09
1.0590531660692953e-09
1.0590531660692953e-09
1.0590531660692953e-09
4.546636051373954
61.72789725209081
359.817054958184
973.1395609318996
1414.2032556750298
942.8408751493429
173.3862753882915
1.0590531660692953e-09
1.586845504778973
1.0590531660692953e-09
1.5941931750298686
1.0590531660692953e-09
1.0590531660692953e-09
81.98002538829152
665.8015979689368
1013.8694743130227
1323.9740143369177
810.9162186379926
163.27352150537638
28.960890830346482
36.067708333333336
0.8450993130227001
1.0590531660692953e-09
1.0590531660692953e-09
10.760446535244922
78.15307646356034
563.9531063321386
1401.331765232975
1691.175701911589
747.7019862604541
248.51381421744324
73.21412037037038
1.0590531660692953e-09
14.631854838709678
1.0590531660692953e-09
5.557765830346475
1.8451500896057351
69.79525089605735
584.6878733572281
1850.9042712066905
1938.1130525686976
965.6347072879331
366.65807945041814
48.213224313022714
4.7238015232974915
0.44284498207885303
1.0590531660692953e-09
1.0590531660692953e-09
0.39487455197132626
1.0590531660692953e-09
422.9887246117085
788.0200866188768
1051.3340053763443
490.16129032258056
70.72323028673836
44.85364396654719
3.690427120669056
0.7380876642771804
1.0590531660692953e-09
1.0590531660692953e-09
1.0590531660692953e-09
150.75862455197134
572.5694444444446
2274.454898446834
1609.2346176821984
861.0300925925926
247.2629554958184
64.34804360812427
20.602949522102747
7.080291442652329
0.8857086320191159
1.0590531660692953e-09
1.0590531660692953e-09
106.33837365591395
367.99283154121866
1145.5346475507768
1089.868204898447
539.965651135006
79.28550627240142
39.34872311827957
1.0590531660692953e-09
0.9742596326164874
1.0590531660692953e-09
1.0590531660692953e-09
8.178089904420549
42.63761947431302
331.18010752688167
942.8408751493429
1134.6191756272403
631.2051971326165
133.45911738351256
1.0590531660692953e-09
1.0590531660692953e-09
1.0590531660692953e-09
0.44284498207885303
1.0590531660692953e-09
1.0590531660692953e-09
79.28550627240142
518.9784946236559
1793.9351851851852
1480.3255675029868
1205.6757765830348
243.5275537634409
71.50063470728794
7.308968787335723
30.250395758661888
15.05173237753883
3.690427120669056
35.199529569892476
105.29920848267625
406.9209229390681
1056.80256869773
1801.3788082437277
1073.9411589008364
195.4932048984469
47.34177120669056
30.083109318996403
15.205577956989247
1.0590531660692953e-09
3.572423835125448
1.0590531660692953e-09
68.17480585424134
525.5850507765831
1841.265307646356
1845.989023297491
697.6112604540023
115.37455197132617
78.15307646356034
8.959852897252091
1.0590531660692953e-09
1.0590531660692953e-09
1.0590531660692953e-09
28.960890830346482
62.31111857825565
93.40191905615293
555.4017323775388
881.1290322580645
316.5114247311828
52.78042861409797
1.0590531660692953e-09
5.461794354838709
1.0590531660692953e-09
1.0590531660692953e-09
1.0590531660692953e-09
1.0590531660692953e-09
39.773148148148145
156.4839456391876
747.7019862604541
407.82444743130225
205.22894265232975
103.51907855436082
0.7971258960573476
1.586845504778973
1.033315785543608
3.7642323775388293
1.0590531660692953e-09
1.0590531660692953e-09
128.21580047789726
674.4022550776583
1403.8168309438468
1762.841248506571
817.0221027479093
153.1695788530466
47.034199522102746
42.14251045400239
1.0590531660692953e-09
1.0590531660692953e-09
1.2695112753882916
1.0590531660692953e-09
65.59539277180406
294.04715501792117
525.5850507765831
965.1146206690562
487.41898148148147
10.207267025089605
1.0590531660692953e-09
1.0590531660692953e-09
4.576045400238949
1.0590531660692953e-09
1.8451500896057351
1.712400313620072
64.34804360812427
670.7724761051375
1958.0544354838705
2244.7095280764634
1251.2059438470728
120.96710722819594
79.81664426523295
39.34872311827957
2.9965427120669057
1.0590531660692953e-09
1.0590531660692953e-09
1.4171232825567504
129.3837738948626
631.2051971326165
1348.4935035842293
1811.0069444444443
989.2260304659499
361.24701314217447
46.550664575866186
0.3247502240143369
1.5499454898446836
1.0590531660692953e-09
1.0590531660692953e-09
1.0590531660692953e-09
164.79715501792117
616.0719086021505
1219.5993876941457
2274.454898446834
881.1290322580645
377.7113201911589
52.78042861409797
2.406145459976105
6.830813321385902
1.0590531660692953e-09
0.3284375
1.0590531660692953e-09
128.88549133811227
679.864844683393
1978.3325866188773
1860.8658154121863
1342.8502090800478
259.0765008960573
35.4900649641577
20.062107974910397
32.69626269414576
1.0590531660692953e-09
4.576045400238949
42.14251045400239
100.11032706093191
424.3936678614099
1265.712738948626
1421.0734020310633
584.6878733572281
190.8452434289128
15.987313321385901
