579.1901590501792
250.5734819295101
185.78785506272402
187.6929245071685
164.9683019713261
437.9823450567505
747.7638358721624
3774.8432534348867
6886.088157108722
5417.438747013142
3022.3939628136204
1169.3851441158902
347.3861510603344
205.75549731182795
127.46228065262848
120.16855861708481
108.49900597371564
523.0019179360812
561.5035894563918
3042.481261200716
6316.165091099164
4358.860103046596
2207.2539986559145
685.4175896057345
413.233021953405
256.34968227299885
188.5608404271207
176.71043324372758
391.1860879629629
224.51740890083627
720.2190987156506
3477.7155801971326
6635.502482825569
5434.521199223415
2905.806418010753
698.1426116338112
513.7612925627241
302.111407183393
116.19368063022702
120.73838381123058
105.71418757467147
301.4599522102747
662.9727236409796
2811.0660356929516
6087.360625746714
5265.99417562724
3474.019332437276
882.594612455197
499.79228270609326
299.1374387694146
114.69156261200717
126.5876015531661
107.51060730286737
273.9240968488651
1048.035073178017
2485.9406025985663
5542.236260454002
4098.059688620071
1603.2366524790916
843.1701093936675
358.89696199223397
235.95670362903226
292.8164310782556
212.77601437425326
108.77862044504181
206.59089792413377
819.4635386798088
3351.1155017921146
6844.250074671444
5469.284531810036
2391.6302419354834
1180.2368876941453
625.2841188769414
198.16126642771803
135.3446949671446
124.30758919504179
178.04961768219832
141.95195881869776
508.26661887694144
2055.0044018817202
5560.461954898447
4412.235215053764
1383.4113911290326
770.5363605137399
366.9726474761052
224.15741723678317
155.50907780764632
149.01790442054954
186.68419728195943
329.38698476702524
1427.648077210275
3985.5868876941463
7931.23702583632
5470.455984916367
3151.8420437574673
992.1705757168459
335.3794007616488
260.1587227449223
162.5113175776583
190.22157146057347
128.49878199671448
206.43351254480297
731.2727143070488
2997.822894265234
6372.6754181600945
5809.130133661886
2584.3117308841097
959.6350881123057
438.89523484169655
640.5297125149341
219.3421736857825
140.05306455346476
211.0961273148147
269.31670064217445
955.1778748506573
3177.861566606929
7217.8372573177985
6099.045280764635
3374.272364097969
1207.027800179211
717.5319683393068
328.2516476254481
166.63039725209075
212.76638926224612
193.7168608124253
348.37161775686974
823.774302942055
3447.0970430107536
7404.389784946239
6147.491696535246
3161.838403524493
1088.5068548387094
621.2816390382318
275.5493578255675
106.95571098416968
94.30667361111111
100.38734087514936
81.52725601105136
363.57363089904413
1481.571975806452
5470.4182048984485
3635.3365143369174
1362.375668309438
460.87206167861416
336.20280801971313
207.137449223417
104.16442051224611
92.79100078405018
49.22103610364396
85.05527389486261
493.7261876493433
1587.6803138440857
2709.160557048985
3636.9349537037037
1597.0513403524496
509.8313791816011
296.0764247311829
367.85875970728785
90.53925253882913
88.6726472520908
79.76944899940263
160.34644003882914
533.06996229092
2928.743899342891
6192.188866487454
4395.415919952209
2654.8483460274783
995.6892547789726
333.6404330943846
383.4064400388292
154.97553464755075
114.89167476851851
145.3474974238351
609.8603061529271
921.2164277180404
2653.76295922939
6703.9189814814845
4740.055925179211
2076.8953703703705
438.96911103643976
347.70081615890086
327.06386051373966
349.55477449223406
252.32808101851853
194.54855361409793
206.78277964456396
706.7943070489847
3523.760192652331
7158.967835274791
5510.362645609321
1874.914008363202
815.5910349462367
614.88125672043
374.3394534050179
272.2037884557945
282.64616151433694
92.31254764038233
341.34077882317797
857.9096621117087
3774.429681899641
7336.7022849462355
6013.856052120668
3576.017585125449
1184.3415397252097
222.53519078554362
420.45400462962965
241.26044653524497
271.5639018817205
165.0957632168459
317.0345691457586
1176.0598080943846
4685.281791367981
10028.93128360215
6511.365957287933
4118.21601702509
1463.837421594982
645.6558904569895
255.18826314217446
217.39373133213854
237.33447494772997
236.8411046893668
235.3363179510156
710.633839979092
3602.911099910394
7340.092204301075
6948.895187425329
3510.491226105136
1273.2834490740745
441.96444929808825
173.6387410394265
187.80043234767024
158.96406436678615
117.74893615591394
150.30297453703702
518.6753319145758
2948.1053128733574
6284.074921594982
4626.893443847073
1940.4827583632016
1043.3297864396657
