24.97345430107527
10.106817502986857
5.045400238948626
6.161402329749104
4.573663381123058
20.297528375149344
40.04151732377538
127.88045101553166
190.01568100358423
227.67249103942652
153.81720430107526
65.04741636798087
16.575044802867385
9.120519713261647
3.9007019115890085
2.5218899342891277
4.987604540023895
21.929958183990443
31.923237753882916
96.80667562724014
179.71214157706095
181.54607228195937
116.2294653524492
34.53255675029868
20.24544504181601
9.89702807646356
7.705159796893668
4.7940598864994035
15.377389486260453
8.761350059737156
36.89109169653525
110.26956391875747
208.18175029868578
234.38956093189964
144.1061827956989
39.15318847072879
25.742906212664277
13.289090501792115
4.161876493428913
3.853670101553166
2.97391353046595
15.32971176821983
37.224126344086024
95.76762246117086
189.92980884109915
245.02128136200716
194.67704599761052
49.96042413381123
27.01922789725209
14.85834826762246
4.128651433691756
3.874290621266428
3.4705383811230583
15.764784946236556
59.61506869772999
97.20915471923536
163.2922640382318
177.20243428912784
82.12776284348865
43.35872162485065
18.878584229390682
9.925925925925927
12.395908004778972
3.407672491039427
3.852904719235364
8.823700716845877
45.49992532855436
112.70908004778973
217.60864695340507
237.7740442054958
111.48409498207886
60.58654420549582
34.918048088411
9.07635155316607
5.144179360812426
4.247711320191159
7.275350955794504
7.893667861409798
28.601851851851848
73.80563022700119
203.09961170848268
195.83258661887695
82.09864097968936
41.56810035842294
18.497871863799283
8.82635155316607
5.921408303464755
4.132224462365591
7.478606630824372
15.629032258064516
69.83609617682198
142.37604540023895
276.4583333333333
233.45952807646356
164.28726105137395
50.33079450418159
17.648409498207887
9.314404121863799
6.651097670250896
5.081698028673835
3.360155316606929
8.965725806451612
39.49107676224612
99.91860812425328
207.13410991636798
261.17495519713265
141.49641577060933
54.60909498207885
21.929958183990443
26.761536738351253
8.375074671445638
2.523036140979689
5.568966547192353
15.82358870967742
52.08930704898448
116.32019115890084
230.9065113500597
263.9699074074074
180.19937275985663
68.08915770609319
37.91263440860215
14.833408004778976
6.540135902031063
4.633934438470729
6.693884408602152
15.60834826762246
39.828703703703695
92.38500597371566
230.58579749103941
262.20430107526886
160.39165173237754
58.27956989247312
32.355324074074076
10.832101254480287
2.7561342592592593
2.70403972520908
4.466323178016726
1.358796296296296
18.54491487455197
37.24324223416966
153.5002240143369
150.15046296296293
67.80652628434888
26.17517921146953
16.67749402628435
8.788082437275984
3.862305854241338
4.570183691756273
2.2920064217443255
5.409386200716846
29.72685185185185
73.01373954599761
92.82668757467144
166.33512544802866
86.8107825567503
29.438582735961766
16.154681899641574
16.200343488649942
3.5955495818399044
2.4842107228195935
2.428281810035842
8.197356630824373
27.81899641577061
108.59505675029868
198.95049283154123
184.5687724014337
149.07332735961768
51.625597371565114
17.028113799283155
15.557459677419358
6.833370669056154
2.8276022998805255
2.448245221027479
23.539650537634405
47.95922939068101
82.03965053763442
218.267995818399
202.21251493428912
104.04159199522103
20.50922192353644
15.736297789725208
13.162485065710875
16.392809139784948
6.021292562724014
5.462066905615293
9.072356630824373
33.81922043010753
93.6854091995221
207.31070788530465
221.7659796893668
90.3304211469534
42.1875
32.11114844683393
14.44018817204301
12.6286215651135
5.88045101553166
2.4688396057347672
16.15165770609319
44.59714755077659
117.9868578255675
225.89008363201913
266.0737753882915
187.15203106332137
63.58684289127837
9.097296893667862
18.16718936678614
9.987940561529271
5.02938321385902
3.067327508960573
11.90505525686977
56.188769414575866
124.80585424133811
301.81115591397855
270.9479540023895
214.8708183990442
72.43839605734767
29.792712066905615
9.676747311827956
8.17921146953405
4.835207586618877
5.848528972520908
9.144526583034649
32.24264486260454
114.06362007168461
221.3056302270012
293.8564068100358
191.1312724014337
66.83766427718041
20.63321385902031
6.625261350059737
6.68570788530466
6.196012544802868
4.215961021505376
6.049021804062128
27.208034647550782
84.91562126642772
199.51314217443255
194.59976105137395
98.77426821983275
51.230958781362
