5.815785543612612
4.146132019120379
2.863575268821692
3.1056227598611184
2.068884408606638
0.3997162485110588
4.487753882915173e-12
137.0221027479092
384.55906511350054
273.6420997610514
76.0103046594982
10.966984020310633
5.815785543612612
4.146132019120379
2.863575268821692
3.1056227598611184
2.068884408606638
0.3997162485110588
32.10868428912784
222.52202807646353
426.37432795698925
295.293458781362
195.48797789725208
12.460237455197133
21.870370370370374
4.146132019120379
2.863575268821692
3.1056227598611184
2.068884408606638
0.3997162485110588
4.487753882915173e-12
226.62933094384704
424.8790322580645
291.9343637992831
97.29465352449223
15.447281959378731
5.815785543612612
7.133004778972523
2.863575268821692
3.1056227598611184
2.068884408606638
0.3997162485110588
4.487753882915173e-12
105.6597222222222
377.8360215053764
288.20340501792117
75.2665770609319
20.674320489844682
5.815785543612612
4.146132019120379
2.863575268821692
3.1056227598611184
2.068884408606638
0.3997162485110588
4.487753882915173e-12
113.12649342891278
353.568921744325
341.21677120669057
157.40292712066903
7.606780167268525
5.815785543612612
4.146132019120379
2.863575268821692
3.1056227598611184
2.068884408606638
4.13328853046595
4.487753882915173e-12
183.3169056152927
374.84879032258067
377.8057795698925
32.32915173237754
7.606780167268525
5.815785543612612
4.146132019120379
2.863575268821692
3.1056227598611184
2.068884408606638
0.3997162485110588
4.487753882915173e-12
214.30742234169654
568.6417264038232
396.8458781362007
356.7775537634409
65.10416666666667
5.815785543612612
4.146132019120379
5.850448028673835
3.1056227598611184
3.562320788530465
0.3997162485110588
4.487753882915173e-12
8.960722819593787
269.93652927120667
123.92174432497013
157.40292712066903
27.021505376344088
21.123282556750297
4.146132019120379
2.863575268821692
3.1056227598611184
2.068884408606638
0.3997162485110588
4.487753882915173e-12
67.20318100358423
315.86021505376345
358.76568100358423
115.96326164874552
41.58232526881721
11.042801672640383
4.146132019120379
2.863575268821692
3.1056227598611184
2.068884408606638
0.3997162485110588
4.487753882915173e-12
151.58340800477896
417.7844982078854
342.7128136200717
152.1759259259259
20.674320489844682
5.815785543612612
4.146132019120379
2.863575268821692
3.1056227598611184
2.068884408606638
0.3997162485110588
4.487753882915173e-12
104.91188769414576
456.22461170848266
479.36342592592604
230.2090800477897
14.32709826762246
5.815785543612612
4.146132019120379
2.863575268821692
3.1056227598611184
2.068884408606638
0.3997162485110588
4.487753882915173e-12
92.21848864994027
265.0817652329749
247.87858422939067
48.010155316606934
21.794504181600953
5.815785543612612
4.146132019120379
2.863575268821692
3.1056227598611184
2.068884408606638
0.3997162485110588
4.487753882915173e-12
42.562724014336915
310.6332138590203
250.86618876941463
26.35551075268818
40.462141577060926
5.815785543612612
8.999589307048984
2.863575268821692
3.1056227598611184
2.068884408606638
1.1464157706093192
4.487753882915173e-12
100.43309438470729
521.594982078853
537.9618428912785
285.4666965352449
49.42286439665472
5.815785543612612
4.146132019120379
2.863575268821692
3.1056227598611184
2.068884408606638
0.3997162485110588
14.560857228195937
101.92465651135007
378.584229390681
424.84879032258067
160.76202210274792
56.88948626045399
26.723827658303463
4.146132019120379
2.863575268821692
3.1056227598611184
2.068884408606638
0.3997162485110588
4.487753882915173e-12
294.9522102747909
396.5046296296296
437.91778673835125
161.8817204301075
7.606780167268525
12.163007765830345
4.146132019120379
2.863575268821692
3.1056227598611184
2.068884408606638
0.3997162485110588
27.255264336917563
223.26538231780168
574.9738649940263
638.7836021505377
244.77075866188764
7.606780167268525
17.763104838709676
4.146132019120379
2.863575268821692
3.1056227598611184
2.068884408606638
0.3997162485110588
4.487753882915173e-12
93.33818697729988
215.7989844683393
467.76807048984466
161.8817204301075
7.606780167268525
5.815785543612612
4.146132019120379
6.970515979689365
3.1056227598611184
2.068884408606638
0.3997162485110588
4.487753882915173e-12
151.58340800477896
352.44922341696537
482.7273745519713
244.77075866188764
74.06660692951016
5.815785543612612
4.146132019120379
2.863575268821692
3.1056227598611184
2.4422416367980886
0.3997162485110588
4.487753882915173e-12
78.033527479092
287.1135752688172
354.28651433691755
112.97565710872165
54.278113799283155
