5.432534348864994
4.517398446833931
2.3887022103020024
2.5906137993103657
1.7544642323775388
8.043623058542414
40.90128434886499
84.36379928315412
126.8107825567503
47.16285842293907
24.128584229390682
9.56160394265233
6.017622461170848
3.458669354865921
2.3887022103020024
2.5906137993103657
4.086021505376343
7.458198924731182
93.69399641577061
129.15919952210274
214.94175627240142
93.31727897252091
36.425104540023895
6.743615591397848
6.33366935483871
4.091509856630824
2.3887022103020024
2.5906137993103657
4.821311230585424
15.073192951015532
52.172939068100355
81.34707287933094
134.45340501792114
75.35132915173237
24.13343787335723
6.600317353643965
5.532034050179211
4.5703778375149335
2.4364658004778974
2.5906137993103657
1.7258064516401148
4.112918160095579
19.544504181600956
129.15919952210274
135.27105734767025
57.51232078853047
32.68966547192354
9.19937275985663
5.018570788530466
3.506432945041816
2.3887022103020024
2.5906137993103657
1.7258064516401148
0.5308430406212663
61.01777180406213
133.24746117084825
179.00985663082437
64.35222520908005
26.73237753882915
10.218413978494624
7.313209378733571
4.8187350657108725
3.1290322580645165
5.05241935483871
1.7258064516401148
9.7267174432497
37.29540023894862
76.17980884109916
181.01478494623655
72.75649641577061
23.039874551971327
6.558919504181601
4.851403823205228
3.458669354865921
2.3887022103020024
2.6817614994026284
1.8531735364396655
4.4332586618876935
80.34274193548387
214.94175627240142
217.79047192353644
82.84087514934289
41.613649940262846
12.586618876941458
4.880061603942653
3.6457362604540022
3.5668682795698925
2.5906137993103657
1.7258064516401148
7.18452807646356
10.985663082437275
61.01777180406213
117.80540621266428
64.91226105137396
26.102897252090802
6.640117234169652
5.524865591397849
3.95221027479092
2.3887022103020024
2.5906137993103657
1.7258064516401148
0.36526471027479085
17.556376941457586
85.12918160095579
19.897326762246117
36.29704301075269
27.59931302270012
9.092779271206691
4.851403823205228
4.382093787335723
2.3887022103020024
4.644414575866188
1.7258064516401148
11.223506571087217
31.781660692951014
77.36335125448029
77.36335125448029
52.54293608124253
33.81235065710872
6.345579450445371
4.924641577060932
4.194220430107527
3.6353046594982077
2.5906137993103657
1.7258064516401148
7.072147550776583
15.710125448028673
78.13246714456392
173.4281660692951
73.43974014336918
30.843413978494624
6.345579450445371
4.931011051373955
3.458669354865921
2.3887022103020024
2.7816606929510157
1.7258064516401148
1.126284348864994
40.90128434886499
120.15382317801672
106.2313321385902
114.03113799283155
26.76560633213859
6.345579450445371
4.851403823205228
3.458669354865921
2.3887022103020024
2.5906137993103657
1.7258064516401148
7.895773596176822
19.72595579450418
119.8439366786141
136.1036439665472
93.15673536439665
22.788231780167266
7.343824671445639
4.851403823205228
3.458669354865921
2.3887022103020024
2.725944593787336
3.7278225806451615
10.427508960573476
37.130376344086024
178.19967144563918
140.9199522102748
103.2709826762246
60.54472819593787
14.0165770609319
8.483870967741936
3.458669354865921
2.3887022103020024
2.6065348715651133
1.7258064516401148
15.076179808841099
49.87679211469534
138.35125448028674
176.32541816009558
93.57116188769415
30.58057048984469
10.171370967741936
10.18481182795699
3.458669354865921
2.3887022103020024
2.5906137993103657
1.7258064516401148
13.369563918757464
30.13142174432497
158.59468339307048
157.1609916367981
73.30533154121864
52.666890681003586
7.105025388291516
5.217592592592593
3.458669354865921
2.3887022103020024
3.837216248506571
2.131795101553166
0.7792114695340502
53.95385304659498
145.58318399044205
245.17995818399044
177.9797640382318
33.92734468339307
7.026209677419355
4.851403823205228
4.084378733572282
2.5256235065710873
2.6192715800477897
1.7258064516401148
8.551762246117084
37.73521505376344
140.9199522102748
199.41009557945043
99.95930406212665
24.11999701314218
6.934662485065711
4.851403823205228
3.458669354865921
2.3887022103020024
2.5906137993103657
1.7258064516401148
10.323715651135005
58.691756272401435
121.21042413381123
164.060633213859
94.89284647550777
54.24992532855436
10.888963560334528
5.249439964157706
3.458669354865921
2.3887022103020024
2.6383773894862603
1.7258064516401148
4.644952210274791
34.44780465949821
93.71266427718041
118.3729091995221
57.80727299880526
27.551896654719236
9.556936977299879
