329.983192204301
260.98391353046605
114.1259619922342
61.67751926523296
110.36757082586618
254.19263216845883
645.0932101254481
2367.5956242532857
6229.5200194145755
5420.298962066905
3978.8441681600957
946.7840143369174
379.7328371415771
395.2701448626045
200.94603643966548
185.29788459528075
141.67215206839904
135.49278039127844
688.5347024342894
2512.369149492233
6887.09105062724
5228.534266726402
2910.7470467443254
1725.8806190262846
506.9386226851851
288.0520497311827
151.5392256571087
171.60620575716842
90.23197166218637
102.43267256571087
382.19519377240135
1443.971658452808
4603.327807646355
4477.3704002389495
2489.694261499403
589.5282377538831
512.9018417712068
565.5937906959377
367.0461727150538
154.05813933691752
103.68916002090805
97.95368548387098
455.21434438470726
3933.4437163978496
7704.205689964157
6219.701011798085
3873.5497946535247
852.4652792712061
347.59626120071675
199.99958930704898
116.73678050328553
87.58760196385902
115.51867943548388
187.6417880077658
481.0008146654718
2047.3818249701308
5856.231866039426
5027.11011051374
2167.789572132617
1139.9451426224607
358.7789516129032
312.80011760752694
170.35652143070493
112.69931182795695
164.49765961021504
290.8800265083632
538.3362298387096
2847.1161252986853
6351.543903076465
5069.451586768219
1643.975085872163
972.4474626642772
328.74369922341697
415.71054398148146
179.64945041816003
276.47451523297497
75.57023364695343
301.7933075716845
829.9084083781361
3484.4372722520907
6661.0574074074075
5095.00712738949
2393.331679360813
740.4536738351256
296.0909434737157
279.0310446535245
151.28407594086025
180.73573256421747
150.60310816158903
310.5147868130227
329.06643107825585
3980.651904121864
7168.534606481481
5244.8862791218635
1372.8875560035842
507.49161215651134
391.0524018070491
213.33831951911586
211.12931712962967
182.1639864844683
163.6369623655914
277.5790292712067
660.723322505974
2069.073465501792
3031.495060483871
2713.6235140382323
1584.126108870968
421.84523633512555
222.09082549283144
141.47703703703704
232.6298170549581
99.44588698476701
94.43565882616487
191.49454189068098
431.3206768966544
2071.5440188172042
4696.3069444444445
4127.390173237754
1618.7184214456393
565.419245445042
270.2384606481482
166.72793272102746
145.64014770011946
200.6627370071685
125.37194672192356
184.10270310633211
383.67508997909204
1845.3503621565117
4720.578408751496
2859.8682982377545
643.3903658900838
666.7531253733571
242.31938769414572
223.43856294802868
153.81845355436081
93.45171202956992
111.58296762992832
154.1293451314217
548.5454054659498
2092.1200978195943
6452.783266129032
4674.078681302271
3100.234494474313
840.6162499999998
572.0016435185186
194.13925925925923
167.74319705794503
129.8141534124851
111.13322498506571
129.65310409199523
430.474010229988
1734.0616711469531
6737.143951612905
4608.007332735962
2997.7348006272396
498.3288425925926
324.3338198178017
126.78262358124253
127.01297117682203
142.56742443249703
137.32263758213858
284.46282631421747
756.0476108870967
2305.1430779569896
5797.831104390681
4449.547076612903
1161.7474537037033
928.5109360065716
734.1767349910392
219.2615091099164
176.97985065710873
121.37368839605737
123.69224313022698
64.48374286887694
663.8607388739547
3271.4144563918767
6246.269358572283
5263.420347968937
1927.7429510155316
1044.800108273596
343.9691816009559
271.0362697879331
179.95301747311822
161.3189414575866
124.49525701911588
159.90282444743136
710.7407175925928
2575.8745631720435
6408.819795400237
4751.064049432496
1507.7020571983273
1181.0801568100353
381.04635715352447
208.79621042413382
231.00669802867384
96.94076668906808
122.81843417712068
152.51463448327362
570.0317928614099
2783.956731630824
7337.286607676225
4432.555047789724
2690.661058841099
1062.3136163381128
464.5322446236558
251.23036738351254
189.73723715651138
62.864252165471925
75.97821027479092
149.82103755973722
497.4329988052568
2217.989751344086
4681.97828927718
5823.79864471326
3971.1182571684567
727.0600952060936
358.4205312873357
239.09101366487454
146.8895378584229
236.84159162186376
77.84267936081245
153.03595542114692
655.5134692353646
3284.9103158602156
6722.633695489843
6088.056750298686
1557.2865479390678
757.6817741935482
322.8695844534051
263.5518436379928
162.39144414575867
110.14761062574674
272.6218869474313
233.35339829749108
423.4326164874553
2996.3946124551967
6404.608310931899
4663.679368279568
1106.3110513739548
523.9547901732379
