1.1200899790919951
3.3602337216248506
0.0
0.0
0.0
0.0
0.0
43.30854241338112
126.94190561529271
120.96957138590203
199.37361857825567
10.827396953405017
0.0
0.0
0.0
0.0
0.0
0.0
8.587029569892474
37.70911738351254
96.32515681003584
186.30424880525686
72.05794504181601
24.64175627240143
0.0
1.1200899790919951
0.0
0.0
0.0
0.0
0.0
0.0
118.72849462365589
151.20911738351253
92.5939366786141
1.1200899790919951
7.093738799283154
0.0
8.960569743130227
0.0
0.0
0.0
0.0
54.13679808841099
126.1951164874552
170.25082138590204
94.08788829151733
20.534595280764634
0.0
1.1200899790919951
6.7206541218638005
0.0
0.0
0.0
0.0
48.911626344086024
136.27624701314218
121.71255227001194
125.0745594384707
32.1086096176822
0.0
0.0
0.0
4.853823178016726
0.0
0.0
1.8667764336917563
63.0973715651135
87.36458333333333
106.77968189964157
0.0
0.0
0.0
0.0
0.0
0.0
0.0
5.600451762246117
0.0
76.90972222222223
103.79144265232975
178.83800029868578
102.67502986857825
18.29467965949821
0.0
0.0
0.0
0.0
0.0
0.0
10.080734767025088
33.975433094384705
126.56851105137396
172.49189814814815
37.33557347670251
0.0
0.0
0.0
0.0
7.093738799283154
0.7467278972520908
0.0
6.7206541218638005
36.21580047789726
96.32515681003584
84.00675776583033
33.975433094384705
0.7467278972520908
0.0
0.0
0.0
0.3733557347670251
0.3733557347670251
0.0
0.0
48.164463859020316
140.00709378733572
114.99309289127838
92.5939366786141
20.534595280764634
0.0
0.0
0.7467278972520908
0.0
0.0
0.0
0.0
63.0973715651135
134.78192204301072
148.96766726403823
97.44571385902032
0.0
0.7467278972520908
0.0
0.0
0.0
0.0
0.0
0.0
45.54999253285544
133.6613649940263
200.86790621266428
79.52456690561529
11.574025537634409
0.0
0.0
0.0
0.0
1.8667764336917563
0.0
0.0
38.08262395459976
90.35285991636798
153.82362604540023
142.6219384707288
0.0
1.8667764336917563
0.0
0.0
0.0
0.0
0.0
0.0
69.06970579450419
110.51508363201911
87.36458333333333
84.38052568697731
10.453856780167264
1.493414351851852
0.0
0.0
0.7467278972520908
0.0
0.0
0.0
68.69631123058544
224.76138739545996
100.80734767025089
138.1439292114695
0.0
2.6135043309438473
0.0
0.0
0.0
0.0
0.0
0.0
33.975433094384705
190.0396505376344
154.57075119474314
95.57803166069296
18.29467965949821
0.0
0.0
0.7467278972520908
0.0
0.0
0.0
0.3733557347670251
65.71221624850656
141.12802419354838
95.20463709677419
78.77740442054959
0.0
7.467278972520908
0.0
0.0
0.7467278972520908
0.0
0.0
0.0
38.08262395459976
102.30167264038232
167.63597670250897
140.75425627240142
10.080734767025088
0.0
0.7467278972520908
0.0
0.0
0.0
0.0
0.0
57.87219982078853
131.0468936678614
172.49189814814815
142.6219384707288
32.1086096176822
0.0
0.0
0.0
0.0
0.0
6.7206541218638005
0.0
69.44347371565114
153.82362604540023
139.26030465949822
77.65688470728793
27.25524566905615
