26.269638590203105
14.91573327359618
4.956978046594982
4.278897849462366
2.257605286738351
8.95956541218638
35.13806750298686
72.9879778972521
209.58706690561533
181.00993130227002
79.66920549581842
30.236447132616487
9.242943548387096
10.02296146953405
5.839792413381124
5.680070191158901
5.801149940262842
8.343189964157707
36.70321833930706
33.41289575866189
150.2863649940263
153.08542413381124
69.26299283154121
35.80148596176822
10.296594982078854
7.683393070489843
6.6855958781362
4.076232078853047
4.415251642771804
23.030279271206687
53.42107228195939
85.02874850657109
171.46654719235363
187.07922640382318
136.01179808841098
30.640905017921146
17.039277180406213
8.019974611708482
4.538302718040622
3.1247722520908003
1.87149417562724
10.646766726403824
10.456503882915174
93.0779569892473
219.07407407407408
218.31914575866188
142.11282855436082
48.87134109916367
12.45754928315412
16.454973118279568
5.089792413381123
4.440819145758662
3.3597931600955793
4.034681152927121
46.82945041816009
127.93533452807647
206.37992831541217
199.29248805256867
87.82370071684588
23.47435035842294
17.836805555555557
5.241035692951016
6.164986559139785
3.063048835125448
3.3330570489844678
6.791255973715651
21.78998655913978
58.45056750298686
152.16024492234166
132.74006869772998
86.53748506571087
38.57037783751493
23.295288231780166
10.349761051373955
5.024865591397849
5.38971027479092
4.388332586618877
5.565897550776582
20.285170250896055
74.5306899641577
102.40180704898447
129.45265830346474
87.99245818399044
34.404495221027474
13.965576463560334
5.356108124253286
5.568511051373955
6.005824372759856
3.9940822879330953
6.466509856630824
7.690785543608123
77.46490442054959
192.5149342891278
170.70489844683397
90.11872759856631
53.73581242532857
9.455682497013141
12.531922043010752
5.959378733572282
2.7051187275985664
17.106892174432495
10.768779868578255
38.17517921146953
95.98715651135007
214.7879330943847
215.4129330943847
131.78987455197134
40.78610364396655
11.258101851851851
15.933057048984471
1.8183766427718044
4.671538978494624
2.3350806451612907
8.209378733572281
44.61506869772999
76.1387395459976
209.82489545997612
207.1811529271207
51.22050477897252
36.98454301075268
19.972520908004782
7.027404420549582
9.346774193548388
3.432997311827956
3.485685483870968
10.724985065710872
34.93932945041816
98.03875448028674
235.24566905615288
290.90688470728793
146.6446385902031
71.2600806451613
22.14419056152927
6.313284050179211
5.551709976105138
4.228894115890084
4.915733273596177
14.238948626045401
42.38239247311828
107.60229988052569
220.1321684587814
185.58057048984466
99.28315412186382
56.53785842293907
15.023484169653525
10.03494623655914
9.14415322580645
5.23521505376344
3.5486260454002387
4.977150537634409
27.606854838709673
91.80779569892474
180.276284348865
200.1672640382318
83.2724761051374
19.152591099163683
18.820265830346475
5.9124477299880525
4.552643369175628
4.478755973715651
2.7641763739545997
8.090315113500596
20.928128733572283
114.62514934289128
270.70527180406214
221.78091397849457
121.2940561529271
41.26056600955795
22.361671146953405
4.921594982078853
5.310782556750299
2.9093264635603346
3.947718787335723
5.2417861409796895
21.416367980884107
69.74499701314217
130.21766726403823
87.23043608124253
63.30309139784947
27.968899342891277
20.8879554958184
7.527217741935482
6.164986559139785
3.35788903823178
3.4187500000000006
8.399865591397848
33.727299880525685
87.62395459976105
200.15681003584228
171.61364994026283
84.1435185185185
44.657519414575866
24.975134408602152
6.024044205495818
8.294056152927121
4.047771057347671
3.5639523596176823
4.67469384707288
25.709864097968936
72.70049283154121
174.31451612903226
135.38231780167263
90.48536439665472
45.798984468339306
31.76478494623656
9.81806302270012
6.717816606929511
4.031108124253286
3.6300776583034646
5.602449223416966
33.22655316606929
84.67256571087216
142.5089605734767
215.3811977299881
91.40830346475508
22.213821684587813
13.61211917562724
11.82646356033453
9.32728494623656
2.6077620967741932
3.4622909199522094
35.71796594982078
64.04905913978494
88.9799880525687
246.2275985663083
270.85312126642776
210.0459229390681
34.2446609916368
22.78774641577061
10.611484468339306
6.381309737156512
3.707941308243728
1.607713560334528
9.63885155316607
37.03061529271206
81.89740143369174
267.9913381123058
270.2445489844684
206.3765681003584
66.0110513739546
