18.88332586618877
4.146132019120379
2.863575268821692
9.452844982078853
6.549257019115888
0.3997162485110588
4.487753882915173e-12
103.79218936678615
348.713784348865
334.1218637992832
161.8817204301075
11.713720878136199
5.815785543612612
4.146132019120379
2.863575268821692
3.1056227598611184
2.068884408606638
0.3997162485110588
4.487753882915173e-12
102.30062724014334
312.12477598566306
134.75209080047787
50.623693249701326
7.606780167268525
14.029868578255678
4.146132019120379
2.863575268821692
3.1056227598611184
4.682388739545997
1.5197841995221024
4.487753882915173e-12
202.35775089605735
474.14725209080046
463.694743130227
181.29853643966547
38.59528076463561
5.815785543612612
6.3862679211469535
2.863575268821692
3.1056227598611184
2.068884408606638
0.3997162485110588
4.487753882915173e-12
97.4454898446834
412.18563321385903
406.9287634408603
287.70646654719235
44.19586320191159
11.042801672640383
4.146132019120379
2.863575268821692
3.1056227598611184
12.149342891278375
0.3997162485110588
4.487753882915173e-12
79.15322580645163
273.296370967742
191.873133213859
52.49010603345282
15.447281959378731
5.815785543612612
4.146132019120379
2.863575268821692
3.1056227598611184
2.068884408606638
0.3997162485110588
4.487753882915173e-12
238.20303166069294
428.988201911589
531.6349313022699
170.09632616487454
44.19586320191159
8.802658303464753
4.146132019120379
2.863575268821692
3.1056227598611184
2.068884408606638
1.5197841995221024
33.975545101553166
238.57452210274786
536.9071087216248
644.7573178016727
335.12134109916366
34.862044504181604
32.323962066905615
4.146132019120379
2.863575268821692
3.1056227598611184
2.068884408606638
1.5197841995221024
4.487753882915173e-12
74.29771505376344
184.43697729988054
295.293458781362
132.76396356033453
7.606780167268525
5.815785543612612
9.746677120669057
2.863575268821692
3.1056227598611184
2.068884408606638
1.8931526284348865
8.214083034647553
255.3755973715651
478.6618876941458
580.1851851851851
244.77075866188764
77.0493578255675
14.029868578255678
4.146132019120379
2.863575268821692
3.1056227598611184
2.068884408606638
0.3997162485110588
13.814180107526882
269.56503882915166
489.86036439665475
595.4554958183991
286.2104241338112
36.728419952210274
12.163007765830345
4.146132019120379
2.863575268821692
3.1056227598611184
2.068884408606638
0.3997162485110588
4.487753882915173e-12
136.65023894862605
385.6791367980884
531.6349313022699
216.3959826762246
15.447281959378731
9.922726254480285
4.146132019120379
2.863575268821692
3.1056227598611184
2.068884408606638
7.120034348864994
4.487753882915173e-12
180.329674432497
568.6417264038232
548.4505675029868
360.5081391875746
75.55779569892474
12.536103643966547
4.146132019120379
2.863575268821692
3.1056227598611184
2.068884408606638
1.5197841995221024
4.487753882915173e-12
126.19623655913979
493.9336917562724
423.72909199522104
270.1579301075269
27.021505376344088
5.815785543612612
4.146132019120379
2.863575268821692
3.1056227598611184
2.068884408606638
0.3997162485110588
32.85536140979689
138.14180107526883
338.6361260454002
327.4036738351254
268.28965053763443
27.021505376344088
14.029868578255678
4.146132019120379
2.863575268821692
3.1056227598611184
14.016203703703704
0.3997162485110588
4.487753882915173e-12
82.88418458781362
471.93399044205495
470.775462962963
150.68436379928315
38.59528076463561
21.496789127837516
5.266199970131421
2.863575268821692
4.225690710872162
2.068884408606638
0.3997162485110588
4.487753882915173e-12
194.14725209080046
407.33049581839913
644.7573178016727
175.69967144563918
65.10416666666667
5.815785543612612
4.146132019120379
2.863575268821692
3.1056227598611184
2.068884408606638
0.3997162485110588
4.487753882915173e-12
4.487753882915173e-12
240.44242831541217
363.9926821983274
335.12134109916366
15.447281959378731
12.163007765830345
8.253072729988052
2.863575268821692
3.1056227598611184
2.068884408606638
0.3997162485110588
4.487753882915173e-12
112.75462962962963
269.93652927120667
351.67114695340496
18.14142771804511
7.606780167268525
5.815785543612612
4.146132019120379
2.863575268821692
3.1056227598611184
2.068884408606638
0.3997162485110588
29.121639784946243
140.75754181600956
399.4922341696535
442.3965800477897
284.3473715651135
65.10416666666667
5.815785543612612
4.146132019120379
5.850448028673835
3.1056227598611184
2.068884408606638
0.3997162485110588
4.487753882915173e-12
262.09864097968943
514.1136499402628
440.531660692951
277.99581839904425
34.48846326164874
