8.590651135005976
13.739583333333334
11.569407108721625
5.43037261051374
3.755768369175627
6.559587813620071
35.650686977299884
102.59781959378734
237.53994922341695
200.36140979689367
170.75716845878136
55.680256869773
20.292488052568697
9.97965203106332
3.2559102449223416
1.5716659199522103
2.3530801971326163
7.498431899641577
32.36477001194743
74.91263440860214
199.66547192353644
145.038082437276
78.13620071684588
43.166442652329756
11.212029569892474
6.096438172043012
3.22374178614098
5.781220131421744
5.844198028673834
8.78483422939068
43.693623058542414
126.39859617682201
220.00746714456392
244.426523297491
184.02553763440858
38.45583183990442
26.381869772998805
14.991263440860218
3.08313545400239
3.8861559139784947
3.9636126045400237
11.679808841099163
40.8957586618877
78.20639187574673
183.24671445639189
218.5013440860215
132.15277777777777
60.328927718040624
27.501978793309444
9.249215949820789
4.1942166965352445
3.7986895161290324
3.954562425328554
5.878434886499403
14.791330645161288
66.67861409796893
168.28853046594983
152.76433691756273
91.41278375149344
24.130451015531662
14.277068399044206
8.211656212664275
6.39616935483871
7.480361409796894
2.1187948028673835
5.0075791517323776
54.1084229390681
107.99917861409797
244.36790621266428
247.4798387096774
190.46818996415772
52.6560633213859
26.0386798088411
7.769675925925925
6.226403823178017
4.189083034647551
3.491267174432497
10.404793906810037
78.36954898446834
114.30406212664279
246.83243727598565
240.45474910394265
151.04316009557945
62.84572879330944
32.52337216248506
14.60412933094385
7.692876344086022
2.5349947729988056
6.931526284348865
13.611671146953405
26.871789127837516
80.54323476702508
236.20407706093195
284.1924283154122
161.87089307048984
57.84871565113501
27.095990143369182
8.952770310633214
5.886536738351254
3.8459042712066904
3.3411103643966555
8.995818399044206
35.38683542413381
88.12275985663081
208.15710872162484
234.38956093189964
191.55092592592595
77.37231182795699
19.423200418160096
12.333408004778972
8.029084528076465
5.022849462365591
3.9157743428912783
12.313134707287933
42.30137395459976
123.67980884109916
233.02045997610517
277.2610513739546
199.02516427718044
60.15008960573478
38.83030913978494
10.771841397849464
6.146132019115889
4.453546893667861
3.102258811230585
9.862641875746714
25.36686081242533
76.32691158900838
174.0356182795699
223.31914575866188
184.96789127837516
45.48861260454002
19.1286215651135
11.770870669056153
5.1469907407407405
4.650937126642772
5.286962365591398
7.973491636798088
34.63803016726404
101.90076164874552
229.60274790919954
235.94086021505382
178.06787634408602
70.58430406212665
32.52262544802868
17.560707885304662
9.04596027479092
3.1605137395459977
3.700757915173238
14.146468040621267
28.522550776583035
100.87253584229391
191.6360513739546
231.87051971326164
103.61148446833933
48.67420848267623
21.517137096774192
9.690486857825567
4.161753285543608
3.13273596176822
4.710864695340501
6.501456093189964
28.591659199522102
72.84871565113501
151.20743727598565
189.67816606929512
100.3132467144564
29.97595579450418
13.090651135005977
10.093824671445638
3.491267174432497
6.180667562724014
2.930604091995221
10.553726105137395
33.62249850657109
107.9498954599761
232.72401433691758
226.45123954599762
150.77919653524492
50.909498207885306
20.84651284348865
11.44489247311828
7.690822879330944
4.143764934289128
4.188276583034647
18.669840203106336
30.364545997610513
106.0394265232975
191.88769414575867
226.65210573476702
133.2097520908005
42.167712066905615
15.0680256869773
8.517025089605735
5.192353643966547
3.1192801672640385
4.518507317801672
4.116532258064516
12.87600806451613
43.0160170250896
212.96482974910398
161.07900238948625
98.54689366786143
28.915247909199522
23.122199820788527
13.807347670250897
4.952986857825567
4.47059811827957
4.163060035842294
4.923797789725208
24.59169653524492
69.86484468339307
118.4464605734767
167.53957586618876
62.22483572281959
27.57862903225806
13.89333183990442
12.904905913978492
13.220019414575866
6.602113201911589
7.712701612903227
9.730473416965351
42.06130525686977
103.72013142174433
197.78785842293902
254.30294205495818
186.08049581839904
49.39777479091996
15.577695639187574
14.293384109916367
5.654868578255674
3.7201463560334522
3.731205197132617
13.22095280764636
61.66293309438472
126.20967741935483
254.19504181600956
273.8410991636798
212.67286439665472
58.90344982078853
