1.493414351851852
7.467278972520908
4.853823178016726
8.2139075567503
0.0
0.0
0.0
77.65688470728793
142.24854390681006
101.92790471923539
122.0863201911589
38.82937574671445
0.0
0.0
0.0
0.0
0.0
0.7467278972520908
0.0
52.64288381123058
130.67312574671445
61.6034572879331
29.12205047789725
0.0
0.0
0.0
0.0
0.0
0.7467278972520908
0.0
0.7467278972520908
73.92562724014337
169.13026433691758
104.91196236559139
96.32515681003584
26.508169056152923
0.0
0.0
0.0
0.0
0.0
0.0
0.0
51.895721326164875
126.94190561529271
100.80734767025089
111.63560334528077
12.320687724014338
0.0
0.0
0.0
0.7467278972520908
0.0
0.0
0.0
0.0
132.91423984468338
102.30167264038232
88.11137246117084
0.0
0.0
0.3733557347670251
1.493414351851852
1.1200899790919951
0.0
0.0
0.0
53.76340352449223
120.96957138590203
159.7959229390681
121.71255227001194
0.0
12.694190561529268
0.0
0.0
0.0
0.0
0.0
0.7467278972520908
47.043944145758665
172.49189814814815
148.96766726403823
52.64288381123058
13.814392921146954
13.814392921146954
0.0
12.694190561529268
0.7467278972520908
0.0
0.0
0.0
49.28539426523297
122.0863201911589
205.71931003584228
138.51732377538832
29.12205047789725
0.0
0.0
0.7467278972520908
0.0
0.0
0.0
0.0
86.24406362007169
170.25082138590204
140.75425627240142
126.1951164874552
47.043944145758665
0.0
0.0
0.0
1.493414351851852
0.0
0.0
0.0
85.12731481481482
126.1951164874552
163.53132467144565
128.06283602150538
25.761540471923535
0.0
2.240142249103943
0.0
7.467278972520908
0.0
0.0
0.0
66.45937873357228
154.57075119474314
169.13026433691758
136.27624701314218
0.0
0.0
0.3733557347670251
4.853823178016726
1.493414351851852
0.0
0.0
0.0
43.30854241338112
200.86790621266428
173.98622311827958
148.96766726403823
29.86869026284349
1.1200899790919951
0.0
0.0
0.0
1.493414351851852
0.3733557347670251
0.0
71.3111559139785
157.554846176822
138.89071833930706
105.28573028673836
30.615330047789726
0.0
0.0
1.493414351851852
0.0
0.0
0.0
0.7467278972520908
57.87219982078853
107.15344982078852
130.67312574671445
110.88847819593788
14.561017771804062
0.0
0.0
0.0
0.0
0.0
11.947565710872162
0.0
30.615330047789726
106.77968189964157
142.99570639187573
120.96957138590203
25.761540471923535
0.0
0.0
0.0
0.0
0.0
0.0
0.0
84.00675776583033
99.68679062126643
179.21139486260455
114.61969832735961
32.1086096176822
0.0
0.0
0.0
0.0
0.0
0.0
0.0
14.93414351851852
130.67312574671445
160.16969086021504
128.06283602150538
0.0
6.3471139486260455
0.0
0.0
0.0
0.0
0.0
0.0
38.08262395459976
95.57803166069296
134.03513291517325
94.08788829151733
15.681186529271207
0.0
0.0
0.0
0.0
0.0
0.0
0.0
48.53823178016727
141.50141875746715
130.67312574671445
127.68906810035843
37.33557347670251
0.0
0.0
1.493414351851852
15.307683691756269
0.0
0.0
0.0
91.84677419354838
97.07194593787335
99.68679062126643
111.262208781362
0.0
