452.5820258363201
302.15018817204293
197.5406873506571
151.24312806152923
148.15798502837512
196.45421744324972
735.8564553464754
4265.4105174731185
8174.084711021505
6688.935017174435
4152.607168458784
1412.9222632915175
618.5707187126643
496.99335946833924
133.81969123357226
114.34711872759857
81.14091117831543
166.4084789426523
504.1764329450417
2725.0796594982085
6418.200358422938
4714.767622461169
2305.4109543010754
1150.6759109916368
609.2754834976105
188.37428390083633
176.12012096774194
161.2822998805257
167.63815337514944
250.5074895459977
587.4351321684591
3152.9078554360813
6717.413985961768
5100.467402180408
2927.2294280167266
791.7255790770611
368.8576885454002
201.47637955495824
163.84088709677422
75.79759318996415
102.83559371266429
142.7700425627241
453.57370370370387
1654.0809139784947
5448.027337216248
4017.002255077657
1576.8463298984464
584.2856810035846
378.59364284647546
164.08180032855438
153.5329360812425
114.18887447729985
102.79490501792118
142.6470482377539
538.0072573178019
3020.224996266428
6748.4704077060915
4705.51148446834
1887.422113948626
742.2235319593783
280.76915359916376
232.42463859020307
116.04082780764635
121.07628490890086
97.61366946684588
285.7616356780166
419.287230062724
1943.6432758363198
5336.225772849463
4836.373812724015
1543.343178763441
657.1264784946237
385.4222901732378
192.83246042413379
78.12154913381121
88.26007373805254
62.987156922043006
81.384740031362
253.16936827956988
1602.4245333034648
3817.004913381123
2249.6904196535247
731.5620739994032
294.35663157108706
294.5165240442054
209.3084968637992
239.898751866786
81.69735106780168
318.8494739396656
441.6461947431304
557.0511294056153
2346.9342032556747
4141.8448999402635
3783.6388888888896
1069.0307489546
489.2252889784945
327.2876967592594
255.04483422939072
174.82448812724013
190.02834315262842
161.98730779569885
188.74589008363208
633.0310185185187
2824.319130824372
5955.3608049581835
3586.0930331541226
1607.0107190860213
564.1112709080048
401.9645377837514
360.17988463261645
145.94233908303468
389.23428248207887
117.64718354241334
332.34047864396655
560.0503046594984
2759.6554024790917
6395.4233310931895
4836.8861036439675
2849.136715949819
786.7454439217441
330.44423088410986
255.0372028076464
144.62537929360815
156.8041244399641
85.31917663530467
252.3851291816011
1383.6241711469536
2912.0122311827954
7736.526657706096
5634.470176224611
3117.5790509259255
1012.7773260155315
295.4675940860216
431.8661092443252
132.8758877688172
134.27938847819595
139.94294728195936
205.2043731332138
808.1423935931901
2533.2349238351253
6674.828263142176
4780.871161887694
2003.002542562723
1222.6719571385895
340.6202124402627
217.50008437873356
102.05891035692949
122.2159980212067
140.85103748506575
139.26672939068098
599.2197196087218
2248.232146057347
4581.424682646356
3374.867249103943
1221.4163045101552
646.6699578106333
250.38420176224602
190.7095433841099
100.16957261798088
103.50811473267622
112.31620422640385
224.28317876344082
595.1381645758663
2245.3816532258065
5139.652594832736
3770.5276956391876
1717.636689814815
597.8550018667863
283.4206048387097
142.91562933094383
143.12668458781366
128.2883617084827
132.65734535543606
209.40273446833936
516.7411372461173
3195.809677419356
7499.6179958183975
5220.283923237755
2460.6616263440865
360.9964180107525
314.42602374551973
348.28769787933095
149.0726874253286
238.49311193249702
96.99719515382317
163.4561951164874
494.9388933691756
2897.113672341697
6664.123618578257
5070.518268369176
2724.6099462365582
844.9297841995221
445.86336394862604
241.5772599313023
237.03804435483866
129.5951860812425
117.39292909946235
126.68347128882913
602.039493354241
2713.9205757168456
5647.077986857825
4170.241442652329
2269.869963410992
781.311288082437
915.6703871714454
156.59617570191165
156.35492495519713
110.06468372909198
63.078003367682186
136.32993178763442
393.77158602150524
2026.9226963859023
4140.391998954599
3522.792458183992
789.5502744175631
459.5196385902031
228.5802889784946
214.17657370071686
86.9529514262246
138.79803629032259
104.51091562126643
222.98581541218633
1024.0275761648752
3117.6057758363204
7111.577523894863
5096.697323028675
3206.0690262843486
1064.4044242831544
393.44460536140986
311.2708273596177
153.91438396057345
133.18513724611708
130.89996628584225
255.87891278375153
834.1182452210275
3765.036857825569
7816.145986409797
6384.188948626044
4012.559165919952
1526.4522924133812
