5.815785543612612
4.146132019120379
2.863575268821692
3.1056227598611184
2.068884408606638
0.3997162485110588
4.487753882915173e-12
187.80055256869773
395.3853046594982
520.7892771804061
268.28965053763443
50.169504181600956
5.815785543612612
4.146132019120379
2.863575268821692
3.1056227598611184
2.068884408606638
2.266524790919952
4.487753882915173e-12
91.84662485065711
188.1724163679809
347.9398148148148
205.94198028673836
53.15830346475508
8.055921445639187
4.146132019120379
2.863575268821692
3.1056227598611184
2.068884408606638
0.3997162485110588
4.487753882915173e-12
137.0221027479092
520.091472520908
485.69071087216247
335.12134109916366
45.68914277180406
5.815785543612612
4.146132019120379
2.863575268821692
3.1056227598611184
2.068884408606638
0.3997162485110588
4.487753882915173e-12
135.15419653524492
270.30839307048984
327.4036738351254
18.14142771804511
44.19586320191159
5.815785543612612
4.146132019120379
2.863575268821692
3.1056227598611184
2.068884408606638
0.3997162485110588
4.487753882915173e-12
129.1838410991637
250.14822281959383
240.7836768219833
92.43914277180406
7.606780167268525
11.789426523297493
4.146132019120379
2.863575268821692
3.1056227598611184
2.068884408606638
0.3997162485110588
4.487753882915173e-12
114.62253584229391
412.18563321385903
279.6124551971326
110.35991636798089
7.606780167268525
5.815785543612612
4.146132019120379
2.863575268821692
3.1056227598611184
2.068884408606638
0.3997162485110588
4.487753882915173e-12
57.12514934289128
148.96766726403823
200.08773894862603
18.14142771804511
7.606780167268525
5.815785543612612
18.333856033452804
2.863575268821692
3.1056227598611184
2.068884408606638
0.3997162485110588
4.487753882915173e-12
85.87141577060933
320.3393817204301
423.72909199522104
141.3500597371565
28.88791816009558
12.536103643966547
4.146132019120379
2.863575268821692
3.1056227598611184
2.068884408606638
0.3997162485110588
4.487753882915173e-12
132.54293608124254
471.18391577060925
242.28009259259258
155.91136499402626
7.606780167268525
5.815785543612612
4.146132019120379
2.863575268821692
3.1056227598611184
2.068884408606638
0.3997162485110588
4.487753882915173e-12
163.52859916367981
396.5046296296296
251.9858870967742
50.996789127837516
19.181003584229387
5.815785543612612
4.146132019120379
2.863575268821692
3.1056227598611184
5.055757168458781
0.3997162485110588
2.986872759856631
181.453853046595
583.9120370370371
574.2114695340501
288.44982078853053
61.36846624850657
12.163007765830345
4.146132019120379
5.103711170848268
3.1056227598611184
2.068884408606638
5.626732377538829
4.487753882915173e-12
67.57952508960574
238.57452210274786
345.7000448028674
39.04946983273596
37.10200119474313
5.815785543612612
4.146132019120379
2.863575268821692
3.1056227598611184
2.068884408606638
0.3997162485110588
4.487753882915173e-12
74.29771505376344
272.5526433691756
220.25201612903226
18.14142771804511
14.700642174432497
5.815785543612612
4.146132019120379
2.863575268821692
3.1056227598611184
2.068884408606638
3.0132205794504183
6.720318100358422
112.75462962962963
308.3934438470729
271.39784946236557
18.14142771804511
13.207325268817204
5.815785543612612
7.133004778972523
2.863575268821692
3.1056227598611184
2.068884408606638
0.3997162485110588
4.487753882915173e-12
140.75754181600956
515.2199074074074
418.5024641577061
270.1579301075269
24.40800477897252
5.815785543612612
4.146132019120379
2.863575268821692
3.1056227598611184
2.068884408606638
0.3997162485110588
4.487753882915173e-12
136.27389486260455
347.22222222222223
360.257243130227
132.38761947431303
48.67618727598566
5.815785543612612
4.146132019120379
2.863575268821692
3.1056227598611184
2.068884408606638
0.3997162485110588
4.487753882915173e-12
134.4108422939068
352.44922341696537
426.7166965352449
130.89605734767025
18.807459677419352
28.963784348864994
6.759636350059737
2.863575268821692
3.1056227598611184
2.068884408606638
0.3997162485110588
4.487753882915173e-12
181.453853046595
407.33049581839913
505.47715053763443
270.1579301075269
22.91427718040621
12.536103643966547
4.146132019120379
2.863575268821692
3.1056227598611184
2.068884408606638
0.3997162485110588
29.121639784946243
116.86193249701317
427.1199223416965
422.9812574671446
199.5952807646356
12.833796296296295
5.815785543612612
4.146132019120379
2.863575268821692
3.1056227598611184
2.068884408606638
0.3997162485110588
13.067540322580642
202.35775089605735
526.0655615292712
644.7573178016727
291.4377986857826
60.62473864994026
