5.805070191158901
3.458669354865921
2.3887022103020024
4.162037037037037
1.7544642323775388
6.686842891278375
41.39411589008363
136.1036439665472
170.88933691756273
131.32877837514934
55.00784050179212
12.395459976105139
5.0384707287933095
5.504554958183991
2.6434401135005974
2.8548984468339307
1.7258064516401148
5.7067801672640375
41.91308243727599
164.060633213859
140.19563918757467
106.63866487455198
49.793160095579445
13.907930107526882
4.851403823205228
3.458669354865921
2.3887022103020024
2.5906137993103657
1.7258064516401148
8.863888888888889
59.28539426523297
152.49402628434888
207.77329749103941
82.84087514934289
41.80107526881721
13.242607526881718
5.042450716845878
3.458669354865921
2.3887022103020024
2.5906137993103657
1.7258064516401148
11.993742532855435
30.107153524492233
86.51060334528077
103.9986559139785
57.51232078853047
15.133288530493163
7.8298237753882916
4.851403823205228
3.458669354865921
2.3887022103020024
4.6809662485065715
1.7258064516401148
9.010244922341695
63.12724014336918
152.49402628434888
187.50373357228196
106.05249402628435
30.58057048984469
10.125074671445638
5.770833333333333
3.8248581242532858
2.3887022103020024
2.5906137993103657
1.7258064516401148
9.711036439665472
54.88724611708483
163.3811230585424
187.50373357228196
108.40091099163679
29.117756869773
10.171370967741936
6.905204599761051
3.9044578853046596
2.3887022103020024
2.5906137993103657
1.7258064516401148
0.4703442353643967
6.053240740740741
49.245818399044204
25.084005376344088
30.016801075268816
23.173536439665472
6.345579450445371
4.988325119474313
3.458669354865921
2.3887022103020024
2.5906137993103657
3.2502613500597373
5.885991636798088
35.17734468339307
93.23103345280765
100.73924731182795
46.152927120669055
17.416816009557945
8.849126344086022
4.9564814814814815
3.458669354865921
2.3887022103020024
2.5906137993103657
1.7258064516401148
7.9517771804062125
40.568996415770606
83.68802270011948
105.8355734767025
64.27008661887695
29.140531660692957
7.655092592592593
5.0384707287933095
3.458669354865921
2.3887022103020024
2.5906137993103657
1.7258064516401148
5.746729390681003
20.08997909199522
77.36335125448029
97.00940860215053
53.0880376344086
29.140531660692957
7.659050179211469
4.851403823205228
3.458669354865921
2.586122311827957
2.902673237753883
2.48525238948626
7.095669056152926
40.834080047789726
165.17697132616487
224.081541218638
113.62791218637993
33.48230286738351
17.31518817204301
5.436491935483871
3.9538157108721625
2.4241255973715647
2.5906137993103657
1.7258064516401148
7.458198924731182
56.9481780167264
139.45265830346474
201.25448028673836
80.35058243727597
29.140531660692957
8.849126344086022
9.612828554360812
3.458669354865921
2.3887022103020024
2.5906137993103657
2.147700119474313
0.3334229390953121
13.486409796893668
45.43757467144564
21.291816009557945
36.94108422939068
24.526583034647555
6.536626344086022
4.851403823205228
5.074634109916367
2.3887022103020024
2.5906137993103657
1.7258064516401148
12.70573476702509
39.03076463560335
94.76926523297492
124.46236559139786
64.51650238948626
26.604316009557945
6.793757467144562
6.523073476702509
3.5733012246117086
2.883848566308244
2.5906137993103657
4.6930256869772995
13.369563918757464
58.691756272401435
171.30749701314218
207.77329749103941
105.60073178016727
31.811155913978496
6.839120370370369
5.747759856630824
3.458669354865921
2.3887022103020024
4.592629928315412
6.269190561529271
17.330137395459975
86.07004181600956
191.82347670250897
224.19354838709677
116.24514635603346
35.22140083632019
11.678987455197133
5.484244324970131
5.723416965352449
2.3887022103020024
2.5906137993103657
1.8054136798088412
0.4178054062126642
39.87455197132616
123.08841099163679
121.21042413381123
80.35058243727597
26.118951612903224
7.69209229390681
12.29428016726404
3.67759109916368
2.3887022103020024
2.5906137993103657
1.7258064516401148
9.018458781362007
53.87171445639188
145.15755675029868
172.50597371565112
117.76844384707287
31.69952210274791
9.550440561529271
7.11211917562724
3.458669354865921
2.3887022103020024
2.6686267921146953
3.3974761051373954
6.61739844683393
42.04002389486261
137.9965651135006
189.2659796893668
75.05637694145759
49.27718040621266
6.345579450445371
4.851403823205228
3.458669354865921
2.553879181600956
2.5906137993103657
1.7258064516401148
17.687440262843488
78.28554360812426
211.52927120669057
232.05645161290323
129.2006421744325
52.666890681003586
14.465352449223417
