5.815785543612612
4.146132019120379
3.610274790919952
3.1056227598611184
2.068884408606638
0.3997162485110588
19.414725209080046
113.87432795698928
455.86805555555554
467.41151433691755
205.56563620071685
15.447281959378731
5.815785543612612
4.146132019120379
2.863575268821692
3.1056227598611184
2.068884408606638
0.3997162485110588
4.487753882915173e-12
142.6205943847073
327.43391577060925
353.91017025089604
230.2090800477897
50.54293608124253
5.815785543612612
4.146132019120379
2.863575268821692
3.1056227598611184
2.4422416367980886
0.3997162485110588
14.560857228195937
252.01650238948625
436.0812425328554
374.81854838709677
192.1244026284349
53.15830346475508
9.922726254480285
4.146132019120379
2.863575268821692
3.1056227598611184
2.068884408606638
0.3997162485110588
4.487753882915173e-12
256.49529569892474
515.2199074074074
652.2393966547191
403.82056451612897
62.86439665471922
13.65628733572282
4.146132019120379
2.863575268821692
3.1056227598611184
2.068884408606638
0.3997162485110588
4.487753882915173e-12
131.42323775388292
377.8360215053764
330.7627688172043
131.26792114695337
7.606780167268525
12.536103643966547
4.146132019120379
2.863575268821692
3.1056227598611184
2.068884408606638
0.3997162485110588
4.487753882915173e-12
114.2461917562724
459.23200418160087
409.54413082437276
168.97662783751494
7.606780167268525
5.815785543612612
4.146132019120379
2.863575268821692
3.1056227598611184
2.068884408606638
3.386589008363202
36.58908303464755
75.0459229390681
347.22222222222223
276.62522401433694
18.14142771804511
44.19586320191159
5.815785543612612
4.146132019120379
2.863575268821692
3.1056227598611184
2.068884408606638
0.3997162485110588
4.487753882915173e-12
157.93010752688173
322.57840501792117
334.87007168458774
120.44205495818399
7.606780167268525
5.815785543612612
4.146132019120379
2.863575268821692
5.345758661887693
4.309020310633214
0.3997162485110588
4.487753882915173e-12
116.86193249701317
515.2199074074074
354.28651433691755
172.7120669056153
32.248543906810035
11.042801672640383
6.3862679211469535
2.863575268821692
3.1056227598611184
2.068884408606638
0.3997162485110588
4.487753882915173e-12
67.57952508960574
329.6733124253286
396.8458781362007
154.41532258064515
7.606780167268525
5.815785543612612
6.3862679211469535
3.236932497013142
3.1056227598611184
2.068884408606638
0.3997162485110588
5.227016129032258
173.9829749103943
368.50209080047796
419.62178912783753
123.05331541218638
34.862044504181604
5.815785543612612
4.146132019120379
2.863575268821692
3.1056227598611184
2.068884408606638
1.8931526284348865
4.487753882915173e-12
113.87432795698928
395.3853046594982
358.76568100358423
94.30704898446834
22.91427718040621
15.523148148148149
4.146132019120379
2.863575268821692
3.1056227598611184
2.068884408606638
0.3997162485110588
4.487753882915173e-12
132.54293608124254
423.7597072879331
431.9436977299881
95.0548835125448
7.606780167268525
15.523148148148149
4.146132019120379
8.090591397849462
3.1056227598611184
2.068884408606638
0.3997162485110588
2.986872759856631
103.79218936678615
373.7287186379928
644.7573178016727
191.3806750298686
37.47550776583035
17.39000896057348
4.146132019120379
2.863575268821692
3.1056227598611184
2.068884408606638
0.3997162485110588
4.487753882915173e-12
70.19041218637993
374.84879032258067
246.7588859020311
98.03800776583036
7.606780167268525
7.309221923536438
4.146132019120379
2.863575268821692
3.1056227598611184
2.068884408606638
0.3997162485110588
1.1200679510155316
158.3019713261649
408.0783303464755
418.8739545997611
198.47110215053766
60.62473864994026
5.815785543612612
4.146132019120379
2.863575268821692
3.1056227598611184
2.068884408606638
0.3997162485110588
4.487753882915173e-12
91.84662485065711
361.4116636798089
414.7711320191159
155.16353046594983
7.606780167268525
5.815785543612612
4.146132019120379
2.863575268821692
3.1056227598611184
2.068884408606638
0.3997162485110588
4.487753882915173e-12
137.39396654719235
347.22222222222223
469.6688321385901
130.89605734767025
18.434326463560335
5.815785543612612
4.146132019120379
2.863575268821692
3.1056227598611184
2.068884408606638
0.3997162485110588
4.487753882915173e-12
193.02755376344086
358.7959229390681
367.3521505376344
181.67002688172045
7.606780167268525
5.815785543612612
4.519489247311827
2.863575268821692
3.1056227598611184
2.068884408606638
4.88008885902031
4.487753882915173e-12
112.37828554360813
320.3393817204301
271.39784946236557
106.25261350059738
19.181003584229387
