2.6135043309438473
0.0
2.9868690262843485
4.853823178016726
0.0
0.0
0.0
50.028001792114694
153.4502314814815
205.71931003584228
177.71706989247312
8.960569743130227
0.0
0.0
0.0
0.0
0.3733557347670251
0.0
0.0
54.13679808841099
114.99309289127838
120.96957138590203
114.99309289127838
33.975433094384705
0.0
0.0
0.0
0.0
0.0
0.7467278972520908
0.3733557347670251
85.87029569892474
141.87481332138591
125.44795400238948
105.28573028673836
17.5475993130227
0.7467278972520908
0.0
0.0
0.0
0.0
5.226911589008363
0.0
53.390008960573475
175.10259856630825
200.86790621266428
178.83800029868578
37.70911738351254
1.493414351851852
0.0
0.0
0.0
0.0
0.0
0.0
26.881705495818398
130.67312574671445
103.79144265232975
33.975433094384705
0.0
0.0
0.0
0.0
0.0
0.0
0.0
0.0
22.774962664277183
126.1951164874552
151.20911738351253
70.19026284348865
6.7206541218638005
5.226911589008363
0.0
0.0
0.0
0.0
0.0
8.960569743130227
0.0
141.50141875746715
97.07194593787335
70.19026284348865
17.174473566308244
0.0
1.8667764336917563
0.0
0.3733557347670251
0.0
0.0
4.106933243727599
47.417712066905615
94.08788829151733
106.03251941457587
32.85528673835125
1.1200899790919951
0.0
0.0
1.493414351851852
0.0
0.7467278972520908
0.0
0.0
29.86869026284349
132.1674507168459
91.47337962962963
87.73797789725211
9.707194593787337
0.0
0.0
0.0
0.0
0.0
0.0
0.0
17.5475993130227
138.1439292114695
159.7959229390681
50.775164277180416
7.467278972520908
0.0
0.0
0.0
0.0
0.0
0.0
0.0
47.417712066905615
163.53132467144565
128.06283602150538
54.13679808841099
10.827396953405017
0.0
0.0
0.0
0.7467278972520908
0.0
0.0
4.480283004778973
78.77740442054959
148.96766726403823
114.99309289127838
51.52232676224612
0.0
0.0
0.0
0.0
0.0
0.0
0.0
6.7206541218638005
47.043944145758665
125.44795400238948
106.77968189964157
42.93514784946237
0.7467278972520908
0.3733557347670251
0.0
0.0
0.0
0.0
0.0
0.7467278972520908
32.1086096176822
126.1951164874552
199.37361857825567
126.56851105137396
18.29467965949821
6.3471139486260455
0.0
0.0
0.0
0.0
0.0
0.0
34.34897700119474
139.63369922341695
99.68679062126643
50.028001792114694
0.0
0.0
1.1200899790919951
0.3733557347670251
0.0
0.7467278972520908
0.0
0.0
66.45937873357228
145.98394563918757
135.15568996415772
94.45747461170848
14.561017771804062
0.0
0.0
0.0
0.0
0.0
0.0
0.0
47.043944145758665
99.68679062126643
89.97909199522103
92.96733124253285
8.587029569892474
0.0
0.0
0.0
0.0
0.0
0.0
0.0
48.911626344086024
73.92562724014337
102.67502986857825
75.04618428912784
7.467278972520908
0.0
0.0
0.0
0.0
0.0
0.0
0.0
51.52232676224612
116.48738052568697
112.3786215651135
139.63369922341695
3.3602337216248506
0.0
6.3471139486260455
0.0
0.0
0.0
0.0
0.0
40.32254330943847
136.27624701314218
109.7679211469534
47.79110663082438
0.0
