4.11484468339307
10.34199522102748
6.35569743130227
1.139681526284349
4.025511499402628
5.6745818399044206
8.126306750298685
67.12178912783752
150.07205794504182
191.05286738351253
70.67540322580645
33.94571385902031
9.92484318996416
8.644265232974911
4.510297192353644
6.4057272998805255
3.8469870071684586
19.081354540023895
44.02292413381123
67.52874850657109
222.17629928315418
215.29943249701313
102.34505675029868
54.206242532855434
25.240330047789726
10.375709378733573
5.38788082437276
2.32698252688172
0.7273372162485066
7.493690262843487
30.67107228195938
72.60752688172045
157.4719982078853
183.35088112305854
91.68346774193549
34.81137992831541
22.204487753882916
8.086058841099163
9.612529868578255
3.5974126344086024
4.109427270011946
9.035207586618878
36.640494324970135
83.33408004778973
190.71460573476702
179.685633213859
86.00134408602149
52.959229390681
12.902367084826762
17.758400537634405
7.630114994026286
5.250336021505376
1.9968264635603346
7.269190561529271
42.07325268817204
97.44175627240143
188.79256272401435
133.99641577060933
99.88201911589009
44.85401732377538
18.96389635603345
12.491562126642771
8.482265531660692
3.1624514635603345
4.141390382317802
5.276807048984469
30.84080047789725
114.29958183990442
199.41046893667863
241.2563470728793
121.17831541218638
28.195265830346475
31.387544802867385
19.966061827956988
5.414687873357228
3.8819332437275986
4.702886051373954
12.885827359617686
32.307758363201906
81.92540322580645
225.7780764635603
190.73402031063318
87.18301971326164
26.310857228195932
17.51426224611708
11.58639486260454
4.799996266427717
5.055040322580645
7.264448924731183
12.184475806451612
46.87163978494624
73.2067652329749
137.12776284348865
179.13381123058542
73.47856929510155
36.389075567502985
24.002128136200717
9.179547491039425
3.8096848864994017
2.999074074074074
3.8969198028673837
12.007915173237754
39.73062275985662
70.60857228195938
220.61342592592592
235.24566905615288
170.28337813620075
59.209229390680996
26.340315113500598
19.353158602150536
10.367010155316608
3.3543421445639185
3.364590800477897
5.269190561529271
25.095318100358423
94.95669056152926
203.4785692951016
261.5669802867383
100.90763142174433
67.95736260454004
31.69660991636798
7.9547864396654715
7.260678016726404
2.527408154121864
1.7624253285543607
4.743242234169654
26.642062425328554
84.93839605734767
222.03778375149344
199.16890681003582
146.83579749103941
34.44041218637993
12.635117980884107
12.279569892473116
5.649492234169654
2.5118727598566304
4.1354353345280765
10.423909796893668
38.405913978494624
92.81025985663081
195.02800179211468
175.19153225806448
90.17398446833931
23.182833034647555
24.889859617682195
17.711768219832734
5.564590800477898
7.856145459976105
4.481761499402628
16.341659199522102
34.4851403823178
86.64538530465948
230.63769414575867
222.57952508960568
72.66614396654721
34.24522102747909
26.248991935483872
8.109431003584229
9.371229091995222
4.413750746714457
4.436342592592592
7.676075268817204
38.251157407407405
91.02598566308244
174.19018817204304
253.38336320191155
192.24649044205495
52.45146356033453
21.87940561529271
8.07728494623656
5.358273596176822
2.0554024790919954
2.7816756272401433
4.477232676224611
35.66625597371566
76.54905913978494
249.62664277180406
197.56795101553163
130.24753584229387
22.251904121863795
30.6985513739546
6.001120071684587
3.2414613201911595
2.742932347670251
4.07496266427718
5.907594086021505
27.69104689366786
90.25276284348867
137.53248207885304
182.09789426523298
69.59864097968936
35.611111111111114
15.61577807646356
9.785842293906809
4.619519115890084
3.999443697729988
2.5886312724014338
4.631343339307049
37.71258960573477
101.81824970131422
277.3808990442055
243.08131720430111
123.85454002389486
66.9220430107527
12.897289426523297
13.63149641577061
5.922117682198327
2.489153972520908
1.3757056451612903
3.889090501792115
41.785916965352456
113.71415770609319
213.8597670250896
274.7946535244922
121.36611409796893
62.96370967741935
25.512694145758662
5.821460573476702
1.514516129032258
5.330047789725209
3.947868130227002
8.090128434886498
41.36592741935483
134.9346624850657
204.54487753882916
243.97177419354844
111.68309438470726
36.663866487455195
15.925925925925926
11.20392771804062
4.996229091995221
3.6328666367980884
0.9386835424133811
12.849350358422939
45.717592592592595
119.29659498207886
260.89979091995224
296.4489994026284
264.49783452807645
72.05794504181601
