5.815785543612612
4.146132019120379
2.863575268821692
3.1056227598611184
7.295900537634409
0.3997162485110588
7.093862007168458
163.52859916367981
458.83475209080046
490.2053464755078
198.47110215053766
37.10200119474313
19.629965651135006
4.146132019120379
2.863575268821692
3.1056227598611184
2.068884408606638
0.3997162485110588
38.08236260454002
150.8352001194743
395.3853046594982
334.87007168458774
141.3500597371565
21.42096027479092
5.815785543612612
4.146132019120379
2.863575268821692
3.1056227598611184
2.068884408606638
0.3997162485110588
4.487753882915173e-12
76.53748506571087
515.2199074074074
479.36342592592604
142.84162186379928
22.167637395459977
5.815785543612612
4.146132019120379
2.863575268821692
3.1056227598611184
2.068884408606638
0.3997162485110588
4.487753882915173e-12
166.5162037037037
526.4183841099164
574.2114695340501
202.57840501792114
34.48846326164874
5.815785543612612
4.146132019120379
2.863575268821692
3.1056227598611184
2.068884408606638
6.746938470728792
4.487753882915173e-12
139.26149940262843
478.6618876941458
298.6570340501792
98.03800776583036
22.167637395459977
5.815785543612612
4.146132019120379
2.863575268821692
3.1056227598611184
2.068884408606638
0.3997162485110588
4.487753882915173e-12
132.54293608124254
471.93399044205495
303.50806451612897
216.76784647550775
10.593652927120667
8.802658303464753
4.146132019120379
2.863575268821692
3.1056227598611184
2.068884408606638
0.3997162485110588
4.487753882915173e-12
97.4454898446834
282.6303016726404
225.85088112305854
84.60125448028674
11.340352449223417
18.88332586618877
4.146132019120379
2.863575268821692
3.1056227598611184
2.068884408606638
0.3997162485110588
1.4934363799283155
149.34363799283153
366.2623207885305
363.9926821983274
96.91830943847073
34.11495669056153
12.909647550776583
4.146132019120379
2.863575268821692
6.465826612903226
2.068884408606638
0.3997162485110588
4.487753882915173e-12
105.6597222222222
320.3393817204301
291.1861559139785
161.51022998805257
15.447281959378731
8.429289874551971
4.146132019120379
2.863575268821692
3.1056227598611184
2.068884408606638
1.5197841995221024
4.487753882915173e-12
154.57063918757467
484.6397102747909
355.77844982078847
199.96714456391877
19.554099462365592
5.815785543612612
4.146132019120379
2.863575268821692
3.1056227598611184
2.068884408606638
0.3997162485110588
4.487753882915173e-12
183.3169056152927
352.44922341696537
467.76807048984466
90.57160991636799
45.68914277180406
5.815785543612612
4.146132019120379
2.863575268821692
3.1056227598611184
2.068884408606638
0.3997162485110588
4.487753882915173e-12
4.487753882915173e-12
353.19705794504176
281.1084976105137
76.38664874551971
30.381645758661886
22.243466248506568
4.146132019120379
2.863575268821692
3.1056227598611184
2.068884408606638
0.3997162485110588
4.487753882915173e-12
115.74223416965353
536.9071087216248
555.1329151732377
290.69407108721623
40.462141577060926
11.042801672640383
5.639568399044205
2.863575268821692
3.1056227598611184
2.068884408606638
0.3997162485110588
4.487753882915173e-12
13.814180107526882
320.3393817204301
157.89986559139786
67.42413381123059
7.606780167268525
5.815785543612612
4.146132019120379
2.863575268821692
3.1056227598611184
2.068884408606638
0.3997162485110588
4.487753882915173e-12
150.8352001194743
370.369623655914
350.9274193548387
75.63881421744325
7.606780167268525
5.815785543612612
4.146132019120379
2.863575268821692
3.1056227598611184
3.1889523596176823
3.759920101553166
13.44108422939068
248.28068996415772
518.9848416965352
555.1329151732377
172.7120669056153
47.18245967741935
5.815785543612612
4.146132019120379
2.863575268821692
3.1056227598611184
2.068884408606638
0.3997162485110588
4.487753882915173e-12
229.98842592592592
342.366711469534
275.8814964157706
112.22744922341698
14.32709826762246
5.815785543612612
4.146132019120379
2.863575268821692
3.1056227598611184
2.068884408606638
0.3997162485110588
4.487753882915173e-12
78.033527479092
266.20594384707294
170.59326463560336
32.32915173237754
7.606780167268525
5.815785543612612
4.146132019120379
2.863575268821692
4.972431302270011
2.068884408606638
0.3997162485110588
24.641763739545997
150.0918458781362
370.369623655914
440.531660692951
118.57452210274793
64.73192951015531
5.815785543612612
4.146132019120379
2.863575268821692
3.1056227598611184
2.068884408606638
0.3997162485110588
4.487753882915173e-12
123.58049581839907
355.80869175627237
330.7627688172043
144.3376642771804
7.606780167268525
