23.720504778972522
10.643667861409797
7.63145908004779
2.4198439366786144
6.7162485065710875
22.102523894862607
32.74701314217443
80.54323476702508
221.377688172043
189.5766129032258
110.30577956989248
53.62679211469534
23.820564516129032
9.89702807646356
4.609543010752687
3.71911215651135
2.9087589605734765
6.789762544802867
39.412485065710875
83.68354241338112
173.05480884109917
157.65232974910396
91.04166666666667
29.387171445639186
17.24354091995221
9.832586618876942
5.206653225806452
1.0884076314217441
3.4041965352449224
11.812201314217443
31.412223715651134
78.06339605734767
198.52075866188773
183.63575268817203
121.80555555555556
55.72692652329749
27.92936081242533
12.178352747909198
3.435364396654719
4.326228345280764
6.179584826762246
15.259856630824373
39.405727299880525
132.36111111111111
250.5514486260454
283.4195788530466
133.69922341696534
62.41450119474313
15.459080047789724
7.135715352449224
4.391838410991637
3.4945639187574673
5.420172491039427
8.116860812425328
36.61958632019116
120.48237753882916
209.82489545997612
202.82743428912784
96.51433691756273
40.156959378733575
26.58169056152927
9.794802867383513
5.229689366786141
3.031873506571087
4.562529868578255
8.604614695340501
35.671557646356035
76.12977897252091
180.9938769414576
173.98857526881721
90.54771505376345
4.825970728793309
16.600321087216248
7.592144563918756
14.789426523297488
3.6442166965352456
5.784087514934289
6.283826164874552
37.5352449223417
68.77874850657108
196.35229988052572
137.57765830346474
74.92383512544802
27.166330645161295
29.466696535244928
7.541517323775387
5.139635603345281
3.0186753285543606
5.066942951015531
7.694519115890084
15.634221923536442
77.17181899641577
212.8128733572282
193.28143667861409
141.8484916367981
39.176784647550775
17.803726105137397
12.246975806451612
9.363500597371566
4.911364994026284
3.242581391875747
9.909535543608124
36.26146206690561
92.77404420549581
217.24649044205492
263.20228494623655
178.57900238948625
49.96789127837515
36.12216248506571
13.502949522102748
6.560558542413381
3.942674731182795
4.551149940262843
9.060073178016726
36.805331541218635
122.34505675029868
206.69504181600956
162.63478195937873
111.22871863799281
50.487231182795696
30.719608721624855
24.612380525686973
9.84819295101553
3.151373954599761
3.0937873357228196
3.97684811827957
29.306675627240143
104.19802867383513
167.65979689366787
191.09916367980884
97.84274193548387
48.14964157706093
16.314628136200717
4.301687574671446
5.320340501792114
2.8772737455197133
1.2450828853046596
7.816905615292712
29.960984169653525
76.1118578255675
210.09371266427718
185.19078554360811
102.46602449223417
56.49006869772999
31.55719832735961
6.496639784946238
5.441308243727598
6.546146953405018
3.0790471923536438
3.9301784647550777
7.186342592592593
78.72946535244921
199.99589307048984
222.8121266427718
113.58198924731182
43.04472819593787
23.028935185185187
8.497386499402628
3.1036514336917564
3.4164725209080054
3.466898148148148
6.531586021505376
30.57452210274791
71.17831541218638
164.96826463560333
160.91173835125448
74.76777180406212
24.70221027479092
22.089531063321385
15.922267025089603
5.07351403823178
9.413493130227
4.69188321385902
8.175141875746714
23.30339008363202
74.13119772998806
183.62343189964156
191.2126642771804
81.21415770609319
31.426523297491045
13.294280167264038
10.43567054958184
4.290068697729988
3.8396318697729988
5.188657407407407
10.928240740740739
64.34849163679809
103.18212365591398
215.86730884109917
228.32661290322585
103.79069593787335
49.40150836320191
22.849574372759857
12.499999999999998
13.416965352449227
3.600358422939068
2.9958295997610516
9.788343787335725
42.877464157706086
140.02501493428912
205.24118876941463
189.4007616487455
107.35439068100358
41.63392323775388
25.037895758661886
7.9524716248506575
3.795400238948626
4.064822281959379
3.234363799283154
12.367010155316608
1.4331011051373954
72.37305854241337
131.54047192353644
143.7302120669056
70.88896356033452
17.39770011947431
8.622162485065711
9.163418458781361
5.394862604540024
1.9492234169653524
11.904532556750299
13.195975209080048
34.685931899641574
91.91494922341697
195.72169952210274
199.9182347670251
98.51926523297492
45.916591995221026
11.84550477897252
8.82534348864994
5.803128733572281
1.4938582735961767
3.349563172043011
7.283527479091995
18.84080047789725
68.12612007168458
117.4518369175627
155.88747013142174
65.03584229390681
4.353311678614099
