25.230510752688172
4.146132019120379
17.05129928315412
3.1056227598611184
4.682388739545997
0.3997162485110588
10.827546296296296
4.487753882915173e-12
212.0676523297491
330.7627688172043
155.91136499402626
23.661364994026286
5.815785543612612
4.146132019120379
5.850448028673835
3.1056227598611184
2.068884408606638
0.3997162485110588
4.487753882915173e-12
97.4454898446834
417.7844982078854
418.8739545997611
168.23327359617682
56.14135304659498
25.230510752688172
4.146132019120379
2.863575268821692
3.1056227598611184
2.068884408606638
0.3997162485110588
4.487753882915173e-12
79.89658004778973
455.86805555555554
284.83982974910396
198.47110215053766
21.04786439665472
5.815785543612612
4.146132019120379
2.863575268821692
3.1056227598611184
2.068884408606638
0.3997162485110588
4.487753882915173e-12
139.26149940262843
338.6361260454002
278.8687275985663
123.05331541218638
38.96882467144564
5.815785543612612
4.519489247311827
2.863575268821692
3.1056227598611184
2.068884408606638
0.3997162485110588
15.68100358422939
192.65158303464753
396.5046296296296
381.913082437276
172.7120669056153
84.14426523297492
19.256869772998808
4.146132019120379
2.863575268821692
3.1056227598611184
2.068884408606638
0.3997162485110588
7.093862007168458
262.09864097968943
574.9738649940263
400.58169056152934
177.191233572282
81.90449522102747
5.815785543612612
4.146132019120379
5.477079599761052
3.1056227598611184
2.068884408606638
0.3997162485110588
39.575679510155325
166.5162037037037
557.0452508960573
644.7573178016727
474.3660394265233
75.18630525686977
14.029868578255678
4.146132019120379
2.863575268821692
3.1056227598611184
2.068884408606638
0.3997162485110588
29.86872759856631
157.93010752688173
501.0584677419354
435.3031660692952
211.1689814814815
44.19586320191159
18.88332586618877
4.146132019120379
2.863575268821692
5.345758661887693
2.068884408606638
0.3997162485110588
4.487753882915173e-12
159.798013739546
353.568921744325
367.3521505376344
358.26911589008364
83.02456690561529
5.815785543612612
5.639568399044205
2.863575268821692
3.1056227598611184
2.068884408606638
0.3997162485110588
28.0019041218638
44.05596624850657
322.57840501792117
322.1766726403823
161.51022998805257
7.606780167268525
5.815785543612612
4.146132019120379
2.863575268821692
3.1056227598611184
2.068884408606638
0.3997162485110588
4.487753882915173e-12
78.77688172043011
320.3393817204301
307.9872311827957
150.68436379928315
26.647961469534046
12.909647550776583
6.3862679211469535
2.863575268821692
4.225690710872162
2.068884408606638
0.3997162485110588
4.487753882915173e-12
139.26149940262843
359.5437574671446
293.80189665471926
152.1759259259259
47.18245967741935
8.802658303464753
4.146132019120379
2.863575268821692
3.1056227598611184
2.068884408606638
0.3997162485110588
4.487753882915173e-12
123.2086320191159
202.35775089605735
277.7494026284349
163.37776284348865
7.606780167268525
5.815785543612612
4.146132019120379
2.863575268821692
3.1056227598611184
5.4290882616487455
0.3997162485110588
4.487753882915173e-12
76.53748506571087
282.25843787335725
281.1084976105137
29.34210722819594
27.021505376344088
15.523148148148149
4.146132019120379
2.863575268821692
3.1056227598611184
2.068884408606638
0.3997162485110588
4.487753882915173e-12
102.30062724014334
320.3393817204301
319.9369026284349
18.14142771804511
38.59528076463561
5.815785543612612
4.146132019120379
2.863575268821692
3.1056227598611184
2.068884408606638
0.3997162485110588
4.487753882915173e-12
4.487753882915173e-12
266.20594384707294
227.34244324970132
18.14142771804511
7.606780167268525
15.523148148148149
4.146132019120379
2.863575268821692
3.1056227598611184
2.068884408606638
0.3997162485110588
4.487753882915173e-12
150.0918458781362
411.4377986857826
213.90120967741936
18.14142771804511
30.754778972520914
13.282780764635604
4.146132019120379
2.863575268821692
3.1056227598611184
2.068884408606638
0.3997162485110588
4.487753882915173e-12
82.88418458781362
320.7153524492234
241.53188470728793
18.14142771804511
24.034460872162484
5.815785543612612
4.146132019120379
6.2237791218637994
7.212563470728792
2.068884408606638
0.3997162485110588
4.487753882915173e-12
48.534572879330945
562.6680107526881
336.7376045400239
159.27045997610517
39.34195788530466
5.815785543612612
4.146132019120379
6.2237791218637994
3.1056227598611184
8.789202508960573
0.3997162485110588
4.487753882915173e-12
113.87432795698928
493.9336917562724
287.8270609318996
202.57840501792114
7.606780167268525
