1128.5465686677935
914.7159339780428
621.7726942860529
435.60133449273366
315.68791240282565
768.7640677198738
1207.500981925599
1652.11813418777
2274.729342550333
3050.44232230921
2353.4718415749016
1928.1777835714324
877.037553953933
916.0295441749271
533.886914898178
696.4175789245238
651.848313831139
930.5401715727783
1075.815920172235
1642.1081309814406
2485.1463051480555
2623.358801670568
1942.1614290933771
1590.5477585976996
1526.6306550180782
757.6433613129059
827.661801941661
638.2595476625125
634.3639663980845
778.828307814867
1230.3894944000526
1702.5092321464704
2553.479899187097
3059.480133169928
2590.9091947122815
1736.3049778825566
1109.7982584111517
783.4622495965116
628.490823598774
656.679060897722
719.8931350778981
1261.2556620685355
1267.3902311966556
1940.5894156693291
2672.38270796833
3012.853143091392
2734.823221049777
2006.3374530973163
1186.2656087346909
1084.7732687819905
892.6238849184206
960.3395271963223
920.5390773045452
1296.1969427232866
1880.7924854920343
2525.523850562763
3712.9046216109678
4085.3563917357774
3763.9101596344526
2386.3948630015566
1331.6439327821445
1142.1210175357664
812.6401248629048
918.0707671130081
952.2091451409585
1337.618783758159
1594.5954516146587
2314.991233936025
3188.108244957169
3534.7213048154135
3470.7610054496013
2263.733158260393
1452.0637503565447
1526.8753117664096
951.1529116791601
930.5141892503699
883.5339088382823
1364.6110505623544
1816.9308802855428
2911.8282261774702
3830.8331219232173
4248.785981061065
4408.842987057997
2944.1332851352777
1818.4671568600916
1455.9542430316064
960.9059672992421
1038.3649794571213
1047.1322317059085
1601.390196976828
1803.4054282227949
2616.1317169256304
3175.9779855265547
3826.771139899728
3760.8337282208995
2562.7528011964073
2137.766727745203
2112.0395271156563
1374.0526869289786
1059.1459843180683
1056.79236312318
1406.3891516033414
1692.5858504819935
2748.5277801022553
3855.373976390014
4638.846279692945
4582.639131130599
2981.284626634911
2119.899382640609
1466.3542816663328
1037.579802271501
966.3011772272491
1058.6334078916177
1361.9174169233406
2023.616051362601
2727.104144470729
3454.179982650191
4757.826174970198
4370.772818771133
2725.0096127757333
2044.2352897976016
1762.0596845039604
1143.7163284991293
1426.1968006821876
1145.2633588302147
1748.0962035085222
1989.5810551108812
2651.650179869103
3332.2289804513425
4270.854380817271
3896.891379238553
3007.1255069428375
2387.719611035609
1850.5322565542542
1445.036356801489
1508.0919828875892
1381.0107905080133
1883.982085732816
2073.281329812262
2715.011141949162
3391.308122187012
3703.1730201062583
3941.005797325116
2718.8031798654456
2181.673125120121
1907.3604772155068
1422.0177534417007
1395.2593170196528
1308.7493912345421
2223.414683017961
2145.7204737322836
2674.2974534978225
3442.967655374481
3649.7906441881923
3262.6825440959888
2307.865973973507
2041.3504676255097
1378.656246272959
1343.136320278755
1216.9866083480986
1180.359314416162
1762.3897248862058
1972.524185252927
2365.978644503262
3303.812652149832
3829.775690942923
3692.338155103359
2556.1238075136102
1978.4030526948661
1415.796968569984
908.1638083330754
887.7034832121933
775.42261630335
1261.657396773416
1746.6947316073267
2570.1519748604724
3643.735150936556
4406.389884570624
4195.759951060859
2595.0675329171695
1989.6812981125624
1786.0808984581097
1098.5729751060687
877.0106562963899
792.5753898958455
1101.0442767877375
1556.397907153452
2184.1034741844446
3192.2991841524217
3922.550675093578
3315.7386163305855
2377.3117494655958
1687.174342906952
871.1504427265547
711.901988520974
632.6982660023647
773.6595393006918
999.158346313934
1217.58088695124
1590.5253212218959
2552.86050572376
2766.2702683445523
2055.840274857913
1924.7676096042494
1405.3382244783531
1066.3486680536066
856.2000584586574
840.0986258863313
762.5511225598232
986.1285383970234
1629.343743713562
2356.6598809617467
3249.327522289849
4144.065347397225
3809.6264155551903
2354.890015933133
1489.1601145652917
1625.55790597561
1261.7066517723945
891.3558593060885
1212.3605496854525
1446.6452691709374
1770.988655908623
2604.4070108539813
3078.6120802774612
3738.260200492123
3758.7432733167134
2506.244332455499
1990.7888970537315
2166.2763656184197
1746.26795714954
1361.900115157085
1301.2149861495918
1629.0336694020252
2032.3506309383843
2754.50109895039
3470.301788206188
3919.9466963179757
4106.701920891767
2942.398092088479
