0
0
0
0
0
0
222.42191439580478
708.2329022631748
1074.0472786155492
566.4629672982619
80.64296671968962
0
0
0
40.64177960370793
0
0
42.05056276766088
466.1643916622155
1311.1705591136952
1594.4367964698192
773.3763813634625
220.00107993699856
39.13362425205359
1.351825918679971
0
0
0
0
5.848632714770353
331.53027208805247
684.8953741191472
705.1198125664796
0
202.17128298735145
1.2279253213240438
0
0
2.712095089303446
0
24.07363947262474
53.753348051264055
498.9677921056796
1366.0317149946004
1350.773261685193
724.7198336161855
124.85803675343067
12.003848821776828
0
0
0
0
0
2.3371971210109947
573.4373137184026
1488.997771934875
1485.86872243861
737.2883865011737
114.31731666412648
32.502181473242246
0
0
0
10.785800677780536
0
72.16523063929742
572.2819560501183
1891.4035562266185
2273.3212372697003
1168.2774113996556
387.0766319340877
0
0
0
0
0
0
0
413.7431268318136
959.7479579963126
1231.2291569374358
597.8622099263348
216.1582556719331
33.42285307250315
0
0
0
0.7176758080183063
0
33.92561031793742
472.69902282125764
1247.9843075385565
1334.2387609841887
753.6045721057455
68.2196816874028
0
0
0
0
0
0
9.381386562527965
0
1210.8622956606537
1259.9454672074569
621.755419521576
40.78215626499792
0
0
0
0
0
0
71.13963182663394
658.1685136120536
1636.776689124643
1607.1244915456325
788.2415882465357
325.913660352066
0
0
0
0
0
0
0
487.6889030001847
1365.0403292392748
1572.8246351997236
863.9204582432466
190.61346731060087
0
0
0
0
0
0
33.45553921587083
27.044779327810843
1164.698349085709
1173.0440609981024
481.4732476351127
82.7516215134437
0
0
0
5.219399676515863
0
0
119.68265701930412
485.06063981878765
1296.1847593171249
1901.5127752527123
924.3947078088422
177.8958123965202
0
0
0
0
0
0
0
563.9548633678515
1264.3529885536461
1389.0818151066312
967.863792227863
138.26007497061548
0
0
0
0
0
0
56.845838334210185
514.2691458203936
1512.631722458531
1770.9809394613326
1154.961174105873
136.8449852513898
21.0824222805102
0
0
0
0
0
0
88.70175842616837
1023.5868061311182
907.7042320856847
506.9824928687549
47.059486509583664
0
0
0
0
0
0
0
0
0
923.3512752100744
0
69.64226002113733
0
0
0
0
0
0
45.08044233110434
454.6352556284734
1263.9838607989348
1603.4333022077046
748.7587040095653
51.81566003040116
0
0
0
0
0
0
46.47779863889724
411.19548612933426
1403.218078038808
1916.6660587536512
907.9170844816322
288.53940976028036
0
0
0
0
0
0
99.2216377657971
437.949839400308
1242.9706788468961
1696.233990143778
564.3357233636186
92.35282041665685
0
