12.536103643966547
4.146132019120379
2.863575268821692
3.1056227598611184
2.068884408606638
0.3997162485110588
4.487753882915173e-12
93.33818697729988
282.25843787335725
155.28375149342892
104.01284348864993
7.606780167268525
8.055921445639187
4.146132019120379
3.236932497013142
3.1056227598611184
2.068884408606638
0.3997162485110588
4.487753882915173e-12
202.35775089605735
373.7287186379928
470.37821087216247
175.69967144563918
61.36846624850657
11.042801672640383
4.146132019120379
3.236932497013142
3.1056227598611184
2.068884408606638
0.3997162485110588
4.487753882915173e-12
109.01919056152927
347.22222222222223
298.6570340501792
153.29562425328555
22.541143966547192
9.922726254480285
4.146132019120379
2.863575268821692
8.332638888888889
2.068884408606638
0.3997162485110588
1.8668085424133811
212.0676523297491
738.1085722819594
526.013664874552
277.99581839904425
40.089045698924735
5.815785543612612
4.146132019120379
2.863575268821692
3.1056227598611184
2.068884408606638
0.3997162485110588
4.487753882915173e-12
187.80055256869773
428.988201911589
490.2053464755078
288.44982078853053
11.340352449223417
5.815785543612612
4.146132019120379
2.863575268821692
3.1056227598611184
2.068884408606638
0.3997162485110588
4.487753882915173e-12
229.98842592592592
374.84879032258067
485.69071087216247
352.298013739546
75.18630525686977
5.815785543612612
4.146132019120379
2.863575268821692
3.1056227598611184
2.068884408606638
0.3997162485110588
4.487753882915173e-12
88.48715651135007
320.7153524492234
385.2721774193548
131.26792114695337
45.68914277180406
10.296158154121864
4.146132019120379
2.863575268821692
3.1056227598611184
2.068884408606638
0.3997162485110588
4.487753882915173e-12
138.14180107526883
353.19705794504176
261.69168160095586
87.21251493428913
21.04786439665472
7.309221923536438
4.146132019120379
2.863575268821692
3.1056227598611184
2.068884408606638
0.3997162485110588
4.487753882915173e-12
143.36880227001194
471.93399044205495
426.7166965352449
206.3138440860215
7.606780167268525
6.189142771804061
4.146132019120379
5.103711170848268
3.1056227598611184
2.068884408606638
0.3997162485110588
4.487753882915173e-12
123.58049581839907
355.80869175627237
358.76568100358423
88.7040770609319
21.42096027479092
14.029868578255678
4.146132019120379
2.863575268821692
6.092495519713261
2.068884408606638
0.3997162485110588
4.487753882915173e-12
132.54293608124254
436.0812425328554
322.1766726403823
117.45445041816009
41.95545848267623
5.815785543612612
4.146132019120379
2.863575268821692
3.1056227598611184
2.068884408606638
0.3997162485110588
23.14799880525687
187.42420848267622
459.23200418160087
422.9812574671446
142.47013142174436
21.42096027479092
5.815785543612612
4.146132019120379
8.090591397849462
3.1056227598611184
2.068884408606638
0.3997162485110588
4.487753882915173e-12
187.42420848267622
572.3603643966547
638.7836021505377
280.24006869773
37.10200119474313
15.523148148148149
4.146132019120379
2.863575268821692
3.1056227598611184
2.068884408606638
0.3997162485110588
4.487753882915173e-12
148.96766726403823
366.2623207885305
435.6791367980884
112.97565710872165
30.754778972520914
9.922726254480285
4.146132019120379
2.863575268821692
3.1056227598611184
2.068884408606638
0.3997162485110588
23.14799880525687
112.75462962962963
361.4116636798089
515.9658751493429
110.35991636798089
37.47550776583035
12.536103643966547
4.146132019120379
2.863575268821692
3.1056227598611184
2.068884408606638
0.3997162485110588
4.487753882915173e-12
75.41778673835127
361.4116636798089
353.91017025089604
211.1689814814815
14.32709826762246
9.175989396654721
4.146132019120379
2.863575268821692
3.1056227598611184
2.068884408606638
0.3997162485110588
4.487753882915173e-12
92.21848864994027
192.65158303464753
213.90120967741936
115.96326164874552
10.593652927120667
5.815785543612612
4.146132019120379
2.863575268821692
3.1056227598611184
2.068884408606638
0.3997162485110588
3.7335722819593786
81.01627837514935
355.80869175627237
340.09707287933094
129.40001493428912
7.606780167268525
5.815785543612612
4.146132019120379
2.863575268821692
3.1056227598611184
3.1889523596176823
0.3997162485110588
4.487753882915173e-12
99.31302270011948
423.7597072879331
490.2053464755078
216.3959826762246
51.6627464157706
5.815785543612612
4.146132019120379
2.863575268821692
4.225690710872162
2.068884408606638
0.3997162485110588
4.487753882915173e-12
143.74029271206692
500.3050328554361
483.834005376344
264.5590651135006
50.54293608124253
