428.9573207885302
225.9503020459976
123.9450366636798
123.95408225059738
88.84070967741935
156.74433915770612
291.0244887246117
2938.0780913978497
6828.684920101552
5409.112492532857
1450.9095616786142
718.5117977150538
377.21997423835126
250.87084789426524
318.5201489695342
180.7089015830347
86.22856074522103
124.00755899044204
545.1070904271206
3537.859501941457
5928.139934289128
4566.700556302269
3137.5055331541225
908.8410730286737
617.5636379928316
206.50686603942648
148.38913985961767
193.63238489396664
131.64218339307052
278.86996960872176
554.5326280615292
3512.245456242533
7790.4210573476685
6931.02794205496
2601.5028039127847
1368.1977561230583
469.2436450866188
183.56323402031063
112.03837787485067
78.68126370221027
88.5011785020908
225.71617570191154
920.5007258064512
2955.5613836618886
7687.960950567504
4681.450780316608
3137.2735700418157
1420.392973416965
801.4062350657106
205.57948476702504
167.0548962066905
111.03854274940262
123.47504730436083
226.52010715352455
521.0986099910392
3414.0882392473127
6921.034158452806
6090.592275238949
2126.059091248507
1129.9505637694147
308.36152404420557
266.2342816606929
194.96356742831537
112.938970094086
114.21195777329751
100.33971344832739
567.5895926672644
2981.881686827957
6293.93201911589
4490.054588560334
2983.3444220430106
470.5152609767025
370.41390456989245
360.1189859617682
147.86945825866187
149.10741360513742
152.78904849910398
127.60556167861414
669.9866241039425
3748.64172267025
6173.018705197133
5381.890905017921
1939.1770497311836
590.5747666517323
333.0384845430109
145.5879339157706
128.16158303464755
114.08285692951013
84.39383493876942
354.45913343787345
534.1658926971326
3493.986790621266
5947.554920848264
3913.098024940263
952.5268738799282
388.8728804510154
325.9467073626045
195.45199410095583
108.90193891875744
132.33072871863803
153.25076545698923
312.3851900388291
604.7823782855442
3346.5718189964173
8055.9711432198355
5260.37092293907
1802.649055406213
813.2906783900836
458.3657679958183
196.62826874253287
190.07619399641578
105.97364736409797
66.83083464008364
194.18739545997605
554.6235595878135
3837.6176672640377
6485.727299880525
5379.512858422939
1873.6412634408605
421.73427904719244
165.40787970430108
347.5605656362008
101.76792644862601
151.72976235812422
76.53409248058544
206.8241155167264
1344.722375298686
3674.1597931600954
7806.6492756869775
6492.683975507766
2753.5434102449226
1324.413045101553
325.97094571385884
186.00508587216248
130.76846296296293
124.62963321385902
162.47615860215052
182.254067353644
863.973390083632
3221.1785954301067
7243.287081839903
4980.590277777777
3156.48476702509
596.3033512544802
529.3094530316608
284.7723551373955
106.07761723416965
169.1501415023895
69.49528162335724
347.55309027777776
773.1474025537635
2719.3601814516123
3890.4025985663097
4407.304211469533
1600.9070265830344
1256.398655913978
570.4049107676225
283.43836992234174
135.3426670773596
262.07431063321394
314.3797061678614
580.4240923685783
940.446385902031
3228.819784199522
7706.559897700116
7000.2178390083645
3566.473752986857
1232.6004741636798
643.8539426523297
150.29692697132617
102.56984546744326
171.67517850209086
76.59096423237754
203.6001086469534
174.43300739247312
3600.408161589008
6254.184662485067
5093.111402329749
1750.0438806750294
766.4317383512546
319.05524417562714
259.8286932497013
131.2283297117682
121.66325027628436
104.67039564665471
83.74290135902031
573.0779752837516
2016.8779383213862
6584.863646206692
4230.516173835124
1526.6325828853046
597.5152400686976
410.2220814665473
231.21785543608124
152.4193447580645
114.94300511499404
108.55090244175626
52.77670646654719
461.22728233273585
3127.9474499701305
7131.889389187575
4572.171333632019
2149.062447729988
1128.3301523297494
596.3496897401434
226.5969855137395
184.74390382317802
141.79780704898445
128.40823611111114
143.85678390083632
688.467152031063
1297.6490703405018
4222.67668757467
4622.713074970132
1180.617741935484
857.3749178614095
685.0464542264034
212.79563209378742
168.5956160394265
138.62541849611708
104.80668033154123
187.43519414575866
426.19784834229375
2081.044265232975
4939.49468339307
3756.5678091397845
1687.7697729988056
801.333174283154
390.0877662037037
353.88367719534057
164.12895646654718
68.89290905017921
95.3381693548387
185.78485775089607
444.9369821535244
3169.482026583035
7240.816005824373
5238.669862604539
1891.50210946834
968.5169130824377
