0.0
0.0
0.0
0.0
0.0
0.0
0.0
59.73573775388293
107.52684438470726
91.09961170848267
9.707194593787337
5.973573775388291
0.0
0.0
0.0
0.0
0.0
0.0
3.3602337216248506
67.94914874551971
120.96957138590203
142.6219384707288
102.30167264038232
0.0
1.8667764336917563
0.0
0.0
0.0
0.0
0.0
4.853823178016726
14.187481332138592
121.71255227001194
125.0745594384707
77.65688470728793
5.226911589008363
1.493414351851852
0.0
0.0
0.0
0.0
0.0
0.0
26.881705495818398
146.35734020310636
205.34595280764637
96.32515681003584
17.5475993130227
0.0
0.0
0.7467278972520908
0.0
0.0
0.0
0.0
43.30854241338112
157.554846176822
134.408527479092
72.05794504181601
6.7206541218638005
0.0
0.3733557347670251
0.0
0.0
0.0
0.7467278972520908
0.0
72.80510752688173
111.262208781362
126.1951164874552
56.37828554360812
0.0
0.0
0.0
0.0
0.0
0.0
0.0
0.0
69.06970579450419
111.262208781362
91.84677419354838
72.80510752688173
20.534595280764634
0.0
0.0
0.0
0.0
0.0
0.0
0.0
47.417712066905615
101.92790471923539
186.30424880525686
179.21139486260455
16.05430854241338
6.3471139486260455
0.0
0.0
0.0
0.0
0.0
0.0
50.775164277180416
177.34367532855435
205.71931003584228
97.07194593787335
16.427848715651137
1.493414351851852
0.0
0.0
0.0
0.0
0.3733557347670251
4.480283004778973
76.1667413381123
142.24854390681006
126.94190561529271
118.72849462365589
14.187481332138592
0.3733557347670251
0.0
0.0
0.0
0.0
0.0
0.0
54.8839605734767
120.96957138590203
130.67312574671445
99.68679062126643
8.960569743130227
0.7467278972520908
0.0
0.0
0.0
0.0
0.0
0.0
85.12731481481482
169.13026433691758
138.89071833930706
60.109132317801674
23.52158751493429
1.1200899790919951
0.0
0.0
0.0
0.0
0.0
0.0
69.44347371565114
190.0396505376344
151.95627986857826
118.35510005973715
0.0
0.0
0.7467278972520908
0.0
0.0
0.0
0.0
0.0
23.52158751493429
129.55675029868578
94.83086917562724
66.45937873357228
15.307683691756269
0.0
0.0
0.0
0.0
0.0
1.1200899790919951
0.0
46.67054958183991
132.54084528076464
141.87481332138591
105.28573028673836
0.0
0.0
0.0
0.0
0.0
0.0
0.0
0.0
20.908131720430106
106.40628733572282
136.27624701314218
91.47337962962963
25.014878285543606
0.0
0.0
0.0
0.0
0.0
0.0
2.9868690262843485
20.908131720430106
142.24854390681006
104.91196236559139
30.615330047789726
1.8667764336917563
0.7467278972520908
0.0
0.0
0.0
0.0
0.0
0.3733557347670251
16.427848715651137
103.04842443249701
105.28573028673836
49.28539426523297
6.7206541218638005
0.0
0.0
0.0
0.3733557347670251
0.0
0.0
1.1200899790919951
22.401422491039426
113.12574671445641
107.9002016129032
70.93738799283155
13.814392921146954
0.0
0.0
0.0
0.0
0.0
0.0
0.0
44.802830047789726
97.07194593787335
117.98133213859022
100.80734767025089
16.427848715651137
