0
0
0
0
0
58.26666758794498
335.41015364311664
1221.2249870899368
1256.7559853061105
866.5350252433035
108.87721104465977
32.07583441559358
0
0
0
0
0
64.87433815595237
631.8842243981774
810.2192448962519
1881.4025222762712
750.9850283168677
131.40512712935225
0
0
0
0
0
0
0
410.4131872612901
607.0362044656226
807.946126783923
226.68933909825864
27.070812557243933
29.9374160620648
0
0
0
0
0
69.22090330813386
332.1435686887143
790.5500841702277
987.0546236923615
600.3873963401999
115.47818310946408
0
0
0
0
0
0
101.2710755558975
408.16998994301423
1390.7133483984353
2141.6146901805455
971.1451666684375
318.50713147894135
14.20625853417414
0
0
0
0
0
103.58182263451845
388.064512800417
2207.8040191895816
3244.8060789662345
1405.9428086517469
111.27432458641738
0
0
0
0
0
0
34.13955825088862
469.2624667362343
1178.4079789043176
1682.7968839386303
869.9306089705402
159.99353046285307
0
0
0
0
0
0
65.63308492964592
311.2511434903136
694.6674019232639
1098.4569509483467
356.46710197432367
49.34516705179945
0
0
0
0
0
0
50.252242297295
620.156490434194
1686.7016027096383
929.4152999434187
423.53334664224514
99.18900363656307
0
0
0
0
0
0
0
507.6394664197
1276.3682363169971
1618.7866779255608
935.264437708901
87.80337062685702
0
0
0
0
0
0
6.854027659104496
511.65470347808196
1777.3163149023574
2357.128323969138
1336.1322264630794
229.21516981956142
0
0
0
0
0
12.486558777088725
0
360.0843925297223
1396.3112523115158
1471.1705544270153
624.5971275634281
104.21230699731464
0
0
0
0
0
0
6.766251702697218
406.33304125247935
1191.4054134389885
1163.5673600794744
479.8632711302283
212.6302807358272
4.371141385386451
0
0
0
0
0
58.98383853483957
820.8798932364298
853.1851271438494
1411.0281263372167
945.60647442619
69.9602317806513
0
0
0
0
0
0
25.7420450247717
443.2028375766662
844.5436848241221
1435.7464711220255
467.3189250019302
171.35797808293106
0
0
0
0
0
0
27.903848290858534
338.28266493751835
1914.5022780546544
2125.657861117943
1236.839497050356
135.4015937377796
0
0
0
0
0
0
6.6463211646804865
6.021862143078849
788.0931375345053
913.1631031670638
586.2377863939913
88.48750345005013
0
0
0
0
0
0
0
70.75525264161547
650.666581826414
927.822116425148
281.9001317276059
356.77813762896756
0
0
0
0
0
22.37916593996068
10.302022055862608
593.6193212547823
1352.4082662108513
1158.453319805025
919.0595575999121
113.4702266658957
0
0
0
0
0
0
34.797989318963104
448.5755861147646
800.5703652268247
802.1136197734074
580.8803022166653
151.60980219682415
46.535407827966736
