25.295848267622468
10.57915173237754
5.998581242532856
4.649563172043011
4.177867383512544
9.52576164874552
40.678091397849464
96.31048387096776
251.01254480286738
225.58169056152929
135.4614695340502
56.60356929510155
10.446348566308242
12.381683094384707
13.365367383512542
3.593443847072879
6.143742532855436
16.57082586618877
42.95549581839904
71.82310334528076
190.55443548387098
212.17293906810036
78.77725507765831
28.190300179211462
13.80451015531661
9.883475209080048
5.674021804062126
2.6142435782556745
5.419832735961768
5.78031660692951
39.479166666666664
91.81003584229391
186.5337514934289
217.002688172043
71.89665471923536
45.564142771804065
22.66017025089606
8.925888590203106
9.245893070489844
3.5929771505376342
4.4225283751493425
9.725059737156514
39.80062724014337
100.90763142174433
162.64486260454004
185.31362007168457
76.07004181600955
31.440934886499402
25.736633811230586
4.122405167264038
5.514000896057347
2.726362753882915
3.467506720430108
17.323850059737158
38.55238201911588
159.8263888888889
288.74738649940264
253.8127240143369
200.74708781362008
66.69317502986858
21.795101553166074
8.390755675029867
5.556302270011948
3.5871191756272403
3.243107825567503
4.1723454301075265
61.696908602150536
64.2555256869773
235.2942054958184
190.59961170848268
108.43227299880526
44.23760454002389
16.7997311827957
5.78494623655914
2.8256421744324967
3.966853345280765
3.698346027479092
4.867226702508961
35.12227449223416
142.9790173237754
186.38664874551972
145.96288829151734
99.84804360812426
34.75862455197132
24.648857526881716
10.502538829151733
6.042562724014337
3.4820415173237755
4.419955943847072
5.665546594982079
26.104465352449225
88.38410991636798
214.8708183990442
223.7130376344086
72.74454898446834
55.32444743130226
34.96751792114696
15.452583632019117
4.487791218637993
2.742932347670251
2.3733945639187572
26.295885603345287
38.98017473118279
86.00134408602149
241.13873954599762
168.07497013142174
102.01948924731182
22.47692652329749
22.18693996415771
9.755936379928315
2.860864695340502
2.083310931899642
1.627751642771804
12.356108124253286
34.191457586618874
70.66756272401433
155.96550179211468
221.2055704898447
68.57601553166069
41.22879330943847
23.330383811230586
6.026807048984468
5.432534348864994
4.335991636798089
3.8507952508960575
8.74089008363202
46.44899940262843
105.38941158900839
226.32317801672642
246.88956093189964
178.8157108721625
44.39852150537634
27.141689068100366
9.361036439665472
5.723566308243727
4.294597520908005
2.7135491338112305
2.166868279569892
31.270982676224612
86.39486260454001
151.8469982078853
265.65150836320197
79.50754181600956
37.173125746714454
13.283415471923533
13.811006571087216
2.4234318996415776
3.6157668757467145
2.1250336021505376
4.1834938769414585
38.14926821983273
95.19190561529271
203.4785692951016
167.75574970131422
131.60356929510152
25.48883661887694
33.414165173237755
14.054771505376344
7.599611708482676
5.14102449223417
5.439590800477898
18.499402628434886
30.589120370370363
72.05794504181601
212.60080645161295
229.06586021505376
126.68869474313023
48.90270310633214
6.251680107526883
7.769563918757467
2.9399828255675025
3.1960274790919954
3.2530017921146954
5.510528673835125
42.38239247311829
92.9775238948626
191.9201762246117
152.52576164874554
96.94257765830346
46.63903823178016
22.302718040621265
15.598043608124254
4.380253136200717
3.5318100358422937
3.955671296296296
8.936006571087216
33.65061230585424
110.90016427718041
221.1238052568698
292.36820489844683
135.51485961768216
68.29898446833931
29.90539127837515
20.407743428912784
5.213037634408602
3.8500224014336917
3.2659012843488657
16.203479689366787
45.59027777777778
69.81780167264039
168.82952508960577
219.6221624850657
115.40919952210272
51.57258064516129
22.903636499402626
6.215240442054958
4.089008363201912
1.7637208781362008
3.1284535543608127
5.084976105137396
22.558542413381122
73.88254181600956
221.15255376344086
162.88157108721626
259.5799731182796
65.85834826762246
24.00619772998805
10.16080495818399
6.796034946236559
3.571527777777778
1.5390083632019118
9.294802867383513
33.155652628434886
115.3285543608124
243.5468936678614
242.1385902031064
95.51747311827957
65.08699223416966
23.240964755077655
7.363201911589008
13.262694145758662
4.459449671445639
3.203195937873357
7.903860513739546
38.57915173237754
107.30361409796893
212.70609318996415
176.49417562724014
173.06451612903228
77.52352150537635
