4.851403823205228
3.458669354865921
2.794690860215054
2.5906137993103657
1.7544642323775388
10.57871863799283
37.29540023894862
122.75238948626045
126.17234169653524
98.85043309438471
30.87178912783752
14.563918757467142
4.947726254480287
3.458669354865921
2.3887022103020024
2.664247311827957
1.7258064516401148
11.303031660692952
65.77434289127838
83.52747909199522
186.08124253285544
87.91479988052569
33.13284050179212
6.934662485065711
4.851403823205228
4.6527404420549585
2.3887022103020024
2.5906137993103657
2.3737679211469533
0.9662634408602151
44.67965949820788
64.19877538829152
83.44907407407408
37.85655615292712
23.25306152927121
14.563918757467142
4.851403823205228
3.458669354865921
2.4750746714456393
2.72753509557945
1.7258064516401148
11.90787037037037
37.29540023894862
81.8847072879331
100.71311230585424
73.75709378733572
31.824223416965353
8.610327060931898
7.7327135603345285
3.458669354865921
2.3887022103020024
2.6224555704898447
1.7258064516401148
15.073192951015532
44.67965949820788
139.45265830346474
211.3500597371565
109.3753733572282
51.36872759856631
13.271356033452808
6.422827060931899
3.458669354865921
3.0573850059737158
2.5906137993103657
1.7258064516401148
15.393533452807647
42.86514336917563
217.79047192353644
317.07362604540026
151.12791218637992
31.64613201911589
9.598640979689366
5.042450716845878
3.649716248506571
2.4265158303464753
2.5906137993103657
1.7258064516401148
8.847834528076463
50.75044802867384
119.3847072879331
167.6859318996416
99.95930406212665
36.425104540023895
10.329674432497011
8.96692054958184
4.983124253285544
2.3887022103020024
2.5906137993103657
1.8054136798088412
11.96574074074074
35.74223416965352
73.21161887694146
111.8839605734767
50.94870071684588
25.95206093189964
8.928726105137395
9.309289127837513
3.458669354865921
2.3887022103020024
2.7020609318996414
1.7258064516401148
10.598879928315412
65.42712066905615
168.30197132616487
95.83706690561529
57.51232078853047
30.843413978494624
6.779420549581839
4.8991674133811225
3.458669354865921
2.3887022103020024
3.2911439665471924
1.7258064516401148
5.042204301075269
54.778972520908006
129.15919952210274
161.9586320191159
106.63866487455198
29.876045400238954
9.638440860215052
5.8559961170848265
3.95221027479092
2.3887022103020024
2.5906137993103657
1.7258064516401148
6.661827956989248
55.28300477897252
177.24761051373955
232.76956391875746
145.15793010752688
43.537186379928315
6.345579450445371
4.851403823205228
3.458669354865921
2.3887022103020024
3.0380077658303466
5.709901433691756
0.7055816905615293
40.90128434886499
140.9199522102748
148.1070788530466
77.20318100358423
31.69952210274791
6.345579450445371
4.851403823205228
3.458669354865921
2.5797491039426523
2.5906137993103657
1.7258064516401148
6.879495221027479
45.452508960573475
121.44937275985663
118.80973715651135
63.50097072879331
42.207287933094385
13.271356033452808
6.76187275985663
4.04775238948626
2.3887022103020024
4.950828853046595
3.1157034050179213
11.993742532855435
85.26359020310633
89.22117682198328
142.64486260454004
108.24036738351255
28.683915770609318
7.864433990442055
4.988325119474313
3.458669354865921
2.4265158303464753
2.5906137993103657
1.7258064516401148
8.930719832735962
49.245818399044204
88.54540023894863
145.15755675029868
62.6198476702509
38.52523894862605
12.379778972520908
4.851403823205228
3.485337141577061
2.4241255973715647
2.79758064516129
1.7258064516401148
9.258527479091995
39.33691756272401
191.11036439665472
211.3500597371565
136.44003882915175
35.22140083632019
12.586618876941458
8.314142771804063
5.147812126642772
3.312126642771804
2.8453517025089607
4.257168458781362
7.34731182795699
7.67099761051374
83.44907407407408
95.44877538829152
74.33206391875747
30.87178912783752
6.345579450445371
6.293869474313023
3.458669354865921
2.3887022103020024
2.5906137993103657
1.7258064516401148
0.3334229390953121
14.007243130227002
70.45250896057348
97.00940860215053
45.371490442054956
56.695415173237755
6.380604838709678
5.158673088410992
4.0031735364396654
2.3887022103020024
3.9160319593787336
7.059214456391876
7.9517771804062125
64.19877538829152
137.78375149342892
119.2465651135006
106.53412485065711
33.55361409796894
7.69209229390681
4.937376792114695
3.458669354865921
3.5668682795698925
2.5906137993103657
1.7258064516401148
10.427508960573476
50.459229390681
85.12918160095579
85.30465949820788
74.33953106332139
37.35364396654719
18.262395459976105
