634.5659908900839
200.56931638291516
106.65554726702503
62.24412915919952
60.96048551373955
164.38097520908
520.0572584378733
1833.2448663381124
5204.263948626044
4107.908292264039
1722.7836320191159
656.0207993578257
279.7780757168458
224.14056264934288
134.00311592741932
123.89990975955794
74.03038735812429
265.652511574074
859.8039120370372
3178.2237791218636
6412.8035394265235
5249.518705197132
2751.496897401434
737.9830857974912
356.40848416965355
229.13616898148143
93.80554745370372
140.62905484617679
132.28180787037036
259.12273745519707
732.9642622461172
3197.8303875448028
6494.439430256871
4870.3024380227
2566.073107078853
949.0221736857826
315.5195881869772
183.464658004779
186.36176299283153
99.41409199522106
98.7893810483871
143.70013142174432
496.40324372759846
2164.298667114695
5398.213717144563
4336.342040023895
2132.4655204599762
576.3304857377542
257.0639602001195
201.71719235364398
136.98065934886498
139.77405697431305
180.6135832959976
157.33144115890084
549.268067876344
2522.835338261649
5416.282903972521
4709.454696833932
1804.7171968339308
1064.5324447431303
342.4832168458782
260.4924439964159
133.21572050477894
103.0753470504779
84.59452210274789
163.07947169952206
467.5794328703704
2662.2041928016724
6320.685203853047
4077.021090949819
2013.1270459976106
900.7511021505377
404.96157295400246
353.54689105436086
183.95736559139777
153.86495318100356
165.51156287335715
367.3648129480286
717.6761570340502
3722.1149604241336
7155.914732676225
6272.127370818398
3838.9426523297475
855.8152938321385
664.5482840501792
313.13654980585426
257.0158396804062
144.50407728494625
92.87354435483876
164.89083564814814
578.5651191009559
2646.956399342891
5934.657373805256
3673.484983572281
1812.9501082735962
396.11306227598567
228.41917749402646
204.10755413679806
125.88422024342887
131.8588673461768
145.86521994474316
172.09548611111114
960.3002449223417
3559.5562537335722
7181.057747162482
5292.986088709679
2460.9757355137403
733.3702635902032
484.23041741338113
391.3883870967742
117.84570127688173
221.19988903823182
418.84343003285545
477.3125085872161
628.5021266427719
2197.2435745221023
6344.564758811231
4494.76392249104
1730.2152703106333
668.1329450418159
704.9913623805257
210.46764934289132
299.40498655913984
135.73245284498208
57.426941270908
137.6258542413381
568.9211111111108
2179.641946684588
4931.292204301075
4053.7225321087217
2256.121501642772
672.6541080495819
243.72423685782553
306.93402964456385
78.21605764635603
74.34676825716845
84.8262538082437
185.44526657706092
353.76752538829146
2111.5678800776586
3661.4779607228197
2353.7407594086026
1176.4209042712066
405.63759072580655
293.249870818399
365.6068354241338
154.54218272102744
200.82743809737153
155.9330709005377
508.68873879928344
660.0869115890083
3109.805141129031
7032.221329898445
5950.577576164876
2940.982418608126
1201.7540061230586
488.9053177270012
289.0980633960573
203.1324089008363
143.62133527479088
216.7881712962962
145.9541278375149
677.5962440262842
2898.763444593788
6097.962485065711
4818.463101105137
2700.5261984767017
962.5668608124254
341.5199133811229
155.67953741039426
130.90514288381118
103.25483381869772
88.1612488799283
163.71052904719235
392.15625112007166
1770.3109169653528
4770.032321535245
3588.4399604241353
1809.409673685783
390.4232463410992
449.13417749402635
188.6238646206691
140.98065748207884
69.56592853942654
88.56819183094383
187.45215203106332
368.383974014337
1341.20685745221
4367.4829338411
3057.4483646953395
1269.6242831541222
367.76120631720414
266.2785140382318
368.1654226403823
107.07923652180405
103.20796650985665
85.52017290173238
225.29607788231772
593.2480749701315
2233.713261648745
5415.863649940263
3991.8954338411
1550.852243876941
642.3174383960575
413.0397961469534
147.68198103345281
147.25005787037034
103.0153181003584
76.08460599611709
188.49211428464764
527.8236167114696
1988.2632989844687
5139.6662634408585
2889.3272289426536
456.7696949671446
521.9776575567503
314.76231929510163
202.95746527777774
205.68751941457595
91.08272084080048
71.08158717891277
155.58067204301076
590.3010468936677
2478.3551224611715
5889.532907706092
4108.096538978494
2330.186809289128
577.8216595728793
125.15770571983272
489.05431600955785
123.38184031511351
123.5394122983871
102.26293682795703
156.0163735812426
626.4867021356035
2295.5748357228194
6236.008146654722
4868.520635454004
2349.277150537635
1070.692614994026
