432.60068432646375
335.04110924432484
363.2395437574671
83.98368436379931
128.64592473118287
274.13118802270014
730.2263810483872
3405.1195191158913
6894.419720728793
4927.051586768221
3471.339030764635
1285.5614097968935
615.0457302867383
292.47611260454005
175.86032668757468
121.33747449970132
90.61307963709677
209.1954114396656
545.0595045549579
2256.927430555555
5878.573947132616
4203.30129181601
1419.657485812425
319.2704338410992
505.9043182497016
227.16230660095584
202.07259557945042
102.65272558243726
79.716995557049
194.86016390382323
535.8176325418161
2562.528143667861
6757.036335125448
3926.622696385902
2032.5019787933097
912.102694892473
300.58896244026255
224.4005260603346
138.2659520609319
251.95293679062135
133.07681638291515
136.33931750298692
593.2732101254478
2014.8570527180402
5687.41947057945
4554.430507019118
2016.875918458781
720.5868010752687
317.8805865442056
208.01118540919956
132.22626568100358
118.93936462066907
165.2640574596774
153.65431152927124
452.3618137694145
1682.1955869175624
6318.764090501792
4101.953307945042
1903.3680928912788
444.90768742532845
320.33295064217435
431.24950604838716
133.50905787037038
199.80746602449224
121.03081048387095
176.4675268817205
581.7697158751494
3086.6793794802866
6505.0519414575865
5297.076784647552
2484.998282556751
808.7941554659499
323.4057553016728
133.80067278972524
143.86965165770616
97.38378442353644
156.4569934662485
312.18960088112294
783.011186155914
1925.7839941756272
6000.225806451612
3835.349081541218
1761.60273297491
472.98683281063313
453.1504170400239
257.7827045997611
179.30024380226996
131.5593520385305
163.82634987305858
200.21803987455192
409.9975825119473
3633.730686230587
7049.662970430106
4606.174145011946
2398.5069220430114
1517.1580831839904
666.3407340203105
222.8992137096774
63.052952882317804
187.42070011947433
93.14398170549582
142.53943578255672
420.5721479241339
1727.589814814815
4384.045874402629
4007.107482078853
3193.0998095878126
653.0196505376344
546.1958161589007
267.8857877837515
98.36362309587813
106.00288916143965
92.78858071983275
217.19265643667865
501.4833079450418
1964.8358124253286
5353.81499029271
2237.6472184886497
1570.747797192354
872.0366435185183
347.41811417264046
164.84712626941447
165.09417040023905
108.49463691009558
68.6913790695938
96.66158086917564
802.4230895310628
2042.0527367084824
3571.2736297789725
2839.789493727599
982.6827027329751
631.8009793160096
284.4404431750298
211.06569780465955
134.66220131421747
119.936567614994
124.08735887096775
238.40232377538834
627.7286350059737
1976.9547603046592
4368.438295250896
3193.4000074671426
1567.9849238351255
434.981138739546
292.3007482078853
320.0194713261649
152.3129633363202
130.71994802867383
95.88076859318997
363.89313433393073
764.1863425925925
2470.3564441457593
5755.090942353645
6454.400996863795
2776.1773148148136
997.1852710573479
451.91383549880516
190.13966061827963
182.32718600657105
100.37498192951014
107.32298100731778
224.45804510155313
701.5317297640382
3401.851728643966
6272.444212962963
5266.3660692951
1501.3069444444448
801.8954681899644
217.4631081989247
344.85248730585425
150.16276583034647
161.53879625896053
143.9210095579451
395.672631048387
441.43428800776576
3332.318432646355
6453.704786439664
5224.481399342892
3256.77835274791
1210.5146580047792
531.8261618876942
194.46574074074078
180.94670960274797
92.62012582138591
111.05021542712069
121.62506944444442
475.69302195340504
4476.961215651136
7413.590710872165
5626.94307795699
2276.6496005077656
925.8964784946234
169.926913119773
233.52470766129034
65.87433997909199
273.9564216323178
86.59270833333333
229.26664762544803
1112.4704898446835
3870.3494474313015
7267.267581391879
5287.271789127838
2042.631384408602
766.9886495669057
475.46924432497025
265.325590651135
155.57520758661883
139.0818954599761
125.46723977001199
197.34458744026287
1319.0881160394265
3635.9631720430093
6914.064120370369
5248.21758885902
3187.5736932496993
664.9314848416967
428.1422293160095
221.7847106481482
160.9319840203106
125.0230365143369
278.2697461170848
356.743946385902
468.1833990442056
2914.90955421147
5796.627139336917
4528.253767174433
1114.8617084826762
476.75329077060934
364.8561021505375
243.7151590501792
111.07763661140979
134.88418085424135
159.60569989545996
255.41672043010743
769.7253012992832
2667.5204562425324
6745.4301149940275
4426.731615890081
1446.7909483273588
592.9238302718038
