1073.5402999999317
901.46375357183
798.3638158511667
575.4878678708696
818.434581944343
957.3729741565521
1367.1484393628746
2118.8988316190716
3234.6657075443595
3446.158010779939
3150.6542191137323
2162.9445025081113
1560.8129459790227
1191.3535361104114
914.2059505164576
921.5024990260773
778.2556801692515
1242.0215223792297
1596.1479803574205
2308.059799888251
2873.8424894371815
3820.923131120985
2965.8882062737825
2200.7781162739234
1698.3086642773376
692.2205529198357
647.4505937576705
567.2092542037312
581.1021055856592
1175.4175670741258
1170.5012178170182
1635.6010854917515
2279.411828697253
2708.4625107087586
2405.8647726692725
1729.3759262099163
1065.466511846038
1002.9381381867153
732.696875719443
762.6574136456314
761.8457784470738
1002.5393777196703
1205.3330078543615
1517.072155364668
2205.8142267855337
2760.4100053972456
1894.175584401032
1641.2548104748546
1734.083268531584
1531.0700355083943
1359.6450094703916
890.9395682656168
837.2994417012
1358.525823069763
1421.5871610446036
2147.4218755030256
3007.112029018376
3476.6316680201257
3478.110689801716
2499.3108912273638
1984.6398482540687
2524.559940026805
1176.4831832933112
2047.822898982782
1369.845899546574
1470.4630687790666
1960.9600424151377
2605.4398674485697
3399.6682135951614
3619.270027933693
3309.9392835260664
2756.465087770549
2173.8244843768557
1635.2078983852882
1485.1261382323257
1558.7177361440379
1295.6180034470046
1718.0021579398945
2128.4295735352434
2630.031313841746
3332.4667464751888
3466.1998475485216
3030.9874016338636
2778.89348152118
2548.0338645960524
2843.067851902574
1593.1531708536024
1459.7148674499526
1269.9797339460515
1386.05294451267
2108.060871771182
2387.240472152632
3299.5767609148456
4150.997655730077
3871.6476469783697
3012.4141139204207
2491.9720592864205
1755.9677118528118
1229.1580102563382
984.6735716836596
1007.0331972032283
1411.5417247813582
1833.08893814627
2804.0946595825426
3940.151089591925
4146.16307330107
4300.043402337292
2538.9539478714705
1958.293375322807
1217.1547670307293
790.0970476418715
765.4316756591487
783.4410971837324
1071.7698736139025
1430.3911783040594
2158.289172845877
2367.46157240527
2939.2276459976783
2087.3438051809303
1957.210217614442
1534.765580269526
728.8727594740917
659.2894900881377
552.7795739796791
596.8641421336791
777.792023774353
1235.6550769149424
1707.234805018446
2253.0928469387995
2564.8700618208572
1616.394769322184
1683.4877866620727
798.6633722363262
702.3984173218761
412.47010082777376
660.3261936104082
464.52342043632916
835.8212322381914
1296.3736573212227
2154.800030838051
2680.1559343136564
3584.1656649688625
2672.774054493574
1639.3023211438206
1099.5671514044693
1241.0238284699867
833.0466587583078
784.310642437813
825.5540555863937
1548.7465714588213
1557.8068499270262
2128.7855583365313
3352.403120577588
3379.5541597198535
3393.803250487865
2496.169936413769
1764.0129750926542
1207.3834490806053
1126.4817839884322
1142.1493696981581
1008.3439724209417
1319.6069079059187
1764.7357182577036
2242.1505008354015
2873.768446654014
3814.266357012218
3270.0817258918896
2327.4984714921056
1613.2815099827992
1925.0014189881424
967.663856869515
1328.856966635133
1312.8120144514987
1585.3354583026874
1819.5337698391065
2551.242812674091
3125.938309538708
3721.003086482213
3447.7739892926425
2405.8703629649585
1786.1805140623837
1881.6443393183247
1604.754661934025
1185.0673834842626
1157.473229650923
1678.6349193355272
1914.2513607078142
2892.037699841553
4053.7924226530163
4432.287047554748
3975.4644974536427
2948.7726589638028
1871.0631645915403
1594.8680278520017
1394.9200814122519
1543.53037472399
1293.9106940945985
1721.4610639811976
2433.385277632244
3543.5019490594104
4458.847617432243
4671.5343812477795
4056.899440777864
3259.4644771371045
2231.254823940719
1608.3551719365228
1332.928194659374
1198.7462102650643
1205.1474278166934
1611.5968358880623
2415.099679346776
2802.851491624828
3929.0754202886546
4473.163652355409
3806.0129896292656
2520.918895114734
2189.368485234348
1267.8410376960405
1011.214690153518
905.6343464626001
1100.108649297161
1236.916729744414
1632.877746410415
1968.7876746831323
2732.9565433897674
3137.2431754025165
2669.6565088304524
1920.0810894746153
1356.8036446642443
1050.0049349135215
896.9471014147717
930.6886829587573
860.9113063034155
1443.1430093064466
1473.0648297137723
2034.1475333888607
3256.068570613594
3117.078491419529
2613.3869940697864
1992.8607899678095
