1548.8421296296294
1257.2351594235358
1194.4197965203102
1330.0319780465954
1104.5537257765834
1509.0612877090796
1867.0254816308252
2327.4358086917564
3092.470243428914
4161.862455197132
3143.54950716846
2596.980753434887
1951.1515905017918
2142.7536290322582
2180.7707847968945
1546.8231108124257
1502.0992084826764
1531.1154166666665
1788.3348808990443
2320.907616487455
3021.31346699522
3673.791965352449
2926.0464829749103
2534.8421520310644
2567.815654868578
1199.912219982079
925.8733609617677
1028.0546818996413
979.2767495893069
1204.119250298685
1305.092759856631
1632.6570116487455
2391.296214157706
2306.0490367383513
2031.0640158303465
1635.5933990442052
1299.7322916666662
822.6976866786143
784.5073140681001
789.9920698924727
795.815085125448
1245.666450119474
1415.5433281063315
2091.726149940263
2571.443048088411
3126.6572954002386
2570.2926747311826
1864.4373805256866
1270.8923312425327
881.5626530764636
779.3250149342892
826.0855884109915
1034.638052568698
923.3439482526882
1449.4195191158904
1900.747270758662
2408.604469086021
2711.4939516129034
1949.7237529868578
1473.2141577060936
1063.7296706989246
956.8779831242534
853.1101702508959
839.3794840203104
926.2512992831538
1237.1096587514935
1854.5899977598567
2116.2348603643964
3027.668301971326
3563.7321908602153
2973.8659348864985
2121.346512843489
1596.1306712962967
1105.640262843489
1062.7788157108719
1177.1222558243726
1119.589749850657
1183.9962709080044
1793.3035991636798
2430.7879592293903
3413.4171258960573
3817.244623655913
3097.7393219832734
2231.7739321983277
1532.8970131421745
1390.304289874552
1449.1690897550773
1237.6773110812426
1304.6635603345285
1663.9036514336924
2410.9527217741947
2953.86978046595
3899.0188172043026
4063.7904719235357
4126.263515531661
2772.3266875746713
1733.686973566309
1553.578220952808
1135.7363313918756
1689.8096475507762
1035.173346027479
1689.8084005376347
1785.59159199522
3097.384251792115
4142.976777180406
4404.962589605736
3932.3954973118293
2716.6989620669056
1880.0129181600948
1115.9545176224617
898.4586432198329
774.1920810931896
688.2809844683393
1006.4165639934291
1520.1084565412182
2214.8105958781357
3134.989433990442
3739.325231481481
3035.1903375149336
2047.2437649342899
1546.1994399641578
1337.7236185782556
968.601788381123
1147.9395235961765
1075.721553539426
1286.25793234767
1698.675190412186
2737.9232116188764
3628.8396393369185
4041.9047939068123
3388.8149268219854
2474.4319369772993
1532.304413082437
1724.572457437277
1514.2243242234167
1543.790967741936
1671.188347520908
1965.197255824373
2651.4363015232966
2901.776418757468
3778.6881347072867
4966.092144563919
4134.110737753883
2607.8214605734765
1982.426258213859
1534.261028972521
1332.7550365890086
1532.2965352449223
1277.5309397401436
1707.9963933691752
1991.2980809438477
2636.37449223417
3734.7994026284355
4262.219384707287
4221.620781063321
2622.147177419354
1699.729607228197
1194.7684401135007
997.3607564217443
858.2434737156509
931.6602097968939
1107.5231668160093
1552.4601067801668
2530.8941532258063
3623.9743428912775
3879.491151433691
3734.8808579749098
2368.682310334528
1982.686335125448
977.043869474314
981.5252090800475
947.678573028674
883.3184330197132
1239.4137918160093
1500.9123693249699
2261.0057833034643
3069.46305630227
3596.174880525687
3141.599126344086
2100.749439964158
1679.5540882616483
1556.5291965352455
1410.7829039725211
1551.6903375149338
1302.019881272401
2013.8900238948634
2127.177867383512
2525.7351179808843
3980.65785543608
4288.295064217443
4122.964680406213
2511.708370669057
2079.622547043011
2186.3656586021502
1887.6739060633206
2005.078173536439
1976.800717219235
2283.9298536439665
2737.502378285544
3283.765740740741
4269.319974611709
5610.595803464756
6047.501194743129
3253.767249103944
2717.130675029868
1873.6208781362
1612.692405913978
1842.1643436379925
1716.1171945937863
1895.2732441009557
2174.225806451613
2934.5708968040617
3940.820120221029
4475.111633811232
3166.247647849462
2886.7133363201906
2381.25120967742
1552.5453517025085
1516.1930477150536
1522.4390643667866
1280.3129953703701
1423.2592674731184
1725.0253102598567
2612.6880189665476
3133.1549507168456
3521.9045325567495
3417.521281362008
2385.764336917562
2527.3987716547203
2461.5099014336934
1483.8353307945044
1505.0594459378738
1611.7640755675022
1969.3524738649944
2250.9706279868574
3330.9841547192354
4196.369627389487
5037.519153225806
4381.352598566309
3058.76523297491
