0
0
0
0
0
66.99725301207877
302.4920682189828
1330.8534966478821
1929.2578520922511
699.2687468681544
210.4833938403587
8.79674988751713
0
0
0
0
0
39.39375273181855
515.2265183049873
1144.100666640577
1584.8781047135471
836.9225283168677
141.95228214727337
0
0
0
0
0
0
38.41628504451944
370.9168461621264
810.6656100809155
674.9723364613423
291.40786508392165
17.32323937922721
0
0
0
0
0
0
42.18405294971092
496.10974252383977
1132.669633154696
1135.4081183160174
601.1378443688737
132.8019211620328
0
0
0
0
0
0
68.80762722853788
494.9770389274827
1924.4857498321267
1910.9094183764832
811.0499605752476
300.6128662459664
21.44218296667114
0
0
0
0
0
0
610.9195755244314
1377.9152796435844
2142.17279043577
1332.3361778273736
111.27432458641738
4.933914917521889
0
0
0
0
0
11.561377247304371
387.64508322368937
1344.401855845775
1524.0718988729197
601.4919888988557
52.15168458471682
0
0
0
0
0
0
32.687184392011496
725.5947814831452
1771.921732867111
1446.0917329077254
921.9468660125556
68.2196816874028
1.550900187716664
0
0
0
0
0
6.170962428716713
384.9350895978739
943.1390280381927
1680.0410466578753
998.0853179684101
92.39942777037429
0
0
0
0
0
0
26.713071193420085
402.15746223809884
963.2492100326486
1228.3076606017855
577.5411700864402
136.7863455372513
0
0
0
0
0
0
0
368.3090493562182
838.2653889764316
1243.491077852053
57.079508422458005
30.608688338079915
0
0
0
9.339749255328066
0
0
47.10383670691026
603.4856768785875
1224.383235585112
1867.8723166731327
790.4663031906682
0
0
0
0
0
0
0
31.067102957177497
341.1273214197434
740.4611930088812
839.3424496852091
364.7620913213872
27.748672312888175
0
0
0
0
0
0
67.61753775825656
337.88295476570096
1369.1760172274815
1898.1181801006574
840.4466775325222
98.27037963011372
0
0
0
0
0
0
0
366.6011350677056
1119.3917284322463
1678.0105093538061
597.0922971644152
73.51475078305049
0
0
0
0
0
0
88.68218610447862
749.0831428347706
2349.7180785325518
2242.454456100021
1351.4937682570462
287.63404594805445
13.76862643101883
0
0
0
0
13.626516960606416
27.624778452613597
445.71485049433335
1357.962462504637
1893.3221533462752
869.3347846018769
238.6027588263942
0
0
0
0
0
0
0
116.85997934412441
492.1812921012049
551.7965041192941
267.0274838781436
82.17117078308935
0
0
0
0
0
0
64.23526578346117
661.7678427601586
1619.8242608345074
1889.9628030786212
690.7635599893981
86.67848532778342
0
0
0
0
0
0
0
276.505506963032
1463.4892720368605
1901.5879327961072
721.0983428379317
73.4885357691061
0
