19.544093488649942
9.221960872162486
4.24342517921147
5.543309438470728
3.4149305555555554
8.893070489844684
39.62346923536439
111.50313620071685
206.25336021505376
247.82071385902032
169.26971326164875
71.92689665471923
29.807347670250895
8.318361708482676
8.259781959378731
3.0557422341696534
3.6284796893667863
10.436043906810037
41.75179211469534
128.86499402628434
265.03173536439664
213.52673237753882
144.7423835125448
45.74522102747909
26.108945639187574
8.00280017921147
4.565412186379928
6.793869474313023
3.7849686379928316
9.639075567502987
26.87055704898447
107.63515531660691
174.815188172043
186.18391577060933
82.52688172043011
38.71449372759857
17.48543906810036
8.546818996415771
4.657071385902031
7.367868876941456
3.134546744324971
9.150574970131421
39.89889486260454
110.27777777777777
267.30398745519716
273.23999402628436
187.23864994026283
70.35431600955793
15.1949298088411
16.91345579450418
5.808206391875746
4.311454599761051
3.393757467144564
11.59655017921147
33.36282855436081
112.36969832735961
212.08968040621266
268.3818697729988
198.8354988052569
74.17114695340503
19.013851553166074
8.900798984468342
6.853979988052568
3.398133213859021
5.359617682198327
15.555667562724015
40.014336917562716
102.19832735961768
197.69675925925924
208.22841995221023
129.55645161290323
58.185857228195935
21.67226702508961
5.90804211469534
2.2913343787335725
3.403860513739547
4.06798835125448
4.614336917562724
27.14889486260454
81.21415770609319
114.780839307049
162.0224761051374
84.1528524492234
52.367831541218635
15.572431302270012
6.94306302270012
5.061902628434885
2.9773633512544806
1.9027815113500597
2.845041816009558
24.779905913978492
83.1978046594982
137.98349761051375
173.15636200716844
97.0142622461171
29.742682198327355
20.36398596176822
9.05421146953405
13.191942951015532
4.614994026284349
2.720224761051374
20.833557347670247
34.18555854241338
100.26769713261649
208.34005376344086
217.88978494623655
139.52434289127837
29.698626045400246
27.210984169653525
9.631160394265233
7.237380525686977
5.659572879330943
3.2041778673835126
7.843264635603346
37.924283154121866
105.37447729988052
229.1461320191159
207.776284348865
130.37522401433694
58.29002389486261
18.792786738351253
10.168160095579449
5.181750298685782
3.654293608124253
2.9961170848267624
8.333744026284348
20.181376941457586
79.40225507765831
211.3317652329749
186.51284348864993
101.60244922341697
61.034572879330945
21.929510155316606
4.3808617084826755
3.523988201911589
3.1844944743130226
3.166326911589009
7.721176821983273
16.854017323775388
51.210797491039415
164.43212365591395
135.27703106332137
16.80305406212664
28.664239844683394
13.468152628434886
8.959714755077659
3.32579898446834
3.6581093189964164
2.3860849761051375
7.107788231780166
29.755264336917563
106.70213560334528
200.41816009557948
198.36656212664275
91.81600955794504
35.46613649940263
16.894825268817204
16.26575567502987
6.678278076463559
6.430406212664277
2.3221662186379928
10.744063620071685
40.74006869772998
83.4569145758662
235.40807945041817
229.56578554360811
146.16076762246118
58.417712066905615
16.44198028673835
5.425179211469534
5.109094982078853
4.192103494623656
2.6541293309438476
5.54308542413381
38.98752986857826
94.3820937873357
194.066233572282
182.61835424133812
84.9458632019116
32.627949522102746
13.872423835125446
17.529644563918758
5.917413381123059
3.047349163679809
3.7020646654719234
17.69041218637993
40.86208183990442
134.34886499402631
245.8281063321386
246.40830346475508
187.71505376344086
75.89531063321387
26.074634109916367
10.388328853046595
3.607956242532855
2.3382765830346477
4.749327956989247
12.197020609318997
29.79681899641577
101.22087813620071
197.25022401433694
210.15008960573476
165.3864247311828
42.37529868578255
22.736596475507767
9.118354241338112
3.609539277180407
5.4583744026284355
4.798211618876941
10.34371266427718
32.481966845878134
143.5547341696535
211.65359916367981
177.78076463560333
137.01612903225808
51.543085424133814
10.225470430107528
6.4410468936678615
5.653636499402628
4.474798387096775
10.043944145758662
6.341323178016727
38.036066308243726
85.95355436081242
222.33161589008364
207.34132317801672
91.02710573476703
60.57982377538829
16.912373058542414
16.719310035842298
5.121378434886499
5.145071684587814
2.2840837813620074
5.762731481481482
34.956914575866186
122.43914277180409
221.8791069295102
206.78614097968938
155.9068847072879
46.00769115890083
