0.0
0.0
0.0
0.0
0.0
0.0
8.960569743130227
70.19026284348865
167.63597670250897
179.21139486260455
121.33919504181601
21.654760304659497
8.2139075567503
0.0
0.0
0.0
0.0
0.0
0.0
42.18798536439665
126.94190561529271
177.71706989247312
106.03251941457587
4.853823178016726
0.0
0.0
0.0
0.0
0.0
0.0
0.0
27.25524566905615
126.1951164874552
151.95627986857826
10.080734767025088
19.41442652329749
4.853823178016726
0.0
0.0
0.0
0.0
0.0
0.0
47.417712066905615
146.35734020310636
156.4384707287933
120.2227822580645
0.0
0.0
0.0
0.0
0.0
0.0
0.0
1.8667764336917563
67.94914874551971
222.89366786140985
224.76138739545996
131.0468936678614
29.12205047789725
0.0
0.0
0.0
0.0
0.0
0.0
0.0
86.24406362007169
173.98622311827958
178.83800029868578
134.03513291517325
0.0
0.7467278972520908
0.0
0.0
0.0
0.0
0.0
0.0
47.79110663082438
146.7307347670251
116.48738052568697
53.76340352449223
10.827396953405017
0.0
0.0
0.0
0.0
0.0
6.7206541218638005
0.0
35.46875000000001
102.67502986857825
156.06507616487454
53.76340352449223
12.694190561529268
0.0
0.0
1.1200899790919951
0.0
0.0
0.0
0.0
26.881705495818398
123.20687724014337
138.89071833930706
43.30854241338112
0.0
0.0
0.7467278972520908
0.0
0.0
2.240142249103943
0.0
0.0
53.76340352449223
156.06507616487454
146.7307347670251
171.3713410991637
39.57579151732378
2.240142249103943
0.0
0.0
0.0
0.0
0.0
0.0
9.707194593787337
120.2227822580645
133.6613649940263
111.63560334528077
22.774962664277183
0.0
0.7467278972520908
0.0
0.0
0.0
0.0
0.0
45.54999253285544
141.50141875746715
84.75392025089606
37.70911738351254
0.0
0.3733557347670251
0.0
0.0
0.7467278972520908
0.0
0.0
2.240142249103943
42.18798536439665
98.5662709080048
85.12731481481482
44.802830047789726
2.6135043309438473
0.0
0.0
0.0
0.0
0.0
0.0
0.0
43.30854241338112
121.71255227001194
98.93966547192353
75.04618428912784
0.0
0.0
0.0
0.0
0.0
0.0
1.1200899790919951
0.0
17.5475993130227
97.07194593787335
131.0468936678614
20.534595280764634
1.493414351851852
0.7467278972520908
0.0
0.0
1.1200899790919951
0.0
0.0
0.0
97.81910842293907
173.98622311827958
169.13026433691758
111.262208781362
8.960569743130227
0.0
0.0
0.0
0.0
0.0
0.0
6.7206541218638005
23.14804734169654
128.06283602150538
152.70306899641574
86.99085274790922
10.453856780167264
0.0
0.0
0.0
0.0
0.0
0.0
0.0
45.54999253285544
114.61969832735961
120.2227822580645
110.51508363201911
13.814392921146954
0.0
0.0
1.8667764336917563
0.0
0.0
0.0
0.0
32.1086096176822
136.64964157706092
105.28573028673836
91.09961170848267
0.0
0.3733557347670251
1.1200899790919951
0.7467278972520908
0.0
0.7467278972520908
0.0
0.0
38.08262395459976
107.9002016129032
102.30167264038232
141.12802419354838
0.0
