1605.4695898744842
886.2307861285801
754.9319236767341
823.5951740984688
745.8053559885485
1120.3263657336133
1623.258482672313
2324.879095955989
3147.758710829904
3566.099169680777
2974.2210873933
2041.5358630218495
1292.8535299097273
923.2936906803034
761.0960248145459
706.1691656927437
817.4669809458342
1188.8286609694328
1604.4642624661424
2335.9692868954194
2773.047272143275
3804.9164106908793
2750.609607110104
2129.7487330600643
1264.3190585425698
831.1385860739576
757.2245520910038
773.480463134436
739.9827955498168
839.5684885197653
1351.9681943701837
1784.7499430186324
2404.7636693483873
2590.0984874112683
2020.0135741925683
1428.7194148598562
1188.6067112187975
870.712499745855
728.4712783478776
872.6349636755
673.4445422612908
1086.4411870087988
1567.3071517462374
2213.5966513324106
3313.6286197066825
3899.2856027688117
3635.9026714679385
2211.5055758571734
1330.4488711301515
853.9605858369487
641.6601715074282
668.1557719693203
529.3145029317856
901.7853656623552
1342.745491017721
2022.235753191196
3154.2636307208863
3708.1483570882265
3358.6314484636036
1780.6385159286785
1249.7805292576522
785.9488438499836
515.5383066132039
574.4173580254927
624.9636541762037
1034.9564219003337
1290.9053829169295
1999.899712878677
2806.46827706589
3797.9094021869805
2981.131603567882
2027.963807155256
1105.9120851833081
830.8784292992657
697.7813353649423
856.0580288561041
794.0211799703012
882.7515557146838
1108.1503769999986
1534.6216662909699
2525.927562634088
2699.739871443383
1657.2602010663609
1183.646203295374
971.6512891778932
578.1779026791575
573.5315945393855
467.23469645234263
534.745668832551
720.3705841482735
1423.7784942323526
1822.6531961669682
3033.2377189494946
3370.2999630777476
3030.330965377413
1949.8275211784853
1250.8855598837931
1024.2522697978543
685.2048113316072
541.4336635295376
492.6683263848291
925.7850289928277
1664.2741494664615
1767.0535604188626
2272.6294722084126
3283.689245642766
2824.8124808916514
1891.4464396576113
1259.3609044446705
748.6074066663326
673.2189674447386
735.6997435354924
540.7283489011757
816.8271167441297
1566.2108318285511
1824.5873657968937
2546.656953976357
3172.7192081243215
2875.3837432036307
1758.1029894185049
1190.6114621392987
1153.047669868357
912.0600620714106
887.9789952759753
854.1268967633092
1010.7747134398247
1497.0432004215138
2501.9209571988536
3680.7881053019996
3968.7635056679283
3277.4485775659114
2357.10635371703
1759.4052069137454
1401.9109210554489
852.1145564729344
990.801006931794
882.9028757081336
1212.0202174532446
1265.7953068134566
1957.1095962502368
2437.6222014880877
2785.531629723941
2491.038286871113
2142.2750697997344
1782.8426293017221
1977.6170259012893
1443.504514194389
1340.796607939605
1203.6262557805396
1551.190272922381
1953.9237368744575
2637.1434884440587
3463.7045505357714
4341.583878955216
3673.184746903635
2612.6881338450717
2216.8232050807073
1912.8450940925527
1528.5113762823382
1569.1000342740244
1271.1613044101887
1686.6342197338754
2340.891766644801
2716.212134646631
3699.0360803159024
4216.623211850929
3560.69872858006
2748.2038788248415
2309.8180579218665
1772.019138522194
1381.061825806193
1425.569500237283
1241.787978459862
1679.0322959669645
1926.0064662250093
2667.732817901095
3214.4937904228163
3866.2438645586776
3571.283024537564
2775.46969465552
1980.6082929602335
1486.7475576576312
1192.4374090965114
981.541958566401
1370.619496078641
1711.7116528331376
1871.2282424282446
2531.1073197638934
2949.2716490568414
4263.767632978882
3982.3890792935467
2946.21781278698
2017.0751344242767
1308.5629987301386
1084.085147496481
1170.0871623583985
1031.408103742149
1417.2063383987606
1537.4660994363064
2458.645725194417
3154.6055438061976
3698.2349487507654
3509.3489628806133
2572.715298523007
1949.841902047051
1829.0255684418978
1363.124711236435
1573.3518031563428
1514.3270089098837
1945.9424638749197
2001.2379895319618
2393.4354073954382
3180.0351574451643
3099.2637494282894
2672.7886766065644
2274.2308238781748
1839.9783306644558
1553.216123568203
1262.1725829253219
1315.077375883149
1180.0747783294191
1467.679538884199
2055.509324964775
2670.340889288867
3044.971597153208
4188.582818473009
3784.22617355566
2808.2425291400878
2152.35311449698
1605.482063049723
1295.0063569404588
1275.7727779408365
1406.1643939676921
1628.239481080639
1887.3477747555883
2452.3175714712993
3643.289631694838
4684.579275469708
4379.282267367276
3012.9033190896753
