688.3509991039425
236.18509595280761
208.1620273297491
146.58025276284351
104.90984528076467
153.1487455197133
855.5346650985659
3572.112160244923
7523.212780017924
6261.095463709679
1432.7887731481485
866.8944705794501
503.5366513590202
298.8563067502987
97.88406522550775
81.13577292413382
66.65605660095578
84.45932172192354
423.65459826762236
2432.916140232975
4451.990908751493
3983.0007840501794
1776.6309998506567
641.3778994922343
348.94989583333336
316.05700567502976
157.2861055107527
151.5047740815412
161.1800391651733
257.7528965053763
1092.9752800179215
2909.3569855137393
8243.904823775387
6201.272483572284
2241.7952546296306
734.1528539426525
365.09457474611713
197.47315300179216
107.21681418010758
106.52487608273594
106.93411533004779
230.06500485364396
617.3994907407409
2750.9317092293904
5545.86381048387
3536.796647252092
1648.5701650238948
663.8439124103943
334.8877400686977
205.21315374850653
214.34098902329754
163.0000361783154
125.12147935334526
143.24398260155317
587.8820034348867
2687.7944257765835
5544.002628434885
4182.453531959377
3557.0894937275984
1093.0648148148152
499.68993540919934
289.18999551971336
78.7976513590203
164.65479652031064
131.41942040023895
259.5765001493429
1122.2396617383515
2467.9772886798096
7007.731291069295
5551.079054659498
4035.0924507168465
1462.3256795101552
504.02875896057355
304.90317689665477
289.242909199522
99.70531025985663
61.31232437275987
165.35007952508963
663.5408195191159
2655.3932982377537
7140.387537335721
5769.607803166069
3455.355100059737
1029.93839979092
530.8700955794503
210.37576463560333
131.88385976702514
95.88531533751494
96.73989433990442
102.40404976851855
552.1766965352448
3490.7678912783767
7617.20791890681
5014.296229091995
2455.789945489845
868.4523420698923
418.6449533303465
157.69128770908003
168.72044690860218
129.64144302568698
73.0170562649343
138.73325156810037
678.5753050328558
1697.1166218637986
4192.696161887695
3714.5881683094376
1782.8547715053764
563.595455122461
454.1944829002391
384.96278972520906
112.85426795848264
161.3797095280765
128.4757250970729
386.8801090203104
459.6356011051372
2006.8419380973717
6801.026631571089
5036.273626045401
1809.7906548685787
1572.0932235663079
319.43222670250896
214.86530503285553
74.47039396654719
167.16053726105142
187.8334494474313
225.5434375000001
642.3274611708486
2119.6687462664286
6717.10188172043
4480.791913082438
3216.300018667863
847.2340699671446
332.52912410394265
260.87590427120676
151.9013222072879
163.6983509557945
116.43218171296299
140.61753322879332
678.1907272998802
3664.008441606931
7674.728587962967
5578.4722707586625
3652.3916778673843
1359.23874327957
556.0419843936679
235.81037522401434
182.89046781660687
233.07023913530466
116.6287155017921
524.059797267025
1254.0825604838712
2599.4817465651136
6246.651695041815
2722.8817540322584
1541.0160767622456
1300.5431115591398
286.50608497610517
183.0240259109916
213.2554088261649
145.88390419653524
49.9587322057945
205.46248170549586
521.075149342891
1784.4060185185185
5441.809117383513
4326.302396953405
1295.7423984468337
568.2792316308245
434.2684165919951
282.4680331541219
83.04196202956987
84.84754935782559
116.078967405914
271.14691121565113
599.06499458632
2994.6875746714454
5904.839116636799
5930.76511723417
2580.984725955795
676.1660663082436
302.33013552867374
300.879506048387
230.61523484169658
152.5609996266428
395.86177270011945
359.65511760752685
681.4771568847071
2381.327774044206
5999.350153076462
4670.811559139786
2018.59486260454
818.8440236708483
437.36460834826744
250.05262507467148
124.81997304360813
107.94898118279568
55.466846079749104
142.91006421744328
453.6433766427716
1755.105766502389
4884.915893817206
4080.5247162485057
1688.4814068100354
638.7230869175629
321.12951538231795
175.86577284946233
153.61607004181602
113.7449700567503
108.39185599611707
144.46459565412187
872.9024047939068
2957.131018518518
6662.43599910394
3977.62635902031
2091.9432160991646
525.0245557048984
151.28035166517324
235.95495370370375
182.55110065710866
85.20944478046594
80.15917013888891
274.77534162186396
442.9998760454004
2475.857945041817
6794.2348043608135
4271.847061678614
1812.0830421146954
636.8924257019115
349.33319369773
165.33811230585425
156.76291479988052
158.647375
107.025251344086
114.82079831242535
552.4112231182797
2801.6591995221033
7579.551314217443
5824.886096176823
1610.2423573775393
922.1170138888892
