0
0
0
0
0
0
465.6098997602015
688.9490014268544
1048.4241454016899
605.100586772575
115.76714533378758
0
0
0
0
0
0
13.437734213300025
402.54693347822507
966.156744896252
467.5808376884574
454.1746191173454
113.23543626913722
0
0
0
0
0
5.407806959480524
130.5997154507321
506.447386783393
1285.6868914429224
1488.4146901053089
1275.4923931603853
276.6723283875904
7.282584819531955
0
0
0
0
0
4.851615673725256
381.70188708775856
699.9482323183759
1826.001756308849
460.6592004023267
65.60277241651306
0
0
0
0
0
0
0
396.57276772079206
1160.8152749217325
1775.7003383286935
616.241119476084
104.36854127583499
0
0
0
0
0
0
26.216343243837414
595.9908867550168
1042.345163156129
945.7611267559602
406.2034119970274
36.72754292572443
0
0
0
0
0
0
25.85647880047042
498.82563877924497
1123.3303206008527
1197.2592495300282
655.2240677519023
103.20111708172999
0
0
0
0
0
0
59.87296694876179
625.0164511366697
1621.8321271323439
1658.2769927643562
596.4040046027587
30.086841185610666
0
0
0
0
0
0
36.77464373098674
606.56255375558
1907.6021403440473
1807.3047115324273
1046.8610796171556
343.73992956248895
0
0
0
0
0
0
0
513.6729192273463
1228.1506437244043
1227.9066749387027
1051.5345989992234
243.6220310211222
0
0
0
0
0
0
30.639571267228767
507.1098259392529
1415.7963776263719
1816.4443335270832
1140.6789707880494
164.6173128900513
0
0
0
0
0
0
39.37004041061395
489.24583219519434
877.3230503999267
1033.6825018583174
714.5149889732252
47.36754893279853
8.415228540970844
0
0
0
4.111430355007023
0
0
471.04966311627857
1634.900783809359
1712.0429425167504
733.3067448458794
224.68001191862297
0
0
0
0
0
0.8243765372267262
0
324.3383012412087
1187.3809156743155
1351.2032308772405
590.6512772935736
102.63178942700733
0
0
0
0
0
0
0
360.4168459398679
1080.0641448002275
1608.3252494971746
443.9381753006161
0
0
0
0
0
0
0
0
287.9899528706128
1158.5110146137943
1624.522481786999
886.0050436453379
30.988249950443844
17.72662374284677
0
0
0
0
0
47.13993675607834
260.3139021669737
582.9296070685555
1525.2624908612095
302.389966800204
8.059188037863748
0
0
0
0
0
0
0
302.9824031792499
764.4863996280866
1306.4059724586011
464.9482201385976
125.5656226946784
13.610168260815243
0
0
0
0
0
27.350409152636814
397.62133738381453
1154.1671521128826
1230.816297702277
447.49780431436847
0
0
0
0
0
0
0
66.19669750295357
538.073794000069
1254.500696768043
1141.6413228797398
979.623955143786
75.48498887543822
0
