1587.9079485961095
1105.0980613675292
778.2674934198644
932.0463949766046
694.9772966247489
945.2953154797302
1546.835842289995
2163.5888480467906
2173.9448219410137
2480.68026287074
2654.0291817780085
1960.3022534041677
1251.9278093302773
1060.04092036967
767.8730521442947
638.1873145876059
818.2104471943411
989.0238801301251
1255.1310374064046
1936.6639105513334
2524.804944634314
2866.0653055534835
2698.068351136388
1660.4053937530157
1200.8102622462736
889.506925381007
616.763638859224
695.9371723638269
416.65984154742733
749.6502395651652
1537.745542787149
2251.4891604618824
3543.1777747844685
3803.4360396812785
3646.11238318301
2099.056145743967
1424.2620427600161
916.4135712810995
713.6376164601837
464.1177967101473
744.8602945761061
954.8126699837094
1468.353765396178
1782.5079192535577
2593.5252818930608
2958.651903545395
2758.2495203329318
1362.8060910901481
972.6578279700556
861.6885950962077
695.6938744644173
812.704846043394
785.7778280512597
1296.1174026993929
1142.4350556831932
1996.1219651087602
2757.165112949082
2866.4803836712604
2120.773141265277
1767.0154648534092
1187.2774639948084
1290.1191656839144
762.7717668879945
659.7531110496867
649.0243519808631
663.9836471094136
1528.275630079414
1866.4706694198953
2767.2185122809433
3011.649097527481
2651.330882988432
1721.1618022269406
1436.7666588093523
534.3732246995044
585.633597909745
671.4573045430819
423.36904847388547
921.6744555802758
1327.152116844682
1748.1426041643272
2978.6002664871353
3526.013355613036
2625.1069879540546
1955.674653116163
1253.401263042887
897.1244715262305
588.6073860567094
789.918048453537
843.7649639341041
886.9053003967799
996.3503561648488
2048.7884896257497
2791.6675651263167
3452.8289729343765
3034.448460897127
2313.8733433111024
1631.7811094656327
1600.0189999352501
667.6797291930168
673.2698343778051
687.9486429917588
826.3703941361966
1123.556661413893
2093.214839540726
2560.304345266956
3460.0733182234126
2923.342946841473
2479.4265023816256
2006.9209925569771
1090.9317495576101
861.7876801090159
836.7531634877022
684.1887823689178
1034.8981927596615
1125.7828263028634
1851.919299040621
2805.633716222473
3010.0420127838183
2942.110371041147
1696.6212839226864
1442.8039016554278
1371.1411921204472
731.665587758388
866.3867013691656
841.8932863989127
1068.595974640541
1420.735012697499
1991.406112515459
2285.7987609172937
2654.8850707814304
2904.4740405288744
2319.7494988783205
1858.8832908444513
1590.3537675309565
965.914250693365
964.255920312917
1157.8070027989338
1738.9228492483462
2348.9451440297066
3059.512695115231
3904.834447605174
4988.166934383438
4589.521440992977
3573.582189722076
2949.6163412192845
2380.270837878589
2321.4788944213897
1805.2810016074666
1373.0745844469077
1864.3156768949023
2317.889362994529
2981.233867028288
3839.7641420829623
4451.353592216866
4230.715735553575
2920.9844936120967
2843.524799316071
2156.066453859578
1886.0751531640585
1352.7342487304168
1340.425241835517
2217.2329036496462
2259.1690515910386
2853.4733316299057
4246.606234139081
4991.858912269088
4263.803992916977
3117.5887119341596
2447.1458132982125
1384.1197097587522
1314.2682848862412
1141.196299819123
1343.38310540132
1956.4460504472502
2331.4083292775776
2829.76980640169
3727.9167966952177
3795.08067011423
3398.253491980812
3168.616248568303
2174.067547365849
1814.748812137918
1242.1225569459734
1183.8101067145492
1201.6248223928585
1628.1022371372
2044.4372067352924
3115.718214327813
3176.753182808333
3932.4542369215337
3653.036480727241
2689.9312984500625
1876.7971587671677
1549.8434198770926
1396.4545273501255
1097.4007465877894
1274.0414352086964
1507.8141868157263
2105.9023587254337
2792.9642997165197
3602.211640729733
4028.1464630876826
3538.6653831315098
2608.104792250606
2110.7195416826535
2040.292754075111
1811.564828470605
1479.4586766629138
1827.2598830138277
2028.2359786598663
2188.668959514041
3065.7807665650917
4310.924173275512
4604.332073801048
4076.220352233805
3193.553191709716
2672.0615855927713
1791.4539633232803
1230.6760626146884
1570.543882006209
1518.203763544474
2127.044709135095
2095.8606802515133
2810.7426926042785
3857.2451037242945
3932.0362608266505
2995.5571958077508
2699.7735924614726
1922.1033385113167
1465.1332951285754
1157.1061105246881
1124.3089973255433
1179.1091020023396
1231.6700963733522
1940.8992719180733
2429.924837002958
2920.103236832234
3446.0404089822523
3059.1167357065838
2549.195284442124
