2818.421815083564
1808.4002940437533
1636.5432364007484
1837.5949612848476
1736.798650044701
1971.9662066834348
2556.419007612576
2734.2982230467896
3730.7673391154467
4720.649348892245
4100.158587393303
3465.333540739891
2803.4308969945564
3103.810510423434
2395.794456714187
2076.170677789519
1832.1406137116646
2168.256319646254
2163.2746690894987
2913.4001822060522
3271.9137334634675
3558.4781938450005
4354.417813501981
2589.3898695594676
2048.5112994326546
1563.4042592370408
1576.5507244326996
1810.7328533674113
1467.4617277481439
1662.043050571737
1668.4437174436603
2541.2419233053706
3290.3314150174433
3301.413712919033
2371.663480853261
2078.2023748359616
1303.8169934768623
1046.162641621601
1114.0407451937563
823.7633339711988
812.9908206364397
1357.4097241951777
1234.8108636638005
1973.3428318879664
2290.579702442643
3491.2499098177955
2259.0786720653095
1974.0016182705538
1253.7335560166498
1015.8725668704014
645.8454462983478
774.4429919513997
972.9469607424188
1110.6991656922237
1437.0888796079244
2171.7802536392255
3450.7933835584004
3760.4996115685126
2901.8027074241777
2330.0119851640425
1516.2057831405677
965.6218501223857
839.3189629752109
806.7397373937724
826.437397829131
1324.2065096392823
1597.5570891594623
2098.645393135547
3026.209092478075
3373.674000454604
2767.7432709812633
2484.293007424072
1455.9302116767362
985.7566812407232
902.172225448574
946.5508379958894
923.8055661710175
1532.8984273544697
1910.8613238339292
2393.668817575319
3092.692762006848
3733.4008257444593
3891.3883872969436
2629.4367125546332
1826.3783351755042
1812.1020775596844
1115.8526220184783
1447.2276736028803
1027.835238725024
1844.1342755311887
1849.4459337484818
2924.6960127738967
3448.3759693975226
4213.272409314307
3809.189276309311
3084.3779356050086
2420.597425176505
2482.932481864759
1387.9246253997069
1365.6032423825834
1441.5928970240168
1475.1016116541182
1884.1787566946582
2375.404478877643
3423.376836306381
3983.5326969569824
3435.05422969691
2490.334245810539
2248.021119498434
2487.092946540884
1536.452479989541
1500.904086800128
1011.6193382978302
1368.7870028701752
1705.2721867419311
2834.2667975471923
3136.9290940599894
4060.0591872163154
3657.133295174957
2516.6349674651005
1822.9497088537548
1421.2264519770783
941.8795102494279
1126.6849428566206
903.2822843081126
1517.8595234009954
1592.9986477034738
2081.538788740072
2756.0966178468043
2972.2786266356698
1793.8982191429723
1861.0942121399696
1530.1333169794568
1114.6860143947565
723.634101723831
715.1254020930843
705.7728025301167
1172.561573486698
1382.9304748242093
1756.0615224001765
2948.432827234804
3708.9764848613345
2780.7388469069547
1950.4822083899378
1288.1484536744815
1049.1026479144314
776.7209568467184
593.1224610608715
747.9545248964298
1095.4976429940655
1614.7342282125694
2211.0574968072615
2663.340751252618
3817.161313244346
2926.4783550278894
2158.8066075607226
1947.9960396087833
1123.2012507532454
825.5429585702719
817.006575492662
1022.3032925374283
1128.0663863258712
1416.1127679888882
2506.5314969524857
3357.284885572771
3884.6388555187887
3308.90028174613
2141.906737621137
2190.6093288298716
1085.251066912277
1121.2812179806256
1328.5655385437344
1389.3139932448084
1590.4912307787915
1799.8451609681388
2685.432522948884
3020.880786390559
3739.196933555091
2796.14592776337
2336.160498866989
1615.8297710814995
1526.7240846886946
1010.9098889352202
1062.5771325508697
1061.6707990953676
1872.805824726805
1695.8533992382795
2435.5627819801434
3285.084709092683
3423.160815475896
2830.182911432138
1869.661503049824
1384.7966099320422
1181.4784146500904
940.0228218543073
788.5486673613855
802.709838359832
1045.9193375773748
1461.993267476927
1903.5410358276308
2884.0153444334383
3502.7828878188657
1970.1513486333006
1804.738857364106
1218.1159163839684
1111.1104810763068
659.8339742292669
713.4636833833439
681.8246791607796
836.3750456401532
1357.7648316765258
1948.1129984946012
2511.7800424511374
3410.099136226377
2535.329988583864
2078.388989200754
1336.965367701493
1023.5377969553005
675.0913814617613
650.8153063640336
782.9024366328838
828.8882313871853
1554.618875442672
2000.8032287452595
2860.8351761555978
3032.281892547082
2387.4685645353507
1565.0989971060376
1221.6903901092862
778.1730737277392
625.301604102944
852.8113345417921
651.7497553774894
727.9786738823123
1457.925798949136
1726.5782196194473
2057.3915507509914
2577.5821503203665
1039.8246807483993
1375.0919018256366
