6.84468339307049
3.5733012246117086
3.6416890681003586
2.5906137993103657
1.7258064516401148
10.323715651135005
60.67054958183991
163.3811230585424
317.07362604540026
157.8483422939068
43.537186379928315
11.758885902031063
8.72423835125448
3.458669354865921
2.3887022103020024
2.757780764635603
1.8372535842293907
9.711036439665472
51.40755675029869
99.74611708482678
106.2313321385902
93.07833034647551
42.207287933094385
8.928726105137395
4.851403823205228
3.6457362604540022
2.8094011350059738
2.6813620071684587
1.7258064516401148
6.940725806451613
59.28539426523297
157.69862604540023
156.45534647550775
65.16241039426524
24.526583034647555
7.5985663082437265
4.851403823205228
3.458669354865921
2.3887022103020024
2.673402031063321
1.9168533452807646
0.3334229390953121
45.803464755077655
114.11290322580645
148.1070788530466
68.05966248506572
27.989471326164875
14.000522700119472
4.851403823205228
4.940934886499402
2.3887022103020024
4.927867383512544
1.7258064516401148
15.598506571087217
60.66308243727599
148.86126045400238
127.47535842293907
101.43033154121864
31.39374253285544
7.735476403823178
6.941756272401434
4.637208781362008
2.3887022103020024
2.755790770609319
1.7258064516401148
7.072147550776583
64.71027479091995
163.65740740740742
214.94175627240142
108.81533751493428
54.164053166069294
17.4264486260454
9.309289127837513
4.848566308243727
5.365964755077658
2.5906137993103657
1.7258064516401148
13.884050179211467
52.97565710872163
168.35050776583034
178.19967144563918
102.8602897252091
34.29136798088411
7.050888590203105
4.949316756272402
3.458669354865921
2.5160692951015533
2.5906137993103657
1.7258064516401148
5.6668309438470725
85.30465949820788
168.30197132616487
215.41218637992833
115.83071983273597
54.470206093189965
18.699970131421743
4.851403823205228
3.458669354865921
2.3887022103020024
2.5906137993103657
1.7258064516401148
12.386514336917562
11.599089008363203
95.97147550776583
115.4868578255675
26.02747909199522
20.60371863799283
10.329674432497011
5.106141726403823
8.513552867383513
3.396505376344086
2.5906137993103657
1.7258064516401148
12.70573476702509
88.54540023894863
191.82347670250897
222.52837514934288
115.86058841099161
52.42868876941458
14.067353643966547
7.188657407407407
3.458669354865921
2.3887022103020024
2.743455047789725
3.7899492234169654
12.528763440860216
77.70310633213859
168.81720430107526
174.82078853046596
105.07803166069297
40.013440860215056
16.50649641577061
4.988325119474313
4.30884109916368
2.3887022103020024
2.5906137993103657
4.687051971326164
12.059080047789724
20.916591995221026
106.2313321385902
135.44653524492233
76.48633512544802
34.29136798088411
7.5985663082437265
4.851403823205228
3.493694743130227
2.3887022103020024
3.9040845280764636
1.7258064516401148
6.701777180406212
60.49880525686977
107.37380525686977
137.78375149342892
106.05249402628435
29.876045400238954
10.172864396654719
4.851403823205228
4.624887992831542
2.3887022103020024
3.6764112903225805
1.7258064516401148
8.784363799283154
41.076762246117084
110.89083034647551
138.61260454002388
98.85043309438471
36.6274641577061
6.345579450445371
4.851403823205228
3.549817054958184
2.586122311827957
2.761760752688172
1.7990442054958184
6.686842891278375
41.5621266427718
98.77165471923536
143.2534348864994
24.26747311827957
29.873058542413382
6.978419952210275
9.464605734767025
3.458669354865921
2.3887022103020024
3.6764112903225805
1.7258064516401148
5.4282556750298685
49.91412783751493
113.66114097968936
117.36111111111111
98.85043309438471
43.36058841099164
7.265008960573475
4.937776284348865
3.458669354865921
3.168832138590204
2.5906137993103657
2.689030764635603
7.259199522102748
33.32026583034648
61.510603345280764
129.15919952210274
79.40598864994026
38.88254181600956
6.345579450445371
9.294354838709678
3.458669354865921
2.4842293906810036
4.6809662485065715
4.812089307048985
13.189605734767024
19.897326762246117
114.91562126642772
168.81720430107526
91.51396356033453
31.824223416965353
6.3742372311827955
5.532034050179211
3.458669354865921
2.3887022103020024
2.861271654719235
1.7258064516401148
7.988366188769414
52.97565710872163
111.8839605734767
119.8439366786141
85.1370221027479
32.912933094384705
8.435931899641577
4.851403823205228
3.458669354865921
2.3887022103020024
3.840427120669056
1.7258064516401148
2.833086917562724
55.5331541218638
116.819743130227
179.86857825567503
85.03248207885305
26.023372162485067
7.539650537634409
