4.851403823205228
3.458669354865921
2.4842293906810036
2.5906137993103657
4.000112007168458
8.240008960573476
70.68399044205496
186.08124253285544
211.3500597371565
129.55533154121864
52.42868876941458
10.461096176821984
5.524865591397849
4.6527404420549585
2.4730846774193544
2.686140979689367
1.7258064516401148
8.055197132616486
42.02508960573477
55.35394265232975
97.12888291517322
44.93466248506571
35.520833333333336
10.23446833930705
4.851403823205228
4.0031735364396654
2.3887022103020024
4.501082735961768
3.0791143966547194
3.6262843488649934
2.7211768219832733e-11
20.088112305854242
88.32138590203107
61.80219534050179
22.320041816009557
6.345579450445371
4.851403823205228
4.637208781362008
2.3887022103020024
2.5906137993103657
1.7258064516401148
8.373670848267622
34.6598715651135
13.550627240143369
98.61111111111111
57.17629928315412
29.159572879330945
9.235289725209078
5.591733870967742
3.487327135603345
2.3887022103020024
2.5906137993103657
2.4064366786140976
1.229778972520908
15.265083632019117
79.33467741935483
110.89083034647551
51.02337216248507
27.487679211469533
10.19377240143369
4.851403823205228
3.535487604540024
2.5256235065710873
2.5906137993103657
1.7258064516401148
8.863888888888889
32.50336021505376
145.58318399044205
168.30197132616487
91.65210573476702
42.445116487455195
11.440412186379929
6.84468339307049
3.458669354865921
2.5256235065710873
2.5906137993103657
1.9168533452807646
6.879495221027479
50.38829151732377
121.6995221027479
211.3500597371565
91.65210573476702
46.91494922341697
6.345579450445371
5.805070191158901
3.458669354865921
2.3887022103020024
2.5906137993103657
2.131795101553166
5.029883512544803
1.6716696535244921
88.75821385902032
81.8847072879331
78.81608422939068
26.73237753882915
8.385454002389487
4.851403823205228
3.7404756571087217
5.355921445639187
4.6547565710872165
4.937163978494624
10.46297789725209
53.263142174432495
158.59468339307048
136.32392473118279
105.60073178016727
40.013440860215056
6.345579450445371
4.851403823205228
3.458669354865921
2.3887022103020024
2.5906137993103657
1.7258064516401148
0.3334229390953121
28.403897849462364
59.05017921146953
71.80406212664278
23.655540621266425
15.133288530493163
6.345579450445371
4.851403823205228
3.458669354865921
2.3887022103020024
2.5906137993103657
1.7258064516401148
0.3334229390953121
28.22729988052569
54.88724611708483
85.26359020310633
34.3380376344086
22.69563918757467
6.345579450445371
9.512768817204302
3.7118055555555554
2.3887022103020024
2.5906137993103657
1.7258064516401148
7.9517771804062125
54.4578853046595
168.35050776583034
170.75866188769413
104.65240442054959
45.26471027479092
11.042040023894863
6.187985364396654
4.132131123058542
2.418951986260454
3.7846848864994027
4.941830943847073
8.240008960573476
54.72296893667861
178.19967144563918
261.6636798088411
147.62582138590204
50.31063321385902
10.604465352449223
4.851403823205228
4.163978494623656
3.181563620071685
3.179696833930705
1.7258064516401148
4.791308243727598
46.736857825567505
124.58183990442055
186.08124253285544
151.29965651135007
47.38575268817204
9.56160394265233
10.428987455197133
5.608086917562724
4.7346923536439665
2.741465053763441
1.7258064516401148
0.9328479689366784
44.14202508960574
110.56227598566308
104.40188172043011
87.76172341696535
36.04988052568698
10.461096176821984
5.115688470728793
3.458669354865921
2.973790322580645
2.5906137993103657
1.7258064516401148
12.386514336917562
32.9043458781362
91.8010752688172
119.2465651135006
85.1370221027479
27.989471326164875
11.479241338112306
6.84468339307049
3.458669354865921
3.788157108721625
2.5906137993103657
2.7240516726403823
12.528763440860216
42.85394265232975
98.45430107526882
119.9260752688172
89.52023596176822
34.859244324970135
11.567727001194742
4.851403823205228
3.458669354865921
2.5598491636798086
2.87719160692951
1.7524742383512544
2.3793085424133813
47.046744324970135
96.42323775388292
105.8355734767025
94.75843787335722
33.13284050179212
6.345579450445371
4.851403823205228
3.458669354865921
2.3887022103020024
2.5906137993103657
1.7258064516401148
7.072147550776583
53.2444743130227
98.77165471923536
143.2534348864994
108.08355734767025
30.067204301075275
6.345579450445371
4.851403823205228
3.458669354865921
2.4587552270011948
2.686140979689367
1.7258064516401148
4.206257467144563
30.13142174432497
126.17234169653524
189.2659796893668
94.75843787335722
22.4171146953405
9.550440561529271
