0
0
0
0
0
39.52077451745514
519.2008495809902
1630.807947066042
1764.966484111367
1020.8984511692294
125.75504855959404
0
0
0
0
0
52.04031751479983
0
628.2503384961461
1896.4793255414127
2278.414171021791
945.4903299895079
192.7243848951826
0
0
0
0
0
0
41.984161388605486
351.39623684313005
1082.7280354094698
2038.6999350276508
1119.2315658007674
53.68375311877322
0
0
0
0
0
1.1215561392913926
13.949397931789775
421.0488852956438
1095.6553709085792
1451.1529659862679
748.3171305098535
77.29516339620244
0
0
0
0
0
0
39.970186965694396
224.2295404209115
1581.3174403936564
1542.8497558914175
737.2883865011737
67.35181487201179
0
0
0
0
0
0
0
481.0424100525079
1062.2566774930463
1589.3438627177286
544.5912554856773
94.74404531521071
0
0
0
0
0
0
11.302080652322282
221.89571793097724
1059.8181491552134
1180.14380747507
496.75221888690817
107.4288276552067
0
0
0
0
0
0
63.948385108857416
458.90795352615595
779.6722555672304
1679.4060250224209
488.4615762873465
146.7106837782033
27.298473365733393
0
0
0
0
0
8.657110875550671
596.1231122979932
1034.1034097586228
1199.6240066339806
421.04417400186276
99.18900363656307
0
0
0
0
0
0
42.29815930572594
826.1374502906676
1351.2286007136518
1905.943562632849
1239.9549245667267
141.65421441419267
0
0
0
0
0
0
61.66055394345337
448.5655457719888
1061.0312193229072
1415.5475294649564
1089.1146040019084
88.45878541095928
0
0
0
0
0
0
0
608.0451153493162
1137.2565928133076
1458.071689432989
1079.219290048494
85.16257581451896
0
0
0
0
0
0
39.34241657724918
406.33304125247935
1163.1971547771006
622.9513206529509
326.7028021935497
303.1877404132465
16.0149212539647
0
0
0
0
0
37.57784988489929
451.56239024957193
1732.9148165106355
1351.7382517852452
1197.841764151399
74.92984050227616
0
0
0
0
0
0
42.076274415452744
604.7787784368812
1671.3567075242415
2164.786196331105
753.9874584547379
275.0863606994185
0
0
0
0
0
0
32.79482798022531
622.1681936113534
2342.2785624035196
3230.1605492899853
1164.9006529643343
298.94191631842466
10.511420636514643
0
0
0
0
0
0
446.9480494190645
1605.3765903421513
1187.4414036449612
907.4381298826413
241.42619819318034
0
0
0
0
0
0
22.78709555691077
611.0461725938258
1673.404410380775
2124.2337801049575
737.3182918231854
147.11550322036533
0
0
0
0
0
0
0
357.14157334558286
1026.7642249922137
1764.392686591166
478.9520307181917
75.05090916290885
0
0
0
0
0
0
0
91.02402548155058
299.11053846457867
1057.2928312429417
424.66129086660555
0
0
