431.2252889784947
282.8513552867384
150.8690221774194
135.90879547491036
98.08928072729987
235.59981444145768
667.1070366636797
3289.2429286140978
7927.355290471921
6364.373614844682
2103.352729241338
765.5016883213856
268.37392062425334
245.93417413381124
111.40236600209083
150.07045019414576
127.80934434737155
218.57661178315408
1289.870392771804
4996.686308990441
7726.111342592592
5706.853237007169
1853.668690262843
1462.805671296296
404.6313422192355
264.7272132616487
134.04595430107523
102.46835196385899
114.14976765979691
356.0611368727599
760.9037275985664
2893.0440449522107
6585.340725806452
5248.613407258065
583.9543197431302
489.78893742532864
369.8368817204302
83.1703132840502
101.04013892622461
128.71625141875748
99.46117193100356
161.40103494623656
638.4479357078853
1683.3035730286736
5331.648319892472
3488.4020646654726
481.7089004629631
677.73347520908
279.75753920250895
234.78631384408598
144.68444787933097
156.1802662037037
154.071109505675
157.19416181302273
271.3842663530466
3104.0137918160103
7269.176441158899
4608.706866039429
2903.173159348866
887.3796632317797
377.58069481780177
202.76908788829152
179.96002202807648
172.25457131123054
92.79968003285542
214.16357750896057
979.9838448327358
2365.1599649044206
7234.96294056153
4626.125612305855
2232.7859020310643
841.6289889486262
556.9636566606931
258.64107041517326
107.56293499850662
109.13190244175627
109.35744067353647
281.6348192951016
724.0179147998807
2141.7919952210273
6885.961185782557
5994.994227897254
2405.7501978793307
849.7670474910394
313.7904110663083
225.3744100955794
173.28616076762248
114.3056076762246
161.5121034946237
133.65812500000004
517.2133411738351
2452.5496042413383
6966.630484617682
4886.168219832738
3428.864979091996
1471.8488127240144
297.5602800179212
355.8387387992832
168.24482041517325
129.43260902031062
171.09875392025094
222.45457847968927
518.4115400985663
2307.0696871266427
6687.246497909201
4964.212275985663
3088.2550963261656
1112.5975507765831
223.07772065412186
265.2649051672641
176.29871639784952
155.62074701314216
176.79078744773003
161.06217517921144
678.7242719534048
3501.021090949821
6471.725720579452
4963.082261798088
2227.4652553763435
542.8074563172042
292.3542965949822
436.59877688172037
142.43811081242532
189.27645650388286
114.7636672640382
205.6457930107527
899.7288306451611
3192.516091696535
6854.0217704599745
5869.806858572283
3082.8208221326163
714.1384602747909
533.8831873506572
181.49358796296298
112.24066125298687
104.86020232228199
107.16937630675028
260.09550627240145
736.1392066158903
2618.961462066906
7333.221273894863
5299.508590949821
1793.7342331242533
586.514630002987
423.4007735961768
236.05453741039423
138.1579562425328
112.04970150089608
127.17354752837514
178.27028039127842
605.8120620519711
1898.713844086022
6677.848857526883
4261.171210424134
2397.579099462366
991.4383325866186
327.86945303166067
256.1813657407407
228.48022812126644
144.67044616188772
157.48769380973715
340.2436469534049
669.9911794354837
2517.964083034648
6951.452788978493
6763.350989396655
2177.1122722520913
598.7778143667863
368.0013948626045
247.34341696535228
137.6556783900836
138.42673932198323
71.53425070937872
117.64733572281959
419.04956653225804
2747.830301672641
8600.991379181602
5315.241192502987
3061.5971139486264
1543.8320863201911
713.8122177419357
317.0130585424134
99.1175221027479
115.80088410991632
179.63439030764636
388.4337074372758
1013.9599798387095
4134.184184587813
8323.473558841099
5523.924428763443
4275.702979390681
889.3816285842292
301.94882317801665
292.58674581839915
138.48979319743134
146.13827826314218
80.41390322580646
90.7136135379331
815.9743738799282
3800.0510379330944
6703.940505525686
7031.123708183989
3206.329569892472
734.3162630675031
372.96279233870956
245.29333856033452
139.0364189068101
113.6423028300478
133.82471008811234
170.44482414874554
567.6319799133813
4783.335394265233
7725.664646804062
6125.678210872164
2718.3260304659507
931.5888978494622
911.9327669504183
478.9885831093191
230.46381048387087
125.8615611932497
134.8637330869176
551.1353229540024
1645.0211021505372
3728.8978382616497
7709.717924880527
4669.621542712067
2935.4307609020307
943.1837488799281
476.2636219384706
291.9572080346476
115.94616849611708
182.22859289127842
123.08317435782554
194.7006123058543
643.6557769563922
2317.6789911887686
5923.858796296296
5104.173148148149
2035.6102747909204
664.5688534199521
