5.064743876941457
3.458669354865921
2.3887022103020024
2.5906137993103657
2.983572281959378
7.259199522102748
34.44780465949821
60.49880525686977
91.8010752688172
29.719235364396656
28.232526881720432
6.839120370370369
4.851403823205228
3.458669354865921
2.3887022103020024
3.94392174432497
1.7258064516401148
16.074163679808837
56.04838709677419
171.30749701314218
145.13515531660693
84.68152628434886
36.44638590203106
7.404308542413379
5.6792861409796895
3.7118055555555554
5.593563321385902
3.4328330346475506
2.3626418757467142
0.3334229390953121
18.79405615292712
133.24746117084825
85.30465949820788
81.28024193548387
19.59117383512545
6.345579450445371
4.851403823205228
4.10663082437276
2.4842293906810036
2.853311678614098
1.7258064516401148
1.7758885902031063
62.58960573476703
142.64486260454004
120.15382317801672
97.40554062126644
34.29136798088411
7.788045101553164
5.729838709677419
3.458669354865921
2.969832735961768
2.5906137993103657
2.5903151135005973
12.059080047789724
56.9481780167264
187.50373357228196
160.84229390681003
101.43033154121864
38.52523894862605
6.751568100358422
4.851403823205228
3.458669354865921
2.3887022103020024
2.5906137993103657
4.3089531063321385
5.6668309438470725
39.33691756272401
96.90486857825567
104.16293309438471
67.06279868578255
26.604316009557945
6.345579450445371
4.851403823205228
3.458669354865921
2.3887022103020024
2.5906137993103657
1.890983422939068
16.731645758661887
52.990591397849464
96.42323775388292
141.81600955794505
93.15673536439665
33.48230286738351
9.851366487455197
4.9660356929510145
3.458669354865921
2.50333408004779
2.5906137993103657
1.7990442054958184
11.000612305854242
60.49880525686977
124.54450418160096
157.69862604540023
82.84087514934289
48.424432497013136
12.952882317801672
5.865554062126643
3.8925104540023896
2.3887022103020024
2.7179808841099162
1.7258064516401148
1.8156884707287932
53.580495818399044
87.3618578255675
93.71266427718041
86.99260752688173
19.57623954599761
9.322841995221028
7.952098267622461
3.8805630227001187
2.3887022103020024
3.990068697729988
1.7258064516401148
1.9573775388291517
61.01777180406213
158.61335125448028
179.86857825567503
131.32877837514934
33.55361409796894
12.797565710872162
4.851403823205228
3.458669354865921
2.492189366786141
2.777680704898447
1.7258064516401148
9.722983870967742
16.677867383512545
76.17980884109916
93.69399641577061
9.629256272428647
41.80107526881721
6.345579450445371
4.851403823205228
3.458669354865921
2.930032855436081
2.5906137993103657
1.7795400238948622
0.6359206989247311
49.44369772998805
84.42353643966547
154.0359916367981
70.29233870967742
31.69952210274791
7.827844982078852
4.851403823205228
4.466472520908005
2.3887022103020024
3.840427120669056
2.2193473715651133
8.453195937873357
60.77882317801673
179.86857825567503
191.11036439665472
85.03248207885305
41.613649940262846
9.312798685782555
4.851403823205228
3.713407258064516
2.4265158303464753
2.5906137993103657
1.7258064516401148
0.3334229390953121
19.15807945041816
104.40188172043011
167.49178614097968
113.62791218637993
34.859244324970135
13.907930107526882
13.36581541218638
3.5669317502986857
2.3887022103020024
2.5906137993103657
3.0723192951015528
11.932511947431303
16.260454002389487
114.91562126642772
88.75821385902032
51.191382915173236
15.133288530493163
6.345579450445371
4.851403823205228
3.458669354865921
2.9531063321385904
3.127949522102748
2.270310633213859
0.8707586618876941
21.313097371565114
73.65218040621266
114.93055555555556
73.91763739545998
23.25306152927121
8.845243428912784
4.946931003584229
3.458669354865921
4.7346923536439665
2.5906137993103657
1.7735700418160096
11.96574074074074
45.452508960573475
86.07004181600956
145.13515531660693
135.80159796893668
33.13284050179212
6.345579450445371
4.988325119474313
5.742196833930705
3.9258885902031064
2.5906137993103657
1.7258064516401148
13.189605734767024
67.54778972520909
185.59587813620072
168.30197132616487
132.71766726403823
47.14493727598566
15.34572879330944
8.502128136200717
3.458669354865921
2.3887022103020024
2.5906137993103657
2.3626418757467142
14.84544504181601
61.12231182795699
145.15755675029868
160.84229390681003
134.17376045400238
39.84206989247313
13.084304062126643
5.7827807646356035
4.382093787335723
2.3887022103020024
2.5906137993103657
4.063060035842294
0.5467629928315412
53.95385304659498
82.49701314217444
129.15919952210274
76.33699223416964
27.050104540023895
6.909983572281959
